
.WRITER_ID JeanHale
.STYLE PRINTED
.PEN_DOWN
	187	471
	185	471
	182	468
	181	465
	179	459
	179	456
	180	455
	182	456
	184	458
	187	462
	189	466
	189	467
	189	468
	189	466
	189	464
	189	460
	190	455
	191	454
	193	453
	195	453
	196	453
	196	454
	196	455
.PEN_UP
.PEN_DOWN
	207	474
	207	475
	207	474
	207	472
	207	467
	207	460
	207	456
	207	452
	207	449
	208	449
	209	450
	210	454
	211	456
	212	459
	211	461
	211	462
	209	462
.PEN_UP
.PEN_DOWN
	228	465
	227	465
	227	464
	228	462
	229	462
	229	461
	229	462
	229	463
	228	463
	227	463
	227	462
	225	458
	225	456
	226	455
	227	453
	231	453
	232	454
	234	455
	235	456
.PEN_UP
.PEN_DOWN
	253	473
	252	473
	252	471
	253	469
	253	465
	253	462
	253	458
	253	459
	253	461
	253	462
	252	463
	251	463
	250	462
	248	462
	247	462
	246	460
	246	458
	246	456
	249	454
	250	453
	251	454
.PEN_UP
.PEN_DOWN
	258	462
	258	463
	258	462
	259	462
	262	461
	264	460
	265	461
	267	462
	266	463
	266	464
	264	464
	261	464
	260	462
	258	460
	258	458
	260	455
	262	455
	264	454
	267	454
	268	454
	268	455
	268	453
.PEN_UP
.PEN_DOWN
	285	472
	284	473
	283	475
	282	475
	281	475
	280	473
	280	470
	280	469
	282	464
	283	460
	284	458
	285	455
	286	454
	286	455
.PEN_UP
.PEN_DOWN
	278	457
	278	460
	279	460
	283	462
	287	462
	289	463
	290	463
	289	463
.PEN_UP
.PEN_DOWN
	305	468
	304	470
	303	470
	302	470
	299	468
	298	467
	296	465
	296	464
	296	462
	297	461
	299	461
	301	462
	303	464
	303	466
	303	464
	303	459
	304	454
	305	451
	305	449
	305	448
	304	448
	301	448
	300	448
	298	449
.PEN_UP
.PEN_DOWN
	316	480
	317	478
	318	473
	318	471
	319	467
	319	462
	319	460
	319	459
	319	460
	319	462
	319	463
	321	465
	322	466
	323	466
	325	465
	327	464
	327	463
	328	460
	328	458
	328	455
	327	454
	327	453
	327	454
	328	456
	328	457
	329	457
.PEN_UP
.PEN_DOWN
	335	464
	335	465
	335	464
	335	463
	335	460
	335	458
	335	456
	336	455
	338	455
	340	456
	341	456
	343	458
.PEN_UP
.PEN_DOWN
	334	471
	334	472
	334	469
.PEN_UP
.PEN_DOWN
	358	464
	357	465
	356	465
	357	463
	357	462
	358	459
	359	456
	359	455
	359	453
	359	452
	359	451
	359	450
	358	449
	357	449
	357	448
	356	448
	355	448
.PEN_UP
.PEN_DOWN
	357	469
	355	471
	355	470
	355	469
.PEN_UP
.PEN_DOWN
	372	472
	371	473
	371	471
	372	468
	372	466
	373	460
	374	459
	374	456
	375	455
.PEN_UP
.PEN_DOWN
	378	471
	378	470
	378	469
	377	466
	376	464
	375	463
	374	462
	374	461
	374	460
	375	460
	377	460
	378	458
	381	457
	381	456
	381	454
	381	453
	381	454
.PEN_UP
.PEN_DOWN
	393	471
	393	470
	393	468
	394	464
	395	462
	395	458
	395	454
	396	453
.PEN_UP
.PEN_DOWN
	408	461
	407	461
	407	460
	408	458
	408	456
	408	453
	408	452
	409	452
	409	455
	410	459
	410	460
	411	461
	411	462
	412	462
	413	462
	415	460
	416	460
	417	458
	417	457
	417	456
	417	454
	418	455
	418	456
	419	458
	421	461
	422	461
	423	462
	425	461
	425	459
	426	457
	426	456
	426	455
	426	454
.PEN_UP
.PEN_DOWN
	440	461
	440	460
	441	458
	441	456
	441	455
	441	456
	442	458
	442	459
	443	460
	445	462
	446	462
	448	462
	450	460
	452	458
	453	458
	454	457
	454	456
	454	455
.PEN_UP
.PEN_DOWN
	471	461
	470	461
	470	462
	469	461
	469	460
	468	459
	468	458
	468	456
	469	453
	469	452
	471	452
	473	452
	474	454
	475	456
	476	458
	475	461
	475	462
	474	463
	473	464
	472	464
	472	463
.PEN_UP
.PEN_DOWN
	491	459
	491	461
	490	461
	491	458
	491	456
	491	454
	492	451
	493	449
	493	448
	493	447
	493	448
	492	448
	491	451
	490	454
	490	456
	490	459
	490	460
	491	462
	492	464
	495	464
	498	464
	500	464
	500	462
	500	461
	499	459
	496	458
	492	458
	491	458
.PEN_UP
.PEN_DOWN
	523	463
	523	464
	523	465
	522	465
	521	465
	519	464
	516	462
	515	461
	515	460
	515	459
	516	458
	518	458
	520	459
	521	460
	522	461
	522	460
	523	459
	523	457
	524	453
	524	452
	524	448
	524	445
	524	444
	524	443
	524	444
	525	445
	526	446
	527	446
	527	447
	526	448
.PEN_UP
.PEN_DOWN
	542	466
	541	466
	542	465
	543	462
	544	459
	544	457
	544	458
	544	459
	544	461
	545	463
	546	465
	550	466
	551	467
	554	467
	555	466
	555	465
	554	465
.PEN_UP
.PEN_DOWN
	579	469
	578	469
	577	469
	576	469
	574	468
	572	467
	571	466
	571	465
	573	464
	575	464
	576	464
	577	464
	577	463
	575	462
	573	461
	572	461
	570	460
	570	461
.PEN_UP
.PEN_DOWN
	587	478
	587	477
	587	474
	587	473
	587	469
	586	465
	586	464
	586	462
	586	461
	586	460
	587	460
	589	460
	591	460
	593	460
	592	460
.PEN_UP
.PEN_DOWN
	584	468
	583	470
	584	471
	586	471
	587	471
	588	471
.PEN_UP
.PEN_DOWN
	601	466
	601	464
	601	462
	601	460
	602	459
	602	458
	603	458
	605	459
	607	461
	608	462
	609	465
	610	466
	610	467
.PEN_UP
.PEN_DOWN
	621	468
	621	467
	621	465
	622	462
	622	459
	623	458
	623	459
	624	461
	625	462
	626	464
	626	466
	627	466
	627	465
	627	466
	627	467
	628	469
	629	471
	629	472
	630	473
	629	472
	629	471
	629	470
.PEN_UP
.PEN_DOWN
	637	467
	638	467
	639	464
	639	460
	640	458
	640	457
	641	459
	641	462
	643	465
	643	466
	643	465
	643	463
	643	461
	643	460
	644	460
	645	461
	647	464
	647	466
	649	469
	649	471
	649	472
.PEN_UP
.PEN_DOWN
	658	469
	659	470
	661	469
	663	467
	664	465
	665	461
	667	458
	667	457
	667	458
	668	459
.PEN_UP
.PEN_DOWN
	668	469
	667	470
	666	469
	665	466
	664	463
	664	461
	662	458
	661	456
	661	455
	660	455
	660	456
	663	458
.PEN_UP
.PEN_DOWN
	674	468
	674	469
	675	469
	676	467
	677	465
	678	462
	678	460
.PEN_UP
.PEN_DOWN
	681	471
	681	470
	681	467
	680	463
	680	461
	678	457
	676	453
	675	451
	674	449
	674	447
	675	445
	676	444
.PEN_UP
.PEN_DOWN
	690	468
	689	469
	690	469
	693	468
	695	467
	697	466
	698	466
	698	465
	696	463
	693	461
	692	460
	691	459
	695	459
	697	459
	701	458
	705	458
	706	458
.PEN_UP
