
.WRITER_ID JeanHale
.STYLE PRINTED
.PEN_DOWN
	195	443
	194	444
	195	444
	195	443
	196	441
	196	438
	196	437
	197	435
	198	433
	198	431
	197	430
	196	429
	195	429
	193	428
	192	427
	191	428
	190	428
	188	428
	187	429
	186	429
.PEN_UP
.PEN_DOWN
	192	450
	192	451
	191	451
	192	451
.PEN_UP
.PEN_DOWN
	206	441
	206	440
	206	439
	206	437
	206	435
	207	434
	208	433
	209	434
	211	437
	211	438
	210	439
	209	440
	208	440
	207	441
	206	440
.PEN_UP
.PEN_DOWN
	215	440
	216	440
	216	439
	215	438
	215	436
	216	434
	217	434
	217	433
	218	433
	219	433
	220	434
	220	437
	220	440
	219	441
	219	442
.PEN_UP
.PEN_DOWN
	227	441
	228	440
	228	439
	228	438
	229	435
	230	433
	231	433
	231	434
	230	434
	230	436
	230	438
	230	439
	231	440
	232	441
	233	441
	236	441
	239	441
.PEN_UP
.PEN_DOWN
	247	442
	249	441
	250	440
	250	438
	251	435
	251	434
	251	435
	251	438
	251	439
	251	440
	252	441
	253	441
	254	441
	255	439
	257	437
	257	436
	258	434
	258	433
	258	435
.PEN_UP
.PEN_DOWN
	262	441
	262	440
	263	440
	265	438
	266	438
	267	438
	268	439
	269	440
	267	442
	265	442
	264	441
	262	440
	261	440
	261	439
	261	438
	264	436
	266	436
	269	435
	271	436
.PEN_UP
.PEN_DOWN
	279	440
	279	439
	279	437
	280	436
	280	435
	281	435
	283	436
	284	438
	284	439
	284	440
	284	441
	284	440
	283	440
	283	439
	283	438
	284	436
	285	434
	286	432
	287	429
	287	426
	288	424
	288	422
	288	420
	287	420
	287	419
	285	419
	284	420
.PEN_UP
.PEN_DOWN
	299	442
	299	443
	298	443
	297	442
	296	441
	295	441
	295	440
	295	439
	296	439
	297	439
	299	438
	301	438
	302	437
	303	436
	303	434
	301	433
	299	433
	297	433
	296	433
	295	434
.PEN_UP
.PEN_DOWN
	325	448
	324	448
	324	447
	324	446
	324	444
	324	442
	326	436
	326	433
	327	432
	327	434
	327	436
	327	437
	328	438
	329	439
	330	439
	331	439
	332	439
	333	438
	334	437
	334	436
	334	435
	334	434
	335	434
	336	434
	337	434
.PEN_UP
.PEN_DOWN
	346	441
	347	441
	348	438
	348	435
	348	434
.PEN_UP
.PEN_DOWN
	346	447
	345	448
	344	448
	344	447
.PEN_UP
.PEN_DOWN
	361	449
	361	450
	362	450
	362	449
	363	447
	363	445
	363	442
	363	440
	363	439
	363	437
	363	436
	364	436
	364	437
	364	438
	363	439
	363	440
	362	441
	361	441
	359	441
	358	440
	357	440
	357	439
	357	438
	359	436
	360	435
	361	435
	362	435
	362	436
.PEN_UP
.PEN_DOWN
	374	449
	374	450
	375	450
	375	448
	375	447
	376	444
	376	441
	376	440
	376	439
	376	440
	376	442
	375	442
	374	443
	373	443
	370	442
	369	441
	369	439
	370	438
	372	437
	373	437
	375	437
	375	439
.PEN_UP
.PEN_DOWN
	381	444
	382	444
	383	443
	384	442
	385	442
	386	443
	386	444
	385	445
	382	445
	380	444
	380	442
	381	440
	384	439
	384	438
	386	438
	387	438
	388	441
.PEN_UP
.PEN_DOWN
	391	445
	392	445
	392	444
	393	442
	393	440
	394	438
	394	436
	395	436
	395	439
	397	441
	397	442
	398	441
	398	440
	399	439
	400	437
	401	434
	402	434
	401	436
.PEN_UP
.PEN_DOWN
	420	449
	421	449
	422	447
	422	446
	422	444
	423	444
	423	442
	423	439
	423	438
	423	437
	423	436
	423	435
	424	435
	425	434
	427	434
	428	436
	428	437
	428	438
	428	439
	427	441
	425	442
	423	441
	423	440
	422	438
	422	437
	422	436
.PEN_UP
.PEN_DOWN
	432	441
	432	442
	433	442
	433	441
	434	440
	435	438
	435	437
	436	436
	437	436
	437	437
	439	437
	440	438
	440	439
	440	440
	440	441
	440	440
	440	437
	440	436
	440	434
	440	431
	440	430
	440	428
	439	427
	437	427
	436	427
	434	428
	432	429
.PEN_UP
.PEN_DOWN
	464	444
	463	444
	462	444
	460	444
	459	443
	459	442
	459	441
	460	440
	462	440
	463	440
	464	441
	465	442
	465	443
	465	442
	465	441
	465	437
	465	436
	465	433
	465	432
	465	429
	465	427
	465	426
	467	426
	467	427
	469	427
	470	429
	470	432
	469	434
	468	434
	467	435
	466	435
.PEN_UP
.PEN_DOWN
	474	444
	475	444
	475	443
	476	440
	476	439
	476	437
	476	436
	478	436
	479	436
	481	438
	483	441
	483	442
	483	444
	482	444
	481	444
.PEN_UP
.PEN_DOWN
	492	442
	491	444
	491	443
	491	440
	491	437
	491	436
	491	435
	492	436
	492	439
.PEN_UP
.PEN_DOWN
	490	450
	488	453
	488	452
.PEN_UP
.PEN_DOWN
	504	442
	505	442
	505	441
	506	441
	507	441
	507	440
	508	441
	508	442
	508	443
	507	443
	506	444
	504	443
	504	442
	503	441
	502	441
	502	440
	502	439
	503	438
	504	437
	506	437
	507	437
	509	437
	511	437
.PEN_UP
.PEN_DOWN
	525	455
	524	452
	524	451
	523	447
	523	446
	523	442
	523	441
	523	440
	525	440
	525	441
	527	442
	528	442
	529	442
	528	442
.PEN_UP
.PEN_DOWN
	519	445
	518	447
	520	448
	522	449
	525	450
	527	450
	528	450
	528	449
.PEN_UP
.PEN_DOWN
	559	447
	560	446
	561	446
	563	445
	565	445
	566	445
	566	444
	565	442
	564	441
	562	439
	561	437
	561	436
	562	436
	565	436
	566	437
	571	438
	573	439
	573	438
	573	439
.PEN_UP
.PEN_DOWN
	583	445
	584	445
	586	445
	587	445
	588	445
	590	445
	591	445
	592	445
	591	446
	590	446
	588	445
	585	443
	584	443
	583	442
	583	440
	584	438
	586	438
	589	437
	592	437
	593	437
	593	438
.PEN_UP
.PEN_DOWN
	607	447
	608	447
	609	447
	609	446
	610	445
	611	445
	611	444
	612	442
	613	442
	613	441
	613	442
	612	444
	611	445
	610	445
	609	445
	608	445
	607	445
	606	445
	605	444
	605	443
	604	442
	604	440
	605	438
	606	438
	607	438
	609	438
	610	439
	611	441
	611	442
	611	441
	611	439
	611	438
	611	436
	612	436
	615	436
	616	436
	617	437
	618	437
	618	436
	617	436
.PEN_UP
.PEN_DOWN
	636	460
	635	460
	634	461
	634	458
	634	455
	635	451
	636	444
	636	442
	636	439
	636	437
	637	437
.PEN_UP
