
.WRITER_ID IanFelix
.STYLE PRINTED
.PEN_DOWN
	81	325
	80	325
	80	324
	80	323
	80	322
	80	321
	80	320
	80	319
	80	317
	80	316
	79	313
	79	311
	78	306
	78	303
	77	299
	76	296
	75	294
	74	291
	73	289
	73	288
	72	286
	72	285
	72	284
.PEN_UP
.PEN_DOWN
	77	326
	77	327
	77	326
	79	325
	80	323
	81	322
	82	321
	83	319
	84	316
	86	315
	86	312
	87	310
	88	308
	88	306
	89	302
	89	299
	90	298
	90	296
	91	295
	91	294
	92	293
.PEN_UP
.PEN_DOWN
	73	302
	75	302
	76	302
	77	302
	78	301
	79	300
	80	300
	81	300
	82	300
	85	300
	87	300
	88	300
	89	300
	91	301
	92	301
.PEN_UP
.PEN_DOWN
	97	321
	97	320
	98	319
	98	318
	98	317
	98	316
	99	314
	100	311
	101	308
	101	307
	103	304
	103	303
	104	301
	104	299
	105	297
	105	295
	105	294
	106	293
	106	292
.PEN_UP
.PEN_DOWN
	118	297
	118	296
	118	295
	119	294
	119	292
	119	291
	119	290
	120	290
	120	289
	120	290
	119	291
	119	292
	118	292
	118	293
	118	294
	118	295
	117	296
	117	297
	117	298
	117	299
	117	300
	118	301
	118	302
	119	302
	120	302
	121	303
	122	303
	123	303
	125	304
	126	304
	128	304
.PEN_UP
.PEN_DOWN
	131	305
	132	305
	133	305
	133	304
	134	302
	134	301
	134	300
	134	299
	135	298
	135	297
	135	295
	135	294
	136	294
	136	293
.PEN_UP
.PEN_DOWN
	128	318
	129	319
	130	319
	131	319
	132	319
.PEN_UP
.PEN_DOWN
	155	306
	156	306
	156	307
	157	308
	157	309
	157	310
	157	311
	156	311
	155	311
	154	310
	152	309
	151	307
	148	303
	146	301
	146	299
	146	298
	146	297
	146	296
	147	295
	149	295
	151	295
	152	296
	155	297
	157	298
	158	299
	159	300
	160	301
	160	302
	159	301
	158	300
	157	299
	157	298
	156	297
	156	295
	156	294
	156	292
	156	291
	156	290
	156	289
	157	286
	158	285
	159	284
	160	283
	160	282
	160	281
	160	280
	160	279
	160	278
	160	277
	159	277
	157	276
	156	276
	154	275
	153	275
	151	275
	150	275
	148	275
	146	275
	145	275
	143	275
.PEN_UP
.PEN_DOWN
	157	321
	157	320
	157	319
	157	317
	158	316
	159	314
	159	312
	160	310
	160	308
	161	306
	162	304
	164	301
	165	299
	166	298
	166	297
	167	296
	168	295
	169	297
	169	298
	170	298
	171	300
	172	301
	172	303
	173	305
	173	306
	174	308
	175	309
	176	309
	177	308
	177	307
	178	306
	178	304
	178	302
	178	299
	178	297
	178	295
	179	294
	179	292
	180	291
	181	290
	183	289
	184	289
	185	289
	186	289
.PEN_UP
.PEN_DOWN
	186	321
	187	320
	187	318
	188	317
	188	316
	189	314
	190	313
	190	311
	191	309
	191	307
	192	305
	192	301
	193	299
	193	298
	193	296
	193	295
	194	294
	194	293
	194	292
.PEN_UP
.PEN_DOWN
	177	303
	177	302
	177	301
	178	301
	181	301
	183	302
	185	303
	187	303
	190	304
	192	305
	194	305
	196	306
	198	306
	199	306
.PEN_UP
.PEN_DOWN
	208	322
	209	323
	210	323
	211	324
	212	325
	213	325
	214	325
	216	326
	218	326
	219	327
	221	327
	223	327
	224	327
	227	326
	228	325
	229	324
	230	323
	230	322
	230	321
	231	320
	231	319
	231	317
	231	316
	230	316
	230	315
	230	314
	229	313
	228	313
	227	313
	226	313
	225	312
	224	312
	223	312
	222	312
	221	312
	220	312
	219	312
.PEN_UP
.PEN_DOWN
	217	297
	218	296
	218	295
	219	295
	220	294
	221	294
	222	294
.PEN_UP
.PEN_DOWN
	244	324
	244	323
	242	322
	242	321
.PEN_UP
.PEN_DOWN
	261	333
	261	332
	261	331
	261	330
	259	330
	257	328
	256	327
	255	325
	254	324
	253	323
	252	322
	251	321
.PEN_UP
.PEN_DOWN
	274	331
	274	330
	275	330
	275	329
	275	328
	275	327
	275	326
	276	325
	277	324
	277	323
	277	322
	278	321
	278	320
.PEN_UP
.PEN_DOWN
	280	332
	281	331
	282	330
	283	329
	284	327
	285	325
	285	324
	285	323
	285	322
	286	321
	286	320
	287	319
	287	318
	288	318
	288	317
	289	317
.PEN_UP
.PEN_DOWN
	311	327
	310	326
	309	324
	309	322
	308	320
	307	318
	306	315
	306	313
	304	311
	304	308
	303	306
	302	305
	302	303
	302	302
	302	300
.PEN_UP
.PEN_DOWN
	308	338
	308	337
	308	336
	308	335
	309	334
	309	333
	309	331
	310	330
	311	326
	312	324
	312	322
	313	320
	314	317
	315	316
	316	314
	317	312
	318	310
	319	309
	319	307
	320	306
.PEN_UP
.PEN_DOWN
	299	310
	300	310
	301	310
	304	311
	307	312
	309	312
	311	312
	313	312
	315	312
	317	312
	319	312
	320	312
.PEN_UP
.PEN_DOWN
	323	330
	323	329
	323	328
	324	327
	324	325
	325	324
	325	322
	325	321
	326	319
	326	317
	326	313
	327	312
	327	310
	328	309
	328	308
	329	307
	329	306
	330	305
	330	304
.PEN_UP
.PEN_DOWN
	332	315
	333	314
	334	313
	334	312
	334	311
	335	310
	335	309
	335	308
	336	307
	336	306
	337	305
	337	304
	338	304
	338	303
	338	304
	338	305
	338	306
	338	307
	338	308
	338	309
	337	311
	336	312
	336	314
	336	315
	336	316
	337	316
	339	316
	340	316
	341	316
	343	316
	345	315
.PEN_UP
.PEN_DOWN
	352	310
	352	309
	353	308
	353	307
	354	307
	354	306
	355	306
.PEN_UP
.PEN_DOWN
	349	325
	349	324
	351	324
	352	324
	353	324
.PEN_UP
.PEN_DOWN
	370	316
	370	315
	369	315
	368	316
	367	316
	366	316
	365	316
	362	315
	361	314
	360	314
	359	313
	359	312
	359	311
	359	310
	359	309
	360	308
	361	308
	363	307
	364	307
	365	307
	366	307
	366	308
	367	308
	368	308
	368	309
	368	308
	368	307
	368	306
	368	305
	368	303
	369	302
	369	299
	370	298
	370	297
	370	296
	370	295
	370	294
	370	293
	370	292
	370	291
	369	291
	367	290
	366	290
	365	290
	363	290
	362	290
	361	291
	359	291
	358	292
.PEN_UP
.PEN_DOWN
	370	330
	370	329
	371	329
	371	328
	371	327
	372	326
	372	325
	373	323
	373	322
	374	321
	374	319
	375	316
	376	314
	376	313
	376	312
	377	310
	377	309
	377	308
	377	307
	378	307
	379	308
	380	309
	381	310
	382	311
	383	312
	383	313
	385	314
	385	315
	386	315
	387	315
	387	314
	387	312
	387	311
	387	310
	387	308
	387	307
	387	306
	388	304
	388	303
	389	302
	391	301
	391	300
.PEN_UP
.PEN_DOWN
	398	336
	398	335
	399	335
	399	334
	399	333
	399	332
	399	330
	399	329
	400	328
	400	325
	401	323
	402	322
	402	320
	402	318
	402	316
	403	315
	403	313
	403	311
	403	310
	403	308
	403	307
	403	305
	403	304
.PEN_UP
.PEN_DOWN
	388	321
	389	321
	390	320
	391	320
	392	320
	393	320
	394	320
	396	320
	397	320
	399	320
	401	320
	404	319
	406	319
	410	319
	411	319
	413	318
	414	318
.PEN_UP
.PEN_DOWN
	420	309
	420	308
	421	308
	421	307
	421	306
	422	306
	422	305
	423	305
	424	305
.PEN_UP
.PEN_DOWN
	456	334
	456	333
	456	332
	455	331
	455	330
	454	329
	453	328
	452	326
	451	325
	449	322
	448	321
	447	319
	446	317
	445	316
	445	315
	444	313
	443	312
	443	311
	443	310
.PEN_UP
.PEN_DOWN
	438	336
	438	335
	439	335
	439	334
	439	333
	440	330
	441	330
	441	329
	442	327
	443	326
	444	326
	444	325
	445	324
	447	323
	448	322
.PEN_UP
.PEN_DOWN
	454	313
	455	313
	456	313
	457	313
	458	313
	459	314
	460	315
	461	316
	462	317
	463	317
	464	318
	464	319
	464	320
	464	321
	463	321
	462	321
	461	321
	460	321
	458	320
	456	319
	455	318
	454	317
	452	316
	452	315
	451	314
	451	312
	451	311
	451	310
	451	309
	454	308
	455	308
	456	308
.PEN_UP
.PEN_DOWN
	473	320
	471	320
	470	320
	469	320
	468	320
	467	319
	466	318
	466	317
	465	316
	464	316
	463	315
	463	312
	463	311
	463	310
	464	309
	465	308
	466	307
	467	307
	469	307
	471	307
	472	307
	474	308
	477	309
	478	309
	479	310
	480	311
	480	312
	480	313
	479	313
	479	314
	478	314
	477	314
	475	313
	474	312
	474	311
	474	310
	474	308
	475	307
	476	306
	477	306
	479	305
	483	304
	485	304
	487	304
	489	304
.PEN_UP
.PEN_DOWN
	485	330
	486	328
	487	325
	487	324
	487	321
	487	319
	487	317
	488	315
	488	313
	488	311
	488	310
	488	308
	488	307
	489	307
	489	305
	490	305
	491	306
	492	307
	493	308
	493	310
	494	311
	494	312
	495	314
	496	315
	497	315
	498	315
	498	314
	498	312
	498	311
	499	310
	500	307
	500	305
	501	304
	502	303
	504	302
	505	301
	506	301
	508	300
.PEN_UP
.PEN_DOWN
	519	305
	520	305
	520	304
	520	302
	521	301
	521	300
	521	299
	521	298
	521	297
	521	296
	521	295
	521	294
	520	293
	520	291
.PEN_UP
.PEN_DOWN
	540	320
	541	320
	542	320
	542	321
	543	321
	543	322
	542	322
	541	322
	541	323
	540	323
	539	323
	538	323
	537	323
	536	323
	534	322
	533	321
	533	320
	534	319
	535	319
	536	318
	537	318
	539	318
	542	317
	543	316
	544	315
	545	315
	545	313
	545	312
	545	311
	545	310
	544	309
	544	308
	542	307
	540	306
	539	305
	537	305
	536	304
	535	304
	533	304
	532	304
	531	305
.PEN_UP
.PEN_DOWN
	548	321
	548	319
	547	318
	547	316
	547	315
	547	314
	547	312
	548	311
	548	310
	549	309
	549	308
	550	307
	552	306
	554	306
	555	306
	556	306
	557	307
	559	307
	560	308
	561	309
	562	309
	562	310
	563	311
	564	312
	564	313
	564	314
	564	315
	563	315
	563	314
	563	312
	564	309
	564	308
	565	307
	566	306
	567	306
	568	305
	570	304
	571	304
.PEN_UP
.PEN_DOWN
	578	310
	579	309
	579	308
	579	307
	580	305
	580	304
	580	303
	580	304
	580	306
	580	307
	580	308
	580	309
	579	310
	579	311
	578	312
	577	313
	577	314
	577	315
	577	316
	577	317
	578	317
	579	317
	580	317
	582	317
	583	317
	585	317
	586	317
	588	317
	591	317
	592	317
.PEN_UP
.PEN_DOWN
	596	306
	597	306
	598	307
	599	308
	600	308
	601	309
	601	310
	602	311
	603	312
	603	313
	603	314
	603	315
	602	315
	602	316
	601	316
	600	316
	599	316
	597	316
	596	316
	595	315
	594	314
	593	313
	591	310
	591	309
	591	308
	591	307
	591	306
	591	305
	592	304
	593	304
	594	303
	596	303
	598	303
	600	303
	604	304
	607	304
	609	305
	611	305
	613	306
	614	306
.PEN_UP
.PEN_DOWN
	621	308
	622	308
	623	307
	623	306
	623	305
	623	302
	623	301
	623	300
	623	298
	622	297
	622	296
	622	295
	621	294
	620	293
	620	292
	619	292
.PEN_UP
.PEN_DOWN
	639	335
	639	334
	638	333
	637	332
	635	330
	634	329
	633	329
	633	328
	632	327
	631	326
	631	325
.PEN_UP
.PEN_DOWN
	646	334
	646	333
	646	332
	645	332
	645	331
	644	330
	643	329
	642	328
	641	327
	640	326
	639	325
	638	324
	638	323
.PEN_UP
.PEN_DOWN
	669	324
	667	324
	666	324
	664	323
	663	323
	662	322
	660	321
	658	321
	657	320
	656	320
	655	319
	654	319
	654	318
	654	317
	655	317
	656	317
	656	316
	658	316
	659	316
	661	316
	662	316
	664	316
	666	315
	667	315
	669	313
	669	312
	669	311
	669	310
	669	309
	668	308
	668	307
	667	307
	666	306
	664	306
	662	305
	661	305
	659	305
	658	305
	657	305
	655	305
	654	305
	654	306
	653	306
.PEN_UP
.PEN_DOWN
	680	319
	679	319
	678	319
	676	319
	675	319
	675	318
	674	318
	673	317
	672	316
	672	315
	672	314
	672	313
	673	312
	674	312
	676	311
	677	310
	679	310
	680	310
	681	310
	682	311
	683	311
	684	312
	685	312
	685	313
	685	314
	685	315
	684	315
	683	315
	682	315
	681	315
	681	314
	681	313
	681	312
	681	311
	681	310
	682	309
	683	308
	685	307
	686	307
	688	306
	690	306
	692	306
	694	306
.PEN_UP
.PEN_DOWN
	699	319
	700	318
	701	318
	701	317
	702	316
	702	315
	702	314
	702	313
	702	312
	703	312
	703	311
	703	310
	703	309
	704	308
	704	307
.PEN_UP
.PEN_DOWN
	698	331
	699	331
	700	331
	701	331
	702	331
.PEN_UP
.PEN_DOWN
	723	341
	723	340
	723	339
	723	338
	723	337
	723	335
	723	334
	723	332
	723	330
	723	328
	723	326
	723	324
	723	322
	723	321
	723	320
	724	317
	725	316
	725	315
	726	314
	726	313
	727	313
	727	314
	726	315
	726	316
	726	317
	726	318
	722	319
	721	319
	719	319
	718	319
	716	318
	714	318
	713	317
	709	315
	708	313
	708	312
	708	311
	708	310
	709	310
	710	309
	712	308
	713	307
	715	307
	718	307
	723	307
	726	307
	729	307
	731	307
	733	307
	735	307
	737	307
.PEN_UP
