
.WRITER_ID JeanHale
.STYLE PRINTED
.PEN_DOWN
	161	470
	161	471
	161	470
	161	468
	162	466
	162	461
	162	455
	162	454
	163	453
	163	454
	163	455
.PEN_UP
.PEN_DOWN
	176	468
	175	469
	174	467
	174	463
	173	461
	174	458
	175	457
	176	457
	179	457
	180	459
	180	461
	181	464
	180	466
	179	467
	177	468
	176	468
	175	467
.PEN_UP
.PEN_DOWN
	187	467
	186	466
	186	464
	186	460
	186	458
	186	457
	187	455
	189	455
	191	455
	193	459
	194	463
	194	464
	191	467
	189	467
	188	467
.PEN_UP
.PEN_DOWN
	209	469
	207	471
	207	470
	205	468
	205	467
	205	466
	206	465
	209	466
	209	467
	210	468
	210	470
	208	470
.PEN_UP
.PEN_DOWN
	217	472
	216	473
	216	472
	216	470
	216	467
	216	463
	213	456
	213	454
	212	453
	213	453
.PEN_UP
.PEN_DOWN
	220	457
	219	458
	219	457
	218	455
	218	454
	218	453
	219	453
	222	454
	223	455
	223	456
	222	458
	221	458
	219	458
.PEN_UP
.PEN_DOWN
	249	463
	248	464
	247	465
	245	465
	245	464
	243	462
	242	459
	242	458
	243	457
	244	456
	246	456
	247	457
	248	458
	248	461
	248	463
	248	464
	247	464
.PEN_UP
.PEN_DOWN
	263	472
	262	473
	261	473
	259	473
	257	470
	256	469
	256	466
	258	463
	259	461
	261	459
	262	457
	262	455
	262	453
	262	452
	261	452
.PEN_UP
.PEN_DOWN
	256	461
	255	461
	255	462
	256	462
	258	462
	262	462
	263	463
	263	462
.PEN_UP
.PEN_DOWN
	293	466
	292	467
	292	464
	292	462
	291	456
	291	452
	291	451
	291	450
.PEN_UP
.PEN_DOWN
	299	470
	298	467
	298	462
	298	460
	297	455
	297	452
	296	452
.PEN_UP
.PEN_DOWN
	289	459
	288	460
	288	461
	290	462
	292	463
	297	464
	300	465
	302	465
	302	464
.PEN_UP
.PEN_DOWN
	289	458
	290	458
	294	458
	296	458
	299	459
	301	459
	301	460
	302	460
.PEN_UP
.PEN_DOWN
	312	476
	312	475
	312	474
	312	472
.PEN_UP
.PEN_DOWN
	322	457
	322	459
	322	460
	321	460
	319	460
	318	460
	316	459
	315	458
	316	457
	317	457
	318	457
	320	456
	322	456
	323	456
	324	455
	324	453
	324	452
	322	451
	319	450
	318	450
	317	450
	317	451
.PEN_UP
.PEN_DOWN
	330	450
	329	451
	329	452
	331	455
	335	460
	336	463
	339	469
	342	474
	343	476
	343	478
	344	479
.PEN_UP
.PEN_DOWN
	359	470
	357	469
	356	469
	353	466
	353	462
	353	460
	354	457
	356	456
	358	457
	361	459
	363	463
	364	464
	364	469
	363	471
	361	473
	359	473
.PEN_UP
.PEN_DOWN
	384	468
	383	469
	381	467
	380	466
	378	462
	378	458
	379	458
	380	459
	382	462
	383	464
	383	465
	384	466
	383	465
	383	464
	383	461
	383	458
	384	457
	386	456
	388	457
	389	457
	390	458
.PEN_UP
.PEN_DOWN
	399	467
	397	468
	397	466
	397	465
	397	461
	397	458
	397	457
	397	458
	398	462
	398	463
	400	465
	401	465
	402	465
	403	464
.PEN_UP
.PEN_DOWN
	409	464
	408	464
	409	464
	411	464
	414	464
	416	464
	417	465
	417	466
	416	467
	416	468
	412	467
	409	466
	408	465
	408	462
	409	458
	411	458
	414	456
	418	456
	419	456
	420	456
.PEN_UP
.PEN_DOWN
	432	463
	434	465
	435	467
	437	471
	438	472
	440	476
	441	478
	441	479
	442	478
	442	474
	442	469
	442	468
	443	466
.PEN_UP
.PEN_DOWN
	455	464
	455	467
	455	465
	455	464
	454	460
	454	458
	454	457
	455	457
	457	460
	458	463
	459	465
	460	467
	459	465
	459	460
	459	458
	460	456
	462	455
	464	454
	464	455
	464	456
.PEN_UP
.PEN_DOWN
	468	463
	468	460
	468	458
	468	457
	468	456
	468	457
	468	458
	469	460
	469	461
	471	463
	472	464
	473	464
	475	463
	475	460
	476	459
	476	456
	476	457
.PEN_UP
.PEN_DOWN
	488	477
	488	478
	488	477
	488	476
	487	472
	487	464
	487	462
	487	459
	487	458
	487	459
	487	461
	487	463
	487	465
	485	466
	483	466
	480	465
	478	463
	478	462
	479	460
	481	458
	483	458
	486	458
	488	459
	488	460
	487	460
.PEN_UP
.PEN_DOWN
	493	463
	494	463
	495	463
	497	464
	498	464
	499	466
	499	467
	498	467
	497	467
	493	466
	492	465
	491	463
	491	461
	492	459
	494	458
	497	458
	501	458
	501	459
	500	459
.PEN_UP
.PEN_DOWN
	512	476
	512	477
	511	478
	510	479
	509	479
	509	478
	507	476
	507	474
	506	469
	509	464
	510	462
	513	458
	514	457
	515	457
	514	457
	513	457
.PEN_UP
.PEN_DOWN
	504	463
	503	464
	503	465
	505	465
	508	466
	511	466
	513	466
	515	466
.PEN_UP
.PEN_DOWN
	521	465
	521	466
	522	465
	522	464
	522	461
	523	458
	523	456
.PEN_UP
.PEN_DOWN
	528	465
	529	465
	529	464
	530	462
	531	460
	531	459
	531	458
	531	459
	532	461
	533	464
	534	464
	535	464
	536	462
	536	461
	537	459
	537	458
.PEN_UP
.PEN_DOWN
	540	465
	541	465
	543	464
	546	464
	547	464
	548	464
	548	465
	548	466
	545	466
	544	466
	542	466
	542	464
	542	463
	542	461
	544	459
	545	459
	548	459
	550	461
.PEN_UP
.PEN_DOWN
	560	482
	559	483
	559	479
	560	476
	561	471
	561	467
	561	465
	562	465
	561	467
	560	468
	559	470
	555	472
	553	472
	550	471
	549	469
	549	467
	553	464
	558	461
	561	461
	566	462
	567	464
.PEN_UP
.PEN_DOWN
	575	475
	575	478
	576	481
	577	483
	578	486
	579	489
	579	490
	580	488
	580	486
	581	481
	582	477
	582	476
	583	475
	583	474
	584	474
.PEN_UP
