
.WRITER_ID IanFelix
.STYLE PRINTED
.PEN_DOWN
	63	341
	63	340
	63	339
	63	338
	64	336
	64	334
	64	332
	65	330
	65	328
	66	325
	67	323
	67	321
	68	318
	69	317
	69	316
	70	315
	71	314
	71	315
	71	317
	71	318
	71	319
	71	321
	72	322
	72	324
	72	325
	72	327
	72	330
	73	332
	73	334
	74	335
	75	338
	76	338
	77	338
	77	336
	77	334
	78	333
	78	330
	78	329
	78	327
	78	325
	79	323
	80	322
	80	321
	81	321
	82	321
	83	321
	84	322
	84	323
	86	325
	86	326
	87	327
	87	329
	87	330
	88	331
	88	332
	89	333
	90	333
	90	330
	91	329
	91	326
	92	325
	92	322
	93	321
	94	319
	95	317
	96	316
	98	315
	99	314
	101	314
.PEN_UP
.PEN_DOWN
	110	331
	109	331
	107	330
	106	329
	105	328
	105	327
	104	325
	104	324
	104	323
	104	322
	105	319
	106	318
	107	317
	109	317
	110	317
	111	317
	112	317
	114	318
	115	318
	116	319
	117	320
	119	322
	119	324
	119	325
	119	326
	118	327
	118	328
	116	329
	115	330
	113	330
	111	331
	110	332
	107	332
	105	332
	104	331
.PEN_UP
.PEN_DOWN
	119	329
	119	328
	119	326
	118	325
	118	323
	118	322
	118	321
	118	319
	118	318
	119	317
	120	316
	121	316
	122	316
	123	317
	123	318
	124	319
	125	320
	126	321
	127	322
	127	324
	128	326
	129	328
	129	329
	130	330
	130	331
	131	331
	132	330
	132	329
	133	327
	133	325
	133	324
	134	323
	134	321
	135	321
	136	320
	137	319
	138	319
	139	318
.PEN_UP
.PEN_DOWN
	143	326
	142	325
	141	325
	141	324
	141	323
	141	322
	141	321
	142	320
	142	319
	143	319
	144	318
	146	318
	147	318
	148	318
	149	319
	150	319
	152	320
	153	320
	154	321
	156	323
	156	325
	157	325
	157	327
	157	328
	157	329
	157	330
	156	330
	155	331
	154	332
	152	333
	148	333
	146	333
	144	333
	143	332
.PEN_UP
.PEN_DOWN
	181	333
	182	333
	182	332
	182	330
	182	328
	182	327
	182	326
	182	325
	182	324
	182	323
	182	324
	182	325
	182	326
	181	327
	181	328
	180	328
	180	329
	179	330
	179	331
	177	332
	176	332
	174	332
	173	331
	172	330
	171	329
	170	327
	169	325
	168	323
	168	321
	168	319
	168	316
	169	315
	171	314
	172	313
	174	313
	177	312
	179	312
	182	312
	184	312
	186	312
	189	312
	191	312
.PEN_UP
.PEN_DOWN
	191	349
	192	349
	192	348
	192	346
	192	344
	192	339
	193	337
	193	334
	193	331
	193	329
	194	326
	194	324
	194	322
	194	321
	195	319
	196	318
	197	317
	198	316
	199	316
	200	317
	201	318
	201	320
	202	321
	203	323
	204	324
	205	326
	206	329
	207	330
	208	332
	209	332
	210	332
	210	331
	211	329
	211	327
	211	325
	211	322
	211	320
	212	318
	212	316
	213	315
	214	314
	215	314
	216	313
	217	313
	218	313
.PEN_UP
.PEN_DOWN
	221	320
	221	319
	221	318
	221	317
	222	316
	222	315
	222	314
	223	314
	224	314
	224	315
	224	316
	224	317
	224	318
	224	320
	224	321
	224	323
	224	324
	223	325
	222	327
	222	328
	222	329
	222	330
	223	330
	224	329
	225	329
	227	328
	228	328
.PEN_UP
.PEN_DOWN
	238	321
	236	321
	235	320
	234	319
	234	318
	234	317
	234	316
	235	316
	236	316
	239	316
	241	316
	242	316
	244	317
	245	318
	247	319
	248	319
	248	320
	250	321
	250	322
	251	324
	251	325
	251	326
	251	327
	250	328
	248	328
	248	329
	246	329
	244	329
	242	329
	241	329
	240	329
	238	329
	236	328
.PEN_UP
.PEN_DOWN
	251	327
	251	325
	251	323
	251	321
	250	318
	250	317
	250	316
	250	315
	251	315
	252	315
	253	315
	254	316
	256	317
	257	318
	257	319
	259	321
	259	322
	260	323
	261	324
	261	325
	262	326
	262	327
	263	328
	262	327
	262	326
	262	325
	262	324
	262	322
	262	321
	262	320
	262	319
	263	318
	264	318
	265	319
	266	319
	267	320
	268	321
	269	321
	270	322
	271	323
	272	324
	274	326
	275	327
	276	328
	276	327
	276	326
	276	325
	276	324
	276	322
	276	321
	276	319
	276	318
	276	317
	277	317
	277	316
	278	316
	278	315
	279	315
.PEN_UP
.PEN_DOWN
	285	315
	286	315
	286	316
	287	316
	288	318
	289	319
	290	320
	291	321
	292	322
	293	323
	295	324
	295	325
	296	326
	296	328
	296	329
	296	330
	295	330
	293	330
	292	330
	290	329
	289	328
	286	327
	285	325
	283	324
	282	322
	280	320
	280	318
	280	317
	280	316
	282	315
	283	315
	284	314
	286	314
	288	314
	290	314
	292	314
	297	315
	300	315
	302	316
	305	316
	308	316
	311	316
.PEN_UP
.PEN_DOWN
	335	327
	336	327
	336	326
	337	326
	338	326
	338	327
	339	328
	342	330
	343	331
	345	332
	346	334
	347	335
	348	337
	349	338
	350	340
	351	341
	351	342
	352	343
	352	344
	352	347
	351	348
	350	349
	349	349
	348	349
	347	349
	346	348
	345	347
	344	346
	342	342
	341	340
	341	338
	340	335
	340	333
	340	330
	340	328
	340	326
	340	325
	340	323
	340	322
	341	321
	342	319
	343	318
	344	317
	345	316
.PEN_UP
.PEN_DOWN
	327	323
	327	322
	328	322
	329	323
	331	323
	333	324
	336	325
	338	326
	341	327
	343	327
	346	328
	348	329
	350	329
	351	329
	353	330
.PEN_UP
.PEN_DOWN
	358	328
	358	327
	358	326
	359	325
	359	324
	359	323
	360	322
	360	321
	361	320
	361	319
	361	318
	362	317
	362	318
	361	319
	361	320
	361	321
	360	321
	360	322
	359	323
	359	324
	358	326
	358	327
	358	328
	358	330
	359	331
	359	332
	360	332
	361	332
	363	332
	364	332
	367	331
	369	331
	371	331
	372	331
	374	331
	375	330
	376	330
.PEN_UP
.PEN_DOWN
	375	325
	375	324
	374	324
	374	323
	374	322
	374	321
	374	320
	374	319
	375	318
	376	318
	378	318
	379	318
	381	318
	382	318
	385	319
	386	320
	387	320
	387	321
	388	322
	389	323
	389	324
	389	325
	388	326
	388	327
	387	328
	384	329
	382	330
	381	330
	378	331
	377	331
	375	331
	374	331
	373	331
.PEN_UP
.PEN_DOWN
	393	330
	393	329
	393	328
	393	327
	393	326
	392	325
	392	324
	392	323
	392	322
	392	321
	392	320
	392	319
	393	319
	394	319
	395	319
	397	320
	398	321
	399	322
	400	323
	401	324
	402	325
	403	326
	403	327
	404	328
	405	329
	406	329
	405	328
	405	327
	404	325
	403	324
	403	323
	403	322
	403	321
	404	321
	405	320
	406	320
	407	320
	408	321
	409	321
	410	321
	411	322
	411	323
	412	324
	414	324
	415	326
	416	327
	417	328
	419	328
	419	329
	420	329
	421	329
	421	328
	421	327
	421	325
	421	323
	421	321
	421	320
	421	319
	421	318
	422	317
	422	316
.PEN_UP
.PEN_DOWN
	449	332
	449	331
	448	331
	448	330
	448	329
	448	328
	448	327
	447	326
	446	323
	446	322
	446	321
	446	320
	447	319
	448	319
	449	319
	449	320
	451	322
	452	324
	453	325
	454	326
	454	327
	455	329
	456	330
	456	331
	457	332
	458	333
	458	334
	459	334
	460	334
	461	332
	461	331
	461	329
	461	327
	461	326
	462	324
	462	323
	464	320
	466	320
	467	320
.PEN_UP
.PEN_DOWN
	472	329
	472	328
	470	327
	470	326
	470	325
	470	324
	470	323
	470	322
	470	321
	471	321
	471	320
	473	319
	474	319
	477	319
	479	319
	481	319
	482	319
	483	320
	484	321
	486	321
	486	322
	487	323
	487	324
	487	325
	487	326
	485	328
	484	329
	483	330
	482	330
	481	331
	479	332
	477	332
	475	333
	473	333
	472	333
.PEN_UP
.PEN_DOWN
	490	330
	489	329
	489	327
	489	326
	489	324
	489	322
	489	321
	490	321
	491	320
	492	319
	493	319
	495	319
	496	319
	497	319
	500	321
	501	322
	502	323
	503	324
	504	325
	504	326
	505	327
	505	328
	505	329
	505	330
	504	331
	503	331
	503	330
	503	329
	502	328
	502	327
	502	326
	502	325
	502	324
	503	323
	503	322
	504	321
	506	320
	507	320
	508	320
	509	320
	510	321
	511	321
	513	321
	513	322
	515	323
	516	324
	517	325
	518	327
	519	328
	519	329
	519	330
	519	331
	518	332
	518	334
	517	334
	516	336
.PEN_UP
.PEN_DOWN
	557	329
	556	330
	555	330
	554	330
	553	330
	552	330
	550	329
	549	329
	548	328
	547	327
	546	325
	545	325
	545	323
	545	322
	545	321
	546	320
	548	319
	549	319
	552	319
	554	319
	557	319
	559	320
	561	320
	563	321
	565	322
	568	323
	569	324
	569	325
	569	326
	569	327
	569	328
	568	328
	567	329
	566	330
	564	330
	562	330
	560	331
	556	331
	554	331
	553	331
	552	331
.PEN_UP
.PEN_DOWN
	572	326
	572	325
	572	323
	571	322
	571	321
	571	319
	571	318
	571	317
	572	317
	573	317
	574	317
	575	317
	577	318
	577	319
	579	320
	579	321
	580	322
	581	323
	582	324
	583	325
	584	328
	584	329
	584	330
	585	331
	586	332
	587	332
	587	331
	587	330
	587	328
	587	325
	587	323
	588	321
	588	320
	589	318
	590	317
	591	316
	593	316
	594	315
	595	314
	597	314
	598	314
.PEN_UP
.PEN_DOWN
	607	322
	607	321
	607	320
	608	320
	608	319
	608	317
	608	316
	608	315
	607	313
	607	312
	607	311
	607	309
	606	308
	606	307
	605	306
	605	305
	604	304
.PEN_UP
.PEN_DOWN
	636	330
	637	330
	637	331
	638	331
	638	332
	639	332
	640	333
	640	334
	641	335
	642	336
	642	337
	643	338
	644	339
	645	340
	645	341
	646	342
	647	345
	647	346
	648	348
	648	349
	648	350
	649	352
	649	353
	649	354
	649	356
	649	357
	648	357
	647	356
	646	354
	645	352
	644	350
	644	348
	643	345
	641	342
	641	339
	640	336
	640	332
	640	330
	640	329
	640	328
	641	327
	642	326
	642	325
	643	325
	644	325
.PEN_UP
.PEN_DOWN
	626	333
	627	333
	628	333
	629	333
	630	333
	634	333
	635	333
	637	333
	639	333
	641	333
	642	333
	644	333
	646	333
	647	333
	649	333
	650	333
	651	333
	653	333
.PEN_UP
.PEN_DOWN
	656	331
	656	330
	657	329
	657	328
	657	327
	657	326
	657	325
	658	325
	658	324
	658	323
	658	324
	658	325
	658	326
	657	327
	657	329
	656	330
	656	331
	656	332
	656	333
	656	334
	656	335
	657	335
	658	335
	660	335
	661	335
	662	335
	664	335
	666	335
	667	335
	669	335
	671	335
	673	336
.PEN_UP
.PEN_DOWN
	674	331
	675	330
	675	329
	675	328
	676	327
	676	326
	677	325
	678	324
	679	324
.PEN_UP
.PEN_DOWN
	671	345
	672	345
	673	346
	675	346
.PEN_UP
.PEN_DOWN
	685	327
	686	326
	686	325
	687	325
	688	324
	689	324
	690	324
	691	325
	692	325
	693	326
	694	327
	695	328
	696	329
	696	330
	696	331
	696	332
	695	333
	694	333
	692	333
	691	333
	689	333
	687	333
	686	332
	684	331
	683	330
	682	329
	682	328
	682	327
	683	325
	684	324
	685	323
	686	323
	688	322
	690	322
	692	322
	694	322
	696	322
	699	322
	700	322
.PEN_UP
.PEN_DOWN
	709	322
	709	321
	710	321
	711	322
	712	323
	713	324
	714	325
	715	326
	716	327
	716	328
	717	329
	718	329
	719	330
	720	330
	720	329
	720	328
	720	327
	720	326
	720	325
	721	324
	721	323
	722	322
	724	321
	725	320
	726	320
	727	320
	728	319
	730	319
.PEN_UP
.PEN_DOWN
	741	347
	741	346
	741	345
	741	344
	742	343
	742	342
	742	340
	743	338
	743	337
	743	335
	744	334
	744	332
	744	331
	744	329
	744	328
	744	327
	745	326
	745	325
	745	324
	745	325
	745	326
	745	327
	743	329
	742	329
	741	329
	739	329
	738	329
	736	328
	734	328
	732	327
	731	326
	730	325
	729	325
	729	324
	729	322
	729	321
	730	321
	731	320
	733	319
	735	319
	737	318
	739	318
	741	318
	744	318
	747	318
	749	319
	755	319
	758	319
.PEN_UP
.PEN_DOWN
	766	321
	766	322
	766	321
.PEN_UP
