
.WRITER_ID JeanHale
.STYLE PRINTED
.PEN_DOWN
	193	463
	192	462
	191	462
	190	461
	189	459
	188	458
	186	456
	186	454
	186	453
	186	452
	185	450
	186	449
	186	448
	187	447
	189	447
	189	446
	190	446
	191	446
	192	446
	194	446
	195	446
	197	446
	198	447
	199	448
	200	449
	200	451
	200	452
	199	453
	198	455
	196	456
	195	457
	195	458
	194	458
	193	459
	192	459
	191	460
	190	460
	190	459
.PEN_UP
.PEN_DOWN
	191	446
	190	447
	191	448
	192	448
	193	447
	194	447
	195	445
	196	444
	196	442
	197	441
	198	440
	200	439
	201	438
	203	438
	203	437
	204	437
	204	436
.PEN_UP
.PEN_DOWN
	216	460
	215	460
	216	460
	216	459
	216	457
	215	455
	215	454
	215	453
	216	452
	216	451
	218	451
	220	452
	221	452
	222	453
	222	454
	222	457
	222	458
	222	460
	223	461
	222	463
.PEN_UP
.PEN_DOWN
	236	460
	236	462
	235	462
	235	461
	236	458
	236	456
	236	453
	236	451
	236	450
	236	448
	236	447
	236	448
.PEN_UP
.PEN_DOWN
	249	458
	249	459
	249	460
	248	461
	246	461
	245	460
	245	458
	245	457
	245	455
	245	454
	245	452
	247	452
	248	451
	250	451
	251	451
	252	451
	253	451
	253	450
.PEN_UP
.PEN_DOWN
	258	463
	258	464
	258	463
	259	461
	259	458
	259	456
	259	454
	260	451
	260	450
	260	449
	260	448
	260	449
.PEN_UP
.PEN_DOWN
	266	463
	266	464
	266	463
	265	462
	263	459
	261	457
	261	456
	258	455
	258	454
	259	454
	260	454
	261	454
	262	454
	262	453
	263	452
	264	450
	267	447
	268	446
	268	445
	269	445
	269	446
.PEN_UP
.PEN_DOWN
	292	459
	292	460
	293	460
	295	461
	297	462
	299	462
	301	462
	302	462
	304	462
	305	462
	304	461
	302	459
	301	458
	299	456
	297	454
	297	452
	295	452
	295	451
	294	451
	295	451
	296	451
	299	451
	301	451
	305	451
	307	451
	308	451
	307	451
.PEN_UP
.PEN_DOWN
	313	460
	313	461
	312	462
	313	461
	313	460
	313	457
	313	456
	313	454
	312	452
	312	451
	312	450
	312	449
	313	449
	314	449
	316	449
	318	450
	319	450
	319	451
	320	451
.PEN_UP
.PEN_DOWN
	311	454
	311	455
	313	455
	315	456
	316	456
	317	456
.PEN_UP
.PEN_DOWN
	311	460
	311	461
	313	461
	315	461
	316	462
	319	463
	320	463
	321	464
.PEN_UP
.PEN_DOWN
	333	446
	332	446
	332	448
	332	451
	332	453
	332	454
	332	456
	332	458
	332	459
	331	460
	331	461
	332	461
	332	462
	332	463
	333	463
	334	464
	336	465
	337	465
	340	465
	342	466
	344	466
	346	466
	346	465
	348	464
	348	463
	348	461
	348	459
	348	458
	346	457
	345	457
	344	456
	341	456
	340	457
	338	458
	336	458
	336	459
.PEN_UP
.PEN_DOWN
	356	462
	355	462
	354	462
	354	459
	354	458
	354	455
	354	453
	354	452
	354	451
	354	450
	354	449
	354	448
	354	447
	354	446
	354	447
	355	447
.PEN_UP
.PEN_DOWN
	362	462
	362	461
	362	458
	362	454
	362	451
	362	449
	362	448
	362	447
	363	447
	362	447
.PEN_UP
.PEN_DOWN
	354	454
	353	454
	354	454
	355	454
	355	453
	356	453
	358	453
	359	453
.PEN_UP
.PEN_DOWN
	373	460
	373	461
	374	460
	374	459
	374	458
	375	457
	376	456
	376	455
	377	455
	377	454
	377	453
	378	452
	379	452
	379	451
	379	452
.PEN_UP
.PEN_DOWN
	383	460
	382	461
	382	459
	381	457
	381	455
	380	452
	379	450
	378	449
	378	447
	377	445
	377	444
	376	443
	376	442
	376	441
	375	441
.PEN_UP
.PEN_DOWN
	391	460
	391	461
	391	460
	391	458
	391	457
	392	455
	392	453
	392	451
	392	450
	392	449
.PEN_UP
.PEN_DOWN
	390	458
	389	459
	389	460
	390	460
	390	461
	392	462
	394	463
	396	464
	397	464
	398	463
	399	463
	399	462
	398	461
	398	460
	397	458
	397	457
	395	456
	393	455
	392	454
	391	455
	391	456
	392	456
	394	456
	395	455
	397	454
	398	453
	398	452
	399	451
	401	450
	402	449
	402	448
	403	448
	403	447
	404	447
.PEN_UP
.PEN_DOWN
	420	462
	418	464
	418	465
	417	465
	416	466
	415	466
	414	466
	413	466
	412	465
	411	464
	410	462
	410	461
	410	460
	411	459
	412	458
	415	458
	416	458
	417	457
	417	456
	417	455
	417	454
	417	452
	417	451
	416	450
	415	450
	414	450
	413	450
.PEN_UP
.PEN_DOWN
	444	463
	445	463
	445	462
	445	460
	445	458
	445	456
	446	455
	446	453
	446	452
	446	451
	446	450
	446	449
	446	450
	446	451
	446	452
	446	454
	446	456
	446	457
	446	458
	446	459
	446	461
	446	463
	446	465
	446	466
	446	467
	447	467
	447	468
	448	468
	450	468
	451	467
	452	466
	453	465
	453	464
	453	463
	453	462
	452	462
	450	461
	448	460
	447	460
	447	459
	446	459
	446	460
	447	460
	448	461
	450	462
	452	462
	453	461
	454	461
	455	460
	456	459
	456	458
	456	457
	456	456
	456	455
	456	454
	455	452
	454	451
	453	450
	450	449
	449	449
	447	449
	444	450
	443	451
.PEN_UP
.PEN_DOWN
	469	466
	469	467
	468	467
	468	466
	469	465
	469	463
	469	460
	469	459
	469	457
	469	455
	469	454
	469	453
	470	453
	469	453
	470	453
	471	452
	473	452
	475	452
	477	452
	478	452
	479	452
	480	452
.PEN_UP
.PEN_DOWN
	495	464
	494	465
	493	466
	492	465
	492	464
	491	462
	491	461
	490	459
	489	456
	490	455
	491	454
	492	454
	494	454
	495	454
	496	454
	497	454
	498	454
	499	456
	500	458
	500	459
	500	461
	500	462
	500	463
	498	464
	497	464
	496	465
	495	465
	494	465
	493	464
.PEN_UP
.PEN_DOWN
	508	463
	508	464
	510	462
	511	460
	513	457
	513	456
	514	455
	514	453
	515	453
	515	452
	516	453
	517	453
	519	455
	520	456
	521	458
	522	458
	522	460
	523	461
	523	460
	523	459
	524	458
	524	457
	524	456
	524	454
	525	453
	525	452
	526	452
	526	451
	527	451
	529	452
	530	453
	532	456
	535	459
	536	460
	537	462
	538	463
	538	464
	538	466
.PEN_UP
