
.WRITER_ID JeffJohnson
.STYLE PRINTED
.PEN_DOWN
	172	487
	171	488
	171	487
	171	483
	171	477
	171	476
	171	475
	170	477
	171	478
	171	480
	173	479
	176	477
	178	477
	179	475
	178	474
	177	473
	173	471
	171	471
	170	471
	169	471
.PEN_UP
.PEN_DOWN
	186	478
	186	477
	186	475
	186	473
	186	472
.PEN_UP
.PEN_DOWN
	184	486
	185	486
.PEN_UP
.PEN_DOWN
	201	479
	200	482
	199	483
	196	483
	194	481
	194	478
	194	476
	198	478
	200	480
	200	481
	200	480
	200	479
	200	477
	201	476
	202	475
	203	473
	204	471
	204	470
	201	468
	196	468
	195	468
	194	469
.PEN_UP
.PEN_DOWN
	221	484
	220	484
	221	483
	221	482
	221	478
	221	475
.PEN_UP
.PEN_DOWN
	219	493
	219	492
.PEN_UP
.PEN_DOWN
	230	486
	230	484
	231	481
	231	480
	231	478
	231	479
	231	480
	231	482
	231	484
	232	486
	233	487
	235	487
	236	486
	237	485
	238	484
	238	482
	238	480
	238	478
.PEN_UP
.PEN_DOWN
	243	493
	244	491
	244	490
	244	486
	245	482
	246	481
	247	482
.PEN_UP
.PEN_DOWN
	251	492
	251	493
	252	494
	252	493
	251	492
	249	490
	247	487
	247	485
	247	484
	248	484
	250	482
	253	481
	254	480
	255	480
.PEN_UP
.PEN_DOWN
	258	489
	258	488
	261	486
	264	483
	266	482
	267	482
.PEN_UP
.PEN_DOWN
	268	491
	269	490
	269	487
	269	485
	269	480
	270	475
	270	474
	271	473
	272	472
.PEN_UP
.PEN_DOWN
	299	492
	297	492
	297	490
	298	486
	299	484
	299	481
	300	480
	300	479
	300	480
	299	481
	299	482
	297	485
	296	486
	295	486
	292	484
	291	481
	292	479
	293	477
	297	477
	298	477
	302	477
	303	477
.PEN_UP
.PEN_DOWN
	309	482
	308	482
	310	483
	312	485
	312	486
	312	487
	312	488
	310	489
	308	489
	308	488
	308	485
	308	482
	310	480
	312	479
	316	479
	317	479
.PEN_UP
.PEN_DOWN
	322	487
	323	486
	324	483
	325	482
	325	480
	327	479
	328	481
	329	485
	329	487
	329	488
	329	489
.PEN_UP
.PEN_DOWN
	339	489
	339	488
	339	487
	341	484
	341	482
	341	481
	342	479
.PEN_UP
.PEN_DOWN
	338	498
	338	499
.PEN_UP
.PEN_DOWN
	354	495
	354	493
	355	492
	355	487
	356	481
	356	479
	357	479
	358	481
.PEN_UP
.PEN_DOWN
	368	491
	368	492
	368	493
	367	493
	365	491
	364	488
	364	487
	365	487
	369	487
	370	486
	371	486
	371	484
	370	483
	369	482
	368	481
.PEN_UP
.PEN_DOWN
	392	484
	391	486
	391	487
	390	484
	390	479
	390	477
	391	474
	393	474
	394	475
	396	478
	398	481
	398	482
	398	481
	398	479
	399	478
	401	478
	404	480
	406	483
	406	484
	407	488
	407	489
	406	490
	405	490
	404	489
.PEN_UP
.PEN_DOWN
	421	487
	420	488
	419	490
	418	491
	416	490
	415	487
	414	485
	414	480
	416	479
	419	482
	419	484
	419	486
	419	487
	419	485
	420	483
	422	482
	423	480
	423	479
	424	480
.PEN_UP
.PEN_DOWN
	428	488
	428	487
	430	485
	433	483
	435	482
	439	482
	441	482
.PEN_UP
.PEN_DOWN
	441	493
	439	493
	438	492
	436	490
	435	483
	434	481
	434	478
.PEN_UP
.PEN_DOWN
	462	478
	460	479
	461	480
	461	482
	462	486
	462	487
	462	489
	463	490
	464	489
	466	488
	468	487
	468	484
	469	482
	469	483
	469	486
	469	487
	472	488
	473	488
	475	488
	476	488
	477	485
	477	484
	477	482
	477	481
.PEN_UP
.PEN_DOWN
	484	484
	485	484
	486	486
	487	486
	488	488
	488	489
	487	491
	485	491
	484	491
	483	489
	483	488
	485	485
	489	483
	491	483
	493	483
.PEN_UP
.PEN_DOWN
	497	488
	497	487
	497	486
	497	485
	498	484
	499	484
	499	485
	499	487
	499	488
	499	490
	500	490
	500	491
	503	491
.PEN_UP
.PEN_DOWN
	517	492
	516	493
	515	493
	514	493
	513	493
	512	492
	511	490
	511	487
	513	484
	514	484
	519	483
	521	484
	522	484
.PEN_UP
.PEN_DOWN
	534	490
	533	491
	533	490
	533	487
	533	486
	533	482
.PEN_UP
.PEN_DOWN
	530	498
	530	499
.PEN_UP
.PEN_DOWN
	551	493
	552	494
	551	496
	549	497
	548	497
	547	497
	545	494
	545	493
	546	489
	548	485
	549	484
	550	483
.PEN_UP
.PEN_DOWN
	553	490
	552	490
	548	490
	547	489
	544	488
	543	487
.PEN_UP
.PEN_DOWN
	558	489
	558	490
	559	490
	559	489
	559	490
	558	490
	559	490
	559	489
	559	488
	559	487
	559	485
	560	484
	562	484
	564	486
	566	488
	567	490
	567	491
	566	491
.PEN_UP
.PEN_DOWN
	575	496
	575	495
	576	494
	576	492
	577	488
	577	486
	577	483
	578	482
	578	483
.PEN_UP
