
.WRITER_ID IanFelix
.STYLE PRINTED
.PEN_DOWN
	69	274
	69	275
	69	276
	69	277
	69	278
	69	279
	68	280
	67	280
	67	279
	67	277
	67	276
	67	274
	67	272
	67	270
	67	268
	68	266
	68	263
	69	262
	69	260
	71	258
	73	258
	74	258
	76	258
	77	258
	79	259
	80	260
	81	262
	82	263
	83	265
	84	266
	85	267
	86	269
	86	271
	86	272
	85	273
	85	274
	84	275
	83	276
	82	276
	82	273
	82	271
	82	269
	83	268
	83	266
	84	265
	85	263
	86	262
	88	262
	89	262
	90	262
	94	263
	96	264
	98	266
	100	267
	101	268
	103	269
	104	271
	105	272
	106	273
	106	275
	106	276
	105	278
	105	280
	103	281
	102	282
	101	283
	99	284
	98	285
	96	285
	95	285
.PEN_UP
.PEN_DOWN
	124	277
	124	278
	123	279
	122	279
	121	279
	120	279
	117	278
	116	278
	115	276
	114	275
	113	274
	113	272
	112	270
	112	268
	112	267
	112	265
	113	264
	114	263
	116	261
	117	261
	118	261
	120	261
	121	261
	122	262
	123	263
	125	264
	125	265
	126	266
	127	267
	128	268
	128	271
	127	273
	125	274
	125	275
	124	275
	124	272
	124	271
	125	270
	125	268
	126	267
	127	265
	128	264
	129	263
	131	263
	132	262
	134	262
	135	262
	138	262
.PEN_UP
.PEN_DOWN
	142	276
	143	277
	143	278
	144	279
	144	280
	144	279
	144	278
	144	276
	144	274
	144	272
	144	271
	144	270
	145	269
	145	266
	145	265
	146	264
	146	265
	146	266
	146	269
	147	270
	147	271
	148	272
	148	274
	149	275
	149	277
	150	278
	150	279
	151	280
	152	280
	152	279
	153	278
	153	276
	154	275
	154	273
	155	271
	155	269
	156	268
	157	267
	158	263
	159	262
	160	261
	161	260
	161	259
	162	259
	163	259
	164	258
	165	258
.PEN_UP
.PEN_DOWN
	169	297
	170	297
	170	296
	170	295
	170	292
	171	289
	171	287
	171	285
	172	283
	172	280
	173	277
	173	275
	173	272
	174	270
	174	267
	175	264
	175	263
	176	262
	176	261
.PEN_UP
.PEN_DOWN
	158	279
	160	279
	161	279
	163	280
	164	280
	166	280
	169	280
	172	280
	174	281
	177	281
	179	281
	183	280
	184	280
	185	280
	186	279
	188	279
.PEN_UP
.PEN_DOWN
	190	263
	191	263
	191	264
	192	264
	192	265
	193	266
	195	267
	195	268
	196	269
	196	270
	197	271
	197	272
	197	273
	197	274
	197	275
	197	276
	195	277
	194	277
	193	277
	192	277
	191	277
	190	276
	188	275
	188	274
	186	273
	186	271
	186	270
	186	269
	188	267
	189	265
	190	264
	192	263
	194	263
	196	262
	197	262
	200	262
	202	262
	205	262
	208	262
.PEN_UP
.PEN_DOWN
	222	294
	222	293
	222	292
	223	291
	223	290
	223	289
	223	288
	223	286
	223	285
	223	283
	223	279
	223	277
	224	276
	224	274
	224	273
	225	272
	225	271
	225	270
	226	269
	226	268
	227	268
	228	269
	228	270
	228	271
	228	272
	228	273
	227	274
	226	275
	225	276
	224	278
	221	279
	218	279
	217	279
	215	278
	213	277
	211	276
	210	275
	209	273
	208	272
	208	271
	208	269
	208	267
	209	266
	210	266
	212	265
	214	265
	217	265
	220	265
	223	265
	226	265
	228	266
	231	266
	234	266
	239	267
.PEN_UP
.PEN_DOWN
	281	273
	282	274
	282	275
	282	274
	283	273
	283	271
	283	269
	283	267
	284	266
	284	263
	284	262
	285	259
	285	258
	285	255
	286	253
	286	252
	287	249
	288	249
.PEN_UP
.PEN_DOWN
	274	277
	274	278
	275	278
	275	279
	276	279
	279	280
	280	280
	282	280
	284	280
	287	279
	289	279
	291	278
	293	278
	295	277
	296	276
	297	275
	297	274
	298	272
	298	271
	298	270
	297	269
	295	268
	294	267
	291	267
	290	266
	287	266
	286	265
	282	265
	280	265
.PEN_UP
.PEN_DOWN
	306	275
	306	274
	307	273
	307	272
	307	270
	307	268
	307	267
	308	266
	308	264
	308	263
	308	262
.PEN_UP
.PEN_DOWN
	302	288
	303	287
	304	287
	304	286
	305	286
	307	286
.PEN_UP
.PEN_DOWN
	320	275
	321	275
	321	274
	321	273
	321	272
	321	271
	321	270
	321	269
	321	267
	322	266
	322	265
	323	263
	323	262
	324	262
	325	260
	326	259
	327	260
	327	261
	327	262
	327	263
	328	265
	328	267
	328	268
	329	270
	329	271
	329	272
	330	274
	330	275
	331	276
	332	276
	333	276
	333	274
	334	273
	334	271
	335	270
	335	268
	336	267
	336	266
	337	264
	338	263
	339	262
	340	261
	341	260
	342	259
	343	259
	344	258
	345	258
.PEN_UP
.PEN_DOWN
	345	296
	345	295
	346	295
	346	294
	347	293
	347	291
	348	289
	349	288
	351	284
	352	282
	353	280
	354	278
	355	276
	355	274
	356	272
	357	269
	357	267
	358	265
	359	263
.PEN_UP
.PEN_DOWN
	362	277
	361	277
	360	277
	359	277
	358	277
	357	276
	355	276
	354	275
	353	274
	352	274
	351	272
	350	272
	350	271
	350	270
	350	269
	350	268
	351	267
	352	266
	353	265
	354	264
	355	263
	359	263
	361	263
	363	263
	366	263
	368	263
	371	262
	373	262
	375	262
.PEN_UP
.PEN_DOWN
	420	273
	420	274
	421	275
	422	275
	423	276
	424	277
	425	278
	426	279
	426	280
	426	279
	425	278
	424	276
	423	275
	422	273
	421	272
	420	270
	418	267
	417	265
	413	260
	411	258
	409	255
	408	253
	406	251
	405	249
	404	248
	403	247
	403	246
	403	245
	403	244
.PEN_UP
.PEN_DOWN
	400	280
	401	280
	402	280
	402	279
	403	278
	403	277
	404	276
	404	275
	405	273
	407	270
	408	269
	409	268
	411	267
	412	266
	414	264
	415	263
	416	262
	417	262
.PEN_UP
.PEN_DOWN
	433	276
	432	275
	431	274
	430	273
	430	272
	430	271
	430	270
	430	268
	430	267
	431	266
	432	265
	433	264
	437	263
	438	263
	440	263
	441	263
	443	264
	444	265
	445	266
	446	267
	447	268
	447	269
	447	270
	447	271
	447	272
	447	273
	446	274
	445	275
	443	276
	442	277
	441	278
	439	279
	437	279
	436	280
	434	280
	432	280
	431	280
	431	279
.PEN_UP
.PEN_DOWN
	449	276
	450	276
	450	275
	450	274
	450	273
	450	272
	450	271
	450	270
	451	268
	452	267
	453	266
	454	265
	454	264
	455	263
	456	263
	457	263
	458	263
	459	263
	459	264
	460	264
	460	265
	461	266
	462	267
	462	269
	462	270
	462	271
	463	271
	463	272
	463	273
	463	274
	463	273
	462	271
	462	270
	462	269
	462	267
	463	266
	464	265
	465	264
	466	263
	467	262
	469	261
	472	260
	473	260
	475	260
.PEN_UP
.PEN_DOWN
	512	280
	513	280
	512	280
	511	280
	510	280
	509	280
	507	279
	506	279
	505	278
	503	277
	501	276
	501	275
	501	274
	502	273
	503	272
	505	272
	506	272
	508	271
	509	271
	510	271
	511	270
	512	269
	513	269
	513	268
	514	267
	514	266
	514	264
	513	263
	512	262
	511	262
	510	262
	509	261
	508	261
	507	261
	506	261
	504	262
	503	262
	500	263
	499	263
	498	264
	497	265
.PEN_UP
.PEN_DOWN
	521	301
	521	302
	522	302
	522	301
	522	299
	522	294
	523	292
	523	289
	523	286
	523	283
	523	281
	523	279
	523	277
	523	276
	523	274
	523	273
	523	272
	524	271
	524	270
	525	270
	525	271
	526	271
	526	272
	527	273
	527	274
	527	275
	528	276
	529	278
	530	279
	531	280
	532	281
	533	281
	533	280
	533	279
	533	277
	534	274
	534	272
	534	271
	534	269
	535	268
	535	267
	536	266
	537	265
	538	264
	539	264
.PEN_UP
.PEN_DOWN
	544	276
	544	275
	544	274
	543	274
	543	273
	543	272
	543	271
	542	271
	542	270
	542	269
	543	267
	543	266
	544	265
	545	265
	546	265
	547	266
	549	266
	549	267
	551	268
	552	270
	553	271
	553	272
	554	273
	554	274
	554	275
	554	277
	553	278
	552	279
	552	281
	550	282
	549	283
	546	283
	545	283
	543	283
	542	282
	540	281
	539	280
.PEN_UP
.PEN_DOWN
	561	278
	562	277
	562	276
	562	274
	562	273
	562	271
	563	269
	564	267
	565	267
	566	266
	567	266
	568	266
	570	266
	571	266
	573	266
	574	267
	575	268
	576	269
	578	271
	578	272
	579	273
	579	275
	579	276
	579	277
	578	278
	577	278
	577	277
	577	276
	577	274
	577	272
	578	271
	578	269
	579	267
	580	266
	580	265
	583	263
	584	263
	585	262
.PEN_UP
.PEN_DOWN
	587	304
	587	303
	587	302
	587	300
	588	298
	588	295
	588	293
	588	290
	589	285
	590	283
	590	280
	590	278
	591	276
	591	274
	592	272
	593	271
	593	269
	594	268
	594	267
	594	266
.PEN_UP
.PEN_DOWN
	607	302
	607	301
	607	299
	607	298
	607	296
	607	294
	607	292
	607	290
	608	288
	608	286
	608	284
	608	282
	608	280
	609	278
	609	274
	610	273
	610	271
	610	270
	611	269
	611	268
	611	267
	611	268
	612	269
	612	270
	612	271
	612	272
	611	274
	611	275
	610	277
	610	278
	608	279
	607	280
	605	280
	603	280
	601	279
	599	278
	598	277
	596	276
	595	274
	595	273
	595	272
	595	270
	595	269
	596	268
	599	267
	600	266
	603	265
	605	265
	607	264
	610	264
	613	264
	616	264
.PEN_UP
.PEN_DOWN
	626	281
	625	280
	625	279
	625	278
	625	275
	626	273
	626	271
	626	270
	627	269
	628	267
	629	266
	630	266
	632	266
	633	267
	633	268
	634	269
	634	270
	635	271
	635	272
	635	274
	636	275
	636	276
	636	277
	637	279
	637	280
	638	280
	639	280
	639	279
	639	278
	639	277
	639	276
	639	274
	639	272
	640	269
	641	268
	642	267
	643	266
	645	265
	646	264
	647	263
	649	262
	650	261
	652	261
	653	261
.PEN_UP
.PEN_DOWN
	663	297
	663	296
	663	295
	662	294
	661	293
	659	292
	658	290
	655	288
	654	287
	653	286
	652	285
	652	284
	652	283
.PEN_UP
.PEN_DOWN
	678	303
	678	302
	678	301
	678	299
	677	298
	675	294
	675	292
	675	290
	674	288
	674	286
	673	284
	673	281
	673	279
	673	277
	673	275
	673	273
	673	272
	673	269
	674	268
	674	267
	675	266
.PEN_UP
.PEN_DOWN
	657	280
	658	280
	659	280
	661	280
	663	280
	665	280
	667	280
	669	281
	672	281
	674	281
	678	281
	682	281
	685	281
	687	281
	688	280
	690	280
.PEN_UP
.PEN_DOWN
	723	277
	723	278
	723	279
	722	279
	721	279
	720	278
	719	278
	718	277
	718	276
	716	275
	716	274
	715	273
	715	270
	715	269
	715	268
	716	267
	716	266
	718	266
	719	265
	721	265
	723	265
	725	265
	726	266
	728	267
	731	268
	732	269
	733	270
	733	271
	733	272
	733	273
	733	274
	733	275
	732	276
	731	276
	730	277
	728	278
	725	279
	723	279
	721	279
	720	279
	719	279
.PEN_UP
.PEN_DOWN
	742	277
	743	277
	743	278
	744	279
	745	279
	747	281
	748	282
	749	283
	750	284
	751	285
	752	286
	753	288
	753	289
	754	290
	754	292
	755	293
	755	295
	755	296
	754	297
	753	298
	752	298
	751	299
	750	299
	749	299
	748	299
	747	298
	746	296
	744	293
	744	291
	744	289
	744	287
	744	285
	744	283
	744	281
	744	279
	746	277
	746	275
	746	273
	746	272
	747	269
	747	267
	748	266
	748	265
	748	264
	748	263
.PEN_UP
.PEN_DOWN
	732	277
	732	276
	732	275
	733	275
	736	275
	738	275
	741	275
	743	276
	745	276
	747	276
	749	276
	752	276
	754	276
	756	276
.PEN_UP
