
.WRITER_ID IanFelix
.STYLE PRINTED
.PEN_DOWN
	70	278
	70	277
	71	277
	71	276
	72	276
	73	276
	74	276
	75	276
	76	276
	77	276
	78	277
	79	278
	80	278
	80	279
	80	280
	80	281
	80	283
	80	284
	80	285
	80	286
	80	287
	79	287
	78	288
	77	289
	76	289
	74	289
	73	289
	72	288
	71	287
	70	286
	69	285
	69	283
	67	282
	67	280
	67	279
	67	278
	67	276
	68	275
	70	274
	70	273
	72	273
	73	272
	75	272
	77	272
	79	272
	81	272
	82	272
	84	272
	85	272
	88	272
.PEN_UP
.PEN_DOWN
	102	283
	102	284
	102	285
	102	286
	101	286
	101	287
	100	287
	99	288
	98	288
	96	288
	94	287
	93	287
	92	286
	91	285
	90	284
	89	282
	89	281
	89	279
	89	278
	89	276
	89	275
	89	273
	90	272
	92	272
	93	272
	94	272
	97	272
	98	273
	100	274
	102	275
	103	276
	104	277
	105	277
	106	279
	106	280
	106	281
	105	281
	104	281
	103	281
	102	280
	102	279
	102	278
	102	277
	102	276
	102	275
	103	274
	104	273
	105	272
	107	272
	108	272
.PEN_UP
.PEN_DOWN
	130	289
	131	289
	131	290
	130	290
	129	291
	128	291
	128	292
	127	292
	126	292
	125	292
	124	292
	123	292
	121	292
	120	291
	119	291
	118	290
	117	290
	116	289
	116	288
	117	288
	117	287
	118	287
	119	286
	120	286
	121	285
	122	285
	125	283
	126	283
	126	282
	127	281
	128	280
	128	279
	129	278
	129	277
	129	276
	129	275
	129	274
	128	274
	128	273
	127	273
	126	273
	126	272
	124	272
	123	272
	122	272
	121	272
	120	273
	118	273
.PEN_UP
.PEN_DOWN
	143	279
	144	279
	144	278
	145	278
	145	277
	146	277
	147	277
	148	278
	149	278
	149	279
	150	280
	151	281
	151	282
	151	283
	151	284
	151	285
	150	285
	149	286
	148	287
	147	287
	146	287
	144	287
	143	287
	142	287
	141	286
	140	285
	140	284
	140	283
	140	282
	140	281
	141	280
	142	279
	144	278
	145	278
	147	278
	149	278
	151	278
	153	278
	156	278
	157	278
	159	279
	161	279
	162	279
	163	279
.PEN_UP
.PEN_DOWN
	157	308
	157	307
	157	305
	157	303
	157	302
	157	300
	157	298
	158	295
	158	293
	159	291
	159	289
	160	287
	160	285
	161	282
	162	281
	163	280
	163	279
	163	278
	164	277
	165	276
	166	276
.PEN_UP
.PEN_DOWN
	174	281
	174	280
	175	280
	176	279
	177	278
	177	277
	177	276
	178	275
	178	274
	178	273
	178	272
	178	271
	178	270
	178	269
	177	268
	177	267
	176	266
	175	264
	174	263
.PEN_UP
.PEN_DOWN
	212	290
	211	290
	211	291
	210	291
	209	292
	208	293
	207	293
	206	293
	205	293
	204	293
	204	292
	203	292
	203	291
	202	291
	202	290
	202	289
	202	288
	202	286
	202	285
	202	284
	203	283
	203	282
	204	281
	205	280
	206	280
	207	280
	208	280
	209	280
	211	280
	212	281
	213	282
	213	283
	213	284
	213	285
	213	286
	213	287
	212	287
	211	288
	211	289
	211	288
	211	286
	211	285
	212	284
	213	283
	214	282
.PEN_UP
.PEN_DOWN
	223	285
	223	283
	224	282
	224	281
	224	280
	224	279
	224	278
	225	277
	225	278
	226	279
	226	280
	227	281
	227	282
	228	283
	228	284
	229	287
	229	288
	230	289
	230	290
	231	291
	232	291
	232	290
	232	289
	233	288
	233	284
	233	282
	233	280
	233	279
	234	277
	235	276
	236	275
	236	274
	238	273
	239	273
	240	272
.PEN_UP
.PEN_DOWN
	246	309
	247	309
	247	308
	248	307
	248	306
	248	305
	249	302
	249	300
	250	298
	250	297
	251	295
	251	293
	251	291
	252	290
	252	289
	253	287
	253	286
	253	285
	254	285
	254	284
	254	285
	253	286
	253	287
	253	288
	253	289
	252	291
	252	292
	252	293
	247	293
	246	293
	244	292
	244	290
	242	289
	242	287
	241	286
	241	283
	241	282
	241	281
	242	280
	243	279
	244	279
	246	278
	247	278
	249	278
	251	278
	253	278
	254	278
	258	278
.PEN_UP
.PEN_DOWN
	297	289
	297	290
	297	291
	296	291
	296	292
	295	293
	293	293
	293	294
	291	294
	289	294
	289	293
	287	293
	286	293
	285	292
	285	291
	283	289
	283	288
	283	287
	283	286
	284	285
	284	284
	285	284
	286	283
	287	283
	289	282
	290	282
	292	282
	294	282
	295	283
	296	283
	298	284
	300	285
	300	286
	300	287
	300	288
	299	288
	298	287
	298	286
	298	285
	298	283
	298	281
	298	280
	298	279
	300	277
	301	276
	302	275
	304	274
	305	274
	306	273
	308	273
.PEN_UP
.PEN_DOWN
	337	312
	337	310
	337	308
	337	307
	337	305
	337	303
	337	301
	337	299
	337	297
	337	295
	337	293
	338	291
	338	289
	338	286
	339	285
	339	284
	339	282
	340	281
	340	280
	340	279
.PEN_UP
.PEN_DOWN
	319	293
	320	292
	321	292
	322	292
	324	292
	325	291
	329	291
	331	291
	334	291
	337	291
	339	291
	342	291
	344	291
	346	290
	348	290
.PEN_UP
.PEN_DOWN
	355	290
	355	289
	355	288
	355	287
	355	285
	354	284
	354	283
	354	282
	354	281
	354	280
.PEN_UP
.PEN_DOWN
	348	301
	348	302
	349	302
.PEN_UP
.PEN_DOWN
	367	292
	367	291
	367	290
	367	289
	368	289
	368	288
	368	287
	368	286
	368	285
	368	284
	368	283
	369	283
	370	283
	370	284
	371	284
	372	285
	372	286
	373	287
	375	289
	376	290
	377	291
	377	293
	378	294
	379	295
	380	296
	381	296
	381	295
	381	292
	381	291
	381	289
	381	288
	381	287
	381	285
	382	284
	382	283
	383	282
	385	282
	386	281
	387	281
	390	281
.PEN_UP
.PEN_DOWN
	410	289
	410	288
	409	288
	408	287
	407	286
	406	285
	405	284
	403	282
	402	280
	400	279
	397	275
	395	273
	394	271
	393	269
	391	267
	390	265
	389	263
	388	262
	388	261
	387	260
.PEN_UP
.PEN_DOWN
	393	294
	394	293
	395	292
	395	291
	396	291
	396	290
	397	289
	397	288
	398	287
	399	286
	400	285
	402	285
	403	284
	404	282
	405	281
.PEN_UP
.PEN_DOWN
	436	294
	436	293
	436	290
	436	289
	436	288
	437	286
	437	285
	438	284
	439	283
	440	282
	441	282
	442	281
	443	281
	446	281
	447	281
	448	281
	450	282
	450	283
	452	284
	452	285
	453	285
	454	286
	454	287
	454	288
	454	289
	453	291
	453	292
	453	293
	453	294
	452	294
	452	293
	452	292
	452	290
	453	287
	453	286
	454	285
	455	283
	457	282
	458	281
	459	280
	461	280
	462	280
	463	279
.PEN_UP
.PEN_DOWN
	467	295
	468	295
	468	294
	468	293
	468	292
	468	291
	468	290
	468	289
	467	288
	467	286
	467	285
	467	284
	467	282
	467	281
	468	281
	469	282
	469	283
	470	284
	471	286
	472	288
	473	289
	473	290
	475	292
	475	293
	476	294
	477	295
	477	296
	478	296
	478	294
	478	292
	478	291
	478	289
	478	288
	478	286
	478	285
	478	284
	479	283
	479	281
	481	280
	483	279
	484	279
	485	278
	486	278
.PEN_UP
.PEN_DOWN
	494	297
	494	295
	494	294
	494	292
	494	290
	493	287
	493	285
	493	284
	493	283
	493	282
	493	281
	493	280
	494	280
	495	280
	497	282
	498	283
	499	284
	500	285
	500	287
	501	288
	501	289
	502	291
	503	293
	503	295
	504	296
	505	298
	505	297
	505	295
	505	294
	505	292
	504	291
	504	289
	503	288
	503	287
	503	285
	503	284
	503	283
	504	283
	505	283
	506	283
	507	284
	507	285
	509	285
	511	288
	512	289
	513	290
	514	291
	515	292
	516	293
	516	294
	517	294
	517	292
	517	291
	517	289
	517	288
	516	286
	516	285
	516	284
	516	282
	516	281
	517	280
.PEN_UP
.PEN_DOWN
	532	290
	531	290
	530	292
	529	293
	528	293
	527	293
	526	293
	525	293
	524	292
	523	292
	523	291
	522	290
	522	288
	522	286
	522	285
	523	284
	524	283
	525	283
	526	283
	527	283
	528	283
	529	283
	530	283
	532	285
	533	285
	534	286
	534	287
	534	288
	534	289
	533	289
	532	289
	532	288
	532	287
	532	286
	532	285
	532	284
	532	283
	532	282
	533	281
	533	280
	534	279
	535	279
	538	277
.PEN_UP
.PEN_DOWN
	556	313
	556	312
	556	311
	556	310
	556	308
	556	307
	556	305
	556	303
	556	300
	556	298
	556	296
	556	294
	557	293
	557	291
	557	290
	557	289
	557	288
	558	287
	558	288
	558	289
	557	289
	557	290
	557	291
	556	292
	556	293
	555	293
	553	294
	552	294
	550	294
	549	293
	548	292
	547	291
	546	290
	545	289
	544	288
	544	287
	544	286
	544	285
	545	284
	546	283
	548	283
	549	282
	551	282
	552	282
	555	282
	556	282
	558	282
	560	282
	562	282
	563	282
.PEN_UP
.PEN_DOWN
	569	283
	571	283
	572	283
	573	284
	573	285
	574	285
	576	286
	577	287
	577	288
	578	288
	578	289
	578	290
	578	291
	578	292
	578	293
	577	293
	575	294
	574	294
	572	294
	570	293
	569	293
	568	292
	567	291
	565	290
	565	289
	564	288
	563	287
	563	286
	563	285
	563	284
	565	283
	566	283
	567	282
	569	282
	571	282
	573	282
	574	282
	576	282
	578	282
	582	283
	584	283
	585	283
	587	283
.PEN_UP
