
.WRITER_ID IanFelix
.STYLE PRINTED
.PEN_DOWN
	87	307
	87	308
	87	309
	87	310
	87	311
	87	310
	88	309
	88	307
	88	306
	88	303
	88	301
	88	298
	88	296
	88	291
	88	289
	88	287
	88	285
	88	284
	88	282
	89	281
	89	280
	90	279
.PEN_UP
.PEN_DOWN
	72	293
	73	293
	74	293
	75	293
	77	292
	78	292
	80	291
	82	291
	84	291
	86	291
	89	291
	91	291
	93	291
	96	292
	98	292
	101	293
	105	293
	106	293
	107	293
.PEN_UP
.PEN_DOWN
	99	312
	99	311
	100	310
	100	309
	100	307
	101	305
	101	303
	101	300
	102	295
	103	293
	103	290
	104	289
	104	287
	105	286
	105	285
	106	284
	106	283
	106	282
	107	281
	107	282
	107	283
	108	284
	108	285
	109	286
	109	288
	109	289
	110	291
	111	292
	112	292
	113	291
	113	290
	113	289
	113	288
	114	287
	114	286
	115	285
	115	283
	116	282
	117	281
.PEN_UP
.PEN_DOWN
	123	283
	124	283
	125	283
	126	284
	127	285
	128	285
	128	286
	129	287
	130	289
	131	290
	131	291
	131	292
	130	293
	130	294
	129	294
	128	294
	127	294
	125	294
	124	293
	124	292
	122	291
	122	289
	121	288
	121	287
	121	286
	121	285
	122	284
	122	283
	124	282
	126	281
	127	281
	129	281
	131	281
	133	281
	136	281
	138	281
	141	282
	143	282
	145	282
.PEN_UP
.PEN_DOWN
	159	310
	159	309
	160	306
	160	303
	160	301
	160	298
	160	295
	160	292
	160	290
	161	288
	161	286
	161	284
	162	282
	162	281
	162	278
	163	277
	163	276
	164	276
.PEN_UP
.PEN_DOWN
	166	282
	167	282
	168	282
	169	282
	170	282
	172	283
	173	284
	174	285
	176	286
	176	287
	177	288
	177	289
	177	290
	177	291
	177	292
	177	293
	176	293
	175	293
	174	293
	173	293
	172	292
	172	291
	171	291
	170	290
	169	289
	169	288
	169	286
	170	285
	171	284
	172	283
	173	283
	174	282
	176	282
	177	282
	179	282
	180	282
	183	282
	184	282
	187	283
.PEN_UP
.PEN_DOWN
	186	294
	186	293
	186	292
	187	292
	188	290
	188	289
	189	288
	189	286
	190	285
	190	284
	190	283
	191	282
	192	281
	193	280
	195	280
	196	280
	197	280
	198	281
	199	282
	200	282
	201	284
	201	285
	202	286
	202	287
	203	288
	204	291
	204	292
	204	294
	205	295
	205	296
	205	297
	205	298
.PEN_UP
.PEN_DOWN
	214	283
	215	283
	215	284
	216	284
	216	285
	217	286
	217	287
	218	288
	218	289
	218	290
	218	291
	218	292
	218	293
	218	294
	217	294
	216	294
	215	294
	214	294
	213	293
	211	291
	211	290
	210	289
	210	288
	210	287
	210	285
	210	284
	210	283
	211	282
	212	281
	213	281
	214	280
	217	280
	219	280
	221	280
	223	280
	224	280
	226	280
	228	281
	229	281
.PEN_UP
.PEN_DOWN
	232	287
	233	286
	234	286
	234	285
	235	284
	235	283
	235	282
	236	282
	237	281
	237	280
	237	281
	237	282
	237	283
	236	284
	236	285
	236	286
	236	288
	235	289
	235	291
	235	292
	236	293
	236	294
	238	295
	239	295
	240	296
	242	296
	244	296
	245	296
	246	296
	247	296
	249	296
	250	296
.PEN_UP
.PEN_DOWN
	266	289
	267	289
	267	288
	267	287
	267	286
	267	285
	267	284
	267	283
	267	282
	267	280
	267	279
	267	278
	267	277
	268	277
	269	277
	270	277
	271	277
	272	278
	273	278
	274	279
	276	280
	278	283
	279	284
	280	285
	280	286
	281	287
	281	288
	281	289
	281	290
	281	291
	280	291
	280	290
	279	289
	279	288
	279	287
	279	286
	279	285
	279	283
	279	282
	280	281
	281	280
	282	280
	284	280
	286	280
	287	280
	289	280
	290	281
	292	281
	293	282
	295	283
	296	284
	297	285
	298	286
	299	288
	300	289
	300	290
	300	291
	299	293
	298	294
	297	294
	296	295
	295	296
	293	297
.PEN_UP
.PEN_DOWN
	298	311
	298	310
	298	309
	298	308
	298	307
	299	306
	299	302
	299	300
	300	298
	300	295
	300	293
	300	291
	300	289
	301	288
	301	286
	301	285
	302	284
	302	283
	303	282
	304	281
	305	281
	305	282
	306	283
	306	284
	307	285
	308	286
	308	287
	310	290
	311	291
	312	292
	312	293
	313	294
	314	294
	315	294
	315	293
	315	291
	315	288
	315	287
	315	285
	315	284
	315	283
	316	282
	316	281
	317	280
	318	280
	319	279
	320	279
	321	279
.PEN_UP
.PEN_DOWN
	323	282
	324	282
	325	282
	326	283
	327	284
	328	285
	329	286
	330	287
	331	288
	332	289
	332	290
	333	291
	333	292
	333	294
	332	295
	331	295
	329	295
	328	295
	326	294
	325	293
	324	292
	323	291
	322	290
	321	287
	321	286
	321	285
	321	284
	322	283
	323	282
	324	281
	325	281
	327	280
	329	280
	330	280
	334	280
	336	280
	338	280
	340	281
	341	281
	343	281
	344	282
.PEN_UP
.PEN_DOWN
	341	288
	342	288
	342	287
	342	286
	342	285
	342	284
	343	282
	343	281
	343	280
	343	279
	343	278
	344	278
	345	278
	345	279
	346	280
	347	282
	348	283
	348	284
	350	285
	350	287
	352	288
	352	289
	353	291
	354	291
	355	292
	356	292
	357	292
	357	291
	357	290
	357	289
	356	288
	356	287
	356	285
	357	283
	357	282
	358	281
	361	279
	362	279
	365	278
	366	278
	369	278
	371	278
	372	278
.PEN_UP
.PEN_DOWN
	395	319
	395	318
	396	317
	396	316
	396	314
	396	313
	397	311
	397	309
	397	306
	397	302
	398	299
	398	298
	398	296
	398	294
	399	292
	399	291
	399	290
	399	289
	400	288
	400	287
.PEN_UP
.PEN_DOWN
	381	308
	381	307
	382	307
	383	307
	385	306
	386	306
	387	305
	389	304
	393	302
	395	302
	397	301
	399	300
	402	300
	404	299
	407	299
	409	299
	412	299
	414	300
	416	300
	418	300
.PEN_UP
.PEN_DOWN
	415	315
	415	313
	415	312
	415	311
	415	309
	415	306
	415	301
	415	298
	415	296
	415	294
	416	292
	416	290
	416	289
	416	287
	417	286
	417	285
	418	284
	419	284
	420	284
	421	285
	422	286
	422	287
	423	288
	424	289
	424	290
	425	292
	427	294
	428	295
	428	296
	429	296
	430	296
	430	295
	430	294
	430	292
	430	291
	430	289
	430	288
	431	287
	431	286
	432	285
.PEN_UP
.PEN_DOWN
	439	285
	440	286
	441	287
	442	287
	442	288
	443	289
	444	290
	445	291
	446	292
	447	295
	447	296
	447	298
	447	299
	447	300
	446	301
	446	302
	445	302
	444	302
	443	302
	441	302
	439	299
	437	298
	437	297
	436	295
	436	294
	436	292
	436	290
	437	289
	438	288
	439	287
	440	287
	442	286
	444	286
	446	286
	448	286
.PEN_UP
.PEN_DOWN
	453	300
	453	299
	453	298
	454	296
	454	293
	454	292
	454	290
	455	289
	455	288
	455	287
	456	287
	456	286
	456	287
	456	288
	455	289
	455	290
	455	291
	455	292
	455	293
	455	295
	455	296
	455	297
	455	298
	456	299
	456	300
	457	301
	457	302
	459	302
	460	303
	461	304
	462	304
	463	304
	464	305
	465	305
	466	305
	467	305
	468	305
	470	305
.PEN_UP
.PEN_DOWN
	465	290
	465	289
	466	289
	466	288
	467	288
	468	288
	469	288
	471	288
	472	289
	473	289
	474	290
	475	291
	476	291
	477	292
	478	293
	478	294
	479	295
	479	296
	479	297
	478	298
	477	299
	475	299
	473	299
	472	299
	471	298
	470	297
	469	296
	468	295
	468	293
	468	291
	468	290
	468	289
	469	289
	471	288
	473	288
	475	287
	477	287
	480	287
	483	287
	487	287
	490	287
	491	287
.PEN_UP
.PEN_DOWN
	496	316
	497	316
	497	315
	496	314
	495	313
	494	311
	493	311
	492	310
	492	309
	491	308
	490	307
	490	306
.PEN_UP
.PEN_DOWN
	509	305
	509	304
	509	303
	508	303
	507	303
	506	303
	505	302
	503	302
	501	301
	500	300
	499	300
	499	299
	501	298
	502	298
	504	298
	505	297
	507	297
	508	297
	509	296
	510	295
	512	295
	513	294
	513	293
	515	293
	516	291
	516	290
	516	289
	515	288
	514	287
	513	287
	512	287
	511	287
	508	287
	507	287
	506	287
	504	287
.PEN_UP
.PEN_DOWN
	543	306
	543	305
	543	304
	543	303
	543	301
	542	300
	542	298
	542	297
	541	295
	541	294
	541	293
	541	292
	542	291
	542	290
	543	290
	544	291
	544	292
	545	293
	546	295
	547	296
	548	297
	548	298
	549	299
	550	300
	551	301
	552	301
	553	301
	554	301
	554	298
	555	297
	555	295
	556	294
	556	293
	557	292
	558	291
	559	290
	560	289
	561	289
	562	289
.PEN_UP
.PEN_DOWN
	569	297
	569	296
	568	296
	568	295
	568	294
	568	293
	568	292
	568	291
	568	290
	569	289
	569	288
	571	287
	573	287
	574	287
	575	287
	577	287
	578	287
	580	287
	581	288
	582	289
	583	289
	584	290
	585	292
	585	294
	585	295
	585	297
	585	298
	585	299
	583	301
	582	302
	580	303
	578	303
	575	304
	573	304
	571	304
.PEN_UP
