
.WRITER_ID IanFelix
.STYLE PRINTED
.PEN_DOWN
	90	309
	89	309
	88	309
	87	308
	86	308
	85	308
	84	307
	83	307
	82	306
	81	305
	80	304
	79	303
	78	303
	78	302
	77	301
	77	300
	76	300
	76	299
	76	298
	77	298
	78	298
	80	298
	81	299
	83	299
	85	299
	87	299
	88	299
	90	299
	92	298
	93	298
	95	296
	96	295
	96	294
	96	292
	96	291
	95	289
	95	288
	94	286
	93	285
	92	284
	91	284
	89	283
	88	283
	87	283
	86	283
	84	283
	83	283
	82	284
	81	285
	80	286
	80	287
	80	288
	80	289
.PEN_UP
.PEN_DOWN
	100	291
	101	291
	102	291
	103	291
	104	291
	105	292
	106	292
	107	293
	108	294
	110	296
	110	297
	110	298
	110	299
	110	300
	110	301
	109	301
	106	301
	105	301
	104	300
	103	299
	102	299
	101	298
	100	297
	100	296
	100	294
	100	293
	100	292
	102	290
	103	290
	104	290
	106	290
	107	290
	109	290
	110	290
	112	291
	113	291
.PEN_UP
.PEN_DOWN
	120	289
	121	290
	122	291
	122	292
	123	293
	124	294
	125	296
	125	297
	125	298
	126	298
	126	299
	126	300
	125	301
	124	301
	123	301
	121	301
	120	300
	119	300
	118	299
	117	298
	116	297
	115	295
	115	294
	115	293
	115	292
	115	290
	116	289
	117	288
	118	288
	120	288
	121	288
	123	288
	125	288
	127	288
	128	288
	130	288
	132	288
.PEN_UP
.PEN_DOWN
	141	314
	142	315
	143	316
	144	317
	145	317
	146	317
	147	317
	148	317
	149	317
	150	317
	151	317
	152	317
	153	317
	154	316
	155	315
	155	314
	155	313
	155	312
	155	311
	155	310
	154	309
	154	308
	153	307
	152	305
	151	304
	150	304
	149	304
	149	303
	148	303
	147	303
	146	303
	146	302
	145	301
	145	300
.PEN_UP
.PEN_DOWN
	148	285
	149	285
	149	284
	149	283
.PEN_UP
.PEN_DOWN
	167	318
	168	318
	168	317
	169	316
	170	315
	171	314
	172	312
	173	312
	174	312
	175	311
	176	311
.PEN_UP
.PEN_DOWN
	176	321
	176	320
	177	319
	177	318
	177	317
	177	316
	178	315
	178	313
	179	312
.PEN_UP
.PEN_DOWN
	205	294
	204	294
	203	294
	202	294
	201	293
	200	293
	199	292
	198	292
	197	291
	196	290
	195	290
	196	290
	197	290
	198	290
	200	291
	202	291
	203	291
	204	291
	205	291
	205	290
	206	289
	206	288
	206	287
	206	286
	206	284
	205	284
	205	283
	205	282
	204	282
	203	281
	202	280
	201	280
	200	280
	199	280
	198	281
	197	282
	197	283
	197	284
.PEN_UP
.PEN_DOWN
	221	295
	221	294
	221	293
	221	292
	220	291
	220	290
	220	289
	221	289
	221	290
	221	291
	221	292
	221	293
	220	293
	220	294
	219	295
	218	295
	218	294
	217	294
	215	293
	215	292
	214	291
	213	289
	212	288
	212	287
	212	286
	212	285
	213	285
	213	284
	213	283
	214	283
	215	282
	216	282
	217	281
	220	281
	221	281
	222	281
	224	281
	225	281
	226	281
	228	281
	229	281
	230	281
.PEN_UP
.PEN_DOWN
	230	292
	230	291
	230	290
	231	289
	231	288
	232	288
	232	287
	233	286
	233	285
	234	285
	235	285
	235	286
	235	287
	235	288
	234	289
	234	290
	233	290
	233	292
	233	293
	234	294
	235	294
	236	294
	239	294
	240	294
	241	294
	242	295
	244	295
.PEN_UP
.PEN_DOWN
	245	285
	246	286
	247	286
	248	287
	249	288
	250	289
	250	290
	250	291
	249	291
	248	290
	247	290
	246	289
	244	287
	244	286
	244	285
	244	284
	245	283
	246	283
	247	282
	249	282
	251	282
	252	282
	253	282
	255	282
	256	282
	257	283
	258	283
	259	283
	260	284
	261	284
.PEN_UP
.PEN_DOWN
	263	285
	264	285
	264	286
	265	286
	266	287
	267	288
	267	289
	268	290
	268	291
	268	292
	268	293
	267	293
	266	293
	265	293
	264	293
	263	292
	262	292
	262	291
	261	290
	261	289
	261	288
	261	287
	261	285
	262	285
	263	285
	264	284
	265	284
	266	284
	268	284
	269	284
	271	284
	273	284
	275	284
	276	285
	279	285
	281	285
	282	286
	283	286
.PEN_UP
.PEN_DOWN
	293	293
	293	292
	293	291
	293	290
	293	289
	293	288
	294	288
	294	289
	295	290
	295	291
	294	292
	294	293
	293	293
	293	294
	292	294
	291	294
	290	294
	289	294
	289	293
	288	293
	288	292
	287	291
	287	290
	286	289
	286	288
	286	287
	286	286
	286	285
	286	284
	287	282
	288	282
	290	281
	291	280
	293	280
	294	280
	296	279
	297	279
	299	279
	301	279
.PEN_UP
.PEN_DOWN
	297	307
	297	306
	297	304
	297	303
	298	301
	298	297
	298	295
	299	293
	299	291
	300	289
	300	288
	300	286
	301	285
	301	284
	302	283
	302	282
	303	282
	304	283
	305	284
	306	285
	307	286
	307	288
	307	289
	308	290
	308	291
	309	292
	310	292
	310	291
	310	290
	310	289
	310	288
	310	287
	310	285
	311	284
	311	283
	312	282
	312	281
	312	280
	313	280
	314	280
.PEN_UP
.PEN_DOWN
	317	285
	318	285
	319	285
	319	286
	320	286
	321	287
	322	288
	323	289
	324	290
	324	291
	325	291
	325	292
	325	293
	324	294
	323	294
	322	294
	321	294
	319	293
	319	292
	318	291
	317	290
	317	289
	317	288
	317	287
	317	286
	317	285
	318	284
	319	284
	321	283
	323	282
	324	282
	325	282
	327	282
	328	282
	330	282
	331	282
	333	282
	334	282
.PEN_UP
.PEN_DOWN
	338	312
	338	311
	339	310
	339	309
	339	308
	340	305
	340	303
	340	302
	341	300
	341	298
	342	297
	342	295
	342	294
	343	293
	343	292
	343	290
	344	289
	344	288
	344	289
	344	291
	343	291
	342	292
	341	293
	339	293
	338	292
	336	291
	335	290
	334	289
	332	288
	332	287
	332	285
	332	284
	332	283
	332	282
	333	282
	335	281
	336	281
	338	281
	340	281
	341	281
	345	282
	346	282
	348	282
	349	283
.PEN_UP
.PEN_DOWN
	375	311
	375	310
	375	309
	375	308
	375	307
	376	305
	376	303
	376	302
	376	298
	376	296
	377	294
	377	293
	377	292
	377	290
	378	289
	379	288
	379	287
	380	287
	380	286
.PEN_UP
.PEN_DOWN
	362	303
	362	301
	363	300
	363	299
	365	298
	366	298
	367	298
	369	298
	371	298
	372	298
	375	298
	377	298
	379	298
	381	299
	384	299
.PEN_UP
.PEN_DOWN
	389	310
	389	305
	389	303
	389	300
	390	298
	390	296
	391	294
	391	292
	391	290
	391	289
	391	288
	392	287
	392	286
	392	285
	392	286
	393	287
	393	288
	393	289
	394	291
	394	292
	394	293
	394	294
	395	296
	396	297
	397	297
	397	296
	398	295
	399	292
	399	291
	399	289
	399	288
	399	287
	400	286
	400	285
	401	284
	402	283
.PEN_UP
.PEN_DOWN
	411	289
	412	290
	413	291
	414	292
	414	293
	415	294
	416	295
	416	296
	416	297
	416	298
	415	298
	414	298
	413	298
	412	298
	411	297
	410	296
	409	295
	408	294
	407	291
	406	290
	406	289
	406	288
	406	287
	407	286
	408	285
	409	285
	410	284
	411	284
	413	284
	415	284
	419	284
	422	285
	424	285
	426	285
	428	286
.PEN_UP
.PEN_DOWN
	437	308
	437	307
	437	306
	437	304
	437	303
	437	301
	437	297
	437	295
	437	293
	437	291
	437	289
	438	288
	438	287
	438	286
	438	285
	439	285
	439	284
	439	285
	439	286
	440	287
	440	288
	441	289
	441	290
	442	292
	443	294
	443	296
	443	297
	444	297
	444	296
	445	295
	445	294
	445	292
	445	290
	445	289
	445	285
	446	284
	446	283
	447	282
	448	280
	449	280
	449	279
	451	279
	452	279
	453	279
.PEN_UP
.PEN_DOWN
	455	293
	455	292
	454	290
	454	289
	454	288
	454	287
	455	286
	455	285
	456	284
	457	284
	458	283
	459	283
	460	283
	461	283
	464	283
	465	283
	466	284
	467	285
	468	286
	468	287
	468	288
	468	289
	467	289
	467	290
	466	291
	464	294
	463	294
	462	295
	461	296
	459	296
	458	296
	457	296
.PEN_UP
.PEN_DOWN
	471	291
	472	290
	472	289
	472	288
	472	286
	472	285
	473	284
	473	283
	474	282
	475	282
	476	282
	476	283
	477	284
	478	285
	479	286
	479	287
	479	288
	479	289
	480	290
	480	291
	481	293
	482	294
	483	294
	483	293
	483	292
	482	291
	482	290
	482	289
	482	288
	482	287
	482	286
	483	286
	484	286
	485	286
	486	287
	487	287
	488	288
	490	289
	491	290
	492	291
	493	292
	494	293
	495	293
	495	292
	495	291
	495	290
	495	289
	495	288
	495	287
	495	286
	495	285
	495	284
	496	283
	497	282
.PEN_UP
.PEN_DOWN
	502	298
	501	297
	501	296
	501	295
	501	293
	501	292
	502	291
	502	290
	503	289
	504	289
	505	288
	506	288
	507	287
	508	287
	509	287
	511	288
	512	288
	513	289
	514	289
	515	290
	516	290
	516	291
	517	292
	517	293
	517	294
	517	295
	517	297
	516	297
	516	298
	515	298
	515	297
	514	296
	514	295
	513	294
	513	293
	513	292
	513	289
	514	289
	515	288
	516	287
	517	287
	518	286
	519	286
	520	286
.PEN_UP
.PEN_DOWN
	524	298
	524	297
	524	296
	523	295
	523	294
	523	292
	523	290
	523	289
	523	288
	523	287
	523	286
	523	285
	524	284
	525	284
	526	285
	527	286
	528	287
	528	288
	529	288
	529	290
	529	291
	529	292
	529	293
	530	295
	530	296
	531	297
	531	298
	532	298
	533	298
	533	297
	534	296
	534	295
	534	293
	534	292
	535	290
	535	289
	535	287
	536	286
	536	285
	537	284
	538	283
	540	282
	541	282
	542	282
.PEN_UP
.PEN_DOWN
	551	300
	551	299
	551	298
	551	297
	551	296
	551	295
	551	294
	551	293
	551	294
	551	295
	551	296
	551	297
	552	298
	552	299
	552	300
	551	302
	550	302
	549	301
	548	300
	547	298
	545	297
	545	295
	543	294
	543	292
	543	290
	543	287
	543	286
	544	285
	545	284
	546	283
	548	283
	549	283
	551	282
	552	282
	554	282
	556	282
	558	282
	560	283
.PEN_UP
.PEN_DOWN
	562	294
	562	293
	562	291
	562	290
	562	289
	562	288
	562	287
	562	286
	562	285
	563	285
	564	284
	565	284
	566	284
	567	284
	568	285
	569	285
	571	285
	571	286
	572	287
	573	288
	574	289
	574	291
	575	292
	575	293
	575	294
	574	294
	573	291
	573	290
	573	289
	573	288
	573	286
	573	285
	574	285
	575	284
	576	283
	577	283
	578	282
	580	282
	582	282
.PEN_UP
.PEN_DOWN
	589	321
	589	320
	589	319
	589	318
	589	317
	590	313
	590	312
	591	310
	591	308
	591	306
	591	304
	592	302
	592	300
	593	299
	593	297
	594	296
	594	294
	594	292
	594	291
	594	290
	594	289
.PEN_UP
.PEN_DOWN
	600	303
	600	302
	600	301
	599	300
	599	299
	598	298
	598	297
	598	294
	598	293
	598	292
	598	291
	599	290
	599	289
	600	288
	601	288
	602	287
	603	287
	605	287
	606	287
	608	287
	609	287
	610	288
	611	288
	612	289
	612	290
	613	291
	613	292
	614	293
	614	294
	614	295
	614	297
	614	298
	614	297
	614	296
	614	295
	614	294
	614	293
	614	292
	614	289
	615	288
	616	287
	617	286
	618	286
.PEN_UP
.PEN_DOWN
	632	303
	631	303
	630	303
	629	303
	628	303
	627	302
	626	302
	625	301
	624	301
	624	300
	624	299
	624	298
	625	296
	626	295
	627	294
	628	294
	629	292
	630	291
	631	290
	632	289
	633	288
	633	287
	634	286
	635	285
	635	284
	635	283
	634	283
	633	284
	631	284
	630	284
	627	285
	625	285
	624	285
	623	285
	622	285
	621	285
.PEN_UP
.PEN_DOWN
	650	289
	650	288
	650	287
	650	286
	649	285
	649	284
	650	284
	651	284
.PEN_UP
.PEN_DOWN
	651	319
	652	319
	652	318
	652	317
	653	317
	653	316
	654	315
	655	314
	655	313
	656	312
	658	310
	659	309
	660	308
	660	307
	661	307
	662	306
	663	306
.PEN_UP
.PEN_DOWN
	661	312
	662	312
	662	311
	663	310
	664	309
	664	308
	665	307
	666	306
	667	304
	668	303
	669	303
.PEN_UP
.PEN_DOWN
	679	307
	679	306
	678	305
	678	303
	678	302
	678	300
	678	298
	678	296
	678	295
	678	293
	678	291
	678	289
	679	289
	679	288
	679	287
	679	286
	680	286
	680	285
.PEN_UP
.PEN_DOWN
	678	307
	679	307
	681	306
	682	304
	686	302
	687	301
	689	299
	690	298
	692	297
	694	296
	695	294
	696	293
	698	292
	699	291
	700	290
	701	289
.PEN_UP
.PEN_DOWN
	699	313
	699	312
	699	310
	699	309
	699	307
	698	306
	698	302
	698	300
	698	298
	699	297
	699	295
	699	294
	699	293
	699	291
	700	290
	700	289
	701	289
	701	288
	702	287
.PEN_UP
.PEN_DOWN
	715	299
	715	298
	714	298
	713	298
	712	297
	711	296
	711	295
	710	294
	710	293
	710	292
	710	291
	710	289
	711	288
	712	288
	713	287
	714	286
	716	286
	717	286
	719	286
	720	286
	721	286
	723	287
	724	288
	725	289
	725	290
	725	291
	725	292
	725	293
	725	294
	724	295
	723	297
	721	298
	720	299
	719	300
	717	300
.PEN_UP
