
.WRITER_ID JeanHale
.STYLE PRINTED
.PEN_DOWN
	198	469
	198	470
	198	472
	197	472
	196	473
	194	473
	192	472
	190	472
	190	471
	189	469
	188	468
	188	465
	189	463
	190	462
	191	462
	192	463
	195	465
	196	467
	196	468
	196	466
	195	460
	195	458
	195	454
	194	451
	194	449
	195	449
	195	450
.PEN_UP
.PEN_DOWN
	216	469
	215	471
	216	471
	215	472
	214	472
	213	471
	210	469
	209	468
	208	466
	208	464
	209	463
	209	462
	211	460
	213	458
	214	458
	215	457
	215	455
	215	454
	214	452
	214	451
	211	450
	210	450
	210	452
	210	453
	211	455
	212	459
	213	460
	215	463
	215	465
	216	467
	216	469
	216	471
.PEN_UP
.PEN_DOWN
	228	472
	227	472
	227	471
	227	470
	226	470
	226	471
	228	472
	231	471
	234	471
	236	471
	236	472
	236	471
	236	469
	235	467
	234	462
	233	456
	233	455
	233	452
	232	450
	232	451
.PEN_UP
.PEN_DOWN
	250	474
	249	473
	248	470
	248	466
	248	464
	246	461
	246	458
	246	457
	248	456
	249	456
	251	456
	253	456
	254	457
	254	459
	254	460
	253	460
	252	460
	251	459
	251	456
	251	455
	251	453
.PEN_UP
.PEN_DOWN
	268	473
	267	471
	267	468
	267	467
	266	468
	267	468
	268	469
	268	470
	270	470
	271	469
	272	468
	272	466
	272	465
	271	463
	269	460
	268	460
	267	459
	266	459
	264	460
.PEN_UP
.PEN_DOWN
	270	473
	269	473
	270	474
	272	475
	274	476
	276	476
	278	475
	279	475
.PEN_UP
.PEN_DOWN
	307	465
	307	466
	307	464
	306	463
	306	461
	306	460
	305	460
	306	461
	309	462
	310	462
	312	462
	315	463
	316	463
	316	464
	317	464
	317	463
.PEN_UP
.PEN_DOWN
	313	472
	313	471
	313	470
	312	465
	311	460
	311	457
	310	453
	309	451
	310	452
	311	454
.PEN_UP
.PEN_DOWN
	327	471
	326	471
	326	472
	327	472
	328	472
	329	473
	332	473
	333	473
	333	472
	333	470
	332	470
	329	468
	326	467
	325	466
	326	467
	329	467
	331	467
	333	467
	335	465
	335	464
	334	462
	332	459
	331	458
	329	456
	327	455
	326	454
	325	455
	324	456
.PEN_UP
.PEN_DOWN
	344	471
	345	471
	348	472
	350	473
	351	473
	353	473
	353	471
	351	468
	350	467
	347	462
	345	459
	345	458
	344	456
	344	455
	345	455
	346	456
	347	456
	348	457
	350	458
	351	458
	353	458
	355	457
	356	457
	357	455
.PEN_UP
.PEN_DOWN
	368	470
	368	472
	368	471
	369	468
	369	467
	369	463
	369	458
	369	457
	368	456
	368	457
	368	458
.PEN_UP
.PEN_DOWN
	381	469
	380	470
	379	469
	379	468
	378	466
	378	464
	378	462
	378	459
	379	458
	381	458
	385	458
	386	460
	388	462
	389	465
	389	467
	388	469
	386	471
	385	471
	382	470
	380	468
.PEN_UP
.PEN_DOWN
	432	468
	432	470
	433	471
	433	473
	431	473
	428	473
	425	472
	424	470
	424	469
	425	467
	425	466
	427	466
	430	467
	431	468
	432	469
	432	465
	432	464
	433	460
	433	458
	433	454
	433	452
	433	453
	433	454
	434	454
.PEN_UP
.PEN_DOWN
	458	473
	458	474
	457	474
	454	474
	452	473
	451	472
	451	470
	451	469
	451	468
	453	466
	454	465
	455	464
	456	463
	456	462
	456	461
	455	460
	454	458
	453	458
	451	458
	449	458
	450	459
	453	463
	455	464
	457	466
	459	469
	459	470
	459	472
	458	472
.PEN_UP
.PEN_DOWN
	469	473
	469	472
	468	471
	468	470
	468	469
	467	469
	467	470
	467	471
	468	472
	469	473
	470	473
	472	473
	474	473
	475	473
	476	473
	475	470
	475	469
	475	465
	475	461
	475	459
	474	457
.PEN_UP
.PEN_DOWN
	486	474
	486	473
	486	472
	486	471
	486	467
	485	465
	485	463
	485	461
	486	460
	487	459
	489	459
	491	459
	492	460
	494	462
	495	462
	495	463
	494	463
	493	463
	492	463
	491	463
	490	462
	489	461
	489	460
	489	459
.PEN_UP
.PEN_DOWN
	512	473
	512	474
	512	475
	512	474
	512	472
	511	469
	510	466
	510	465
	510	466
	511	467
	513	468
	514	468
	516	468
	517	467
	517	466
	517	462
	516	459
	514	459
	512	458
	511	457
	510	457
	509	458
	508	459
.PEN_UP
.PEN_DOWN
	513	473
	514	473
	516	473
	522	474
	525	475
	527	475
	528	475
	527	475
.PEN_UP
.PEN_DOWN
	578	473
	577	474
	578	474
	578	472
	578	469
	578	468
	577	465
	577	463
	577	464
	578	464
	582	466
	585	468
	587	468
	588	469
.PEN_UP
.PEN_DOWN
	583	473
	582	474
	582	473
	583	470
	583	469
	583	465
	583	461
	583	460
	583	458
	583	459
.PEN_UP
.PEN_DOWN
	595	473
	594	473
	594	474
	595	474
	598	475
	600	475
	601	475
	601	474
	601	473
	599	472
	597	471
	596	471
	597	471
	598	472
	599	472
	601	472
	603	471
	605	471
	606	469
	607	468
	607	466
	606	464
	603	461
	602	460
	600	459
	598	459
	597	459
	597	460
.PEN_UP
.PEN_DOWN
	617	473
	616	472
	615	472
	616	473
	619	474
	622	476
	623	476
	624	476
	625	475
	624	474
	623	471
	621	468
	619	467
	617	466
	617	464
	617	463
	617	462
	617	461
	617	462
	618	463
	618	464
	620	464
	623	465
	624	464
	627	463
	630	462
	630	461
	629	460
	628	460
	628	461
	629	462
.PEN_UP
.PEN_DOWN
	645	474
	644	474
	644	473
	644	471
	644	470
	644	465
	644	462
	644	461
	644	460
	644	461
	644	463
.PEN_UP
.PEN_DOWN
	661	475
	660	476
	659	475
	657	473
	656	472
	655	468
	655	466
	656	465
	658	464
	662	465
	664	466
	667	468
	669	471
	669	472
	668	473
	666	475
	665	476
	663	477
	661	477
	660	477
	659	476
.PEN_UP
