
.WRITER_ID JeffJohnson
.STYLE PRINTED
.PEN_DOWN
	180	467
	180	468
	180	469
	180	470
	179	471
	178	473
	175	472
	174	472
	172	469
	172	465
	173	465
	175	465
	177	466
	178	469
	179	469
	179	470
	180	469
	180	467
	181	464
	181	462
	182	458
	182	455
	183	455
	183	454
	184	455
.PEN_UP
.PEN_DOWN
	189	470
	189	469
	189	468
	189	464
	190	461
	191	461
	192	461
	194	465
	196	469
	196	470
	196	471
	195	469
.PEN_UP
.PEN_DOWN
	207	467
	207	468
	207	469
	206	469
	204	469
	202	467
	201	464
	201	461
	205	463
	205	464
	206	466
	206	465
	206	464
	206	463
	207	460
	208	459
	209	459
.PEN_UP
.PEN_DOWN
	216	469
	216	468
	216	467
	216	463
	216	461
.PEN_UP
.PEN_DOWN
	215	479
	215	478
.PEN_UP
.PEN_DOWN
	226	471
	226	469
	226	466
	226	465
	226	463
	226	464
	226	466
	226	467
	226	469
	227	470
	228	471
	229	471
	230	470
	231	469
	231	467
	231	464
	231	462
.PEN_UP
.PEN_DOWN
	241	474
	241	472
	242	469
	243	468
	244	465
	244	464
	245	464
.PEN_UP
.PEN_DOWN
	248	472
	248	473
	247	473
	243	471
	240	470
	239	469
	238	469
	237	469
.PEN_UP
.PEN_DOWN
	267	466
	268	467
	268	469
	267	471
	266	471
	265	471
	263	468
	262	466
	261	462
	262	461
	263	462
	265	463
	267	465
	267	466
	267	467
	267	466
	267	464
	267	462
	267	461
	268	455
	268	453
	268	452
.PEN_UP
.PEN_DOWN
	275	469
	274	470
	274	468
	274	466
	275	464
	275	462
	277	462
	278	464
	280	467
	281	470
	280	470
	279	469
.PEN_UP
.PEN_DOWN
	287	472
	287	470
	287	469
	287	466
	288	463
.PEN_UP
.PEN_DOWN
	286	480
	286	479
.PEN_UP
.PEN_DOWN
	297	469
	297	468
	297	467
	297	464
	298	461
	298	459
	298	458
	298	459
	298	463
	297	467
	296	469
	297	471
	298	471
	299	472
	300	472
	302	472
	303	471
	303	470
	301	466
	299	464
	298	464
	297	464
	297	465
.PEN_UP
.PEN_DOWN
	310	476
	309	476
	308	475
	307	474
	307	473
	307	472
	309	471
	310	471
	312	470
	313	469
	313	468
	311	466
	309	464
	310	464
.PEN_UP
.PEN_DOWN
	337	473
	337	474
	336	475
	335	475
	333	476
	331	473
	330	472
	329	469
	329	467
	331	468
	335	470
	336	472
	336	473
	335	471
	335	470
	336	468
	337	467
	338	465
	339	461
	339	460
	339	458
	340	459
.PEN_UP
.PEN_DOWN
	343	474
	343	473
	344	471
	344	467
	345	466
	346	466
	348	467
	351	471
	351	472
	351	473
	350	474
.PEN_UP
.PEN_DOWN
	360	474
	360	475
	360	476
	360	477
	359	475
	357	471
	356	469
	356	467
	357	466
	359	468
	361	469
	363	473
	364	475
	362	475
	359	474
.PEN_UP
.PEN_DOWN
	370	481
	370	479
	371	478
	372	476
	374	473
	375	473
.PEN_UP
.PEN_DOWN
	377	480
	377	479
	376	479
	373	479
	372	478
	368	478
	367	478
	367	477
.PEN_UP
.PEN_DOWN
	387	481
	386	482
	385	481
	385	480
	385	478
	385	474
	385	472
	385	471
	386	471
.PEN_UP
.PEN_DOWN
	383	492
	382	492
	383	492
.PEN_UP
.PEN_DOWN
	396	481
	396	480
	396	479
	396	475
	396	474
	396	473
	396	475
	397	475
	397	478
	398	480
	399	481
	400	482
	402	482
	403	481
	403	478
	403	477
	404	475
	404	473
	404	472
	404	473
.PEN_UP
.PEN_DOWN
	422	478
	421	478
	421	479
	420	480
	419	481
	417	482
	414	481
	413	480
	413	477
	414	476
	416	477
	418	479
	419	480
	419	479
	419	478
	420	477
	421	476
	421	474
	422	473
	423	471
	423	469
	422	467
	419	466
	415	465
	414	465
	412	465
	412	466
	413	466
.PEN_UP
.PEN_DOWN
	444	480
	443	481
	442	484
	442	485
	439	484
	439	483
	437	480
	437	477
	438	477
	439	477
	441	479
	442	480
	442	481
	443	481
	443	480
	443	481
	443	480
	443	479
	443	477
	443	474
	443	473
	443	469
	444	467
.PEN_UP
.PEN_DOWN
	451	481
	450	482
	451	482
	451	481
	451	479
	451	477
	451	475
	451	473
	452	473
	454	474
	458	477
	460	480
	460	481
	460	482
	459	483
	458	483
	457	484
.PEN_UP
.PEN_DOWN
	469	481
	469	482
	469	483
	469	484
	469	485
	468	485
	468	486
	467	486
	466	486
	466	485
	464	483
	463	482
	463	479
	463	477
	463	476
	465	477
	467	478
	469	480
	469	481
	468	481
	468	482
	469	482
	469	481
	469	480
	470	479
	470	477
	471	476
	471	475
	472	475
.PEN_UP
.PEN_DOWN
	476	485
	476	483
	477	481
	477	479
	477	478
	478	478
	478	480
	479	482
	479	483
	479	485
	480	486
	481	486
	482	486
	482	485
	483	484
	484	483
	485	482
	486	480
	486	478
	486	477
	487	478
.PEN_UP
.PEN_DOWN
	490	492
	490	491
	491	489
	492	486
	493	485
	494	481
	495	480
	495	479
	495	480
.PEN_UP
.PEN_DOWN
	499	489
	497	489
	495	488
	493	488
	490	488
	487	488
	486	488
	485	488
	485	487
.PEN_UP
.PEN_DOWN
	501	488
	502	488
	502	487
	502	486
	502	484
	502	482
	502	481
	503	481
	505	481
	507	482
	509	484
	510	486
	510	488
	509	489
	508	489
.PEN_UP
.PEN_DOWN
	515	481
	515	482
	516	483
	516	484
	516	486
	516	487
	517	487
	517	488
	517	489
	518	489
	518	490
	520	490
	522	489
	522	486
	523	485
	524	483
	524	484
	524	486
	524	488
	524	489
	525	489
	525	490
	526	490
	527	490
	527	489
	528	488
	529	487
	529	486
	529	485
	530	484
	530	483
	531	483
.PEN_UP
.PEN_DOWN
	554	486
	553	486
	553	487
	553	488
	553	489
	553	490
	552	490
	550	490
	549	488
	547	485
	547	483
	547	482
	549	482
	551	483
	553	485
	553	486
	554	485
	554	486
	554	485
	554	484
	554	482
	554	481
	554	478
	554	474
	554	473
	554	471
	555	473
.PEN_UP
.PEN_DOWN
	562	489
	562	488
	562	486
	562	485
	561	481
	561	479
	561	478
	562	478
	567	481
	569	482
	571	484
	571	487
	570	488
	569	488
	570	489
	570	488
.PEN_UP
.PEN_DOWN
	582	487
	583	488
	583	489
	583	490
	582	491
	580	491
	577	489
	576	487
	575	484
	576	483
	577	483
	580	484
	583	486
	583	487
	583	488
	582	488
	583	488
	583	487
	584	485
	584	484
	585	482
	586	479
	587	479
	587	481
.PEN_UP
.PEN_DOWN
	592	496
	591	496
	592	494
	592	493
	592	490
	593	486
	593	484
	594	483
.PEN_UP
.PEN_DOWN
	601	482
	601	485
	601	488
	602	490
	603	491
	604	491
	607	490
	608	489
	608	488
	608	486
	608	484
	608	483
	608	484
	608	485
	609	488
	610	490
	610	491
	611	492
	612	492
	613	492
	614	490
	615	488
	615	485
	615	484
	615	483
.PEN_UP
.PEN_DOWN
	625	492
	626	493
	625	493
	623	492
	622	491
	622	490
	622	489
	623	488
	625	488
	628	488
	629	487
	630	486
	630	485
	630	484
	629	483
	627	481
	626	481
.PEN_UP
