
.WRITER_ID JeffJohnson
.STYLE PRINTED
.PEN_DOWN
	177	473
	177	474
	176	473
	177	471
	177	470
	179	467
	180	465
	180	464
	179	462
	176	461
	173	461
	171	461
	170	462
	171	463
.PEN_UP
.PEN_DOWN
	176	484
	174	485
	175	485
	175	484
	176	484
.PEN_UP
.PEN_DOWN
	193	474
	193	475
	193	476
	193	477
	192	477
	191	476
	190	474
	189	471
	189	470
	189	467
	191	467
	193	468
	197	471
	198	473
	198	474
	197	475
	194	475
	193	475
	192	474
	191	474
	192	474
.PEN_UP
.PEN_DOWN
	203	475
	204	474
	204	473
	204	470
	205	469
	206	469
	208	470
	210	473
	210	475
	210	476
	210	477
	210	476
	211	476
	211	474
	212	473
	212	472
	214	470
	214	469
.PEN_UP
.PEN_DOWN
	222	478
	222	476
	223	475
	223	473
	224	472
	224	471
	224	472
	224	473
	223	475
	223	477
	224	477
	224	478
	227	478
	228	478
	229	478
.PEN_UP
.PEN_DOWN
	236	480
	236	478
	237	477
	237	475
	238	474
	239	473
	239	474
	239	476
	239	478
	239	479
	239	481
	241	483
	242	483
	244	483
	246	482
	247	480
	248	477
	249	476
	249	473
	250	472
	250	471
	251	471
.PEN_UP
.PEN_DOWN
	260	478
	259	478
	259	479
	260	479
	262	479
	263	480
	264	482
	264	483
	263	484
	261	484
	260	483
	259	480
	260	476
	261	474
	263	473
	267	473
	268	474
	270	474
.PEN_UP
.PEN_DOWN
	274	482
	275	482
	277	480
	279	475
	281	473
	281	474
.PEN_UP
.PEN_DOWN
	284	485
	284	486
	283	484
	283	481
	282	475
	281	470
	281	467
	281	464
	282	465
.PEN_UP
.PEN_DOWN
	296	486
	295	486
	294	485
	293	484
	292	483
	292	482
	293	482
	294	481
	297	481
	298	481
	298	479
	298	478
	297	477
	295	476
	294	475
.PEN_UP
.PEN_DOWN
	320	488
	319	488
	319	487
	320	486
	320	483
	321	477
	321	475
	321	474
	321	475
	322	478
	323	481
	324	482
	325	483
	326	483
	327	483
	329	481
	329	478
	329	477
	330	475
	330	476
.PEN_UP
.PEN_DOWN
	334	487
	334	486
	334	484
	335	482
	335	478
.PEN_UP
.PEN_DOWN
	333	493
	333	492
.PEN_UP
.PEN_DOWN
	348	494
	348	495
	348	494
	349	493
	349	488
	349	485
	350	482
	350	480
	350	482
	350	483
	349	484
	348	484
	346	485
	345	484
	345	483
	345	481
	345	479
	345	478
	347	478
	349	478
	350	479
.PEN_UP
.PEN_DOWN
	361	493
	361	492
	361	491
	362	487
	362	483
	362	482
	363	480
	363	482
	363	484
	362	485
	361	485
	359	485
	358	484
	357	482
	357	481
	358	480
	360	479
	361	479
	363	479
	365	479
.PEN_UP
.PEN_DOWN
	373	482
	373	483
	374	483
	374	484
	375	485
	377	486
	377	487
	377	488
	375	489
	374	488
	373	486
	373	483
	374	482
	376	480
	379	480
	381	480
.PEN_UP
.PEN_DOWN
	384	484
	385	483
	385	482
	386	481
	387	483
	388	485
	388	486
	388	487
	389	488
	390	487
	393	486
	394	486
	395	484
	396	483
	396	482
	397	482
.PEN_UP
.PEN_DOWN
	418	495
	418	494
	418	491
	419	489
	419	484
	419	483
	419	484
	419	485
	420	487
	420	488
	421	489
	423	489
	424	488
	425	488
	426	486
	427	485
	427	483
	427	482
	425	481
	422	482
	420	482
.PEN_UP
.PEN_DOWN
	431	489
	431	490
	431	489
	432	488
	433	486
	434	485
	436	483
	438	482
.PEN_UP
.PEN_DOWN
	439	492
	439	491
	439	490
	437	485
	436	477
	436	475
	435	473
	436	474
.PEN_UP
.PEN_DOWN
	462	485
	462	486
	462	487
	462	488
	462	490
	461	491
	459	491
	456	490
	454	485
	454	484
	456	483
	459	485
	460	485
	462	487
	462	488
	462	487
	462	486
	463	484
	463	482
	463	477
	463	474
	463	473
	464	473
	465	474
.PEN_UP
.PEN_DOWN
	472	487
	472	488
	472	487
	472	485
	472	481
	473	479
	474	479
	477	481
	479	484
	481	485
	481	488
	480	489
	479	489
	478	489
.PEN_UP
.PEN_DOWN
	490	489
	489	490
	489	488
	489	487
	488	483
	488	481
	489	481
.PEN_UP
.PEN_DOWN
	488	499
	487	499
.PEN_UP
.PEN_DOWN
	497	484
	497	485
	498	485
	499	486
	500	487
	501	488
	501	490
	501	491
	499	491
	498	491
	497	490
	497	488
	497	486
	498	484
	499	482
	500	482
	503	482
	505	482
	505	483
.PEN_UP
.PEN_DOWN
	516	493
	517	492
	518	490
	519	488
	519	484
	520	483
	520	482
.PEN_UP
.PEN_DOWN
	525	490
	523	490
	520	489
	518	489
	516	488
	514	488
	513	488
.PEN_UP
.PEN_DOWN
	544	490
	544	491
	543	491
	544	491
	545	491
	546	491
	549	491
	550	491
	550	490
	550	489
	549	487
	547	484
	545	481
	545	480
	547	480
	549	480
	553	481
	556	481
	557	481
.PEN_UP
.PEN_DOWN
	564	483
	565	484
	565	485
	567	486
	569	488
	570	489
	570	490
	570	491
	569	491
	567	491
	565	491
	564	487
	564	485
	565	483
	566	483
	570	482
	573	483
.PEN_UP
.PEN_DOWN
	581	485
	583	487
	584	488
	584	489
	584	491
	583	492
	582	492
	579	492
	577	489
	577	488
	577	486
	579	486
	580	487
	582	488
	583	488
	584	488
	585	485
	586	484
	586	483
	587	483
.PEN_UP
.PEN_DOWN
	592	496
	592	495
	593	495
	593	492
	594	491
	595	486
	596	483
	597	483
.PEN_UP
