
.WRITER_ID JeffJohnson
.STYLE PRINTED
.PEN_DOWN
	172	472
	172	473
	172	472
	172	469
	174	465
	175	461
	177	458
	178	460
	180	464
	180	467
	180	472
	180	475
	180	476
	180	475
	180	473
.PEN_UP
.PEN_DOWN
	189	466
	189	467
	189	468
	190	470
	191	472
	191	473
	190	473
	187	472
	186	469
	186	467
	187	464
	190	462
	192	462
	196	464
	200	464
.PEN_UP
.PEN_DOWN
	206	474
	205	474
	204	474
	205	473
	208	471
	211	468
	212	466
	216	464
	217	463
.PEN_UP
.PEN_DOWN
	214	476
	214	475
	213	475
	211	473
	209	468
	209	466
	207	462
.PEN_UP
.PEN_DOWN
	223	475
	223	472
	224	469
	224	468
	224	466
.PEN_UP
.PEN_DOWN
	222	485
	221	485
	221	486
.PEN_UP
.PEN_DOWN
	235	477
	234	475
	235	472
	235	470
	235	467
	235	466
	235	468
	235	471
	236	472
	237	474
	239	476
	240	477
	242	477
	244	475
	244	473
	245	471
	245	468
	245	467
.PEN_UP
.PEN_DOWN
	254	475
	255	475
	255	477
	254	478
	253	478
	251	477
	250	474
	250	472
	250	471
	251	471
	253	472
	255	474
	255	475
	256	476
	256	475
	255	475
	256	475
	256	474
	256	475
	256	474
	256	473
	258	472
	259	470
	259	468
	260	464
	258	460
	257	458
	251	457
	248	457
	247	458
.PEN_UP
.PEN_DOWN
	288	488
	288	486
	288	485
	288	481
	288	479
	289	472
	289	469
	289	470
	289	472
	288	474
	286	477
	283	478
	282	478
	280	476
	280	472
	281	469
	282	468
	285	468
	289	469
	290	470
	292	471
.PEN_UP
.PEN_DOWN
	302	472
	303	473
	304	475
	305	477
	305	478
	304	480
	301	480
	299	479
	295	476
	295	472
	295	471
	296	470
	300	472
	301	473
	303	474
	303	475
	304	473
	304	471
	306	470
	307	470
.PEN_UP
.PEN_DOWN
	322	481
	322	485
	322	488
	322	490
	322	491
	321	491
	320	491
	318	490
	316	486
	316	483
	316	479
	318	475
	319	473
	320	472
	321	471
.PEN_UP
.PEN_DOWN
	325	479
	324	479
	324	480
	323	480
	321	480
	317	480
	313	478
	312	478
	311	477
.PEN_UP
.PEN_DOWN
	333	489
	333	488
	333	486
	334	482
	335	480
	336	476
	337	474
.PEN_UP
.PEN_DOWN
	339	481
	339	483
	338	483
	333	482
	331	482
	327	481
	327	480
.PEN_UP
.PEN_DOWN
	364	478
	363	479
	363	478
	363	476
	365	473
	365	471
	366	466
	366	463
	363	463
	362	463
	358	465
	355	468
	354	469
.PEN_UP
.PEN_DOWN
	360	491
	361	491
.PEN_UP
.PEN_DOWN
	374	476
	374	475
	375	475
	375	473
	375	470
	375	469
.PEN_UP
.PEN_DOWN
	373	486
	373	487
	374	487
.PEN_UP
.PEN_DOWN
	393	468
	393	470
	392	470
	392	471
	391	473
	391	474
	391	476
	392	477
	393	477
	397	475
	398	475
	399	473
	399	470
	398	471
	398	473
	398	474
	399	475
	401	476
	405	477
	406	476
	408	475
	410	472
	410	471
.PEN_UP
