
.WRITER_ID JeanHale
.STYLE PRINTED
.PEN_DOWN
	164	482
	163	483
	163	479
	163	476
	163	469
	163	464
	163	463
	163	459
	164	459
	164	460
.PEN_UP
.PEN_DOWN
	175	475
	173	475
	172	474
	171	473
	171	471
	170	469
	170	466
	170	465
	171	464
	173	467
	173	468
	174	470
	174	472
	175	472
	175	473
	175	471
	175	469
	175	468
	176	465
	177	464
	178	464
	178	465
	179	466
	180	467
	181	467
.PEN_UP
.PEN_DOWN
	196	473
	196	474
	196	472
	196	470
	196	468
	195	466
	195	465
	195	464
.PEN_UP
.PEN_DOWN
	191	470
	190	470
	191	470
	191	471
	194	471
	197	471
	199	471
	200	471
	201	471
	200	471
.PEN_UP
.PEN_DOWN
	213	487
	212	488
	212	486
	212	485
	211	481
	211	478
	211	473
	210	470
	210	468
	210	467
	211	467
	212	467
	214	468
	215	468
	217	469
	218	470
	218	471
	218	472
	217	473
	214	474
	213	474
	212	474
	211	475
.PEN_UP
.PEN_DOWN
	227	478
	226	479
	226	478
	226	477
	226	475
	227	472
	227	470
	227	469
	227	467
	226	466
	226	465
	226	466
	226	467
.PEN_UP
.PEN_DOWN
	244	476
	244	477
	243	477
	242	476
	241	475
	239	473
	237	472
	237	471
	235	471
	234	470
	233	470
	232	470
	232	469
	235	469
	237	468
	240	467
	241	467
	242	466
	243	466
	244	466
	244	465
.PEN_UP
.PEN_DOWN
	251	473
	251	474
	252	474
	255	474
	257	474
	259	473
	261	473
	262	473
.PEN_UP
.PEN_DOWN
	252	469
	252	470
	252	469
	254	470
	257	470
	259	470
	261	470
	262	470
	262	469
.PEN_UP
.PEN_DOWN
	274	490
	274	491
	274	490
	274	487
	274	481
	274	478
	274	475
	274	471
	275	470
	275	469
	275	470
.PEN_UP
.PEN_DOWN
	290	478
	289	478
	287	478
	286	477
	286	476
	284	475
	284	473
	285	472
	287	471
	288	472
	289	473
	290	474
	290	475
	290	474
	290	472
	290	471
	291	470
	291	469
	293	469
	294	470
	295	470
	294	470
.PEN_UP
.PEN_DOWN
	303	491
	302	491
	302	490
	302	486
	302	481
	302	480
	302	475
	302	473
	302	472
	303	470
	303	469
.PEN_UP
.PEN_DOWN
	323	481
	324	481
	324	478
	324	475
	324	474
	324	473
	324	472
	324	471
	324	472
	323	473
.PEN_UP
.PEN_DOWN
	318	475
	317	475
	318	475
	319	476
	321	476
	324	477
	327	477
	328	477
	327	477
.PEN_UP
.PEN_DOWN
	342	492
	342	491
	342	488
	343	486
	343	481
	344	478
	344	475
	344	473
	344	472
.PEN_UP
.PEN_DOWN
	351	493
	352	492
	351	489
	351	486
	351	483
	351	479
	351	477
	352	475
	352	473
	352	472
	353	471
	355	471
	357	471
	358	472
	359	473
	358	474
	357	475
	355	476
	353	477
	351	477
	350	476
.PEN_UP
.PEN_DOWN
	364	493
	365	493
	365	492
	366	486
	366	482
	366	480
	366	475
	366	473
	366	472
	366	471
	366	472
.PEN_UP
