
.WRITER_ID IanFelix
.STYLE PRINTED
.PEN_DOWN
	86	330
	86	331
	86	330
	86	329
	86	328
	87	327
	87	325
	87	324
	87	322
	87	318
	87	316
	87	314
	87	313
	87	311
	87	309
	87	308
	88	307
	88	306
	88	304
.PEN_UP
.PEN_DOWN
	64	311
	65	311
	66	311
	67	311
	68	311
	70	311
	72	311
	76	311
	79	312
	81	312
	84	312
	87	312
	90	313
	92	313
	95	314
	98	314
	100	314
	101	314
	103	314
.PEN_UP
.PEN_DOWN
	102	313
	101	312
	101	311
	101	309
	101	308
	101	307
	101	305
	101	304
	102	303
	103	302
	104	301
	105	301
	106	301
	109	301
	110	301
	111	301
	113	302
	114	303
	115	304
	116	305
	117	307
	117	308
	117	309
	117	310
	117	312
	116	313
	115	313
	114	314
	112	314
	111	314
	109	314
	107	314
	105	313
	104	313
	103	312
.PEN_UP
.PEN_DOWN
	125	314
	124	313
	123	313
	123	312
	122	312
	122	311
	122	310
	122	308
	123	307
	124	305
	125	304
	126	303
	128	303
	129	303
	131	303
	132	303
	134	303
	136	303
	137	304
	139	304
	140	305
	141	307
	141	308
	140	309
	140	310
	139	310
	137	311
	136	311
	135	312
	133	312
	129	312
	128	312
	126	312
.PEN_UP
.PEN_DOWN
	139	332
	140	332
	140	330
	140	329
	141	328
	141	326
	141	324
	142	322
	142	321
	143	319
	143	316
	144	314
	144	312
	145	309
	146	307
	146	305
	146	303
	146	302
	147	300
	147	299
	148	298
.PEN_UP
.PEN_DOWN
	155	315
	154	315
	152	314
	151	314
	150	314
	149	313
	148	312
	146	311
	146	310
	145	309
	145	308
	145	307
	145	306
	145	305
	145	304
	146	303
	147	303
	148	302
	149	302
	153	301
	155	300
	157	300
	159	300
	161	299
	162	299
	164	299
	166	298
	167	298
.PEN_UP
.PEN_DOWN
	207	312
	207	313
	208	313
	208	314
	208	315
	207	315
	207	316
	206	316
	205	316
	204	316
	202	317
	201	317
	199	317
	197	316
	196	316
	194	315
	193	314
	192	313
	190	312
	190	311
	189	310
	188	309
	188	307
	189	305
	190	304
	191	303
	193	303
	195	303
	197	303
	199	304
	201	304
	205	305
	206	306
	208	307
	209	308
	210	308
	210	309
	210	310
	209	310
	208	311
	207	311
	206	311
	206	310
	206	309
	206	307
	207	305
	207	304
	208	303
	209	303
	211	302
	212	301
	214	301
	218	300
	219	300
.PEN_UP
.PEN_DOWN
	225	335
	225	334
	225	333
	225	331
	225	328
	225	326
	225	324
	225	322
	226	320
	226	317
	226	316
	226	314
	227	312
	227	310
	228	309
	228	307
	229	304
	229	303
	230	302
	230	301
	230	300
.PEN_UP
.PEN_DOWN
	236	335
	236	334
	237	333
	237	332
	238	330
	238	328
	238	326
	239	321
	239	319
	239	317
	240	315
	240	312
	240	310
	240	308
	240	306
	240	304
	240	303
	240	301
.PEN_UP
.PEN_DOWN
	286	331
	286	332
	286	331
	287	329
	287	327
	287	325
	287	323
	287	321
	287	319
	287	316
	287	314
	287	311
	288	309
	288	307
	289	306
	289	305
	290	304
	290	303
.PEN_UP
.PEN_DOWN
	271	320
	272	320
	274	320
	275	319
	276	319
	278	318
	280	317
	282	316
	284	316
	287	315
	292	314
	295	314
	297	314
	300	314
	303	314
	306	314
	308	314
	310	314
	312	314
.PEN_UP
.PEN_DOWN
	313	323
	314	322
	314	321
	315	320
	315	318
	315	317
	315	315
	315	313
	315	311
	316	309
	316	307
	316	305
	316	302
	316	300
	317	296
	317	295
	318	294
	318	293
	318	292
	319	292
	319	293
	320	295
	320	296
	320	298
	320	299
	321	300
	321	302
	321	303
	322	305
	323	307
	324	308
	324	309
	326	310
	327	310
	327	309
	328	308
	328	307
	329	305
	329	303
	329	302
	329	300
	330	298
	330	296
	331	294
	332	293
	333	291
	334	290
	334	289
	335	289
	336	289
	337	289
.PEN_UP
.PEN_DOWN
	346	305
	345	305
	344	304
	344	303
	343	302
	343	301
	343	300
	343	297
	343	296
	343	294
	344	293
	345	292
	346	291
	347	291
	348	291
	350	291
	351	291
	352	291
	354	293
	355	294
	357	295
	357	296
	357	297
	357	298
	357	300
	357	301
	357	302
	356	303
	355	305
	354	306
	350	307
	348	307
	347	307
	345	307
	343	307
.PEN_UP
.PEN_DOWN
	365	309
	366	309
	365	309
	364	309
	363	309
	362	308
	361	308
	360	307
	360	306
	361	306
	362	305
	363	305
	366	304
	368	304
	369	303
	370	303
	371	302
	373	301
	374	300
	375	299
	376	298
	376	297
	376	296
	376	295
	375	294
	374	293
	373	293
	372	292
	371	292
	370	292
	369	292
	368	292
	367	292
	366	292
	365	293
	364	294
.PEN_UP
.PEN_DOWN
	379	295
	379	294
	380	294
	381	294
	382	294
	382	295
	383	295
	384	296
	385	297
	386	298
	387	299
	388	300
	389	302
	390	303
	391	304
	391	306
	391	307
	391	308
	390	308
	389	308
	388	308
	386	308
	385	308
	383	307
	382	306
	380	304
	378	301
	378	299
	378	298
	378	296
	378	295
	379	294
	380	293
	382	293
	383	293
	385	292
	387	292
	392	292
	394	292
	397	292
.PEN_UP
.PEN_DOWN
	433	299
	434	298
	435	297
	436	296
	437	294
	438	293
	439	289
	439	286
	439	284
	440	282
	440	280
	440	278
	441	276
	441	275
	441	273
	441	271
	442	271
	442	270
.PEN_UP
.PEN_DOWN
	428	297
	429	297
	429	298
	430	298
	430	299
	431	299
	432	300
	435	300
	437	300
	438	300
	439	300
	441	300
	443	299
	445	299
	447	298
	449	298
	450	297
	451	296
	453	295
	453	294
	453	293
	453	292
	452	292
	452	291
	450	290
	449	290
	447	289
	445	289
	444	289
	442	289
	440	289
	437	290
	434	290
.PEN_UP
.PEN_DOWN
	461	299
	461	298
	462	298
	462	297
	462	296
	462	295
	462	294
	462	293
	462	292
	462	291
	463	290
	463	289
	464	289
	464	288
	464	287
	465	287
.PEN_UP
.PEN_DOWN
	464	319
	465	319
	465	318
.PEN_UP
.PEN_DOWN
	482	304
	482	303
	483	302
	483	301
	483	300
	483	299
	483	298
	482	297
	482	295
	482	294
	482	293
	482	294
	482	295
	482	296
	482	298
	482	299
	481	300
	481	301
	480	302
	479	302
	478	302
	476	302
	475	301
	474	300
	472	297
	472	296
	471	294
	471	293
	471	291
	471	290
	472	289
	474	288
	476	287
	478	286
	480	286
	482	285
	486	285
	488	285
.PEN_UP
.PEN_DOWN
	508	323
	508	322
	508	321
	508	320
	508	317
	508	315
	508	312
	508	309
	508	307
	508	304
	507	302
	507	300
	507	296
	508	295
	508	294
	508	293
	509	292
	509	291
	509	290
.PEN_UP
.PEN_DOWN
	492	302
	493	302
	494	302
	496	303
	498	303
	499	303
	501	304
	504	304
	506	304
	509	305
	511	306
	516	306
	518	306
	520	306
	521	306
.PEN_UP
.PEN_DOWN
	520	303
	520	302
	520	301
	520	300
	519	299
	519	298
	519	297
	519	295
	519	294
	519	292
	520	291
	520	290
	521	290
	522	289
	523	289
	524	289
	526	289
	527	289
	530	290
	532	291
	533	292
	534	293
	535	294
	536	294
	537	295
	537	296
	537	297
	537	298
	536	299
	535	299
	535	298
	535	297
	535	296
	535	295
	535	294
	535	293
	536	292
	537	290
	538	289
	539	289
	540	289
	541	288
	543	288
.PEN_UP
.PEN_DOWN
	549	297
	550	296
	550	295
	550	294
	550	293
	551	292
	551	291
	551	290
	552	289
	552	288
	553	288
	554	289
	554	290
	554	291
	554	293
	554	294
	553	295
	553	296
	552	297
	552	298
	551	300
	551	301
	551	302
	551	303
	551	305
	552	305
	552	304
	554	304
	555	303
	556	303
	558	303
	560	303
	562	302
	564	302
.PEN_UP
.PEN_DOWN
	564	291
	566	290
	567	290
	568	290
	569	291
	571	292
	571	293
	572	293
	573	294
	573	295
	574	296
	574	297
	574	298
	574	299
	573	300
	571	300
	570	300
	566	300
	565	299
	565	298
	563	297
	563	295
	562	294
	562	292
	562	290
	563	289
	565	288
	566	287
	567	287
	569	286
	571	286
	573	286
	574	286
	577	287
.PEN_UP
.PEN_DOWN
	598	302
	597	302
	596	302
	594	302
	593	302
	592	302
	591	302
	590	302
	589	302
	588	302
	587	302
	587	301
	588	300
	589	299
	591	298
	592	298
	594	297
	596	296
	599	295
	601	294
	602	293
	603	293
	604	292
	605	291
	605	290
	605	289
	604	289
	602	288
	600	288
	599	288
	596	288
	594	289
	592	289
	590	289
	588	289
	586	289
	585	289
	584	289
.PEN_UP
.PEN_DOWN
	660	301
	659	301
	658	301
	657	301
	656	300
	655	300
	654	299
	652	298
	651	298
	649	296
	648	295
	648	294
	648	293
	648	292
	648	291
	648	290
	649	289
	650	289
	651	288
	652	288
	656	287
	657	287
	658	287
	659	288
	661	288
	662	289
	662	290
	662	291
	662	292
	662	293
	660	294
	659	295
	657	295
	655	296
	653	297
	652	298
	650	298
.PEN_UP
.PEN_DOWN
	671	298
	672	298
	673	298
	674	298
	675	299
	676	300
	679	302
	680	303
	681	305
	682	306
	684	307
	685	308
	685	310
	686	311
	686	312
	686	313
	686	314
	686	316
	685	317
	684	318
	682	318
	680	318
	678	317
	678	316
	677	315
	676	314
	674	308
	673	306
	673	304
	673	302
	673	300
	673	298
	674	296
	674	294
	675	293
	675	291
	675	290
	676	289
	677	288
	677	287
	677	286
.PEN_UP
.PEN_DOWN
	658	298
	658	297
	659	297
	659	296
	661	296
	665	296
	667	297
	670	297
	672	297
	675	297
	678	297
	680	297
	683	297
	685	297
	688	297
	690	296
	692	296
.PEN_UP
