
.WRITER_ID JeffJohnson
.STYLE PRINTED
.PEN_DOWN
	171	473
	171	475
	171	476
	170	473
	170	471
	170	465
	171	462
	173	464
	176	469
	177	470
	177	472
	177	471
	177	469
	177	468
	178	465
	180	466
	182	467
	185	471
	186	477
	186	478
	184	478
	180	477
.PEN_UP
.PEN_DOWN
	198	472
	198	473
	198	474
	198	476
	196	478
	195	478
	193	478
	190	475
	190	473
	190	470
	191	469
	193	469
	196	472
	197	474
	197	475
	197	474
	197	472
	197	471
	199	468
	201	467
.PEN_UP
.PEN_DOWN
	207	477
	208	477
	208	475
	209	472
	209	471
	210	469
	210	468
	210	470
	210	471
	210	473
	211	474
	213	475
	215	476
	218	476
.PEN_UP
.PEN_DOWN
	227	471
	226	472
	226	473
	226	475
	226	477
	226	478
	228	479
	229	479
	231	478
	233	475
	234	473
	234	471
	233	471
	232	474
	232	475
	233	477
	235	478
	237	478
	240	475
	241	473
	242	471
	242	469
.PEN_UP
.PEN_DOWN
	271	479
	270	480
	270	481
	268	481
	267	479
	266	476
	265	474
	267	471
	270	471
	273	471
	276	472
.PEN_UP
.PEN_DOWN
	280	476
	279	478
	279	476
	279	473
	279	472
	281	472
	284	474
	286	476
	287	478
	287	480
	286	480
.PEN_UP
.PEN_DOWN
	297	481
	297	479
	297	477
	297	472
	298	467
	298	466
	298	468
	297	471
	297	473
	296	477
	295	480
	295	481
	295	483
	296	484
	297	485
	300	486
	302	486
	304	486
	305	485
	305	483
	305	482
	302	480
	300	479
	299	479
	298	479
.PEN_UP
.PEN_DOWN
	312	485
	312	486
	311	487
	311	486
	310	485
	308	483
	308	481
	309	480
	312	479
	313	479
	315	478
	315	477
	315	476
	313	475
	311	474
.PEN_UP
.PEN_DOWN
	337	479
	336	480
	336	482
	335	483
	334	483
	332	481
	331	477
	331	476
	333	475
	337	476
	339	478
	341	480
	340	482
	339	482
	337	481
	336	481
.PEN_UP
.PEN_DOWN
	355	487
	356	490
	356	491
	356	493
	355	495
	353	495
	351	494
	349	491
	349	488
	350	482
	354	478
	355	477
	355	476
	356	476
.PEN_UP
.PEN_DOWN
	358	485
	357	485
	355	485
	350	485
	348	484
	346	484
.PEN_UP
.PEN_DOWN
	380	490
	379	491
	378	491
	378	488
	378	484
	378	482
	377	478
	377	477
	377	478
	378	481
	379	484
	380	485
	382	485
	384	485
	385	485
	387	483
	388	480
	388	479
	387	477
	384	476
	380	477
	379	477
	378	478
	380	477
.PEN_UP
.PEN_DOWN
	392	478
	392	479
	393	479
	394	480
	396	481
	398	483
	399	485
	399	486
	397	487
	395	487
	394	486
	393	483
	394	480
	396	479
	399	478
	401	478
.PEN_UP
.PEN_DOWN
	409	486
	410	488
	410	489
	410	490
	406	490
	405	489
	404	488
	404	486
	404	485
	405	485
	408	484
	412	484
	413	483
	413	482
	413	481
	411	480
	409	479
	407	479
.PEN_UP
.PEN_DOWN
	419	493
	418	492
	419	490
	419	487
	420	484
	420	482
	421	481
	422	481
.PEN_UP
.PEN_DOWN
	426	490
	425	490
	422	490
	417	490
	416	490
	415	490
.PEN_UP
.PEN_DOWN
	451	487
	450	487
	450	486
	450	485
	450	484
	451	481
	452	478
	452	475
	452	472
	450	472
	446	473
	442	474
	441	474
	440	475
.PEN_UP
.PEN_DOWN
	451	496
	451	497
	451	496
.PEN_UP
.PEN_DOWN
	468	491
	467	492
	466	493
	465	493
	463	493
	460	489
	460	487
	460	485
	463	485
	464	486
	466	488
	466	490
	467	487
	467	486
	469	483
	471	483
	472	483
.PEN_UP
.PEN_DOWN
	475	491
	475	490
	476	488
	476	486
	477	484
	477	483
	478	483
	479	483
	480	483
	482	487
	483	490
	483	491
	483	492
	483	491
.PEN_UP
.PEN_DOWN
	497	491
	498	493
	497	494
	494	495
	493	494
	491	491
	490	490
	489	487
	491	487
	492	487
	495	490
	497	492
	497	491
	497	490
	498	489
	499	487
	501	485
	502	485
	503	485
.PEN_UP
