
.WRITER_ID JeanHale
.STYLE PRINTED
.PEN_DOWN
	195	461
	194	463
	193	462
	192	461
	191	460
	190	458
	189	454
	189	452
	191	451
	191	450
	192	449
	192	448
	194	447
	195	447
	196	447
	197	447
	198	447
	199	448
	200	449
	201	450
	201	451
	200	452
	200	454
	199	454
	199	455
	198	456
	197	457
	195	458
	195	460
	194	460
	193	461
	192	461
	192	460
.PEN_UP
.PEN_DOWN
	216	445
	215	446
	215	447
	215	448
	214	450
	214	451
	214	453
	214	457
	214	458
	214	459
	215	458
	216	457
	216	456
	217	456
	217	455
	218	455
	219	454
	220	453
	221	452
	222	451
	223	449
	223	448
	224	448
	224	447
	225	446
	225	445
	226	445
	226	446
	226	447
	226	450
	226	452
	227	455
	228	458
	228	460
	228	459
.PEN_UP
.PEN_DOWN
	259	456
	259	457
	258	457
	258	456
	258	454
	258	452
	259	451
	259	449
	259	448
.PEN_UP
.PEN_DOWN
	249	455
	249	456
	250	457
	254	457
	255	458
	258	458
	262	458
	264	458
	265	458
	266	458
	267	458
.PEN_UP
.PEN_DOWN
	284	457
	284	458
	284	459
	284	458
	284	456
	285	453
	285	452
	286	450
	286	448
	285	448
.PEN_UP
.PEN_DOWN
	289	458
	289	459
	289	458
	290	457
	290	455
	291	453
	291	452
	291	450
	291	449
	291	448
	292	448
	291	448
	291	447
.PEN_UP
.PEN_DOWN
	284	453
	283	453
	284	453
	285	454
	286	454
	287	454
	288	454
	289	454
	289	453
.PEN_UP
.PEN_DOWN
	302	458
	302	459
	302	460
	302	458
	302	457
	302	455
	302	453
	302	451
	302	450
	302	449
	302	450
	303	450
	304	450
	305	450
	306	450
	307	450
	308	450
	309	450
	310	450
	311	450
	310	450
.PEN_UP
.PEN_DOWN
	301	455
	302	456
	304	456
	305	456
	306	457
	307	456
	308	456
	308	457
.PEN_UP
.PEN_DOWN
	301	460
	301	461
	302	461
	305	462
	307	463
	310	463
	311	464
	312	464
	311	464
.PEN_UP
.PEN_DOWN
	341	462
	340	463
	341	463
	342	461
	342	460
	344	458
	345	456
	345	454
	346	453
	346	452
	347	451
	347	452
	348	453
	349	455
	350	459
	352	463
	353	465
	354	467
	354	466
	355	465
.PEN_UP
.PEN_DOWN
	361	466
	361	467
	361	466
	361	465
	360	463
	360	460
	360	458
	360	457
	360	455
	360	454
	360	453
	360	454
	361	454
	362	455
	364	455
	366	456
	367	456
	368	456
	369	456
	368	456
.PEN_UP
.PEN_DOWN
	361	461
	360	462
	362	463
	364	463
	366	463
	367	463
	368	464
	368	463
	367	463
.PEN_UP
.PEN_DOWN
	361	468
	361	469
	362	469
	363	469
	364	469
	367	469
	368	470
	370	470
	371	470
.PEN_UP
.PEN_DOWN
	381	467
	381	468
	380	468
	380	469
	380	468
	380	466
	380	464
	380	460
	380	458
	380	455
	381	454
	381	453
	381	454
	383	454
	386	455
	387	456
	390	456
	391	456
	391	457
.PEN_UP
.PEN_DOWN
	398	469
	398	468
	398	467
	399	465
	400	462
	401	459
	402	458
	403	457
	403	456
	403	455
	404	455
	404	456
	405	459
	408	463
	409	467
	409	468
	410	469
	410	470
.PEN_UP
.PEN_DOWN
	419	469
	419	471
	419	470
	419	467
	419	464
	419	463
	419	461
	420	460
	422	460
	424	460
	425	460
	427	460
	428	460
	427	460
.PEN_UP
.PEN_DOWN
	419	466
	418	466
	419	466
	420	467
	422	467
	423	467
	424	468
	425	468
	426	468
	425	468
.PEN_UP
.PEN_DOWN
	419	471
	419	472
	420	472
	421	473
	423	473
	425	473
	426	473
	427	472
	427	473
.PEN_UP
.PEN_DOWN
	445	465
	445	468
	445	469
	445	468
	445	467
	445	465
	445	463
	445	461
	444	460
	444	459
.PEN_UP
.PEN_DOWN
	436	468
	436	469
	437	469
	437	470
	442	471
	445	472
	446	473
	449	473
	450	473
.PEN_UP
.PEN_DOWN
	477	475
	476	475
	476	474
	475	474
	474	473
	473	472
	472	469
	472	468
	471	466
	472	464
	473	463
	474	462
	475	462
	476	462
	477	462
	478	462
	480	462
	481	463
	482	463
	483	464
	484	466
	485	468
	485	469
	485	471
	485	473
	485	474
	484	475
	484	476
	483	477
	482	477
	481	477
	479	477
	477	477
	476	477
	475	477
.PEN_UP
.PEN_DOWN
	479	466
	478	467
	479	467
	481	467
	483	468
	484	468
	485	467
	486	466
	486	464
	486	463
	486	462
	487	461
	487	460
	487	459
	488	459
	487	459
	488	459
	487	459
.PEN_UP
.PEN_DOWN
	501	474
	502	474
	502	473
	502	471
	502	470
	502	467
	502	466
	501	466
	501	464
	502	463
	502	462
	503	462
	503	461
	504	461
	505	460
	506	460
	507	460
	507	461
	508	461
	509	462
	510	462
	510	463
	511	464
	511	466
	512	466
	512	468
	513	470
	513	471
	512	472
	512	473
	511	474
	511	475
	511	476
	510	477
.PEN_UP
.PEN_DOWN
	519	473
	519	472
	519	471
	519	469
	519	466
	519	465
	518	463
	518	462
	518	461
	519	461
	519	463
.PEN_UP
.PEN_DOWN
	528	472
	527	473
	527	472
	527	470
	526	467
	526	465
	526	464
	526	463
	525	463
	525	462
	526	462
	527	461
	528	462
	529	462
	533	463
	535	464
	536	464
.PEN_UP
.PEN_DOWN
	550	471
	549	472
	549	471
	549	470
	548	467
	548	464
	548	462
	548	461
	548	460
.PEN_UP
.PEN_DOWN
	542	473
	544	474
	547	474
	550	475
	554	475
	559	476
	560	476
	561	476
	560	476
.PEN_UP
