
.WRITER_ID JeanHale
.STYLE PRINTED
.PEN_DOWN
	167	493
	166	493
	166	490
	166	485
	166	482
	166	477
	166	474
	166	473
	166	472
	167	471
	167	472
.PEN_UP
.PEN_DOWN
	180	489
	180	490
	179	491
	177	491
	176	491
	175	490
	175	488
	175	487
	176	484
	177	480
	177	476
	178	475
	178	473
	178	470
	178	469
	178	468
.PEN_UP
.PEN_DOWN
	173	478
	172	479
	172	480
	175	481
	176	481
	179	481
	181	481
.PEN_UP
.PEN_DOWN
	198	471
	198	472
	197	473
	197	474
	197	475
	197	478
	197	481
	197	483
	197	486
	196	488
	196	489
	196	490
	196	491
	197	491
	197	492
	196	492
	197	492
	197	491
	197	490
	198	488
	198	486
	200	483
	200	481
	201	479
	201	478
	202	475
	202	474
	203	473
	203	471
	204	471
	204	470
	204	469
	205	469
	205	468
	206	468
	205	468
	205	467
	205	468
	205	467
	205	468
	205	469
	205	470
	205	472
	205	476
	206	481
	206	482
	206	486
	207	489
	207	491
	208	492
	208	493
	209	494
	209	495
	209	494
	209	493
	209	492
	209	490
	210	487
	210	486
	210	482
	211	481
	211	477
	212	474
	212	473
	212	472
	212	470
	212	469
	213	469
.PEN_UP
.PEN_DOWN
	220	481
	219	482
	218	482
	218	481
	218	480
	218	479
	219	478
	219	477
	219	476
	219	475
	220	475
	220	473
	221	473
	222	473
	223	473
	223	474
	223	475
	224	476
	224	478
	225	479
	225	480
	225	479
	225	478
	225	477
	224	475
	224	473
	224	472
	223	471
	223	469
	222	467
	222	466
	221	465
	219	464
	218	464
	217	463
	216	463
	216	462
.PEN_UP
.PEN_DOWN
	244	471
	243	471
	243	472
	243	473
	243	475
	242	476
	242	478
	242	480
	242	481
	241	483
	241	484
	241	485
	241	486
	241	487
	241	488
	242	488
	243	487
	244	486
	245	486
	246	483
	247	481
	247	479
	248	477
	249	475
	249	474
	250	473
	250	472
	251	472
	251	473
	251	475
	251	476
	251	479
	251	482
	251	485
	251	488
	252	490
	252	491
	252	492
	253	492
	252	492
	253	492
.PEN_UP
.PEN_DOWN
	264	479
	264	480
	264	481
	263	482
	262	482
	262	481
	261	480
	260	478
	260	476
	260	475
	260	474
	261	473
	262	474
	262	475
	263	476
	263	477
	263	478
	264	477
	264	476
	264	474
	265	473
	265	471
	266	471
	267	471
	268	471
	269	471
	269	472
	270	472
	269	472
.PEN_UP
.PEN_DOWN
	278	482
	276	482
	277	481
	277	479
	277	477
	278	475
	278	476
	278	478
	278	479
	279	481
	281	482
	282	483
	283	483
	284	482
	284	481
	285	479
	285	478
	285	477
	285	476
	285	477
	286	477
	287	479
	287	481
	288	482
	289	483
	290	483
	291	483
	291	482
	291	481
	291	479
	291	477
	291	476
	291	475
	291	474
.PEN_UP
.PEN_DOWN
	299	478
	298	478
	299	479
	300	478
	302	478
	303	478
	305	478
	305	479
	306	481
	307	482
	307	484
	306	484
	304	484
	302	482
	301	482
	300	481
	299	480
	298	480
	297	479
	297	478
	297	477
	297	475
	298	475
	301	473
	304	473
	305	473
	307	473
	308	474
	309	475
.PEN_UP
.PEN_DOWN
	319	479
	319	480
	320	480
	323	480
	324	480
	326	480
	328	480
	329	480
	328	480
	328	481
.PEN_UP
.PEN_DOWN
	319	476
	320	476
	322	476
	323	476
	325	476
	327	476
	328	476
	329	476
	329	477
.PEN_UP
.PEN_DOWN
	341	492
	341	491
	342	489
	342	488
.PEN_UP
.PEN_DOWN
	344	494
	344	495
	343	494
	343	493
	344	491
	344	489
	345	488
.PEN_UP
.PEN_DOWN
	353	489
	353	490
	354	490
	353	490
	354	490
	354	489
	355	488
	355	486
	356	485
	356	483
	357	482
	357	481
	358	481
	359	481
	360	482
	360	483
	362	485
	363	487
	365	488
	366	490
	367	492
	367	491
.PEN_UP
.PEN_DOWN
	358	481
	357	481
	357	480
	357	477
	357	475
	357	474
.PEN_UP
.PEN_DOWN
	381	490
	381	491
	380	491
	379	491
	379	490
	378	490
	378	488
	377	488
	377	487
	377	485
	377	484
	378	484
	379	483
	380	483
	381	483
	382	484
	383	485
	383	486
	384	487
	384	488
	384	489
	384	490
	383	491
	382	491
	381	491
	380	491
.PEN_UP
.PEN_DOWN
	393	488
	393	489
	393	488
	393	487
	393	486
	393	485
	393	484
	394	483
	395	483
	396	483
	397	483
	398	484
	400	486
	400	488
	400	490
	400	491
.PEN_UP
.PEN_DOWN
	405	491
	405	492
	406	491
	406	490
	406	488
	407	486
	407	484
	407	483
	407	484
	407	485
	408	486
	408	487
	409	489
	410	490
	413	491
	414	491
	416	491
.PEN_UP
.PEN_DOWN
	432	496
	431	496
	432	494
	432	492
	432	489
	433	486
	433	483
	433	482
	433	481
	432	481
.PEN_UP
.PEN_DOWN
	432	495
	431	496
	434	497
	435	498
	437	498
	440	499
	441	499
	440	499
	440	498
.PEN_UP
.PEN_DOWN
	432	491
	433	491
	434	491
	436	491
	438	491
	439	491
	440	492
	439	492
.PEN_UP
.PEN_DOWN
	444	487
	444	488
	443	488
	443	489
	443	488
	444	488
	445	486
	446	485
	446	484
	447	483
	446	483
	446	484
	446	485
	446	486
	446	487
	447	488
	448	489
	449	489
	451	490
	453	490
	454	490
.PEN_UP
.PEN_DOWN
	464	490
	463	491
	464	491
	464	490
	464	489
	465	487
	465	485
	466	484
	466	483
	466	482
	466	483
	466	484
.PEN_UP
.PEN_DOWN
	472	489
	470	490
	471	490
	472	489
	474	490
	475	490
	476	490
	476	491
	476	492
	474	492
	472	492
	471	492
	471	491
	469	490
	469	489
	469	488
	470	487
	471	485
	472	484
	474	484
	476	484
	477	484
	478	485
	480	485
	479	485
.PEN_UP
.PEN_DOWN
	486	490
	487	490
	487	489
	487	487
	487	486
	487	483
	488	482
	488	483
	487	484
	487	486
	487	487
	487	489
	488	490
	490	490
	493	490
	495	490
	496	490
	497	489
	497	487
	497	485
	497	483
	497	482
	497	481
	497	482
.PEN_UP
.PEN_DOWN
	514	498
	513	499
	513	498
	515	496
	515	494
	516	491
	516	490
	516	486
	516	485
	517	485
	517	486
	516	486
	516	488
	515	489
	515	490
	513	492
	511	492
	510	492
	509	491
	508	490
	508	486
	510	485
	512	484
	515	484
	516	484
	516	485
	516	484
.PEN_UP
.PEN_DOWN
	524	484
	523	485
	524	483
	524	482
	523	479
.PEN_UP
.PEN_DOWN
	538	499
	536	499
	536	497
	536	495
.PEN_UP
.PEN_DOWN
	540	501
	540	500
	540	497
	540	495
.PEN_UP
