
.WRITER_ID JeanHale
.STYLE PRINTED
.PEN_DOWN
	190	470
	189	471
	189	469
	189	468
	189	465
	189	463
	189	459
	189	457
	189	456
	189	454
.PEN_UP
.PEN_DOWN
	189	469
	187	470
	189	471
	190	471
	192	472
	195	472
	196	472
	198	472
	198	471
.PEN_UP
.PEN_DOWN
	191	461
	190	462
	191	463
	193	463
	194	463
	195	463
	196	462
.PEN_UP
.PEN_DOWN
	208	467
	208	466
	208	464
	208	462
	209	460
	209	458
	209	457
	209	456
	209	457
	209	456
.PEN_UP
.PEN_DOWN
	215	467
	215	468
	215	467
	215	465
	216	464
	216	461
	216	458
	216	457
	216	456
.PEN_UP
.PEN_DOWN
	216	467
	214	468
	214	469
	215	469
	216	472
	217	472
	219	472
	220	473
	221	473
	223	472
	223	471
	223	470
	223	467
	222	466
	221	465
	219	464
	217	464
	217	465
	218	465
	219	465
	219	466
	220	465
	221	464
	222	463
	222	461
	223	459
	225	457
	225	456
	226	455
	226	454
	227	454
	227	455
	227	454
.PEN_UP
.PEN_DOWN
	245	469
	244	470
	244	471
	243	471
	243	472
	243	473
	242	473
	241	474
	240	474
	238	474
	237	474
	236	473
	236	471
	235	471
	236	471
	236	470
	237	470
	238	469
	240	469
	241	468
	242	467
	243	466
	244	465
	244	464
	244	463
	245	462
	245	461
	244	460
	243	459
	242	458
	240	457
	239	457
	237	458
	236	459
.PEN_UP
.PEN_DOWN
	258	470
	259	469
	259	468
	259	465
	258	462
	258	461
	258	460
	258	459
.PEN_UP
.PEN_DOWN
	252	469
	252	470
	253	470
	253	471
	255	471
	258	471
	259	472
	262	472
	264	472
	265	472
	265	471
	265	472
.PEN_UP
.PEN_DOWN
	300	467
	299	468
	299	466
	299	464
	300	461
	300	458
	300	457
	300	456
	300	457
	300	458
	300	459
	300	461
	299	462
	299	463
	299	466
	299	467
	299	468
	299	469
	301	470
	301	471
	303	471
	305	470
	307	468
	307	467
	308	463
	308	461
	308	460
	308	459
	309	459
	309	460
	309	461
	309	462
	309	463
	310	465
	311	468
	311	469
	312	471
	312	472
	313	472
	314	471
	315	470
	316	469
	317	467
	318	464
	319	463
	319	460
	319	458
	319	457
	319	456
.PEN_UP
.PEN_DOWN
	332	459
	332	461
	332	464
	334	469
	334	471
	335	474
	336	476
	337	476
	336	476
	337	476
	337	475
	338	473
	339	471
	340	469
	341	465
	342	463
	343	460
	343	458
	343	457
	344	456
	344	457
	344	458
.PEN_UP
.PEN_DOWN
	331	464
	332	464
	332	465
	333	465
	335	464
	336	464
	338	463
	339	463
	339	462
	339	463
.PEN_UP
.PEN_DOWN
	356	468
	357	467
	357	465
	357	463
	357	460
	357	459
	358	458
	357	459
.PEN_UP
.PEN_DOWN
	351	465
	350	466
	351	467
	354	469
	356	470
	360	472
	363	473
	364	473
.PEN_UP
.PEN_DOWN
	372	471
	371	472
	371	471
	371	467
	371	464
	371	463
	371	461
	370	459
	370	458
	371	458
	372	458
	373	458
	376	458
	377	458
	380	458
	381	458
	382	458
	383	458
.PEN_UP
.PEN_DOWN
	370	463
	370	464
	371	464
	371	465
	373	465
	374	465
	376	465
	378	465
	379	465
	379	466
.PEN_UP
.PEN_DOWN
	372	470
	371	471
	372	471
	373	471
	375	471
	377	471
	378	471
	379	471
.PEN_UP
.PEN_DOWN
	399	471
	400	469
	400	466
	401	463
	401	462
	401	460
	401	459
	401	458
	403	458
	405	458
	406	458
	409	458
	411	459
	412	459
	413	459
	413	460
.PEN_UP
.PEN_DOWN
	400	462
	399	463
	400	463
	400	464
	400	465
	401	465
	404	466
	405	466
	408	467
	409	467
	410	467
	410	468
	410	467
.PEN_UP
.PEN_DOWN
	402	470
	401	471
	400	471
	401	471
	405	472
	406	472
	408	473
	409	473
	410	473
.PEN_UP
.PEN_DOWN
	422	472
	423	471
	424	471
	426	469
	428	467
	430	465
	432	463
	433	462
.PEN_UP
.PEN_DOWN
	432	471
	432	472
	431	472
	431	471
	430	469
	427	465
	427	463
	426	460
	425	458
	425	459
	426	459
.PEN_UP
.PEN_DOWN
	451	458
	450	459
	450	458
	450	459
	449	460
	448	462
	448	463
	447	466
	447	468
	447	470
	447	471
	447	472
	446	472
	446	473
	447	473
	448	473
	450	474
	453	475
	455	475
	456	475
	458	475
	460	475
	461	475
	461	474
	462	473
	461	472
	460	469
	460	468
	458	467
	455	466
	454	466
	451	466
	450	466
	450	468
.PEN_UP
.PEN_DOWN
	468	472
	468	473
	468	472
	468	471
	468	469
	469	466
	469	465
	469	463
	469	462
	469	461
	470	461
	472	461
	474	461
	476	461
	478	461
	479	461
	480	461
.PEN_UP
.PEN_DOWN
	469	466
	470	466
	473	467
	474	467
	476	468
	477	468
.PEN_UP
.PEN_DOWN
	467	471
	467	472
	468	473
	469	473
	473	473
	476	474
	477	474
	480	474
.PEN_UP
.PEN_DOWN
	494	469
	494	470
	493	471
	492	473
	491	473
	490	473
	489	473
	488	473
	488	471
	486	469
	485	467
	485	466
	485	464
	485	463
	486	462
	487	461
	488	461
	490	461
	491	461
	492	461
	493	460
	494	460
.PEN_UP
.PEN_DOWN
	503	470
	503	471
	504	470
	504	469
	504	468
	504	466
	504	464
	504	463
	504	460
	504	459
.PEN_UP
.PEN_DOWN
	495	471
	495	472
	497	472
	498	472
	502	472
	505	472
	506	472
	508	472
	509	472
.PEN_UP
.PEN_DOWN
	516	471
	515	472
	515	471
	515	469
	515	466
	515	463
	515	461
	515	460
	515	459
	516	459
	517	459
	519	459
	521	459
	524	460
	525	460
	526	460
	526	459
.PEN_UP
.PEN_DOWN
	515	465
	518	465
	521	465
	522	466
	524	466
	525	466
.PEN_UP
.PEN_DOWN
	514	471
	514	472
	515	472
	518	472
	521	473
	523	473
	525	473
	527	473
	528	472
	527	472
	526	471
.PEN_UP
.PEN_DOWN
	538	471
	537	472
	538	471
	538	472
	538	471
	538	469
	538	467
	539	464
	539	463
	539	462
.PEN_UP
.PEN_DOWN
	535	471
	534	472
	535	472
	537	473
	540	474
	541	474
	544	475
	545	474
	547	474
	548	473
	548	471
	548	468
	548	466
	547	465
	546	463
	545	461
	544	461
	543	459
	541	458
	540	458
	539	457
	537	458
	536	458
	536	459
.PEN_UP
.PEN_DOWN
	573	458
	573	459
	573	460
	573	463
	573	464
	574	467
	575	470
	575	471
	576	473
	576	474
	577	475
	578	476
	578	477
	579	478
	580	477
	580	476
	581	475
	582	472
	582	469
	583	468
	584	464
	584	462
	584	461
	584	460
	584	459
.PEN_UP
.PEN_DOWN
	572	463
	571	464
	571	465
	572	465
	573	465
	575	465
	577	465
	580	465
	581	465
.PEN_UP
.PEN_DOWN
	612	474
	612	475
	612	474
	613	473
	613	472
	614	469
	615	467
	615	465
	615	464
	615	462
	615	461
	615	460
	614	459
	613	459
	612	458
	610	457
	609	457
	607	458
	606	457
	605	457
.PEN_UP
.PEN_DOWN
	621	471
	621	472
	621	470
	620	468
	620	467
	620	463
	620	461
	620	459
	621	458
	622	458
	625	458
	627	458
	628	458
	629	458
	628	458
.PEN_UP
.PEN_DOWN
	620	465
	621	466
	624	466
	625	466
	627	467
	629	467
	628	467
	627	467
.PEN_UP
.PEN_DOWN
	620	471
	620	472
	621	472
	622	472
	626	473
	627	474
	629	474
	630	474
.PEN_UP
.PEN_DOWN
	643	474
	642	476
	642	477
	642	475
	642	473
	643	471
	644	469
	644	466
	645	463
	644	461
	643	459
	642	459
	641	459
	641	458
	640	458
	639	458
	638	458
	638	457
.PEN_UP
.PEN_DOWN
	652	471
	652	470
	652	469
	653	465
	653	463
	653	462
	654	460
	654	459
	654	458
	655	457
	656	457
	658	458
	659	460
	660	463
	660	464
	660	465
	660	466
.PEN_UP
.PEN_DOWN
	667	458
	667	459
	667	461
	667	463
	667	464
	667	467
	667	469
	667	470
	668	471
	668	470
	669	469
	670	468
	671	466
	671	465
	673	464
	673	462
	674	461
	675	460
	675	459
	676	459
	676	458
	677	458
	677	459
	677	461
	677	462
	678	464
	678	467
	678	468
	678	469
	679	471
	679	473
	679	474
.PEN_UP
.PEN_DOWN
	687	471
	688	471
	688	470
	687	469
	687	467
	687	465
	687	464
	687	462
	687	460
	687	459
	689	459
	691	459
	692	460
	694	460
	695	461
	694	460
.PEN_UP
.PEN_DOWN
	688	464
	689	464
	690	465
	692	465
	695	466
	696	466
	697	466
	697	467
	697	466
	696	467
.PEN_UP
.PEN_DOWN
	688	469
	687	470
	688	471
	689	471
	692	471
	696	470
	698	470
	699	470
	699	471
.PEN_UP
