
.WRITER_ID JeanHale
.STYLE PRINTED
.PEN_DOWN
	191	473
	190	473
	189	473
	189	472
	187	470
	186	468
	186	467
	186	465
	186	464
	187	463
	187	461
	188	460
	189	460
	190	459
	191	458
	192	458
	193	458
	194	458
	195	459
	196	459
	197	460
	197	461
	198	462
	198	464
	198	465
	198	466
	198	467
	198	468
	197	469
	197	470
	196	471
	195	472
	194	472
	193	472
	192	472
	191	472
	190	472
	189	472
	188	470
	188	469
.PEN_UP
.PEN_DOWN
	205	470
	205	471
	205	470
	206	469
	206	467
	208	465
	208	463
	209	463
	209	462
	209	461
	209	460
	210	460
	210	462
	211	463
	211	465
	213	469
	214	471
	214	473
	214	474
	214	473
	214	472
.PEN_UP
.PEN_DOWN
	225	473
	225	472
	225	471
	225	469
	225	468
	225	466
	225	465
	225	464
	225	463
	225	462
	225	461
	225	460
	226	460
	227	460
	228	460
	230	460
	231	460
	232	460
	233	460
	234	460
	235	460
	236	460
	235	460
.PEN_UP
.PEN_DOWN
	225	466
	226	466
	227	466
	229	466
	230	467
	231	467
	232	467
	233	467
	234	467
	233	467
.PEN_UP
.PEN_DOWN
	225	474
	226	474
	227	474
	228	474
	230	474
	231	473
	232	473
	234	473
	235	473
	236	473
	237	473
	237	474
	236	474
.PEN_UP
.PEN_DOWN
	247	472
	248	472
	247	473
	247	472
	247	470
	248	467
	248	466
	248	463
	248	462
	248	461
	248	460
	248	459
	248	460
	248	459
	248	460
	248	459
	248	460
.PEN_UP
.PEN_DOWN
	246	471
	247	472
	248	473
	249	474
	250	475
	252	475
	253	476
	254	477
	255	477
	256	476
	256	475
	257	474
	257	473
	256	473
	256	471
	255	471
	254	469
	253	469
	252	468
	251	468
	251	469
	251	468
	253	467
	254	466
	254	465
	255	463
	256	462
	256	461
	257	460
	258	459
	258	458
	258	457
	257	457
.PEN_UP
.PEN_DOWN
	290	470
	291	471
	291	470
	292	469
	292	467
	292	465
	292	463
	292	461
	292	460
	292	459
	292	458
	292	457
.PEN_UP
.PEN_DOWN
	284	468
	284	467
	284	468
	285	469
	287	469
	290	470
	292	470
	293	470
	296	471
	297	471
	298	471
	298	472
	298	471
.PEN_UP
.PEN_DOWN
	307	471
	307	470
	307	467
	307	465
	307	463
	307	462
	307	460
	307	459
	307	458
	307	457
	307	458
.PEN_UP
.PEN_DOWN
	313	472
	314	472
	314	471
	314	470
	314	468
	314	465
	314	464
	314	462
	314	460
	314	459
	314	458
	315	458
	315	457
	314	458
.PEN_UP
.PEN_DOWN
	306	464
	308	464
	310	464
	311	464
	312	465
	312	464
.PEN_UP
.PEN_DOWN
	330	472
	331	472
	331	473
	331	472
	332	470
	332	468
	332	466
	332	465
	332	464
	332	463
	332	461
	332	460
	333	460
	333	461
	334	461
	336	461
	338	461
	340	461
	341	461
	342	461
	341	461
.PEN_UP
.PEN_DOWN
	330	469
	330	470
	331	470
	332	469
	333	469
	334	469
	335	469
	336	469
.PEN_UP
.PEN_DOWN
	331	474
	331	473
	332	473
	333	473
	334	473
	335	474
	336	474
	337	474
	339	474
	341	473
	342	473
	343	473
	344	473
	343	473
.PEN_UP
.PEN_DOWN
	368	471
	368	472
	368	471
	368	468
	368	465
	368	464
	369	461
	369	460
	369	459
	370	459
	370	460
	371	460
	372	460
	372	461
	375	461
	377	461
	378	461
	380	461
	381	462
	381	461
.PEN_UP
.PEN_DOWN
	387	460
	388	459
	388	460
	388	461
	388	463
	390	466
	390	469
	391	471
	391	472
	391	471
	392	471
	393	469
	394	467
	395	465
	395	464
	395	462
	395	461
	396	460
	396	459
.PEN_UP
.PEN_DOWN
	389	464
	389	463
	390	463
	391	464
	392	464
	393	464
	394	464
	393	464
.PEN_UP
.PEN_DOWN
	403	469
	406	469
	409	470
	411	470
	413	471
	414	471
	415	471
	414	471
	414	470
	413	469
	413	468
	412	465
	411	464
	410	463
	409	463
	408	462
	407	461
	407	460
	406	459
	406	460
	407	459
	409	460
	412	460
	413	460
	416	460
	418	460
	416	462
.PEN_UP
.PEN_DOWN
	426	471
	426	470
	426	471
	426	470
	426	469
	427	468
	428	467
	428	466
	429	466
	429	465
	430	465
	430	464
	431	464
	430	463
	431	463
	430	463
.PEN_UP
.PEN_DOWN
	434	474
	434	473
	433	473
	433	472
	432	470
	431	468
	431	466
	430	462
	428	460
	428	459
	427	457
	426	455
	426	454
	426	456
.PEN_UP
.PEN_DOWN
	459	473
	459	472
	459	471
	459	470
	459	468
	460	466
	460	464
	460	463
	460	462
	460	461
	460	460
	461	460
	461	459
	461	460
	461	461
	460	461
	460	462
	460	463
	460	464
	460	466
	460	467
	459	468
	459	469
	459	471
	459	472
	459	473
	459	474
	460	475
	461	475
	462	475
	463	474
	464	474
	464	473
	465	472
	465	471
	465	470
	464	469
	463	468
	462	468
	461	467
	460	467
	459	467
	460	467
	460	468
	461	469
	463	469
	464	470
	465	470
	467	470
	469	470
	470	469
	470	468
	470	467
	471	466
	471	465
	470	464
	470	462
	469	461
	468	459
	467	458
	466	458
	465	457
	464	457
	463	457
	462	456
	461	456
	460	456
	460	457
	459	457
	458	457
	458	458
.PEN_UP
.PEN_DOWN
	483	472
	483	473
	483	472
	483	471
	483	469
	483	467
	483	465
	483	463
	483	461
	483	460
	483	459
	484	459
	486	459
	487	459
	488	459
	489	459
	490	459
	491	459
.PEN_UP
.PEN_DOWN
	498	459
	497	459
	497	460
	497	461
	497	462
	497	463
	498	465
	499	467
	499	469
	500	471
	500	473
	501	474
	500	474
	501	474
	502	474
	503	472
	504	472
	505	471
	506	468
	506	467
	507	465
	507	462
	507	460
	507	459
	507	458
	508	458
	508	459
.PEN_UP
.PEN_DOWN
	500	462
	499	463
	498	463
	498	464
	498	463
	499	463
	500	464
	503	464
	504	464
	505	464
	506	464
	506	465
	505	464
	506	464
.PEN_UP
.PEN_DOWN
	523	471
	523	472
	523	473
	522	473
	521	474
	521	475
	520	475
	519	475
	519	474
	517	474
	517	473
	516	472
	515	471
	515	469
	515	468
	515	467
	515	465
	515	463
	515	462
	515	461
	516	459
	516	458
	517	457
	518	456
	519	456
	520	455
	521	455
	522	454
	524	454
	525	454
	527	454
	528	454
.PEN_UP
.PEN_DOWN
	536	473
	536	469
	536	466
	536	464
	536	461
	536	459
	537	458
	537	457
.PEN_UP
.PEN_DOWN
	543	473
	542	473
	542	472
	541	470
	541	469
	539	468
	539	467
	538	466
	537	465
	536	465
	536	464
	537	463
	537	462
	538	462
	539	461
	540	459
	542	459
	544	458
	546	457
	548	457
	549	456
	549	455
	549	456
.PEN_UP
.PEN_DOWN
	584	472
	584	473
	584	472
	585	472
	585	469
	586	466
	586	463
	586	462
	586	461
.PEN_UP
.PEN_DOWN
	576	472
	577	473
	578	473
	581	473
	585	474
	590	474
	591	475
	594	475
	596	475
	597	473
	597	472
	597	470
	597	468
	596	466
	595	465
	593	463
	591	462
	590	461
	586	461
	583	461
	582	461
	581	461
.PEN_UP
.PEN_DOWN
	607	471
	606	472
	605	472
	605	471
	604	470
	604	469
	604	468
	604	467
	604	466
	605	465
	606	464
	607	464
	608	464
	610	464
	611	464
	613	464
	614	464
	615	465
	616	465
	617	466
	617	467
	618	467
	618	469
	619	470
	618	471
	618	472
	616	473
	615	473
	613	474
	611	474
	610	475
	608	475
	606	475
	606	474
	605	473
	605	472
.PEN_UP
.PEN_DOWN
	635	473
	635	474
	634	475
	633	475
	632	475
	631	474
	630	474
	629	473
	628	473
	627	471
	626	470
	625	469
	624	466
	624	464
	624	463
	625	462
	626	461
	626	460
	627	460
	628	460
	630	460
	631	460
	632	460
	633	460
	634	460
	635	460
	636	462
	636	463
	636	464
	635	465
	633	465
	632	465
	631	466
	634	466
	637	466
	639	466
	642	466
	644	466
.PEN_UP
