
.WRITER_ID JeanHale
.STYLE PRINTED
.PEN_DOWN
	184	473
	182	474
	181	474
	180	474
	179	473
	177	471
	177	470
	177	469
	177	465
	176	464
	177	461
	178	460
	179	460
	180	459
	182	459
	183	460
	184	462
	185	462
	186	464
	186	466
	186	467
	185	469
	185	470
	183	471
	183	472
	183	473
	182	473
	181	474
	179	474
	178	473
	177	472
	177	471
.PEN_UP
.PEN_DOWN
	194	471
	193	473
	193	472
	193	468
	194	464
	194	463
	194	461
	194	460
	194	461
	194	462
	194	463
.PEN_UP
.PEN_DOWN
	201	470
	200	472
	201	473
	202	474
	204	474
	205	474
	206	473
	206	471
	205	469
	205	468
	204	466
	202	463
	202	461
	202	460
	202	458
	203	458
	203	459
	202	460
	203	461
	205	462
	208	463
	209	463
	213	462
	214	462
	215	462
	216	462
.PEN_UP
.PEN_DOWN
	222	472
	221	473
	220	473
	222	473
	225	473
	226	473
	228	474
	229	473
	228	471
	226	470
	224	469
	222	468
	223	469
	225	470
	226	470
	228	470
	230	470
	231	470
	232	468
	233	466
	233	465
	233	462
	232	460
	232	459
	229	458
	226	458
	225	458
	224	458
.PEN_UP
.PEN_DOWN
	244	471
	244	470
	244	467
	244	466
	244	463
	245	463
	247	463
	251	463
	252	463
	254	464
	255	464
.PEN_UP
.PEN_DOWN
	249	472
	249	471
	249	470
	249	468
	248	465
	248	462
	248	460
	249	458
	249	457
.PEN_UP
.PEN_DOWN
	289	473
	288	473
	288	474
	288	473
	288	472
	287	470
	287	469
	287	468
	288	468
	288	469
	290	469
	292	469
	293	468
	294	468
	293	467
	292	464
	292	463
	289	462
	287	461
	286	461
	286	462
.PEN_UP
.PEN_DOWN
	290	473
	289	474
	288	474
	289	474
	291	474
	294	474
	297	474
	299	474
.PEN_UP
.PEN_DOWN
	307	471
	307	472
	306	471
	305	468
	305	466
	304	464
	305	462
	305	461
	306	460
	308	460
	310	462
	311	463
	311	464
	310	464
	309	464
	307	463
	307	462
	307	460
	307	459
.PEN_UP
.PEN_DOWN
	323	471
	322	472
	322	471
	321	470
	321	471
	322	472
	323	473
	324	473
	325	472
	327	472
	328	472
	329	472
	329	471
	329	469
	329	468
	328	465
	327	461
	327	459
	327	458
	327	459
.PEN_UP
.PEN_DOWN
	348	471
	347	471
	347	470
	346	469
	345	467
	343	464
	342	463
	342	461
	342	460
	343	460
	344	460
	345	460
	346	461
	346	462
	346	463
	345	464
	344	465
	342	467
	340	469
	338	470
	338	471
	339	472
	342	474
	343	475
	345	476
	347	476
	346	475
.PEN_UP
.PEN_DOWN
	364	469
	365	471
	365	472
	365	473
	364	474
	362	474
	361	473
	359	472
	358	472
	357	470
	357	468
	358	468
	360	468
	362	469
	363	469
	364	470
	363	469
	363	466
	363	465
	363	461
	363	458
	363	456
	362	455
	362	454
	363	454
	362	454
	362	455
.PEN_UP
.PEN_DOWN
	406	473
	405	473
	404	473
	404	472
	403	472
	402	469
	401	466
	401	464
	402	463
	403	461
	405	461
	408	463
	409	464
	411	465
	412	467
	412	468
	412	469
	411	471
	411	472
	409	473
	408	474
	406	474
	406	473
	405	471
.PEN_UP
.PEN_DOWN
	422	470
	422	472
	422	470
	422	469
	422	466
	422	464
	422	463
	423	466
.PEN_UP
.PEN_DOWN
	432	470
	431	471
	431	472
	431	473
	432	473
	433	474
	434	474
	436	474
	437	474
	437	473
	437	472
	435	469
	433	468
	432	466
	431	464
	431	463
	431	462
	431	461
	432	461
	432	462
	433	462
	434	463
	436	463
	437	463
	441	463
	443	463
	444	462
	443	462
.PEN_UP
.PEN_DOWN
	450	471
	448	472
	448	473
	449	473
	452	473
	454	473
	455	472
	456	472
	456	471
	455	471
	453	470
	450	469
	449	469
	450	469
	453	469
	457	469
	458	469
	460	468
	461	466
	460	464
	457	462
	456	462
	453	461
	452	461
	451	461
	450	462
.PEN_UP
.PEN_DOWN
	466	473
	466	472
	466	471
	466	469
	466	467
	465	466
	466	467
	468	467
	470	467
	472	467
	474	466
	475	466
	476	466
	477	466
.PEN_UP
.PEN_DOWN
	470	472
	470	473
	470	471
	470	468
	471	466
	471	462
	471	459
	471	458
.PEN_UP
.PEN_DOWN
	505	472
	505	473
	504	471
	503	468
	504	469
	505	469
	508	470
	509	470
	510	468
	511	466
	510	464
	508	462
	506	462
	504	462
	502	462
	501	463
	501	464
.PEN_UP
.PEN_DOWN
	506	472
	505	473
	505	474
	507	475
	511	476
	513	476
	516	477
	518	478
	517	477
.PEN_UP
.PEN_DOWN
	524	475
	524	473
	523	469
	522	468
	522	465
	522	462
	524	462
	525	462
	527	463
	529	465
	529	466
	530	466
	529	466
	528	466
	527	466
	525	465
	524	464
	525	462
.PEN_UP
.PEN_DOWN
	540	473
	540	474
	539	473
	537	471
	536	470
	536	471
	538	472
	540	473
	543	473
	544	473
	545	473
	545	472
	543	467
	543	466
	542	462
	542	460
	542	463
.PEN_UP
.PEN_DOWN
	558	473
	558	472
	557	470
	556	469
	555	467
	553	464
	552	462
	553	461
	556	463
	557	463
	557	464
	557	467
	556	468
	555	469
	553	471
	551	473
	552	474
	554	475
	556	476
	559	477
.PEN_UP
.PEN_DOWN
	574	473
	575	476
	575	477
	572	478
	569	478
	568	477
	565	475
	563	473
	563	472
	565	471
	567	471
	569	471
	571	472
	572	473
	572	471
	572	468
	572	466
	571	463
	572	459
	572	458
.PEN_UP
