
.WRITER_ID JeanHale
.STYLE PRINTED
.PEN_DOWN
	152	460
	151	460
	151	461
	155	460
	158	458
	160	456
	165	452
	167	449
	168	448
	168	446
	168	445
	167	445
	167	446
.PEN_UP
.PEN_DOWN
	165	462
	164	465
	164	464
	162	463
	161	458
	160	455
	159	451
	158	447
	158	445
	158	444
.PEN_UP
.PEN_DOWN
	170	448
	170	450
	170	453
	171	456
	173	462
	173	463
	175	466
	175	465
	176	463
	177	461
	179	457
	180	454
	181	450
	181	449
	181	448
	182	448
.PEN_UP
.PEN_DOWN
	170	452
	170	453
	171	453
	173	452
	176	452
	176	451
	178	451
.PEN_UP
.PEN_DOWN
	189	461
	187	463
	187	462
	188	461
	188	457
	188	456
	190	453
	190	451
	191	449
	192	448
	192	449
	193	449
	194	451
	194	453
	196	456
	197	462
	197	463
	198	466
	198	468
	198	467
	197	467
.PEN_UP
.PEN_DOWN
	205	466
	205	467
	205	468
	205	465
	204	461
	204	456
	204	455
	204	453
	204	452
	204	451
	204	452
.PEN_UP
.PEN_DOWN
	213	466
	213	467
	213	466
	213	464
	213	459
	213	457
	212	453
	212	450
	212	449
	212	450
	213	450
	215	450
	216	451
	218	451
	219	451
	220	451
	221	451
	220	451
.PEN_UP
.PEN_DOWN
	212	458
	213	459
	214	460
	215	460
	217	461
	218	461
	219	461
	218	461
.PEN_UP
.PEN_DOWN
	211	466
	211	467
	213	467
	214	468
	216	469
	219	470
	221	470
	222	470
	221	470
.PEN_UP
.PEN_DOWN
	230	467
	230	464
	230	460
	230	458
	230	455
	230	453
	230	452
.PEN_UP
.PEN_DOWN
	228	462
	228	464
	229	465
	230	466
	232	468
	233	469
	234	469
	235	469
	236	469
	236	467
	235	464
	235	463
	234	460
	232	458
	231	458
	231	459
	232	457
	233	456
	234	455
	235	452
	236	452
	236	450
	237	449
	237	448
	238	448
	238	447
.PEN_UP
.PEN_DOWN
	242	474
	241	474
	241	472
	241	469
	241	468
.PEN_UP
.PEN_DOWN
	249	459
	249	460
	247	460
	246	460
	245	459
	244	459
	244	458
	245	458
	246	457
	247	457
	248	457
	249	457
	249	456
	250	456
	250	455
	250	454
	250	453
	249	452
	247	451
	246	450
	245	450
	244	450
	242	451
.PEN_UP
.PEN_DOWN
	285	481
	285	480
	286	480
	285	480
	284	480
	283	479
	282	479
	282	478
	281	478
	280	477
	280	476
	279	476
	279	475
	279	474
	279	473
	279	472
	279	471
	279	470
	280	469
	281	468
	281	467
	281	466
	281	465
	281	464
	280	463
	280	462
	281	462
	282	461
	282	459
	282	457
	282	456
	282	455
	282	454
	281	453
	281	452
	280	451
	280	450
	279	449
	279	448
	279	447
	280	446
	280	445
	281	445
	282	444
	283	444
	282	444
.PEN_UP
.PEN_DOWN
	297	474
	297	475
	296	475
	296	474
	296	473
	295	470
	295	469
	294	467
	294	464
	293	463
	293	461
	293	460
	293	459
	293	458
	292	458
	293	458
.PEN_UP
.PEN_DOWN
	300	475
	300	474
	299	472
	298	469
	298	468
	297	464
	296	461
	296	460
	296	458
	295	456
	295	455
	294	456
.PEN_UP
.PEN_DOWN
	288	466
	289	466
	290	466
	293	467
	294	467
	297	467
	299	467
	300	468
	301	468
	300	468
.PEN_UP
.PEN_DOWN
	288	461
	289	461
	290	461
	292	462
	293	462
	297	461
	298	461
	300	461
	302	461
	303	461
	303	460
	303	461
	302	461
.PEN_UP
.PEN_DOWN
	314	477
	314	476
	313	476
	313	474
	313	473
	312	473
	312	472
.PEN_UP
.PEN_DOWN
	320	465
	319	465
	318	465
	317	465
	315	465
	315	464
	314	463
	314	462
	315	461
	315	460
	316	460
	317	460
	318	460
	319	460
	320	460
	321	460
	321	459
	322	459
	322	458
	322	457
	321	456
	321	455
	319	455
	318	453
	316	453
	315	453
	314	453
.PEN_UP
.PEN_DOWN
	321	485
	320	486
	321	486
	322	486
	323	486
	324	486
	326	486
	326	485
	327	485
	327	484
	328	483
	328	482
	329	480
	329	479
	329	478
	329	476
	329	475
	328	474
	328	473
	328	472
	327	471
	327	470
	327	469
	327	468
	327	466
	327	465
	327	464
	328	464
	329	464
	330	464
	330	463
	329	462
	329	461
	329	459
	329	457
	329	456
	329	455
	330	453
	330	452
	330	451
	330	450
	330	448
	329	448
	329	447
	328	446
	327	445
	326	444
	324	442
	323	442
	322	441
	321	441
	319	441
.PEN_UP
.PEN_DOWN
	336	461
	335	461
	335	462
	336	463
	337	464
	338	465
	339	465
	340	466
	341	466
	342	466
	343	466
	344	466
	344	465
	344	464
	345	463
	346	462
	347	462
	348	462
	349	462
	350	463
.PEN_UP
.PEN_DOWN
	358	483
	357	483
	358	483
	359	482
	360	482
	361	482
	363	481
	364	481
	365	481
	365	480
	366	480
	367	480
	368	480
	368	479
	367	478
	366	476
	365	475
	365	474
	364	473
	362	471
	362	470
	361	470
	360	468
	359	467
	358	467
	358	465
	357	465
	358	465
	359	465
	360	465
	361	465
	363	465
	364	465
	365	465
	366	465
	366	466
	367	466
	368	466
	369	466
	369	465
.PEN_UP
.PEN_DOWN
	372	461
	372	462
	372	463
	372	464
	372	465
	373	468
	373	470
	374	473
	374	477
	375	480
	375	481
	375	483
	375	484
	376	483
	377	482
	378	481
	379	478
	380	475
	381	472
	381	468
	381	467
	381	466
	381	465
	381	463
	381	462
	380	461
	380	463
.PEN_UP
.PEN_DOWN
	371	469
	371	470
	371	471
	372	471
	374	471
	375	472
	376	472
	378	472
	380	473
	381	473
	381	472
	380	471
.PEN_UP
.PEN_DOWN
	393	460
	393	461
	392	461
	392	462
	391	464
	391	468
	390	469
	390	473
	390	475
	390	477
	390	478
	389	479
	390	480
	391	481
	393	482
	395	483
	397	483
	399	483
	400	483
	401	483
	401	482
	402	482
	402	481
	402	480
	402	479
	402	478
	401	476
	399	475
	397	474
	394	473
	392	473
	390	473
	389	473
	389	474
	390	474
.PEN_UP
.PEN_DOWN
	410	463
	409	463
	409	464
	409	466
	410	468
	411	468
	412	470
	414	471
	415	471
	416	471
	417	471
	418	471
	418	470
	419	470
	419	469
	419	468
	420	468
	422	467
	423	467
	424	467
	426	467
	427	468
	428	469
	428	470
	428	471
	428	470
.PEN_UP
.PEN_DOWN
	443	472
	443	473
	442	473
	442	472
	442	471
	442	470
.PEN_UP
.PEN_DOWN
	441	463
	441	464
	441	463
	441	462
	441	461
	441	458
	440	455
	439	454
	437	453
.PEN_UP
.PEN_DOWN
	459	474
	459	475
	459	476
	459	478
	458	479
	456	481
	455	482
	453	482
	451	482
	449	482
	449	481
	449	480
	449	479
	450	478
	451	476
	452	476
	455	474
	456	472
	457	472
	457	470
	456	469
	455	468
	452	467
	449	467
	448	467
	447	467
	446	467
.PEN_UP
.PEN_DOWN
	450	483
	449	483
	449	480
	449	474
	448	471
	448	465
	447	461
	447	460
	447	459
	447	458
	447	459
	448	459
.PEN_UP
.PEN_DOWN
	453	488
	453	489
	453	488
	453	487
	452	484
	452	477
	451	474
	451	469
	450	464
	450	463
	450	461
.PEN_UP
.PEN_DOWN
	465	483
	464	484
	464	483
	464	482
	464	480
.PEN_UP
.PEN_DOWN
	471	472
	470	473
	469	473
	467	473
	466	473
	466	472
	466	471
	467	470
	468	470
	469	468
	470	468
	471	468
	472	468
	472	467
	472	466
	471	464
	471	463
	469	462
	467	462
	466	462
.PEN_UP
.PEN_DOWN
	483	483
	482	484
	482	485
	482	484
	482	483
	482	482
	482	480
	482	478
	482	477
	482	475
	482	473
	482	472
	482	470
	482	468
	482	466
	482	465
	482	464
	483	464
	485	464
	487	465
	488	465
	489	464
	489	465
.PEN_UP
.PEN_DOWN
	483	475
	483	476
	484	476
	485	476
	486	476
	487	476
	488	476
.PEN_UP
.PEN_DOWN
	483	484
	484	484
	485	485
	487	485
	487	484
	488	484
	489	484
	490	484
.PEN_UP
.PEN_DOWN
	492	483
	493	483
	494	482
	495	481
	496	479
	497	477
	498	475
	499	474
	501	472
	503	470
	504	469
	504	468
	505	467
	505	466
	504	466
	503	467
.PEN_UP
.PEN_DOWN
	502	486
	503	485
	502	484
	501	481
	501	479
	499	476
	498	473
	498	472
	497	470
	495	468
	495	467
	495	466
	495	467
.PEN_UP
.PEN_DOWN
	512	464
	512	463
	512	464
	512	465
	511	467
	511	469
	511	472
	510	478
	510	479
	510	482
	510	483
	509	484
	509	485
	509	484
	509	485
	510	485
	510	487
	511	487
	513	488
	515	489
	516	489
	518	489
	519	488
	520	488
	521	486
	522	485
	522	484
	522	483
	520	482
	519	481
	517	480
	513	478
	512	477
.PEN_UP
.PEN_DOWN
	528	487
	528	488
	528	487
	529	484
	529	482
	530	477
	531	473
	531	472
	531	470
	531	469
	532	469
.PEN_UP
.PEN_DOWN
	539	487
	539	488
	539	487
	539	485
	540	481
	541	479
	542	474
	542	472
	542	471
	542	470
	542	471
.PEN_UP
.PEN_DOWN
	537	482
	535	483
	535	484
	536	485
	539	488
	540	489
	544	490
	547	491
	548	491
	549	491
	550	490
	550	489
	549	486
	548	484
	546	482
	545	482
	544	482
	543	482
	542	482
	541	482
	542	482
	543	481
	545	479
	547	477
	549	475
	551	473
	553	472
	553	471
	554	471
	553	471
	554	471
	553	471
	553	470
.PEN_UP
.PEN_DOWN
	559	487
	558	488
	558	489
	558	490
	558	489
	558	488
	558	486
	558	482
	558	480
	558	477
	558	474
	559	473
	560	472
	563	472
	565	472
	566	472
	567	472
	568	472
	567	472
	566	472
.PEN_UP
.PEN_DOWN
	557	477
	556	478
	556	479
	558	479
	561	480
	562	480
	563	480
	564	480
.PEN_UP
.PEN_DOWN
	555	488
	556	489
	558	490
	560	491
	564	491
	566	492
	567	493
	568	493
	569	493
.PEN_UP
.PEN_DOWN
	584	483
	584	484
	584	483
	584	482
	584	481
	584	479
	584	478
	585	478
	586	479
	586	480
	587	480
	587	479
	587	478
	587	476
	589	475
	590	476
	591	476
	593	478
	593	480
	593	482
	591	485
	587	487
	586	488
	582	488
	580	488
	579	487
	578	485
	577	480
	576	478
	576	475
	577	472
	577	471
	580	470
	583	470
	586	470
	589	470
	592	470
	593	470
	594	470
.PEN_UP
.PEN_DOWN
	608	483
	607	483
	607	484
	608	484
	610	486
	614	486
	615	486
	616	486
	616	485
	616	484
	614	482
	611	480
	610	479
	609	479
	610	479
	611	479
	613	479
	615	478
	615	477
	616	475
	616	473
	616	472
	614	471
	612	469
	610	469
	607	468
	605	468
	603	468
	602	468
	602	467
.PEN_UP
.PEN_DOWN
	623	483
	623	484
	622	484
	622	483
	623	482
	623	480
.PEN_UP
.PEN_DOWN
	623	472
	623	471
	623	470
	624	468
.PEN_UP
.PEN_DOWN
	634	493
	634	492
	634	489
	635	486
	636	484
	636	482
	636	479
	636	478
	636	476
	636	474
	636	473
	636	472
	636	471
	637	471
	636	470
.PEN_UP
.PEN_DOWN
	649	472
	648	473
	648	472
.PEN_UP
