
.WRITER_ID JeanHale
.STYLE PRINTED
.PEN_DOWN
	168	466
	167	466
	167	468
	168	469
	169	471
	172	473
	173	475
	176	476
	177	476
	178	475
	179	474
	180	474
	180	472
	178	469
	176	468
	176	466
	173	464
	170	460
	169	459
	167	456
	166	454
	168	454
	172	456
	174	458
	177	460
	180	460
	182	460
	183	459
	183	458
	183	457
	183	456
.PEN_UP
.PEN_DOWN
	193	466
	193	465
	193	466
	193	467
	194	470
	195	473
	196	476
	196	477
	197	479
	197	480
	198	480
	198	479
	198	476
	199	472
	200	471
	200	467
	201	465
	201	464
	202	464
	201	465
.PEN_UP
.PEN_DOWN
	220	479
	218	480
	216	480
	215	480
	213	478
	211	473
	211	471
	211	467
	211	462
	211	461
	212	460
	214	461
	216	463
	218	469
	219	474
	219	476
	219	480
	218	481
	216	482
	214	482
	214	479
.PEN_UP
.PEN_DOWN
	231	470
	230	471
	231	471
	235	472
	236	472
	240	472
	242	472
	243	472
	242	472
.PEN_UP
.PEN_DOWN
	232	467
	234	467
	236	467
	241	467
	245	467
	246	467
.PEN_UP
.PEN_DOWN
	262	482
	262	480
	262	474
	263	472
	263	467
	264	464
	264	463
	264	464
.PEN_UP
.PEN_DOWN
	281	478
	279	480
	278	481
	277	480
	275	477
	274	476
	273	472
	272	469
	274	466
	274	465
	277	465
	279	466
	280	470
	281	475
	281	476
	280	480
	279	481
	278	481
.PEN_UP
.PEN_DOWN
	286	463
	286	464
	287	465
	287	466
	290	471
	291	475
	292	476
	293	479
	293	480
	293	479
	293	478
	294	476
	296	472
	296	471
	298	468
	299	466
	299	465
	299	466
.PEN_UP
.PEN_DOWN
	312	481
	312	483
	312	484
	311	484
	309	483
	307	481
	305	475
	304	469
	304	467
	306	466
	310	467
	314	471
	315	474
	317	480
	317	484
	316	486
	314	488
	312	487
	311	486
.PEN_UP
.PEN_DOWN
	327	478
	326	479
	327	479
	329	479
	333	479
	339	479
	341	479
	343	479
	345	479
	344	479
.PEN_UP
.PEN_DOWN
	326	472
	325	472
	328	473
	330	474
	335	474
	339	474
	342	474
	344	474
	345	474
	344	474
.PEN_UP
.PEN_DOWN
	363	483
	363	484
	365	484
	367	481
	368	480
	369	477
	371	474
	371	473
.PEN_UP
.PEN_DOWN
	372	484
	371	485
	369	483
	367	478
	366	476
	364	473
	363	471
	363	470
	364	470
.PEN_UP
.PEN_DOWN
	385	468
	385	469
	384	470
	385	471
	385	473
	385	474
	386	478
	388	483
	388	485
	389	488
	389	489
	390	489
	390	488
	391	488
	392	485
	394	481
	395	480
	397	476
	397	474
	397	473
	398	472
.PEN_UP
.PEN_DOWN
	420	482
	420	484
	420	486
	419	487
	417	487
	416	487
	414	486
	411	483
	411	481
	410	478
	410	475
	411	473
	413	472
	415	472
	416	473
	417	474
	418	477
	419	478
	419	482
	418	485
	418	486
	417	488
	416	487
.PEN_UP
.PEN_DOWN
	434	479
	433	479
	434	479
	434	480
	439	480
	442	480
	446	481
	448	481
.PEN_UP
.PEN_DOWN
	435	474
	436	475
	441	475
	445	477
	447	477
	449	477
	450	477
	450	476
.PEN_UP
.PEN_DOWN
	467	494
	467	492
	467	490
	468	486
	468	480
	468	478
	468	476
	469	475
	468	475
.PEN_UP
