
.WRITER_ID JeanHale
.STYLE PRINTED
.PEN_DOWN
	181	469
	180	469
	179	469
	178	468
	176	464
	174	461
	174	458
	173	455
	174	453
	175	452
	177	451
	178	451
	181	451
	182	451
	183	451
	185	451
	187	451
	188	452
	189	452
	190	454
	190	456
	190	457
	189	459
	187	461
	187	462
	186	464
	184	466
	183	467
	182	468
	180	469
	179	468
	177	466
.PEN_UP
.PEN_DOWN
	179	453
	179	454
	178	454
	179	454
	180	455
	182	454
	184	452
	185	452
	186	449
	187	445
	187	444
	189	443
	190	443
	191	443
	192	443
	193	443
.PEN_UP
.PEN_DOWN
	202	467
	201	467
	201	468
	201	467
	201	466
	201	464
	201	462
	201	459
	201	458
	202	456
	202	455
	202	454
	203	454
	204	454
	206	454
	207	454
	208	455
	209	456
	209	459
	209	460
	209	462
	209	464
	208	464
	207	465
.PEN_UP
.PEN_DOWN
	220	465
	219	466
	219	467
	219	466
	219	465
	220	462
	221	459
	221	457
	221	455
	221	453
.PEN_UP
.PEN_DOWN
	235	463
	235	464
	233	466
	232	466
	231	466
	230	465
	229	464
	229	462
	229	461
	229	458
	228	458
	228	456
	229	455
	229	454
	230	453
	232	452
	234	452
	236	452
	237	452
	238	452
	239	452
	240	452
.PEN_UP
.PEN_DOWN
	246	466
	246	467
	245	467
	246	464
	246	461
	246	460
	247	457
	247	455
	247	454
	248	453
	248	452
.PEN_UP
.PEN_DOWN
	253	466
	253	467
	252	465
	251	462
	251	461
	250	460
	249	459
	248	459
	247	459
	248	458
	249	457
	249	456
	250	454
	251	454
	251	453
	252	452
	252	451
	253	451
	254	451
	254	450
.PEN_UP
.PEN_DOWN
	263	465
	263	466
	262	466
	262	465
	263	463
	263	462
	263	459
	264	455
	264	454
	264	453
	265	453
	266	454
	267	454
	270	454
	272	454
	273	454
	274	454
	275	453
	275	454
	276	454
.PEN_UP
.PEN_DOWN
	285	461
	284	463
	285	463
	286	463
	287	461
	287	460
	289	458
	289	457
	289	456
.PEN_UP
.PEN_DOWN
	295	468
	294	469
	294	468
	294	465
	294	463
	293	460
	292	455
	291	453
	289	449
	288	445
	287	444
	287	441
	287	440
	287	439
	287	440
.PEN_UP
.PEN_DOWN
	335	465
	334	465
	335	463
	335	461
	335	459
	336	456
	336	455
	336	454
.PEN_UP
.PEN_DOWN
	333	464
	332	464
	332	465
	333	466
	335	467
	337	468
	339	469
	341	469
.PEN_UP
.PEN_DOWN
	334	459
	334	460
	336	460
	337	461
	340	462
	341	462
	343	463
	344	463
	343	463
.PEN_UP
.PEN_DOWN
	352	463
	351	464
	351	463
	351	460
	351	459
	351	457
	351	456
	352	455
	354	455
	355	456
	356	456
	358	458
	359	459
	359	460
	358	462
	357	462
	356	464
	354	465
	353	465
	352	465
	351	465
	350	464
	350	463
.PEN_UP
.PEN_DOWN
	366	466
	366	467
	367	467
	367	466
	367	463
	367	462
	367	458
	367	456
	367	454
	368	453
	368	452
	368	451
	369	451
	368	451
.PEN_UP
.PEN_DOWN
	365	466
	365	467
	366	469
	367	470
	368	471
	369	471
	371	471
	373	470
	374	469
	374	468
	374	467
	374	465
	373	465
	372	464
	370	463
	369	462
	368	462
	367	462
	369	462
	372	461
	374	459
	375	458
	376	456
	377	454
	378	454
	378	453
	378	451
	379	451
	380	450
	381	450
	381	449
.PEN_UP
.PEN_DOWN
	397	464
	397	465
	396	465
	396	466
	395	466
	394	468
	393	469
	392	469
	391	469
	390	469
	389	469
	387	466
	387	464
	386	461
	386	458
	386	457
	386	455
	387	454
	388	454
	389	453
	390	452
	391	452
	392	452
	393	452
	394	452
	395	453
	395	454
	395	455
	394	456
	393	456
	392	457
	391	457
	390	457
	391	457
	393	457
	395	457
	397	457
	400	457
	401	457
.PEN_UP
.PEN_DOWN
	411	466
	410	468
	410	469
	409	469
	408	467
	407	466
	406	465
	406	463
	405	462
	405	460
	405	459
	405	458
	406	457
	406	456
	406	455
	407	454
	408	454
	409	453
	411	453
	412	453
	413	453
	414	454
	415	456
	415	457
	415	458
	415	460
	415	461
	414	462
	414	463
	413	464
	412	465
	411	466
	410	467
	410	468
	409	469
	409	470
	410	469
.PEN_UP
.PEN_DOWN
	425	464
	424	465
	425	465
	425	463
	425	461
	426	458
	426	456
	426	455
	426	454
	426	453
	426	454
.PEN_UP
.PEN_DOWN
	420	462
	418	464
	420	465
	425	468
	427	468
	430	468
	432	468
	433	468
	433	467
.PEN_UP
.PEN_DOWN
	467	466
	466	467
	466	466
	466	464
	466	461
	466	460
	466	457
	467	455
	467	454
	467	453
.PEN_UP
.PEN_DOWN
	476	469
	475	470
	476	470
	476	469
	476	468
	477	465
	477	463
	477	461
	477	458
	477	456
	477	455
	478	455
	478	454
.PEN_UP
.PEN_DOWN
	467	460
	469	461
	470	461
	472	460
	475	460
	475	461
	475	460
.PEN_UP
.PEN_DOWN
	488	464
	486	465
	486	466
	486	465
	485	464
	485	463
	483	461
	483	458
	485	457
	486	456
	487	456
	488	456
	489	456
	490	457
	491	458
	491	459
	491	460
	490	462
	490	463
	488	464
	487	465
	487	466
	486	466
	486	465
.PEN_UP
.PEN_DOWN
	495	466
	495	465
	495	463
	495	460
	496	459
	496	457
	497	457
	497	456
	498	456
	499	457
	499	459
	499	460
	501	462
	501	461
	501	460
	501	458
	502	457
	503	457
	505	458
	505	460
	506	461
	506	463
	506	464
	505	466
	505	467
	505	470
.PEN_UP
.PEN_DOWN
	540	470
	540	471
	540	469
	541	465
	541	464
	541	460
	541	457
	541	455
	542	454
	541	455
.PEN_UP
.PEN_DOWN
	530	468
	530	469
	530	470
	533	470
	539	473
	544	473
	546	474
	550	474
	551	475
	551	474
.PEN_UP
.PEN_DOWN
	561	465
	558	466
	557	466
	556	464
	555	462
	555	461
	556	459
	557	456
	558	455
	559	455
	560	454
	561	455
	562	458
	562	461
	562	462
	561	464
	561	465
	559	467
	558	467
	558	466
.PEN_UP
.PEN_DOWN
	590	467
	589	467
	590	466
	590	463
	591	459
	592	457
	593	454
	594	453
	595	454
	595	456
	596	458
	596	463
	596	465
	596	466
	596	465
	597	463
	597	461
	598	459
	599	457
	600	456
	600	455
	602	455
	603	456
	605	457
	606	458
	607	460
	609	465
	609	466
	609	471
	609	472
	608	473
.PEN_UP
.PEN_DOWN
	616	454
	616	455
	617	457
	617	461
	618	465
	619	467
	620	469
	620	471
	620	472
	621	472
	621	473
	622	472
	623	471
	624	467
	624	466
	625	463
	626	460
	626	458
	626	456
	626	455
	625	455
	625	454
.PEN_UP
.PEN_DOWN
	615	461
	615	460
	616	460
	617	460
	618	460
	621	460
	623	461
	624	461
	625	461
	624	461
	623	461
.PEN_UP
.PEN_DOWN
	636	472
	637	472
	637	471
	637	469
	637	463
	637	461
	637	457
	637	455
	637	454
	637	455
	637	456
	638	456
	639	455
	640	455
	643	455
	645	455
	646	455
	645	455
.PEN_UP
.PEN_DOWN
	660	469
	660	470
	660	471
	660	470
	660	468
	660	465
	660	463
	660	461
	661	459
	661	458
	660	458
	660	457
	659	458
.PEN_UP
.PEN_DOWN
	653	470
	653	471
	655	472
	658	472
	659	472
	662	472
	664	471
	665	471
	666	471
	667	471
	668	471
.PEN_UP
.PEN_DOWN
	679	469
	681	469
	683	469
	686	469
	689	469
	690	470
	692	470
	693	470
	693	469
	692	469
	692	468
	691	468
	691	467
	690	466
	688	464
	687	462
	685	460
	685	459
	684	458
	683	458
	683	457
	682	457
	683	457
	684	456
	686	456
	689	455
	690	455
	692	455
	694	455
	695	455
	697	455
	698	455
	699	456
	699	455
	698	455
	697	455
	698	455
	697	454
	696	453
.PEN_UP
