
.WRITER_ID JeanHale
.STYLE PRINTED
.PEN_DOWN
	151	460
	151	461
	151	459
	151	458
	151	456
	151	452
	151	451
	152	449
	152	447
	152	446
.PEN_UP
.PEN_DOWN
	152	438
	152	437
.PEN_UP
.PEN_DOWN
	169	461
	168	460
	168	459
	168	458
	168	456
	168	455
	169	455
	170	455
	171	455
	172	456
	172	457
	172	458
	172	459
	172	458
	172	457
	171	456
	171	455
	172	455
	172	454
	174	455
	174	456
	176	457
	176	458
	176	459
	176	461
	176	464
	175	465
	174	466
	171	468
	170	468
	168	468
	167	468
	165	468
	164	467
	163	466
	163	463
	162	458
	162	456
	163	453
	163	450
	163	448
	163	447
	164	446
	167	445
	170	444
	174	444
	176	445
	179	447
	183	449
	184	450
	184	451
	183	451
	182	449
.PEN_UP
.PEN_DOWN
	201	466
	201	467
	201	466
	200	465
	200	462
	199	458
	199	457
	198	453
	198	452
	197	451
	197	450
	197	449
.PEN_UP
.PEN_DOWN
	206	467
	205	467
	205	465
	205	464
	204	460
	203	455
	202	454
	202	451
	201	449
	201	448
.PEN_UP
.PEN_DOWN
	193	458
	191	458
	192	458
	193	458
	195	458
	198	458
	202	459
	204	459
	206	460
	208	460
	209	460
	208	460
	208	458
.PEN_UP
.PEN_DOWN
	192	452
	191	453
	193	453
	195	453
	198	453
	201	453
	202	453
	206	453
	207	453
	208	453
	209	453
	209	454
.PEN_UP
.PEN_DOWN
	232	464
	232	465
	232	466
	232	467
	231	468
	230	469
	229	469
	228	469
	226	468
	224	468
	224	467
	223	466
	223	464
	225	463
	226	462
	228	462
	229	461
	230	460
	230	459
	232	458
	232	457
	233	455
	233	454
	233	453
	232	452
	231	451
	230	451
	228	450
	226	451
	225	451
	223	452
	222	453
.PEN_UP
.PEN_DOWN
	226	470
	225	470
	225	469
	225	465
	225	464
	224	458
	223	454
	222	453
	221	451
	221	449
.PEN_UP
.PEN_DOWN
	230	472
	229	473
	229	472
	228	471
	228	469
	228	464
	228	462
	226	458
	226	455
	225	453
	225	451
	225	450
	224	449
	224	448
.PEN_UP
.PEN_DOWN
	253	470
	252	471
	251	471
	251	470
	250	469
	250	467
	250	466
	250	465
	250	464
	251	465
	251	466
	252	468
	252	469
	252	470
	252	471
.PEN_UP
.PEN_DOWN
	259	473
	259	474
	259	473
	258	471
	256	466
	255	464
	254	459
	252	455
	251	454
	251	453
	252	455
.PEN_UP
.PEN_DOWN
	260	459
	259	459
	258	458
	258	456
	257	455
	257	454
	258	454
	259	454
	261	455
	261	458
	261	459
	261	460
	260	460
.PEN_UP
.PEN_DOWN
	273	452
	272	453
	272	454
	272	455
	274	457
	275	460
	275	461
	276	465
	277	467
	277	468
	277	470
	278	471
	278	472
	278	471
	279	470
	279	467
	280	463
	281	461
	281	458
	282	456
	282	455
	282	454
	283	454
	282	454
	282	453
.PEN_UP
.PEN_DOWN
	301	468
	301	469
	301	468
	301	467
	300	462
	299	458
	299	457
	298	456
	297	456
	296	458
	294	460
	293	462
	292	463
	291	464
	292	464
	296	462
	298	462
	301	460
	302	460
	303	460
.PEN_UP
.PEN_DOWN
	321	471
	320	472
	320	470
	320	469
	319	466
	319	465
	318	465
	317	466
	317	467
	316	467
	315	468
	315	469
	316	469
	317	469
	320	470
	321	470
	322	470
.PEN_UP
.PEN_DOWN
	323	473
	322	473
	321	472
	320	470
	319	469
	318	466
	317	465
.PEN_UP
.PEN_DOWN
	315	472
	315	473
	315	472
	316	471
	317	471
	318	468
	320	467
	321	467
	321	466
.PEN_UP
.PEN_DOWN
	339	474
	339	475
	339	474
	339	473
	338	472
	338	470
	337	466
	337	465
	337	462
	338	460
	340	459
	341	459
	341	458
	342	457
.PEN_UP
.PEN_DOWN
	352	476
	352	475
	353	475
	354	473
	355	470
	356	469
	356	467
	357	464
	357	463
	357	461
	356	459
	355	458
	355	457
	354	456
	353	456
.PEN_UP
.PEN_DOWN
	359	477
	360	477
	361	475
	362	474
	363	474
	363	473
.PEN_UP
.PEN_DOWN
	364	457
	363	457
	362	458
	363	459
	363	460
	364	460
	364	461
	365	461
	366	462
	367	462
	368	462
	369	462
	369	461
	370	461
	371	460
	372	460
	373	459
	375	459
	376	459
	377	459
	378	459
	379	459
.PEN_UP
.PEN_DOWN
	385	463
	384	463
	385	463
	387	463
	388	463
	390	463
.PEN_UP
.PEN_DOWN
	393	458
	392	458
	393	458
	395	459
	396	459
	397	459
	398	459
	399	459
	400	459
	399	459
.PEN_UP
.PEN_DOWN
	411	470
	411	471
	411	469
	411	467
	411	466
	411	463
	411	462
	411	461
	411	462
	411	463
.PEN_UP
.PEN_DOWN
	406	466
	407	466
	408	466
	409	466
	412	466
	414	466
	416	466
	417	466
.PEN_UP
.PEN_DOWN
	421	466
	421	467
	422	467
	423	467
	426	467
	428	468
	429	468
	430	468
	429	467
.PEN_UP
.PEN_DOWN
	423	463
	422	464
	423	464
	425	464
	426	464
	427	464
	428	464
	429	464
	430	464
	429	464
.PEN_UP
.PEN_DOWN
	441	482
	441	483
	440	483
	439	483
	438	482
	437	482
	436	481
	437	481
	437	480
	437	479
	437	478
	437	476
	437	475
	437	473
	437	472
	437	471
	437	470
	437	469
	437	468
	437	467
	437	465
	437	464
	437	463
	437	461
	438	461
	439	461
	440	461
.PEN_UP
.PEN_DOWN
	447	485
	446	485
	447	485
	448	485
	449	484
	450	484
	450	483
	450	482
	450	481
	450	479
	450	478
	450	476
	450	473
	449	471
	449	470
	449	469
	448	467
	448	466
	448	465
	448	464
	448	463
	448	462
	448	461
	447	461
	446	461
	445	461
.PEN_UP
.PEN_DOWN
	461	486
	460	487
	460	488
	459	487
	458	486
	457	486
	457	484
	457	483
	458	482
	458	481
	458	479
	458	477
	459	476
	459	475
	459	474
	458	473
	457	473
	458	473
	458	472
	459	472
	459	471
	460	470
	460	469
	460	468
	459	467
	459	466
	459	465
	459	463
	459	462
	460	461
	461	460
.PEN_UP
.PEN_DOWN
	466	489
	465	490
	466	490
	467	489
	468	489
	469	488
	469	486
	469	484
	469	482
	467	480
	467	478
	467	477
	467	475
	467	474
	468	473
	469	473
	469	474
	468	474
	467	474
	467	473
	467	472
	467	471
	468	470
	469	468
	469	467
	470	466
	470	465
	469	463
	469	462
	468	462
	468	461
	468	460
	467	460
.PEN_UP
.PEN_DOWN
	475	486
	475	487
	475	486
	475	484
	476	482
	477	481
	478	480
	479	479
	480	477
	481	476
	482	475
	482	474
	482	473
	483	473
	483	472
.PEN_UP
.PEN_DOWN
	487	467
	486	465
	485	464
.PEN_UP
.PEN_DOWN
	487	470
	487	471
	488	471
	489	473
	490	474
	492	476
	493	479
	496	482
	497	484
	498	486
	499	487
	499	488
	499	487
	498	486
.PEN_UP
.PEN_DOWN
	504	482
	503	483
	503	484
	504	484
	505	485
	506	485
	507	486
	508	486
	509	486
	509	485
	509	484
	509	483
	509	482
	508	481
	508	479
	507	478
	506	477
	505	476
	505	475
	505	474
	504	473
	504	472
	504	471
	505	471
	505	470
.PEN_UP
.PEN_DOWN
	505	462
	504	463
	504	462
.PEN_UP
.PEN_DOWN
	516	487
	516	488
	516	487
	516	486
	516	484
.PEN_UP
.PEN_DOWN
	528	488
	527	489
	527	490
	527	489
	527	488
	527	487
	527	486
	528	485
.PEN_UP
.PEN_DOWN
	529	490
	528	491
	529	491
	529	490
	529	489
	529	488
	529	487
.PEN_UP
.PEN_DOWN
	542	483
	542	484
	542	483
	541	483
	541	482
	539	481
	538	478
	536	478
	535	477
	534	476
	533	476
	532	475
	532	476
	532	475
	534	475
	535	475
	536	475
	539	475
	540	474
	541	474
	543	474
	544	474
	544	475
	544	474
	544	475
	544	474
	544	475
.PEN_UP
.PEN_DOWN
	546	495
	546	493
	547	492
	547	490
	548	487
	548	485
	548	482
	548	480
	549	479
	549	476
	549	475
	549	474
	550	474
	550	473
	550	474
.PEN_UP
.PEN_DOWN
	550	483
	550	484
	551	484
	554	484
	556	484
	558	484
	560	484
	561	484
	562	484
	561	483
	560	482
	559	481
	557	479
	556	478
	554	477
.PEN_UP
.PEN_DOWN
	566	490
	566	489
	566	487
	566	486
	566	485
.PEN_UP
.PEN_DOWN
	568	491
	567	491
	567	490
	567	489
	567	488
	567	487
	568	486
.PEN_UP
.PEN_DOWN
	578	484
	578	483
	579	483
.PEN_UP
.PEN_DOWN
	578	478
	578	477
	579	476
	579	475
	578	474
	577	473
	577	472
	576	472
	575	472
.PEN_UP
.PEN_DOWN
	590	484
	589	484
	589	485
	589	484
	590	484
	590	483
.PEN_UP
.PEN_DOWN
	590	475
	590	476
	590	475
	590	474
	590	475
.PEN_UP
.PEN_DOWN
	599	476
	599	475
.PEN_UP
