
.WRITER_ID JeanHale
.STYLE PRINTED
.PEN_DOWN
	183	450
	182	451
	182	452
	182	453
	182	455
	183	460
	184	464
	184	466
	186	470
	187	470
	188	469
	188	468
	189	465
	190	460
	190	458
	191	455
	191	453
	192	453
	190	454
	187	455
	185	455
	183	455
	181	455
	179	455
	180	455
	182	455
	185	456
	190	456
	191	456
	190	455
	189	454
.PEN_UP
.PEN_DOWN
	209	468
	209	469
	209	468
	209	464
	210	460
	210	459
	210	457
	209	459
	209	461
	209	463
	209	466
	208	468
	209	469
	209	470
	210	471
	211	471
	212	471
	213	470
	213	469
	212	467
	212	465
	211	464
	210	464
	212	464
	214	464
	217	463
	217	462
	218	461
	218	459
	217	459
	214	457
	212	456
	210	455
	208	454
	207	454
.PEN_UP
.PEN_DOWN
	235	468
	234	469
	234	468
	235	468
	235	469
	234	471
	232	473
	230	473
	229	473
	229	472
	228	471
	227	468
	227	466
	227	463
	228	459
	228	458
	231	456
	234	456
	236	456
	239	456
.PEN_UP
.PEN_DOWN
	251	464
	252	464
	252	462
	253	460
	253	458
	254	457
	254	456
	253	457
.PEN_UP
.PEN_DOWN
	249	467
	250	467
	250	468
	251	468
	252	468
	253	468
	254	468
	254	467
	255	467
	255	466
	256	465
	257	464
	257	463
	257	462
	257	461
	257	460
	257	459
	256	458
	255	457
	253	456
	251	456
	249	456
	248	456
	248	457
.PEN_UP
.PEN_DOWN
	272	468
	272	467
	272	465
	272	462
	272	460
	272	458
	272	456
	273	456
	273	457
	274	458
	275	458
	276	459
	278	459
	279	459
	278	459
.PEN_UP
.PEN_DOWN
	269	461
	269	462
	270	462
	270	463
	272	463
	273	464
	274	465
	276	466
	278	467
.PEN_UP
.PEN_DOWN
	269	468
	269	469
	270	469
	272	471
	273	471
	276	472
	278	473
	279	474
	280	474
	279	474
.PEN_UP
.PEN_DOWN
	295	473
	294	473
	294	474
	294	473
	294	472
	294	470
	294	468
	294	465
	294	464
	294	462
	294	459
	295	459
	295	458
	295	459
	295	460
	295	461
.PEN_UP
.PEN_DOWN
	294	473
	293	474
	294	474
	294	475
	296	474
	297	474
	299	474
	300	474
	301	474
	301	473
.PEN_UP
.PEN_DOWN
	295	467
	295	468
	296	468
	298	467
	299	467
	301	467
	302	467
	302	468
	302	467
.PEN_UP
.PEN_DOWN
	328	477
	327	477
	327	476
	327	477
	326	477
	324	477
	323	476
	322	475
	322	474
	321	474
	321	473
	321	471
	321	470
	321	468
	321	466
	321	464
	321	463
	321	462
	322	462
	322	461
	323	461
	324	461
	325	462
	326	462
	327	463
	327	464
	327	465
	327	466
	326	466
	327	466
	328	467
	330	467
	331	467
	332	468
	333	468
.PEN_UP
.PEN_DOWN
	350	477
	349	477
	349	476
	350	476
	349	476
	349	475
	349	474
	349	473
	349	472
	349	473
	349	472
	349	471
	349	469
	349	468
	349	466
	348	464
	348	463
	348	462
	348	461
	348	460
	349	460
	349	461
.PEN_UP
.PEN_DOWN
	357	474
	356	474
	356	475
	356	474
	357	473
	357	471
	357	469
	357	466
	357	464
	357	462
	356	462
	356	461
	356	462
	356	463
.PEN_UP
.PEN_DOWN
	349	467
	350	468
	351	468
	354	468
	356	468
	357	468
	357	467
	356	467
.PEN_UP
.PEN_DOWN
	376	474
	376	473
	376	471
	376	469
	377	468
	377	467
	377	466
	377	465
	377	464
	377	463
	376	463
.PEN_UP
.PEN_DOWN
	395	476
	394	477
	394	476
	394	475
	394	474
	394	473
	395	473
	395	471
	395	469
	395	468
	395	467
	395	466
	395	465
	395	464
	395	463
	395	462
	394	461
	393	460
	392	460
	392	461
	391	461
	390	462
	389	463
	389	462
.PEN_UP
.PEN_DOWN
	416	475
	415	475
	414	476
	414	475
	414	474
	414	471
	414	469
	414	468
	414	466
	414	464
	414	463
.PEN_UP
.PEN_DOWN
	421	474
	420	474
	420	473
	419	471
	418	470
	417	470
	417	469
	416	469
	415	469
	415	468
	415	467
	416	466
	417	465
	418	464
	419	463
	420	463
	420	462
	421	462
	421	461
.PEN_UP
.PEN_DOWN
	435	475
	434	476
	434	475
	434	474
	434	472
	434	469
	434	468
	434	466
	434	465
	434	464
	434	463
	435	463
	436	463
	437	464
	438	464
	440	464
	441	464
.PEN_UP
.PEN_DOWN
	458	474
	458	473
	458	472
	458	471
	458	468
	458	467
	459	465
	459	466
	459	467
	459	469
	459	471
	460	472
	460	473
	461	473
	461	474
	462	474
	462	473
	463	473
	464	472
	464	470
	464	468
	464	467
	464	465
	464	464
	464	466
	465	466
	465	469
	465	470
	465	471
	466	473
	467	474
	467	475
	468	475
	469	474
	470	472
	470	471
	471	470
	471	468
	472	467
	472	466
	472	465
	472	464
	472	463
.PEN_UP
.PEN_DOWN
	487	462
	486	462
	486	463
	486	464
	486	465
	486	466
	486	467
	486	469
	486	471
	486	472
	486	474
	486	475
	487	476
	487	477
	487	476
	487	475
	487	474
	488	473
	488	472
	490	471
	490	469
	491	469
	492	467
	492	466
	492	465
	493	464
	493	463
	494	463
	494	464
	494	465
	495	467
	495	468
	495	471
	496	472
	496	473
	496	474
	496	475
	496	476
	496	477
.PEN_UP
.PEN_DOWN
	516	472
	515	472
	515	473
	514	473
	513	473
	512	472
	512	470
	512	469
	511	467
	511	466
	512	465
	514	465
	515	466
	516	466
	517	467
	518	467
	518	468
	518	470
	518	471
	518	472
	517	473
	516	473
	515	473
	515	474
	514	474
.PEN_UP
.PEN_DOWN
	534	471
	534	472
	534	471
	534	470
	534	467
	534	464
	535	462
	535	461
	535	460
	535	461
	535	463
	535	464
	535	466
	535	468
	535	470
	534	472
	534	473
	534	474
	535	474
	535	475
	536	476
	538	476
	540	476
	541	475
	542	475
	541	474
	541	472
	540	472
	539	470
	537	469
	536	468
	535	468
.PEN_UP
.PEN_DOWN
	556	474
	555	475
	555	476
	554	476
	553	475
	552	474
	551	473
	551	472
	550	471
	550	469
	551	469
	551	468
	553	467
	554	467
	555	467
	556	467
	558	467
	559	469
	560	469
	561	471
	561	472
	561	473
	560	475
	559	476
	556	477
	555	477
	554	477
	554	475
.PEN_UP
.PEN_DOWN
	554	468
	554	469
	555	469
	555	468
	557	468
	557	466
	558	465
	558	464
	559	464
	559	463
	560	464
	561	464
	562	464
.PEN_UP
.PEN_DOWN
	577	477
	577	478
	577	477
	577	474
	577	471
	578	467
	578	463
	578	462
	578	461
.PEN_UP
.PEN_DOWN
	575	476
	575	478
	575	479
	576	480
	578	480
	579	480
	580	480
	582	479
	583	478
	583	477
	583	475
	583	474
	582	473
	581	473
	581	472
	579	471
	578	471
	577	471
	577	472
	577	471
	578	469
	580	467
	581	466
	582	464
	583	463
	584	462
	585	461
	586	460
.PEN_UP
.PEN_DOWN
	612	475
	612	476
	612	477
	611	478
	609	479
	608	479
	606	479
	605	479
	604	479
	603	478
	603	477
	603	476
	603	475
	604	474
	605	474
	605	473
	606	473
	607	473
	609	473
	611	473
	612	473
	612	472
	613	472
	614	472
	614	471
	615	471
	615	469
	615	468
	614	466
	613	465
	611	463
	609	462
	607	462
	606	462
	605	463
	605	464
	606	464
.PEN_UP
.PEN_DOWN
	631	475
	631	473
	631	472
	631	471
	631	470
	631	467
	631	465
	631	463
	631	462
	631	461
	631	462
	631	461
	631	462
.PEN_UP
.PEN_DOWN
	624	475
	623	476
	624	476
	626	475
	628	475
	629	475
	631	475
	633	475
	634	474
	635	474
	636	474
.PEN_UP
.PEN_DOWN
	642	476
	641	477
	641	478
	641	477
	641	476
	640	475
	640	474
	640	472
	640	471
	641	469
	641	468
	642	468
	642	467
	643	467
	644	468
	645	468
	645	469
	646	469
	647	471
	647	472
	647	473
	647	475
	647	476
	647	477
	647	479
	647	480
	647	479
.PEN_UP
.PEN_DOWN
	653	478
	653	479
	653	478
	653	477
	654	476
	655	474
	656	472
	656	471
	657	470
	657	469
	657	468
	658	467
	658	466
	658	467
	658	468
	659	470
	660	472
	661	475
	661	476
	661	478
	661	480
	661	481
.PEN_UP
.PEN_DOWN
	672	477
	672	478
	672	477
	673	475
	674	473
	674	472
	675	471
	675	470
	676	470
	676	471
	676	473
	676	474
	677	474
	677	475
	677	474
	677	472
	677	471
	677	470
	677	469
	678	469
	679	469
	680	470
	682	472
	682	473
	683	475
	683	476
	683	477
	683	478
.PEN_UP
.PEN_DOWN
	693	476
	692	477
	691	477
	690	477
	690	476
	691	475
	692	474
	693	474
	693	473
	694	473
	694	472
	695	471
	696	470
	697	469
	697	468
	697	467
	698	467
.PEN_UP
.PEN_DOWN
	697	476
	696	477
	696	478
	696	477
	695	476
	694	475
	693	474
	692	472
	691	471
	691	469
	690	468
	689	467
	689	466
	688	466
	689	466
.PEN_UP
.PEN_DOWN
	707	478
	706	478
	706	479
	706	478
	707	478
	706	478
	706	477
	707	475
	706	474
	706	473
	706	472
	706	470
	706	469
	706	468
	707	468
	707	467
.PEN_UP
.PEN_DOWN
	713	478
	713	477
	713	475
	712	474
	711	472
	710	469
	710	468
	709	465
	708	465
	707	462
	707	460
	706	459
	706	457
	706	456
	706	455
	705	455
	705	456
.PEN_UP
.PEN_DOWN
	720	473
	719	474
	719	475
	720	475
	722	475
	723	475
	724	475
	725	475
	726	475
	727	475
	727	474
	727	475
	727	474
	726	473
	725	473
	724	471
	724	470
	723	469
	721	467
	721	466
	720	466
	719	465
	720	465
	719	465
	720	465
	720	464
	721	463
	723	463
	725	462
	727	462
	728	462
	728	461
	729	461
	730	461
	731	461
.PEN_UP
