
.WRITER_ID IanFelix
.STYLE PRINTED
.PEN_DOWN
	70	302
	70	303
	70	301
	71	300
	71	298
	71	297
	71	295
	72	293
	72	290
	72	288
	72	285
	72	283
	72	280
	72	279
	73	275
	73	274
	73	272
	73	271
	74	271
	74	270
.PEN_UP
.PEN_DOWN
	67	284
	67	285
	68	286
	69	286
	72	287
	73	287
	75	287
	76	287
	78	286
	80	286
	81	285
	82	285
	83	284
	84	282
	84	281
	85	280
	86	278
	86	277
	86	276
	85	275
	84	274
	84	273
	82	273
	81	272
	80	271
	79	271
	77	270
	74	270
	73	270
	72	270
	70	270
	69	270
	69	271
.PEN_UP
.PEN_DOWN
	89	274
	90	274
	91	274
	92	275
	93	275
	93	276
	94	277
	94	278
	95	279
	96	280
	97	281
	97	282
	97	283
	97	284
	97	285
	96	285
	96	286
	95	286
	93	286
	91	285
	90	284
	89	282
	88	281
	88	280
	88	278
	88	277
	88	276
	88	274
	89	273
	90	272
	92	272
	96	271
	98	271
	100	271
	103	271
	105	271
	108	271
	110	272
.PEN_UP
.PEN_DOWN
	120	305
	120	304
	121	303
	121	301
	121	299
	121	297
	122	295
	122	294
	122	291
	122	289
	123	286
	124	285
	125	283
	125	282
	126	281
	126	280
	126	279
	126	280
	125	280
	125	281
	124	281
	123	282
	122	283
	121	284
	119	284
	118	284
	117	284
	114	283
	113	282
	112	280
	111	279
	110	278
	110	277
	110	276
	110	274
	110	273
	110	272
	112	271
	113	271
	117	271
	119	271
	121	271
	124	271
	126	272
	128	272
	131	273
	132	273
	134	273
	136	274
.PEN_UP
.PEN_DOWN
	139	271
	139	270
	138	270
	139	270
	140	270
.PEN_UP
.PEN_DOWN
	170	304
	171	304
	171	305
	172	305
	172	304
	172	303
	173	301
	173	299
	173	297
	173	294
	174	292
	174	289
	174	284
	174	282
	174	280
	174	278
	175	277
	175	276
	176	275
	176	274
.PEN_UP
.PEN_DOWN
	191	311
	191	310
	191	309
	191	307
	190	306
	190	304
	190	300
	190	298
	190	295
	190	293
	190	290
	190	288
	190	286
	191	285
	191	283
	191	282
	191	280
	192	278
	192	277
.PEN_UP
.PEN_DOWN
	175	289
	176	289
	177	289
	178	289
	180	289
	181	289
	183	289
	185	289
	187	289
	189	289
	191	289
	195	289
	196	289
	197	288
	198	288
.PEN_UP
.PEN_DOWN
	204	286
	204	285
	204	284
	204	283
	205	282
	206	282
	207	282
	208	282
	209	282
	210	282
	211	282
	212	282
	214	284
	215	284
	216	285
	217	286
	217	287
	217	288
	217	289
	217	290
	216	291
	214	292
	213	292
	212	292
	211	292
	210	291
	209	291
	208	290
	207	289
	206	288
	205	286
	204	285
	204	284
	204	282
	204	281
	204	280
	205	280
	206	279
	207	279
	209	278
	211	278
	213	278
	216	278
	218	278
	223	278
	224	278
	226	278
	227	278
	228	278
.PEN_UP
.PEN_DOWN
	239	309
	240	309
	241	308
	241	307
	242	305
	243	303
	243	302
	243	300
	243	297
	243	295
	243	293
	243	291
	242	289
	242	288
	242	286
	243	285
	243	284
	243	283
	244	283
	244	284
	245	285
	246	287
	246	288
	247	289
	247	290
	247	292
	247	294
	248	295
	249	296
	249	297
	250	297
	251	297
	251	296
	252	295
	252	293
	252	291
	253	289
	253	288
	253	286
	254	285
	255	284
	256	282
	257	281
	258	280
	260	279
	261	278
	262	278
.PEN_UP
.PEN_DOWN
	267	289
	266	289
	265	289
	265	288
	264	288
	264	286
	264	285
	264	284
	264	283
	265	282
	266	281
	267	280
	268	280
	270	280
	271	280
	273	280
	274	280
	276	280
	277	280
	278	281
	279	282
	279	283
	280	284
	280	285
	280	286
	280	287
	279	288
	279	289
	278	289
	276	292
	274	293
	273	294
	271	294
	270	294
	268	294
	267	294
	266	294
.PEN_UP
.PEN_DOWN
	285	288
	285	287
	285	286
	286	285
	286	284
	286	283
	286	281
	287	280
	287	278
	287	276
	287	274
	287	271
	287	269
	287	267
	287	266
	287	264
	287	263
	287	261
	287	260
	288	259
	288	258
	288	257
	288	258
	288	259
	287	260
	287	261
.PEN_UP
.PEN_DOWN
	284	290
	285	290
	285	291
	285	292
	287	293
	288	293
	289	293
	290	293
	292	293
	294	293
	295	293
	296	293
	297	292
	299	291
	300	290
	300	289
	300	288
	300	287
	300	286
	300	285
	300	284
	300	283
	299	282
	298	281
	297	280
	295	280
	293	280
	292	280
	291	280
	290	280
.PEN_UP
.PEN_DOWN
	306	282
	307	281
	308	281
	309	281
	310	281
	311	281
	312	282
	313	283
	314	284
	314	285
	315	286
	315	287
	315	288
	315	289
	315	290
	315	291
	314	291
	313	292
	312	292
	310	292
	309	292
	306	292
	306	291
	306	290
	305	289
	305	288
	305	287
	305	286
	305	285
	306	282
	307	281
	308	280
	309	280
	311	279
	313	279
	314	278
	316	278
	318	278
	320	278
	322	279
	324	279
.PEN_UP
.PEN_DOWN
	335	313
	336	312
	337	312
	337	311
	337	310
	337	307
	337	306
	337	304
	338	302
	338	300
	338	298
	338	296
	339	294
	340	293
	340	291
	340	289
	341	287
	341	286
	342	285
	342	286
	342	287
	341	288
	340	289
	339	289
	338	290
	337	291
	336	291
	334	291
	333	291
	331	291
	330	290
	329	289
	327	288
	325	286
	325	285
	325	284
	325	283
	325	282
	325	281
	325	280
	326	280
	327	279
	328	279
	330	279
	333	279
	335	279
	337	279
	339	279
	341	279
	342	279
	344	280
	345	280
.PEN_UP
.PEN_DOWN
	374	311
	374	310
	375	310
	375	309
	375	308
	376	307
	376	306
	376	305
	377	303
	377	299
	378	297
	378	294
	378	293
	378	290
	378	289
	378	287
	378	286
	378	285
	378	284
	378	283
	378	282
	378	283
	379	284
	379	285
	379	286
	379	287
	380	289
	381	290
	381	291
	382	291
	383	292
	383	293
	384	293
	385	293
	386	292
	386	291
	387	289
	387	288
	388	287
	388	286
	389	285
	389	283
	390	282
	391	281
	392	280
	393	280
	394	279
	394	278
	396	278
	397	277
	398	277
	399	277
.PEN_UP
.PEN_DOWN
	405	281
	406	282
	407	283
	407	284
	408	284
	409	285
	409	286
	410	287
	410	289
	410	290
	410	291
	409	292
	408	292
	406	292
	405	292
	403	292
	401	292
	400	291
	397	289
	396	288
	395	287
	394	286
	394	285
	394	284
	394	283
	395	282
	396	281
	397	280
	398	279
	402	278
	404	278
	407	278
	409	278
	411	278
	413	278
	415	279
	417	279
.PEN_UP
.PEN_DOWN
	453	297
	453	296
	454	295
	454	294
	454	293
	453	292
	453	291
	453	290
	453	289
	453	290
	452	290
	452	291
	452	292
	451	293
	451	294
	451	295
	450	296
	449	297
	448	297
	447	297
	446	295
	445	294
	444	293
	443	291
	442	289
	442	288
	442	287
	442	284
	443	282
	444	281
	444	280
	446	279
	447	278
	449	277
	451	277
	453	276
	455	276
	458	276
	460	276
.PEN_UP
.PEN_DOWN
	471	290
	470	290
	469	290
	467	289
	466	287
	465	286
	465	285
	465	284
	465	283
	465	281
	465	280
	466	279
	467	278
	469	278
	470	277
	472	277
	475	277
	476	278
	478	278
	479	279
	481	280
	481	281
	482	282
	483	283
	483	284
	483	285
	483	286
	483	287
	481	290
	480	291
	479	292
	477	293
	475	294
	473	294
	471	294
	469	294
	468	293
	466	293
.PEN_UP
.PEN_DOWN
	487	290
	487	291
	488	291
	488	292
	488	293
	488	294
	488	293
	488	292
	488	290
	489	288
	489	287
	489	285
	490	284
	491	283
	492	282
	493	282
	494	281
	495	281
	496	281
	498	281
	499	281
	501	281
	502	281
	503	282
	503	283
	504	284
	505	285
	506	286
	506	287
	506	289
	506	292
	506	293
	505	293
	505	291
	505	289
	505	288
	506	286
	506	285
	508	282
	509	281
	510	280
	511	280
	512	279
	513	278
	515	278
.PEN_UP
.PEN_DOWN
	518	320
	518	319
	518	318
	518	317
	518	316
	519	314
	519	312
	520	310
	520	307
	521	301
	521	299
	522	296
	522	294
	523	292
	523	290
	524	288
	524	287
	525	285
	525	284
	526	283
	526	282
	526	281
	526	280
.PEN_UP
.PEN_DOWN
	543	316
	543	314
	543	313
	543	312
	543	310
	543	307
	542	305
	542	303
	542	300
	542	297
	543	295
	543	290
	544	289
	544	287
	545	285
	545	284
	546	283
	547	282
	547	281
	548	281
	548	280
	549	280
	549	281
	550	281
	550	282
	550	283
	550	284
	550	285
	549	286
	549	287
	548	288
	546	289
	543	289
	541	289
	540	288
	538	288
	537	287
	535	286
	534	285
	533	284
	533	283
	533	282
	534	280
	535	280
	536	279
	538	278
	539	278
	541	277
	543	277
	545	277
	548	276
	550	276
	552	276
	554	276
	558	276
.PEN_UP
.PEN_DOWN
	562	293
	562	291
	562	290
	562	288
	562	287
	562	285
	562	284
	562	282
	562	281
	562	280
	562	279
	562	278
	563	278
	565	278
	565	279
	566	280
	567	281
	568	283
	568	284
	569	285
	571	288
	572	289
	572	290
	573	291
	573	292
	574	292
	574	291
	575	290
	575	289
	575	288
	575	285
	575	284
	575	282
	576	281
	577	280
	577	279
	578	278
	580	277
	581	277
	582	276
	584	276
	586	276
.PEN_UP
.PEN_DOWN
	597	307
	597	306
	597	305
	597	304
	597	303
	596	302
	595	301
	594	300
	592	298
	591	297
.PEN_UP
.PEN_DOWN
	620	320
	620	319
	620	318
	620	317
	620	316
	619	315
	618	313
	617	311
	616	307
	616	305
	615	303
	615	300
	615	298
	615	296
	615	294
	615	292
	616	291
	616	289
	616	288
	616	287
	616	285
.PEN_UP
.PEN_DOWN
	597	296
	599	296
	600	296
	601	297
	602	297
	604	297
	605	297
	607	297
	609	296
	613	296
	615	296
	618	296
	620	295
	622	295
	624	295
	626	295
	628	295
.PEN_UP
.PEN_DOWN
	648	284
	648	285
.PEN_UP
