
.WRITER_ID JeanHale
.STYLE PRINTED
.PEN_DOWN
	153	461
	153	462
	153	463
	153	462
	152	460
	152	456
	152	453
	152	452
	153	452
	154	454
	156	456
	157	458
	158	459
	158	457
	158	455
	158	454
	159	454
	160	457
	161	459
	161	465
	161	470
	159	474
	157	474
	152	474
	144	468
	141	464
	140	455
	140	450
	143	446
	149	445
	153	445
	157	446
	162	447
	163	447
.PEN_UP
.PEN_DOWN
	195	468
	194	470
	194	469
	195	468
	195	463
	195	461
	196	457
	196	456
	196	459
.PEN_UP
.PEN_DOWN
	202	467
	202	468
	202	469
	203	471
	206	472
	207	473
	208	473
	209	472
	209	471
	209	468
	207	464
	207	463
	205	460
	204	457
	204	456
	206	455
	207	455
	210	455
	212	455
	213	455
	214	456
.PEN_UP
.PEN_DOWN
	223	469
	222	471
	222	472
	222	471
	222	469
.PEN_UP
.PEN_DOWN
	225	463
	225	462
	225	461
	225	458
	225	456
.PEN_UP
.PEN_DOWN
	231	472
	231	473
	232	473
	233	473
	236	474
	237	474
	238	473
	239	473
	238	472
	237	470
	234	469
	234	468
	233	468
	234	468
	235	469
	236	469
	239	469
	241	468
	243	466
	244	464
	243	460
	242	458
	239	455
	237	454
	234	453
	233	453
.PEN_UP
.PEN_DOWN
	253	470
	253	469
	253	466
	253	464
	253	463
	255	463
	256	463
	260	464
	263	464
	265	464
	266	465
.PEN_UP
.PEN_DOWN
	259	476
	258	475
	258	473
	258	471
	258	464
	257	458
	256	456
.PEN_UP
.PEN_DOWN
	270	473
	270	474
	270	473
.PEN_UP
.PEN_DOWN
	272	463
	271	463
	271	462
	271	461
.PEN_UP
.PEN_DOWN
	284	474
	283	474
	283	473
	282	471
	281	470
	281	469
	280	469
	281	470
	283	470
	284	471
	286	471
	286	470
	288	469
	288	467
	287	465
	286	463
	284	462
	283	462
	281	462
.PEN_UP
.PEN_DOWN
	283	476
	284	476
	285	477
	287	477
	290	477
	291	477
	292	477
.PEN_UP
.PEN_DOWN
	300	478
	299	478
	298	476
	297	473
	296	469
	296	468
	296	464
	297	462
	298	462
	300	462
	303	463
	304	464
	305	466
	305	467
	304	468
	303	469
	302	469
	300	468
	299	466
	299	464
	299	461
.PEN_UP
.PEN_DOWN
	313	468
	313	469
	314	469
	318	470
	321	470
	322	471
	323	470
	324	470
	323	470
.PEN_UP
.PEN_DOWN
	349	485
	348	486
	348	485
	348	484
	349	481
	350	476
	350	474
	351	471
	351	468
	351	466
	349	464
	348	462
	346	461
	344	460
	342	459
	341	460
	341	462
.PEN_UP
.PEN_DOWN
	363	469
	363	470
	363	469
	363	468
	362	466
	362	462
	363	461
	363	460
	364	461
	366	463
	368	466
	368	468
	368	469
.PEN_UP
.PEN_DOWN
	381	470
	381	472
	381	473
	380	473
	379	474
	377	473
	376	472
	375	470
	375	469
	375	467
	375	466
	376	466
	377	467
	378	467
	378	468
	379	467
	379	466
	379	464
	380	462
	380	458
	379	457
	379	454
	378	453
	377	452
	376	452
	375	453
	374	454
.PEN_UP
.PEN_DOWN
	392	469
	391	471
	390	472
	388	472
	387	471
	385	469
	385	466
	385	464
	385	463
	388	463
	389	465
	389	466
	390	467
	390	466
	390	464
	390	462
	390	458
	391	455
	391	453
	391	452
	390	450
	389	450
	388	450
	387	452
.PEN_UP
.PEN_DOWN
	399	479
	398	479
	398	478
	399	475
	399	473
	399	468
	399	464
	398	461
	398	458
	399	459
.PEN_UP
.PEN_DOWN
	404	467
	403	468
	404	468
	406	467
	407	466
	408	466
	409	467
	409	468
	408	469
	405	469
	403	469
	400	468
	400	467
	400	465
	402	462
	405	460
	409	460
	411	461
	411	462
.PEN_UP
.PEN_DOWN
	416	471
	416	468
	416	466
	416	464
	417	461
	417	460
	417	461
	417	462
	418	465
	419	468
	421	469
	422	469
	423	469
	424	468
.PEN_UP
.PEN_DOWN
	433	470
	433	472
	432	471
	430	471
	428	470
	428	468
	427	467
	428	466
	430	464
	431	464
	434	463
	435	461
	435	460
	434	458
	430	456
	429	455
	426	455
.PEN_UP
.PEN_DOWN
	448	460
	448	461
	449	461
	450	461
	454	461
	458	462
	459	462
	460	462
	459	462
	458	462
	457	462
	457	461
	458	460
.PEN_UP
.PEN_DOWN
	469	462
	468	462
	469	462
	471	462
	475	463
	478	463
	479	463
	480	463
	479	463
.PEN_UP
.PEN_DOWN
	502	471
	501	471
	501	469
	502	464
	502	462
	503	460
	504	459
	504	460
	505	462
	506	465
	506	467
	506	468
	506	466
	506	464
	506	462
	507	460
	508	460
	509	461
	511	464
	513	466
	513	468
	513	470
	514	471
	513	471
.PEN_UP
.PEN_DOWN
	520	471
	521	469
	521	467
	521	466
	521	465
.PEN_UP
.PEN_DOWN
	529	481
	529	482
	529	481
	529	478
	529	476
	529	471
	530	467
	530	466
	530	464
	530	465
	531	466
.PEN_UP
.PEN_DOWN
	538	485
	537	486
	538	486
	538	482
	539	478
	539	476
	540	470
	540	467
	540	466
	540	464
.PEN_UP
.PEN_DOWN
	548	466
	550	466
	551	466
	555	467
	560	467
	561	467
	564	467
	564	468
	564	467
.PEN_UP
.PEN_DOWN
	571	466
	571	467
	572	467
	573	467
	578	468
	583	468
	584	468
	586	468
	587	468
	586	468
.PEN_UP
.PEN_DOWN
	607	483
	607	488
	608	489
	608	488
	608	483
	609	477
	609	474
	610	469
	610	472
	610	473
	609	476
	608	477
	605	477
	602	477
	600	475
	599	473
	598	470
	599	469
	602	467
	607	467
	609	468
	612	469
	611	469
	610	469
.PEN_UP
.PEN_DOWN
	619	474
	620	474
	621	474
	623	475
	625	475
	625	476
	624	477
	623	477
	622	476
	619	475
	617	472
	617	471
	617	469
	619	468
	621	468
	625	468
	628	469
	628	470
.PEN_UP
.PEN_DOWN
	641	476
	641	477
	640	477
	638	476
	637	475
	635	474
	635	473
	637	473
	640	473
	642	474
	643	474
	644	473
	644	471
	642	470
	641	468
	639	468
.PEN_UP
.PEN_DOWN
	653	476
	653	477
	650	477
	649	476
	647	474
	646	472
	646	471
	647	470
	650	469
	653	470
	657	471
	658	472
.PEN_UP
.PEN_DOWN
	661	474
	660	475
	662	475
	664	475
	666	476
	667	477
	668	478
	666	479
	663	478
	662	477
	660	475
	660	473
	660	472
	662	470
	664	470
	665	470
	669	471
	670	471
	669	471
.PEN_UP
.PEN_DOWN
	678	478
	678	477
	678	474
	679	473
	679	471
	679	470
	679	471
	679	472
	681	474
	682	476
	683	475
	684	473
	685	471
	685	470
	686	471
.PEN_UP
.PEN_DOWN
	697	477
	697	479
	697	480
	698	479
	699	474
	699	473
	699	470
	699	469
	698	470
	698	471
	697	474
	696	475
	695	476
	694	475
	692	473
	691	472
	690	469
	689	465
	690	463
	691	461
	695	460
	696	460
	699	462
	701	464
.PEN_UP
.PEN_DOWN
	706	462
	705	464
	706	465
	708	465
	710	465
	713	465
	716	465
	719	465
	720	465
	719	465
.PEN_UP
.PEN_DOWN
	726	460
	726	462
	725	463
	723	461
	722	460
	722	459
	723	460
	724	462
.PEN_UP
