
.WRITER_ID IanFelix
.STYLE PRINTED
.PEN_DOWN
	73	312
	74	311
	74	310
	74	309
	74	308
	74	306
	74	305
	74	303
	74	302
	75	299
	75	298
	75	297
	75	296
	76	296
.PEN_UP
.PEN_DOWN
	71	329
	72	330
	71	330
.PEN_UP
.PEN_DOWN
	88	310
	89	310
	89	309
	89	308
	89	307
	89	306
	89	304
	90	303
	90	302
	90	300
	90	299
	90	297
	91	296
	91	295
	92	295
	92	296
	92	297
	93	299
	93	300
	93	302
	93	303
	94	304
	94	305
	94	307
	95	308
	95	309
	96	310
	97	310
	98	310
	98	309
	98	308
	99	306
	99	304
	100	303
	100	301
	101	299
	102	298
	103	297
	104	296
	107	295
	108	294
.PEN_UP
.PEN_DOWN
	135	302
	135	301
	134	300
	133	299
	132	298
	132	297
	131	295
	130	294
	130	293
	130	291
	130	289
	130	288
	131	286
	132	285
	133	284
	134	283
	135	283
	136	283
	138	283
	140	283
	141	283
	143	284
	144	285
	145	286
	147	289
	148	290
	148	291
	148	293
	148	294
	148	295
	147	296
	146	297
	145	298
	144	300
	142	301
	141	302
	138	304
	137	305
	135	305
.PEN_UP
.PEN_DOWN
	156	303
	157	301
	157	300
	157	299
	157	297
	157	296
	157	294
	158	293
	158	291
	159	290
	159	289
	159	288
	159	287
	160	287
	160	288
	161	289
	161	290
	161	292
	162	293
	162	294
	162	296
	163	298
	164	300
	165	302
	166	303
	166	305
	167	305
	168	305
	169	305
	170	304
	170	302
	171	301
	171	299
	171	298
	171	296
	172	294
	172	293
	172	292
	173	291
	174	289
	175	288
	176	288
	177	287
	178	287
.PEN_UP
.PEN_DOWN
	188	293
	189	293
	189	294
	190	294
	190	295
	191	296
	192	297
	192	298
	193	298
	193	299
	194	301
	194	302
	194	303
	193	303
	192	303
	191	303
	190	303
	189	303
	188	303
	186	302
	185	301
	184	298
	183	296
	182	294
	182	293
	182	292
	182	290
	183	290
	184	289
	185	289
	186	288
	188	288
	190	288
	194	288
	196	288
	199	288
	201	288
	204	288
.PEN_UP
.PEN_DOWN
	246	304
	247	303
	247	302
	247	299
	247	297
	247	296
	247	295
	247	294
	247	293
	247	292
	247	293
	247	294
	247	295
	247	296
	247	297
	247	299
	246	300
	246	301
	245	303
	245	304
	244	305
	242	306
	241	306
	240	306
	239	305
	238	304
	236	303
	236	301
	235	299
	235	297
	235	295
	235	293
	235	291
	237	288
	239	287
	240	286
	242	285
	245	285
	247	285
	250	284
	252	284
	254	284
	256	284
	258	284
.PEN_UP
.PEN_DOWN
	263	321
	264	320
	265	319
	265	318
	265	316
	265	312
	265	310
	265	307
	265	305
	265	302
	265	300
	265	298
	265	295
	265	294
	265	292
	265	290
	265	289
	266	287
.PEN_UP
.PEN_DOWN
	290	292
	290	293
	290	294
	290	295
	290	296
	289	296
	289	297
	288	299
	287	300
	287	301
	286	302
	286	303
	285	303
	284	303
	283	303
	282	303
	281	303
	280	302
	278	300
	276	298
	275	297
	274	296
	274	295
	274	294
	274	293
	274	292
	274	291
	275	290
	276	290
	277	290
	280	290
	281	290
	283	291
	285	291
	286	292
	287	293
	289	294
	290	295
	290	296
	291	297
	291	298
	290	298
	289	298
	288	297
	288	296
	287	295
	287	294
	287	292
	287	291
	288	290
	291	288
.PEN_UP
.PEN_DOWN
	302	300
	302	299
	302	298
	302	297
	302	295
	303	294
	303	293
	303	292
	304	291
	305	290
	305	289
	306	289
	307	289
	308	289
	309	290
	310	290
	310	291
	312	292
	312	294
	313	294
	313	295
	314	296
	314	297
	314	298
	314	299
	313	298
	313	297
	313	295
	313	294
	313	292
	314	290
	315	289
	316	288
	317	288
	318	288
	319	288
	321	288
	322	288
	323	288
	324	288
	326	289
	327	291
	329	292
	329	293
	330	294
	330	295
	330	296
	330	297
	330	298
	330	299
	329	300
	329	301
	328	304
	326	305
	326	306
	326	307
.PEN_UP
.PEN_DOWN
	340	288
	341	288
	343	289
	344	290
	345	290
	346	291
	347	292
	348	293
	349	295
	349	296
	349	297
	349	298
	349	299
	349	300
	348	301
	347	302
	346	302
	345	302
	342	301
	341	300
	340	299
	340	298
	339	297
	338	296
	338	294
	338	293
	338	292
	339	291
	340	290
	341	289
	343	288
	345	288
	347	288
	348	288
	350	288
	352	289
	354	289
.PEN_UP
.PEN_DOWN
	366	322
	366	321
	366	320
	366	319
	366	318
	366	314
	366	312
	366	311
	366	309
	367	307
	367	305
	367	303
	367	302
	368	300
	368	299
	368	298
	369	296
	369	295
	370	295
	370	296
	370	297
	370	298
	369	301
	368	302
	368	303
	366	303
	364	303
	363	303
	362	302
	361	301
	359	299
	358	298
	357	297
	356	294
	356	293
	356	292
	356	290
	357	290
	358	289
	359	289
	361	289
	363	289
	365	289
	367	289
	370	289
	372	289
	374	290
	376	290
	377	291
.PEN_UP
.PEN_DOWN
	398	318
	398	317
	398	316
	398	314
	398	312
	398	310
	398	308
	398	305
	398	302
	398	300
	398	295
	399	293
	399	292
	400	290
	400	289
	401	288
	402	288
	403	287
	404	287
	405	288
	406	289
	407	290
	407	291
	408	292
	408	293
	409	294
	409	296
	409	297
	410	298
	410	300
	411	301
	413	301
	413	300
	413	299
	414	297
	414	295
	414	294
	414	292
	415	290
	415	289
	416	287
	418	285
.PEN_UP
.PEN_DOWN
	439	295
	439	296
	439	297
	438	297
	438	298
	437	299
	436	300
	435	300
	434	301
	433	301
	432	301
	431	301
	430	300
	428	299
	427	298
	426	298
	425	297
	425	296
	424	295
	424	294
	424	293
	424	292
	424	291
	425	290
	425	289
	428	289
	429	289
	431	289
	432	290
	434	290
	436	291
	437	291
	438	292
	439	293
	440	294
	441	294
	441	295
	441	296
	440	296
	439	296
	438	296
	437	296
	437	295
	436	294
	436	293
	436	292
	436	290
	436	289
	437	288
	438	287
	439	287
	441	286
	442	285
	444	285
	446	285
	448	285
	450	285
	451	285
.PEN_UP
.PEN_DOWN
	455	294
	455	293
	455	292
	455	290
	455	289
	454	287
	454	286
	454	285
	454	284
	454	283
	455	283
	455	284
	456	286
	456	287
	457	288
	458	289
	458	290
	458	291
	459	292
	459	294
	460	294
	460	295
	461	296
	461	297
	462	297
	462	296
	462	295
	462	294
	462	292
	463	290
	463	289
	464	288
	464	286
	465	285
	467	284
	468	284
	469	283
	470	283
.PEN_UP
.PEN_DOWN
	489	312
	489	311
	489	310
	489	308
	489	306
	490	305
	490	303
	490	300
	490	298
	490	297
	490	296
	490	295
	490	294
	490	293
	491	293
	491	292
	492	292
	493	293
	493	294
	493	295
	493	296
	493	297
	492	298
	491	299
	491	300
	490	301
	489	301
	486	301
	484	301
	482	300
	481	298
	479	297
	478	295
	476	294
	476	292
	475	290
	475	289
	475	288
	476	286
	477	285
	479	285
	481	284
	483	284
	486	284
	488	284
	491	285
	493	285
	496	285
	498	285
.PEN_UP
.PEN_DOWN
	518	289
	518	288
	518	287
	518	286
	519	286
	519	285
	519	284
	519	283
	519	282
	519	280
	519	278
	518	277
	518	276
	517	275
	516	274
	515	273
	514	273
	513	273
.PEN_UP
.PEN_DOWN
	548	302
	547	302
	546	303
	545	303
	544	304
	543	304
	542	304
	540	303
	539	303
	538	303
	537	302
	537	301
	536	300
	535	299
	535	298
	534	297
	534	296
	534	295
	534	294
	536	292
	537	291
	538	291
	540	290
	541	290
	543	290
	544	290
	545	291
	546	291
	547	292
	548	293
	548	294
	548	295
	548	296
	548	297
	547	298
	546	298
	545	298
	544	298
	544	297
	544	295
	544	294
	544	293
	545	292
	546	291
	546	290
	548	289
	549	288
	550	287
	551	286
	554	285
	556	285
	558	285
	560	284
	561	284
	562	284
	563	284
.PEN_UP
.PEN_DOWN
	561	298
	561	296
	561	295
	561	294
	561	293
	561	292
	561	291
	562	290
	562	289
	563	289
	564	289
	564	290
	565	291
	565	292
	566	293
	567	294
	567	296
	568	297
	569	298
	569	299
	570	301
	571	301
	571	302
	572	302
	572	301
	572	299
	572	297
	572	296
	572	294
	572	293
	572	292
	573	290
	573	289
	574	289
	575	288
	576	287
	578	286
	580	286
.PEN_UP
.PEN_DOWN
	594	320
	594	319
	594	317
	594	315
	594	313
	594	311
	594	309
	594	307
	594	304
	595	303
	595	301
	595	299
	595	298
	596	296
	596	294
	597	293
	597	292
	597	293
	596	295
	596	296
	596	298
	595	298
	594	299
	592	299
	590	299
	589	299
	587	299
	585	298
	584	297
	582	295
	580	293
	579	292
	579	291
	579	290
	579	289
	580	288
	581	287
	583	287
	584	287
	586	287
	589	287
	591	287
	596	287
	599	287
	602	287
.PEN_UP
