
.WRITER_ID JeanHale
.STYLE PRINTED
.PEN_DOWN
	150	403
	150	404
	149	404
	148	405
	146	405
	145	404
	143	404
	142	404
	142	403
	141	403
	141	402
	141	400
	141	399
	142	396
	142	394
	142	393
	142	391
	142	390
	142	389
	142	388
	142	387
	141	387
	141	386
	141	385
	143	385
	144	385
.PEN_UP
.PEN_DOWN
	155	399
	155	400
	155	401
	154	402
	152	401
	151	400
	150	399
	150	398
	150	397
	153	397
	154	397
	156	397
	159	397
	160	397
	160	396
	161	394
	159	393
	158	391
	156	391
	155	390
	154	390
	153	390
	153	391
.PEN_UP
.PEN_DOWN
	151	405
	151	406
	150	405
	151	402
	151	399
	151	395
	151	394
	151	391
	151	390
	153	390
.PEN_UP
.PEN_DOWN
	154	405
	154	402
	154	400
	154	395
	154	393
	154	392
	154	390
.PEN_UP
.PEN_DOWN
	173	402
	173	403
	173	404
	172	404
	170	404
	168	403
	167	401
	167	400
	168	399
	169	400
	174	399
	175	399
	176	398
	176	396
	174	394
	171	392
	170	392
.PEN_UP
.PEN_DOWN
	169	407
	168	407
	168	405
	168	403
	168	399
	169	394
	169	392
.PEN_UP
.PEN_DOWN
	172	407
	172	405
	172	402
	172	401
	173	397
	173	394
	174	393
.PEN_UP
.PEN_DOWN
	199	404
	198	405
	197	405
	195	405
	193	403
	191	402
	191	401
	191	399
	192	398
	196	398
	198	397
	199	396
	199	394
	197	391
	194	390
	193	389
	191	389
.PEN_UP
.PEN_DOWN
	191	407
	190	408
	190	407
	190	403
	190	401
	190	396
	190	394
	190	391
	191	391
.PEN_UP
.PEN_DOWN
	194	409
	193	411
	193	409
	193	404
	194	398
	195	396
	195	393
	195	390
	196	390
.PEN_UP
.PEN_DOWN
	210	409
	209	410
	209	409
	209	407
	209	404
	209	403
.PEN_UP
.PEN_DOWN
	219	405
	218	405
	216	405
	215	404
	214	404
	213	403
	213	402
	214	402
	215	402
	218	402
	218	401
	221	400
	222	399
	222	398
	222	397
	221	396
	218	395
	216	395
	217	395
.PEN_UP
.PEN_DOWN
	230	410
	229	410
	231	410
	232	410
	234	410
	235	410
	235	409
	235	406
	235	404
	235	400
	235	396
	236	394
	237	392
	238	390
	237	390
	236	390
	234	389
	231	389
	230	388
	229	387
.PEN_UP
.PEN_DOWN
	255	402
	254	402
	255	402
	256	402
	257	402
	258	402
	259	402
.PEN_UP
.PEN_DOWN
	284	412
	282	413
	281	413
	280	414
	279	414
	277	414
	276	413
	276	412
	277	411
	277	408
	278	405
	278	404
	278	400
	279	397
	279	396
	279	395
	279	394
	280	394
	281	394
	282	394
	284	394
	285	395
	288	395
.PEN_UP
.PEN_DOWN
	298	409
	298	410
	298	411
	297	411
	295	410
	292	409
	292	408
	292	407
	293	407
	294	407
	298	409
	299	410
	298	411
	297	411
.PEN_UP
.PEN_DOWN
	304	413
	302	412
	301	411
	300	409
	296	403
	293	399
	292	397
	292	396
.PEN_UP
.PEN_DOWN
	304	398
	302	399
	301	399
	299	398
	299	396
	300	395
	302	396
	303	397
	304	398
	304	400
	303	400
.PEN_UP
.PEN_DOWN
	328	407
	329	408
	329	409
	328	409
	327	410
	325	409
	324	409
	322	407
	321	405
	323	405
	325	405
	328	407
	328	408
	326	408
.PEN_UP
.PEN_DOWN
	336	411
	335	411
	333	409
	333	407
	330	404
	328	399
	327	398
	326	396
	325	395
.PEN_UP
.PEN_DOWN
	335	395
	336	396
	336	397
	334	396
	333	396
	331	394
	331	393
	331	392
	335	393
	336	393
	337	394
	337	395
	336	395
	335	396
.PEN_UP
.PEN_DOWN
	359	407
	359	408
	359	409
	358	410
	357	410
	356	410
	354	408
	353	405
	353	404
	356	405
	358	406
	358	407
	358	408
	357	409
	355	409
.PEN_UP
.PEN_DOWN
	369	413
	367	414
	364	412
	361	406
	360	404
	357	399
	355	395
	355	394
.PEN_UP
.PEN_DOWN
	365	399
	364	399
	362	397
	360	395
	360	393
	362	393
	365	395
	365	396
	365	397
	363	397
	363	398
	362	398
.PEN_UP
.PEN_DOWN
	378	413
	377	414
	377	415
	377	414
	377	412
	377	411
.PEN_UP
.PEN_DOWN
	387	411
	386	412
	385	412
	384	410
	383	409
	383	408
	383	407
	386	407
	388	406
	389	405
	389	404
	389	403
	388	402
	386	402
	384	402
.PEN_UP
.PEN_DOWN
	396	415
	395	415
	395	416
	396	415
	398	415
	400	415
	402	415
	402	414
	402	412
	401	409
	401	405
	401	401
	401	399
	401	396
	402	395
	402	394
	401	394
	398	394
	396	393
	395	392
.PEN_UP
.PEN_DOWN
	420	405
	419	405
	420	405
	423	405
	425	405
.PEN_UP
.PEN_DOWN
	440	415
	439	416
	438	416
	436	415
	434	415
	433	414
	432	413
	432	411
	432	409
	433	408
	434	406
	434	403
	434	402
	434	398
	434	395
	434	394
	435	394
	436	394
	437	394
	439	394
	441	395
	443	395
.PEN_UP
.PEN_DOWN
	446	413
	446	412
	446	408
	446	406
	446	405
	445	404
.PEN_UP
.PEN_DOWN
	451	414
	450	415
	450	414
	450	413
	450	410
	450	405
	449	404
	449	402
	449	401
.PEN_UP
.PEN_DOWN
	442	408
	440	409
	441	409
	443	411
	445	411
	449	411
	452	411
.PEN_UP
.PEN_DOWN
	438	403
	436	402
	438	402
	441	402
	447	404
	449	404
	453	405
.PEN_UP
.PEN_DOWN
	466	410
	466	411
	466	412
	466	411
	466	409
	466	406
	465	402
	464	401
	464	399
	465	400
.PEN_UP
.PEN_DOWN
	470	411
	469	413
	469	409
	469	408
	469	404
	469	403
	469	401
	469	400
.PEN_UP
.PEN_DOWN
	458	405
	458	406
	459	407
	462	407
	464	408
	469	409
	472	410
	473	410
.PEN_UP
.PEN_DOWN
	460	402
	464	403
	466	403
	470	404
	473	405
.PEN_UP
.PEN_DOWN
	485	411
	485	410
	485	407
	485	406
	485	403
	485	402
.PEN_UP
.PEN_DOWN
	492	416
	492	417
	490	415
	490	413
	489	409
	489	404
	489	402
	489	401
	489	400
.PEN_UP
.PEN_DOWN
	478	405
	476	406
	477	406
	481	407
	486	408
	488	408
	490	409
	492	409
.PEN_UP
.PEN_DOWN
	477	400
	479	402
	480	402
	484	403
	488	404
	491	404
	495	405
.PEN_UP
.PEN_DOWN
	504	411
	503	413
	503	411
	503	410
	503	408
	502	407
	503	407
.PEN_UP
.PEN_DOWN
	513	407
	513	409
	512	410
	511	410
	509	410
	508	408
	507	407
	507	405
	507	404
	512	403
	514	402
	515	402
	515	401
	514	400
	513	399
	511	398
	508	398
.PEN_UP
.PEN_DOWN
	519	413
	521	413
	523	413
	526	413
	527	413
	526	412
	525	412
	525	410
	524	407
	524	405
	523	403
	523	400
	524	398
	524	397
	524	396
	523	395
	522	395
	521	395
	519	395
	517	395
	516	395
	518	395
.PEN_UP
.PEN_DOWN
	533	407
	531	408
	531	407
.PEN_UP
.PEN_DOWN
	532	399
	532	398
	532	397
	532	395
	531	392
	530	390
.PEN_UP
.PEN_DOWN
	552	415
	551	416
	550	416
	549	416
	547	415
	546	414
	546	413
	546	412
	546	411
	547	409
	547	408
	547	406
	546	405
	545	405
	545	406
	546	406
	547	406
	547	405
	547	403
	547	402
	546	399
	545	396
	545	395
	545	394
	546	394
	549	394
	550	394
.PEN_UP
.PEN_DOWN
	560	407
	559	408
	558	409
	557	409
	557	408
	559	407
	563	406
	565	406
	566	406
	568	405
	567	404
	564	402
	563	400
	561	398
	560	397
	559	397
	559	398
	562	398
.PEN_UP
.PEN_DOWN
	573	409
	572	409
	573	408
	577	408
	578	408
	581	408
	583	407
	583	406
	581	405
	579	402
	577	401
	576	399
	576	398
	575	398
	576	398
.PEN_UP
.PEN_DOWN
	588	410
	587	410
	589	409
	592	409
	596	409
	598	409
	598	408
	597	407
	595	405
	593	404
	592	401
	590	399
	589	398
	589	399
.PEN_UP
.PEN_DOWN
	603	410
	603	411
	603	410
	603	408
	603	407
.PEN_UP
.PEN_DOWN
	614	405
	614	406
	614	407
	614	408
	613	408
	612	408
	610	407
	609	407
	609	406
	609	405
	608	405
	608	404
	609	403
	611	403
	613	402
	614	401
	614	400
	614	398
	613	397
	610	397
	610	396
.PEN_UP
.PEN_DOWN
	618	412
	617	413
	618	414
	620	414
	622	414
	624	414
	625	413
	626	413
	626	412
	625	411
	622	409
	622	407
	621	406
	621	404
	622	404
	624	404
	626	405
	627	405
	625	405
	624	404
	623	402
	623	401
	623	398
	623	396
	624	394
	625	392
	626	390
	626	389
	625	388
	625	387
	624	387
	624	388
.PEN_UP
.PEN_DOWN
	639	405
	639	406
	639	405
	639	404
	639	400
	639	399
	639	397
.PEN_UP
.PEN_DOWN
	634	401
	636	401
	637	401
	640	402
	643	403
.PEN_UP
.PEN_DOWN
	660	413
	658	413
	657	412
	655	411
	655	410
	655	409
	655	407
	657	406
	658	405
	659	404
	658	401
	657	400
	656	400
	657	401
	658	401
	659	400
	659	399
	659	398
	659	396
	658	394
	657	392
	657	391
	659	391
	660	390
.PEN_UP
.PEN_DOWN
	664	400
	664	401
	666	401
	668	401
.PEN_UP
.PEN_DOWN
	678	400
	677	401
	678	401
	679	401
	680	401
	681	400
	682	400
.PEN_UP
.PEN_DOWN
	690	400
	689	401
	690	401
	692	401
	693	401
	694	402
.PEN_UP
.PEN_DOWN
	701	407
	701	408
	701	407
	701	406
	701	405
.PEN_UP
.PEN_DOWN
	711	403
	711	404
	710	405
	709	405
	707	404
	706	404
	705	402
	705	401
	705	400
	707	399
	709	398
	711	397
	712	395
	712	394
	710	393
	709	393
	707	393
	706	393
.PEN_UP
.PEN_DOWN
	717	411
	718	411
	720	411
	721	411
	722	409
	723	408
	722	408
	721	407
	719	404
	718	402
	719	401
	720	401
	722	401
	723	401
	722	400
	721	400
	720	398
	720	397
	720	395
	720	393
	720	392
	720	389
	721	387
	721	386
	721	385
	720	384
	720	383
.PEN_UP
