
.WRITER_ID IanFelix
.STYLE PRINTED
.PEN_DOWN
	82	313
	81	312
	80	312
	80	311
	79	311
	79	310
	79	309
	80	309
	81	309
	82	309
	83	309
	84	309
	86	309
	87	308
	90	307
	91	307
	92	306
	93	305
	93	303
	94	302
	94	300
	94	299
	94	298
	94	296
	94	295
	94	294
	93	292
	92	292
	91	291
	90	291
	89	291
	88	291
	87	291
	86	291
	85	291
	84	291
	83	292
	82	292
	81	294
	81	295
.PEN_UP
.PEN_DOWN
	111	315
	111	314
	111	313
	111	312
	111	311
	111	310
	111	309
	111	308
	111	307
	111	306
	111	307
	111	308
	111	309
	110	310
	110	311
	110	312
	109	312
	108	312
	108	313
	107	313
	106	313
	105	312
	104	312
	103	311
	102	310
	102	309
	101	307
	100	306
	99	305
	99	303
	99	302
	99	300
	100	298
	101	298
	102	297
	104	296
	105	296
	107	295
	109	295
	111	295
	112	295
	114	295
	116	295
	118	295
.PEN_UP
.PEN_DOWN
	121	305
	121	304
	121	303
	122	303
	122	302
	122	301
	122	300
	123	299
	123	298
	124	297
	124	296
	124	297
	123	298
	123	300
	122	301
	122	302
	122	303
	122	304
	122	305
	122	307
	122	309
	122	310
	123	310
	124	311
	125	311
	126	311
	127	311
	128	311
	130	311
	131	311
	133	311
	134	310
	135	310
	138	310
.PEN_UP
.PEN_DOWN
	136	297
	137	297
	138	297
	139	297
	139	298
	140	298
	140	299
	141	299
	142	300
	142	301
	143	302
	143	303
	144	304
	144	305
	144	306
	144	307
	143	307
	142	307
	141	307
	140	307
	139	307
	138	306
	136	304
	136	303
	135	302
	135	300
	135	299
	135	298
	135	297
	135	296
	136	295
	137	294
	138	294
	142	293
	143	293
	145	293
	148	293
	150	293
.PEN_UP
.PEN_DOWN
	163	303
	164	304
	165	304
	165	305
	166	306
	166	307
	166	308
	166	309
	165	309
	165	310
	164	310
	164	311
	163	311
	161	312
	160	312
	159	312
	158	312
	157	311
	156	311
	155	310
	154	309
	153	308
	152	307
	152	306
	151	304
	151	303
	151	302
	151	300
	152	299
	152	298
	153	298
	154	297
	155	297
	156	297
	157	297
	160	297
	162	298
	164	299
	165	300
	166	301
	167	302
	167	303
	167	304
	166	305
	166	306
	165	306
	164	306
	163	306
	163	305
	163	304
	163	303
	163	301
	163	300
	165	298
	166	297
	167	296
	168	295
	170	295
	171	295
	173	294
	174	294
	176	294
	177	294
.PEN_UP
.PEN_DOWN
	179	307
	180	307
	180	306
	180	305
	180	304
	180	302
	180	301
	181	300
	181	299
	181	298
	182	298
	182	297
	183	298
	184	299
	184	300
	184	301
	184	302
	185	303
	185	304
	186	305
	186	306
	187	307
	188	308
	188	307
	188	306
	188	305
	188	304
	189	303
	189	301
	189	300
	189	299
	189	298
	190	298
	190	297
	191	297
	192	297
	193	298
	194	298
	195	300
	196	302
	196	303
	197	304
	197	305
	198	306
	199	307
	199	308
	200	309
	201	309
	201	308
	202	307
	202	306
	202	304
	202	303
	202	301
	203	300
	204	298
	204	297
	205	296
	206	295
	208	293
	209	293
	210	293
	211	293
	212	293
.PEN_UP
.PEN_DOWN
	211	297
	212	297
	213	298
	214	299
	214	300
	215	302
	216	303
	216	304
	216	305
	216	306
	215	307
	214	307
	213	307
	211	306
	210	305
	209	303
	208	303
	208	300
	208	298
	208	297
	208	296
	210	295
	211	294
	214	294
	215	294
	217	294
	218	294
	221	294
	222	294
	224	295
	225	295
.PEN_UP
.PEN_DOWN
	233	324
	233	323
	234	323
	234	322
	234	321
	235	321
	235	320
	235	318
	235	317
	235	314
	235	313
	235	311
	235	310
	236	308
	236	307
	236	305
	237	304
	237	303
	237	302
	238	301
	238	300
	238	301
	238	302
	238	303
	238	304
	238	305
	238	306
	237	308
	236	308
	235	308
	231	308
	231	307
	230	306
	229	305
	227	303
	226	302
	225	300
	224	298
	224	297
	224	295
	224	294
	225	294
	226	294
	228	294
	229	294
	231	294
	233	294
	235	294
	237	294
	239	295
	243	296
.PEN_UP
.PEN_DOWN
	281	306
	281	307
	281	308
	280	309
	279	309
	279	310
	278	310
	277	310
	276	310
	275	309
	274	309
	273	309
	273	308
	272	307
	271	307
	270	306
	270	305
	269	304
	269	303
	269	302
	269	301
	270	301
	270	300
	272	300
	274	300
	276	300
	277	301
	278	302
	279	302
	280	303
	281	304
	281	305
	281	306
	280	306
	280	305
	281	304
	281	303
	282	302
	283	301
	284	301
	286	300
	287	300
	290	299
	292	299
	293	299
	294	299
.PEN_UP
.PEN_DOWN
	305	323
	305	322
	305	321
	305	319
	305	318
	305	316
	305	313
	305	311
	305	309
	305	308
	305	306
	305	305
	305	304
	305	303
	305	302
	306	301
	306	300
	306	299
	307	299
.PEN_UP
.PEN_DOWN
	291	313
	292	313
	293	313
	294	313
	295	313
	296	313
	298	313
	300	313
	303	313
	306	312
	308	312
	309	312
	311	312
	312	312
.PEN_UP
.PEN_DOWN
	340	327
	340	328
	340	327
	340	324
	340	322
	340	320
	340	317
	339	315
	339	312
	339	310
	339	308
	339	307
	339	305
	339	304
	339	303
	340	302
	340	301
	340	302
	341	302
	341	303
	341	304
	341	306
	341	308
	342	309
	342	311
	343	312
	343	314
	343	315
	344	316
	344	317
	345	317
	345	316
	345	315
	346	313
	346	312
	346	311
	347	309
	347	308
	348	307
	348	305
	349	304
	349	303
	351	302
	352	300
	353	299
	354	299
	355	298
	356	298
	357	298
	358	298
.PEN_UP
.PEN_DOWN
	362	311
	362	310
	362	309
	362	308
	362	307
	362	306
	362	305
	363	303
	363	302
	363	301
	363	300
.PEN_UP
.PEN_DOWN
	357	326
	358	326
	359	326
	361	326
	363	326
	364	327
.PEN_UP
.PEN_DOWN
	374	307
	374	306
	374	305
	375	304
	375	303
	375	301
	375	299
	375	298
	375	297
	375	296
	375	297
	376	298
	376	299
	376	300
	377	301
	378	303
	378	304
	379	305
	380	307
	381	308
	381	309
	382	310
	383	310
	383	309
	382	307
	382	306
	382	305
	382	304
	382	303
	382	301
	382	300
	383	300
	383	299
	384	299
	385	299
	386	299
	387	299
	388	300
	390	302
	391	303
	391	304
	392	305
	393	306
	393	307
	394	307
	395	308
	395	307
	395	306
	395	305
	395	304
	395	303
	395	301
	395	300
	396	298
	396	297
	397	296
	398	296
	400	295
.PEN_UP
.PEN_DOWN
	414	302
	414	301
	414	300
	415	300
.PEN_UP
.PEN_DOWN
	430	326
	430	327
	431	326
	431	325
	432	324
	433	323
	433	322
	433	321
	434	319
	434	318
	435	317
	435	316
	436	316
	437	315
	437	314
.PEN_UP
.PEN_DOWN
	436	327
	437	326
	438	325
	438	324
	439	323
	440	322
	441	321
	441	320
	442	319
	444	318
	445	317
	446	316
.PEN_UP
.PEN_DOWN
	458	321
	458	320
	458	319
	458	318
	458	317
	458	316
	458	315
	458	313
	458	312
	458	310
	458	309
	458	307
	458	305
	458	304
	459	303
	459	302
	459	301
	459	300
	460	299
.PEN_UP
.PEN_DOWN
	455	323
	456	322
	457	322
	459	320
	459	319
	460	318
	461	316
	462	315
	464	313
	465	312
	466	311
	467	309
	469	308
	470	307
	472	305
	473	304
	474	303
	475	303
	476	302
.PEN_UP
.PEN_DOWN
	474	324
	475	323
	476	323
	476	322
	476	321
	476	320
	477	317
	477	315
	477	314
	477	312
	478	310
	478	309
	478	307
	479	306
	479	305
	479	303
	480	302
	480	301
	481	299
.PEN_UP
.PEN_DOWN
	490	309
	489	308
	489	307
	489	306
	489	303
	490	302
	490	301
	491	300
	492	299
	493	299
	494	299
	495	299
	496	299
	497	299
	500	300
	501	300
	503	301
	504	302
	505	303
	506	304
	506	306
	506	307
	506	308
	506	309
	506	310
	505	311
	503	313
	502	315
	501	316
	499	316
	497	316
	496	316
	495	316
.PEN_UP
.PEN_DOWN
	539	303
	540	303
	540	302
	540	301
	540	299
	540	298
	540	297
	540	295
	541	292
	541	290
	541	289
	541	287
	541	285
	541	284
	541	283
	542	282
	542	281
	543	280
.PEN_UP
.PEN_DOWN
	531	312
	531	313
	532	313
	533	313
	535	313
	537	313
	538	313
	540	312
	542	312
	545	312
	547	311
	549	311
	553	310
	554	309
	555	309
	556	308
	556	307
	556	306
	556	305
	556	304
	555	303
	554	303
	553	302
	550	301
	548	300
	546	300
	545	300
	544	300
	543	300
	541	300
	540	300
	539	300
	538	300
.PEN_UP
.PEN_DOWN
	562	308
	563	307
	563	304
	563	303
	563	302
	563	301
	563	300
	563	299
	563	298
	563	297
	563	296
	563	295
.PEN_UP
.PEN_DOWN
	559	318
	559	319
.PEN_UP
.PEN_DOWN
	573	310
	573	309
	573	308
	574	308
	574	307
	575	304
	575	303
	575	301
	575	300
	575	298
	575	297
	575	296
	575	295
	575	294
	576	294
	577	294
	577	295
	578	295
	578	296
	579	297
	580	298
	580	300
	581	301
	581	302
	582	304
	583	307
	584	307
	584	308
	585	308
	585	307
	586	306
	586	305
	586	304
	586	303
	586	299
	587	298
	588	297
	588	296
	589	295
	590	295
	591	294
	592	294
	594	294
	595	294
	596	294
	598	294
.PEN_UP
.PEN_DOWN
	599	327
	599	326
	600	325
	600	324
	600	322
	600	319
	600	317
	600	315
	601	313
	601	312
	602	309
	602	307
	603	306
	603	304
	604	302
	604	301
	605	298
	605	297
	606	296
	606	295
.PEN_UP
.PEN_DOWN
	613	309
	612	309
	611	308
	609	308
	608	308
	607	307
	606	307
	604	307
	603	306
	601	304
	600	303
	600	302
	600	301
	600	300
	600	299
	601	298
	602	298
	604	297
	606	296
	608	295
	612	294
	614	294
	616	294
	618	293
	620	293
	623	292
	624	292
	626	292
.PEN_UP
.PEN_DOWN
	635	329
	636	329
	637	329
	637	328
	637	327
	637	326
	637	325
	637	323
	637	322
	637	320
	638	319
	638	317
	638	316
	639	313
	639	312
	639	311
	639	310
	639	309
	640	309
	640	308
.PEN_UP
.PEN_DOWN
	644	304
	644	303
	644	302
	644	301
	644	300
	645	300
	645	299
	646	298
.PEN_UP
