
.WRITER_ID BillRivard
.STYLE PRINTED
.PEN_DOWN
	95	393
	94	393
	94	392
	93	392
	92	392
	92	391
	91	390
	90	389
	89	388
	89	387
	88	386
	88	384
	88	382
	88	381
	88	380
	88	379
	88	378
	89	377
	90	376
	91	376
	92	375
	93	375
	94	375
	95	375
	97	375
	98	375
	98	376
	99	376
	100	377
	100	378
	101	379
	101	380
	102	381
	102	382
	103	384
	103	385
	103	386
	102	387
	102	388
	102	389
	101	390
	101	391
	100	391
	100	392
	99	392
.PEN_UP
.PEN_DOWN
	111	376
	111	375
	111	376
	111	377
	111	378
	112	379
	112	380
	112	382
	112	383
	112	384
	112	385
	112	386
	113	387
	113	388
	113	390
	113	391
	114	391
	114	390
	114	389
	114	388
	115	387
	115	386
	115	385
	116	383
	116	382
	116	381
	117	380
	117	379
	118	379
	118	378
	119	377
	120	377
	121	377
	122	377
	123	377
	124	377
	125	378
	126	379
	126	380
	127	381
	127	382
	128	383
	128	385
	128	386
	128	387
	128	389
	128	390
	128	391
	126	392
	125	393
	125	394
	124	394
	124	393
	125	393
.PEN_UP
.PEN_DOWN
	163	390
	163	389
	163	388
	163	387
	163	386
	162	385
	162	383
	162	382
	162	381
	162	380
	161	379
	161	377
	161	376
	161	374
	160	374
	160	373
	160	372
.PEN_UP
.PEN_DOWN
	153	390
	154	390
	155	390
	156	391
	158	391
	159	391
	160	391
	162	391
	163	391
	165	392
	166	392
	167	392
	169	392
	170	392
	171	392
	172	392
	173	392
	174	392
	175	392
.PEN_UP
.PEN_DOWN
	177	393
	177	392
	177	391
	177	390
	177	389
	177	388
	177	387
	177	386
	177	385
	176	383
	176	382
	176	381
	176	379
	175	377
	174	376
	174	375
	174	374
	174	373
.PEN_UP
.PEN_DOWN
	190	396
	190	395
	190	394
	190	393
	190	391
	190	390
	190	389
	190	388
	190	385
	190	384
	190	383
	190	382
	189	381
	189	380
	189	379
	188	378
	188	377
	188	376
	187	375
.PEN_UP
.PEN_DOWN
	176	385
	177	385
	178	385
	180	385
	181	385
	182	385
	184	385
	185	385
	187	385
	188	385
	189	385
	190	385
	191	385
	192	385
.PEN_UP
.PEN_DOWN
	202	391
	202	390
	201	389
	201	388
	200	387
	199	385
	198	385
	198	384
	197	382
	196	381
	196	380
	195	379
	195	378
	195	377
	195	376
	195	375
	195	374
	196	374
	196	373
	197	373
	198	373
	199	373
	200	373
	201	374
	202	374
	203	374
	205	374
	206	375
	207	375
	208	376
.PEN_UP
.PEN_DOWN
	198	385
	198	384
	199	384
	200	384
	200	383
	202	383
	204	383
	205	383
	206	383
	207	383
	208	383
	210	383
	211	383
	212	383
.PEN_UP
.PEN_DOWN
	200	395
	201	395
	202	395
	203	395
	204	395
	205	394
	206	394
	207	394
	210	394
	211	394
	212	394
.PEN_UP
.PEN_DOWN
	242	393
	242	394
	242	393
	241	393
	241	392
	241	391
	240	390
	240	388
	240	387
	240	385
	240	384
	240	382
	240	380
	240	379
	241	377
	241	376
	241	375
	242	374
	242	373
	243	372
	244	372
	245	372
	246	373
	247	374
	248	375
	249	376
	250	378
	250	379
	250	381
	250	382
	251	384
	251	385
	251	387
	252	389
	252	390
	252	391
	252	392
	252	393
.PEN_UP
.PEN_DOWN
	265	391
	265	390
	264	390
	264	389
	263	389
	263	388
	262	387
	261	387
	261	386
	261	385
	260	385
	260	384
	259	383
	259	382
	259	381
	259	380
	259	379
	259	377
	260	376
	261	375
	261	374
	262	374
	262	373
	263	373
	264	373
	264	372
	265	372
	266	372
	267	372
	267	373
	268	373
	269	373
	269	374
	269	375
.PEN_UP
.PEN_DOWN
	262	384
	263	384
	264	383
	265	383
	266	382
	267	382
	268	382
	269	382
	270	382
	271	382
	272	382
.PEN_UP
.PEN_DOWN
	264	392
	265	392
	266	391
	267	391
	268	391
	269	391
	270	391
	271	391
	272	391
.PEN_UP
.PEN_DOWN
	287	398
	287	397
	286	396
	286	395
	285	394
	285	393
	285	392
	285	391
	284	391
	284	390
	283	389
	283	387
	283	386
	282	385
	282	384
	281	383
	281	382
	281	381
	281	380
	281	379
	281	378
	281	377
	281	376
	282	375
	283	375
	284	375
	285	375
	286	375
	287	375
	288	375
	289	375
	291	375
	294	376
	295	376
	297	376
.PEN_UP
.PEN_DOWN
	304	392
	305	392
	305	393
	306	393
	306	394
	306	395
	307	394
	307	392
	307	391
	308	390
	308	388
	308	386
	308	385
	308	383
	308	381
	308	380
	309	378
	309	377
	309	376
	310	374
	311	374
	311	373
	312	373
	313	373
	313	374
	314	374
	315	375
	315	376
	317	377
	317	379
	319	382
	319	383
	319	385
	320	387
	320	389
	320	390
	320	391
	320	392
	320	393
.PEN_UP
.PEN_DOWN
	334	388
	335	388
	335	389
	335	388
	334	388
	334	387
	333	387
	331	385
	330	384
	329	382
	329	381
	328	380
	328	379
	328	378
	328	377
	328	376
	328	375
	328	374
	329	372
	330	371
	331	371
	331	370
	332	370
	333	370
	334	370
	335	369
	336	369
	337	369
	338	369
	340	370
	341	370
	341	371
	342	371
.PEN_UP
.PEN_DOWN
	333	382
	333	381
	334	381
	334	380
	335	380
	336	380
	337	380
	337	379
	338	379
	340	379
	341	379
.PEN_UP
.PEN_DOWN
	335	391
	334	391
	335	391
	336	391
	336	390
	339	390
	340	390
	341	390
	342	390
.PEN_UP
.PEN_DOWN
	362	394
	362	393
	362	392
	362	391
	362	389
	362	388
	362	387
	362	386
	362	385
	361	384
	361	383
	361	381
	360	380
	360	379
	360	378
	359	376
	359	375
	359	374
.PEN_UP
.PEN_DOWN
	347	394
	348	394
	349	394
	350	394
	351	393
	352	393
	355	393
	356	392
	358	392
	360	391
	361	391
	363	391
	365	390
	366	390
	368	390
	370	390
.PEN_UP
.PEN_DOWN
	420	384
	420	385
	420	387
	419	388
	418	389
	417	390
	415	390
	414	390
	413	389
	412	388
	411	387
	410	385
	410	384
	410	383
	410	381
	410	380
	411	379
	411	377
	412	376
	413	374
	414	373
	415	372
	418	371
	419	371
	420	371
	421	371
	422	371
	423	372
	424	372
	425	373
	425	374
	426	375
	426	376
	426	378
	427	381
	427	383
	427	384
	427	386
.PEN_UP
.PEN_DOWN
	418	382
	418	383
	419	382
	419	381
	420	380
	420	379
	421	378
	421	377
	422	376
	423	375
	424	375
	424	374
	425	374
	425	373
	426	373
.PEN_UP
.PEN_DOWN
	440	390
	440	389
	440	388
	439	388
	439	387
	439	386
	439	384
	439	382
	440	381
	440	380
	440	379
	440	378
	440	377
	440	376
	440	375
	440	374
	441	374
	441	373
	442	372
	443	372
	444	372
	445	372
	445	373
	446	373
	447	374
	448	374
	448	375
	449	376
	450	377
	451	378
	451	379
	452	380
	452	381
	453	382
	453	383
	454	384
	454	385
	454	386
	455	387
	455	388
	455	387
	455	386
	455	385
	455	384
	456	381
	456	379
	456	378
	457	377
	457	376
	457	375
	458	374
	458	373
	458	372
.PEN_UP
.PEN_DOWN
	470	390
	471	390
	471	389
	471	388
	471	387
	471	385
	471	384
	471	383
	471	382
	471	381
	471	379
	470	378
	470	377
	470	376
	470	375
	469	375
	469	374
	469	373
	470	373
.PEN_UP
.PEN_DOWN
	466	394
	467	394
	467	393
	468	393
	469	392
	470	392
	471	392
	472	392
	472	391
	473	391
	474	391
	475	391
	476	391
	477	391
	478	391
.PEN_UP
.PEN_DOWN
	461	374
	462	374
	463	374
	463	373
	464	373
	465	373
	466	373
	467	373
	468	373
	469	373
	470	373
	471	373
	472	372
	473	372
	475	372
	476	372
	477	372
	478	372
.PEN_UP
.PEN_DOWN
	489	390
	490	390
	490	391
	490	392
	489	392
	489	391
	488	390
	487	389
	487	388
	487	387
	486	386
	486	385
	486	384
	486	383
	486	381
	485	381
	485	378
	485	377
	486	376
	486	375
	486	374
	487	373
	487	372
	488	372
	489	372
	490	372
	491	372
	492	372
	493	372
	494	372
	495	372
	496	372
	497	372
	498	373
	499	373
	500	373
.PEN_UP
.PEN_DOWN
	515	388
	516	388
	516	389
	516	388
	515	387
	515	386
	515	385
	515	384
	514	383
	514	382
	513	380
	513	378
	513	377
	512	376
	512	375
	512	374
	512	373
	512	372
	512	371
	512	370
	511	370
.PEN_UP
.PEN_DOWN
	501	390
	502	390
	503	390
	504	390
	505	390
	506	389
	507	389
	509	389
	510	389
	511	389
	513	388
	515	388
	516	388
	519	388
	521	388
	522	388
	523	388
.PEN_UP
