
.WRITER_ID BillRivard
.STYLE PRINTED
.PEN_DOWN
	90	401
	89	401
	88	401
	87	400
	87	399
	86	399
	86	398
	86	397
	86	396
	86	395
	86	394
	86	393
	86	392
	86	390
	86	389
	86	386
	86	385
	86	383
	86	382
	86	380
	86	379
	86	378
	86	376
	86	375
	86	374
	86	373
	86	372
	86	371
	86	370
.PEN_UP
.PEN_DOWN
	80	381
	80	382
	80	383
	81	383
	81	384
	82	384
	83	385
	84	385
	86	385
	88	386
	89	386
	90	386
	91	386
	92	386
	93	387
	94	387
	95	387
	97	387
.PEN_UP
.PEN_DOWN
	108	386
	108	387
	108	388
	107	388
	106	388
	105	387
	104	387
	104	386
	103	385
	102	384
	102	383
	101	382
	101	380
	101	378
	101	377
	101	376
	102	375
	102	374
	103	374
	104	373
	105	373
	107	373
	108	374
	109	374
	109	375
	110	375
	110	376
	110	377
	111	378
	111	379
	111	380
	111	381
	111	383
	111	384
	110	385
.PEN_UP
.PEN_DOWN
	123	391
	124	391
	125	391
	125	390
	126	390
	126	389
	127	389
	127	388
	128	388
	129	387
	129	386
	130	385
	130	384
	131	383
	131	381
	132	380
	132	379
	132	378
	132	377
	132	376
	133	375
	133	374
.PEN_UP
.PEN_DOWN
	136	393
	136	392
	135	392
	135	391
	134	391
	133	390
	132	389
	132	388
	131	387
	130	386
	129	385
	128	384
	126	381
	125	380
	124	379
	124	378
	123	377
	123	376
	122	375
	122	374
	122	373
.PEN_UP
.PEN_DOWN
	151	393
	150	392
	150	391
	150	390
	150	389
	149	388
	149	387
	149	386
	149	385
	149	382
	149	381
	150	380
	150	379
	150	378
	151	377
	152	377
	153	378
	154	379
	155	380
	155	381
	156	382
	157	384
	157	385
	158	386
	159	387
	159	389
	159	390
	160	391
	160	392
	160	393
	161	394
	161	393
	161	392
	161	391
	161	390
	161	389
	161	385
	162	384
	162	382
	162	380
	163	378
	163	376
	164	374
	164	372
	164	370
	164	368
	164	366
	163	363
	163	362
	163	361
	163	360
	163	359
	163	358
	162	358
	162	359
	162	360
	162	361
.PEN_UP
.PEN_DOWN
	184	395
	184	396
	185	396
	185	397
	186	397
	187	397
	187	398
	188	398
	189	398
	190	398
	191	398
	192	398
	193	397
	193	396
	193	395
	193	394
	192	393
	192	392
	191	391
	191	390
	190	389
	190	388
	188	385
	188	384
	187	382
	187	381
	187	380
	187	379
	187	378
	187	377
	188	376
	189	376
	190	376
	191	376
	192	376
	193	376
	194	376
	195	376
	196	376
	197	377
	198	377
	199	377
	201	377
.PEN_UP
.PEN_DOWN
	208	391
	208	390
	208	389
	208	388
	208	387
	208	385
	208	383
	208	382
	208	381
	208	380
	208	379
	208	378
	209	377
	210	377
	211	377
	211	378
	212	378
	213	378
	213	379
	214	380
	215	381
	216	382
	217	384
	217	385
	218	386
	218	387
	219	388
	219	389
	219	390
	219	391
	220	392
	220	391
	220	390
	221	389
	221	388
	221	387
	221	386
	222	384
	222	383
	223	382
	223	381
	223	380
	224	379
	224	378
.PEN_UP
.PEN_DOWN
	233	406
	233	405
	233	404
	233	403
	234	401
	234	400
	235	399
	235	398
	235	397
	236	396
	236	395
	236	394
	236	392
	236	391
	235	390
	235	389
	234	386
	234	385
	234	383
	234	382
	233	381
	233	380
	233	379
	233	378
.PEN_UP
.PEN_DOWN
	248	390
	248	389
	248	388
	247	387
	247	386
	247	385
	247	384
	247	383
	247	382
	247	381
	247	380
	247	379
	247	378
	247	377
	248	377
	249	377
	250	377
	251	378
	252	379
	252	380
	253	381
	254	382
	255	384
	255	385
	256	386
	256	387
	256	388
	257	389
	257	390
	257	391
	257	392
	257	391
	257	390
	257	389
	257	388
	258	387
	258	386
	258	385
	258	384
	258	382
	258	381
	258	380
	259	379
	259	378
	259	377
.PEN_UP
.PEN_DOWN
	282	393
	282	394
	281	394
	281	395
	280	396
	279	396
	279	397
	278	397
	277	397
	277	396
	275	396
	275	395
	274	395
	274	394
	274	393
	274	392
	275	390
	275	389
	276	389
	276	388
	277	388
	277	387
	278	387
	278	386
	279	385
	279	384
	279	383
	278	382
	278	381
	277	381
	276	381
	276	380
	274	380
	273	379
	272	379
.PEN_UP
.PEN_DOWN
	314	392
	313	392
	312	392
	311	392
	310	391
	309	391
	309	390
	308	390
	307	389
	306	387
	306	386
	306	385
	306	383
	306	382
	306	381
	306	380
	307	379
	307	378
	308	378
	309	378
	312	378
	313	379
	314	380
	315	381
	316	381
	317	383
	317	384
	318	385
	318	386
	318	387
	318	388
	318	389
	317	389
	316	388
	315	387
	314	385
	314	384
	313	382
	312	380
	311	376
	311	374
	310	372
	309	369
	309	367
	308	364
	308	361
	307	358
	307	356
	307	353
	307	351
	307	349
	307	347
	308	347
	309	348
	310	349
	311	350
	312	352
	313	353
	314	355
	316	358
	317	360
	318	362
	318	364
	319	366
	319	367
	320	369
.PEN_UP
.PEN_DOWN
	334	387
	333	387
	333	386
	332	386
	332	385
	331	384
	331	382
	331	381
	330	380
	330	379
	330	378
	330	376
	330	375
	330	374
	330	373
	331	372
	331	371
	332	371
	333	371
	334	372
	335	372
	336	373
	337	373
	338	374
	340	376
	341	377
	342	378
	342	379
	343	380
	344	381
	345	382
	345	383
	346	385
	346	386
	346	387
	346	389
	346	390
	345	390
	345	389
	345	388
	345	386
	345	385
	345	384
	345	383
	345	381
	345	380
	345	379
	346	378
	346	376
	347	376
	347	374
	347	373
	348	372
	349	372
	349	371
	350	370
	351	370
	351	369
	352	369
.PEN_UP
.PEN_DOWN
	370	388
	369	388
	369	387
	369	386
	369	385
	369	384
	368	382
	368	381
	368	380
	368	379
	368	378
	368	376
	368	374
	368	373
	368	372
	368	371
	369	371
.PEN_UP
.PEN_DOWN
	372	400
	373	400
	373	401
	373	400
	373	399
.PEN_UP
.PEN_DOWN
	383	388
	383	389
	383	388
	383	387
	383	386
	383	383
	383	382
	383	381
	383	380
	382	378
	382	376
	382	375
	382	374
	382	373
	382	372
	382	371
	383	370
	383	369
	384	369
	385	369
	385	370
	386	370
	386	371
	387	372
	387	373
	388	374
	389	376
	390	377
	390	379
	390	380
	391	381
	391	383
	391	385
	392	387
	392	388
	392	390
	393	390
	394	390
.PEN_UP
.PEN_DOWN
	401	380
	402	380
	402	379
	403	379
	404	379
	406	379
	407	379
	408	379
	409	379
	410	380
	411	380
	411	381
	412	382
	412	383
	411	384
	411	385
	410	386
	408	386
	407	386
	405	386
	405	385
	404	385
	403	385
	402	384
	402	383
	401	382
	400	382
	400	381
	399	380
	399	379
	399	378
	399	377
	399	376
	399	375
	400	374
	400	373
	401	373
	402	372
	404	371
	405	371
	406	370
	407	370
	408	370
	409	370
.PEN_UP
.PEN_DOWN
	424	384
	425	384
	425	383
	425	382
	425	381
	425	380
	425	379
	425	376
	426	374
	426	373
	426	372
	426	371
	426	370
	426	371
	425	372
	425	373
	425	374
	425	375
	425	376
	425	377
	425	378
	425	381
	426	382
	427	383
	428	384
	429	385
	430	386
	431	386
	432	387
	433	387
	435	387
	436	387
	437	387
	437	386
	438	386
	439	386
	440	385
	441	385
	441	384
.PEN_UP
.PEN_DOWN
	470	385
	469	385
	469	384
	468	384
	468	382
	468	381
	467	380
	467	376
	467	375
	467	374
	467	372
	467	371
	467	370
	467	369
	468	368
	469	367
	471	367
	471	368
	472	368
	473	369
	474	369
	475	370
	475	371
	476	372
	477	372
	478	373
	479	374
	480	376
	481	377
	482	378
	482	379
	482	378
	482	377
	482	376
	482	375
	482	374
	482	373
	483	372
	483	371
	484	371
	484	370
	485	369
	486	369
	487	368
	488	368
	489	368
	491	368
	492	369
	493	370
	494	370
	494	371
	495	372
	495	373
	496	374
	496	375
	496	376
	496	378
	496	379
	495	380
	495	381
.PEN_UP
.PEN_DOWN
	508	403
	509	403
	509	402
	509	400
	509	399
	509	398
	509	397
	509	395
	509	393
	509	391
	509	389
	509	387
	509	385
	509	383
	509	381
	508	378
	508	377
	508	376
	508	375
	508	374
	509	374
	509	375
	510	376
	511	377
	511	378
	512	379
	512	381
	513	381
	514	382
	515	384
	515	385
	516	386
	517	387
	518	388
	519	388
	520	388
	520	387
	520	386
	520	385
	521	384
	521	383
	521	382
	522	381
	522	378
	522	376
	523	376
	523	374
	523	373
	523	372
	524	372
	524	371
	524	370
.PEN_UP
.PEN_DOWN
	541	385
	541	384
	540	383
	540	381
	540	379
	540	378
	540	377
	540	376
	539	375
	539	374
	539	373
	539	372
	539	371
	538	371
	538	370
	539	370
.PEN_UP
.PEN_DOWN
	543	398
	543	399
	542	399
	542	400
	541	400
	540	400
	540	399
	540	398
	540	397
	541	397
	541	396
	541	395
	541	394
.PEN_UP
.PEN_DOWN
	566	397
	566	398
	566	399
	565	399
	564	398
	563	397
	562	396
	561	395
	561	394
	560	393
	559	392
	559	390
	558	389
	557	387
	557	386
	555	382
	555	381
	554	379
	554	378
	553	376
	553	375
	553	374
	552	373
	552	372
	552	371
	553	370
.PEN_UP
.PEN_DOWN
	582	377
	583	377
	584	377
	585	377
	586	377
	587	378
	588	378
	588	379
	589	379
	589	380
	590	381
	590	382
	590	383
	590	384
	590	385
	590	386
	589	387
	588	388
	587	388
	586	388
	585	387
	583	387
	583	386
	581	385
	580	385
	580	384
	578	383
	578	381
	577	381
	577	380
	577	377
	577	376
	577	375
	577	374
	578	373
	579	372
	580	372
	582	372
	583	371
	584	371
	586	371
	588	371
	589	371
.PEN_UP
.PEN_DOWN
	634	399
	635	400
	635	401
	634	401
	634	400
	634	399
	634	398
	634	397
	633	396
	633	395
	633	394
	633	393
	633	392
	633	389
	632	387
	632	386
	632	385
	632	383
	632	382
	632	381
	632	380
	632	379
	632	378
	632	379
	632	380
	632	381
	632	382
	632	384
	632	385
	631	385
	631	386
	630	387
	630	388
	629	388
	628	388
	627	388
	626	388
	625	388
	624	387
	622	385
	621	385
	620	383
	619	382
	619	381
	618	380
	618	379
	618	378
	618	377
	618	376
	618	375
	619	374
	621	374
	621	373
	622	373
	623	373
	625	373
	627	374
	628	374
	629	374
	630	375
	631	375
	634	376
	635	376
.PEN_UP
.PEN_DOWN
	652	388
	652	389
	651	389
	651	388
	651	386
	651	385
	651	384
	651	383
	651	381
	651	380
	651	378
	651	377
	651	376
	651	375
	651	374
	651	373
	651	372
	651	371
	650	371
	650	372
	650	373
	650	374
	650	375
	650	376
	650	377
	650	378
	650	379
	650	381
	650	382
	651	383
	651	384
	652	385
	654	386
	655	386
	656	386
	657	387
	658	387
	659	387
	660	387
	661	387
	662	386
	663	385
	664	385
	664	384
.PEN_UP
.PEN_DOWN
	678	384
	679	384
	679	385
	678	384
	678	383
	677	381
	677	379
	676	377
	676	376
	675	375
	675	374
	675	373
	675	372
	675	371
	675	370
.PEN_UP
.PEN_DOWN
	682	394
	682	395
	683	395
	683	394
.PEN_UP
.PEN_DOWN
	701	391
	702	390
	703	390
	703	389
	703	388
	703	387
	703	386
	703	385
	703	384
	703	383
	703	382
	703	381
	703	380
	702	378
	702	377
	701	376
	701	375
	701	374
	700	374
	700	373
	700	372
	700	373
	700	374
	701	374
	701	375
	702	376
	702	377
	703	378
	704	379
	704	380
	706	381
	707	382
	707	383
	709	385
	710	386
	711	386
	712	387
	713	387
	714	387
	715	387
	715	386
	716	385
	716	384
	716	383
	716	382
	716	381
	716	380
	716	379
	716	378
	716	377
	715	376
	715	375
	715	374
	715	373
	715	372
	715	371
	715	370
.PEN_UP
.PEN_DOWN
	732	391
	732	390
	731	390
	731	389
	730	388
	730	386
	730	384
	729	383
	729	381
	729	380
	729	379
	728	377
	728	376
	727	375
	727	374
	727	373
	726	372
	726	371
	725	369
	724	368
	724	367
.PEN_UP
.PEN_DOWN
	745	387
	744	387
	743	387
	742	386
	741	386
	740	386
	739	385
	738	385
	736	384
	735	384
	733	382
	732	382
	731	381
	730	381
	730	380
	730	379
	730	378
	731	378
	731	377
	732	376
	733	376
	734	375
	735	374
	736	374
	737	373
	738	373
	739	372
	740	372
	741	372
	742	371
	743	371
	744	370
.PEN_UP
.PEN_DOWN
	759	386
	760	386
	760	385
	759	384
	759	382
	759	381
	758	381
	758	379
	758	378
	758	377
	757	376
	757	374
	757	373
	757	372
	757	370
	757	369
	757	368
	757	367
.PEN_UP
.PEN_DOWN
	761	399
	761	400
	760	400
	760	399
	761	399
	761	398
	762	398
	762	397
	762	396
.PEN_UP
.PEN_DOWN
	767	386
	767	385
	768	385
	768	384
	768	383
	768	382
	768	380
	768	379
	768	378
	768	377
	768	376
	768	375
	767	374
	767	373
	767	372
	767	371
	767	372
	767	373
	768	373
	768	374
	769	375
	770	376
	770	377
	771	378
	772	379
	773	380
	774	381
	775	382
	775	383
	776	383
	778	384
	779	385
	780	385
	780	384
	781	384
	781	383
	781	382
	781	380
	781	379
	781	378
	781	377
	781	376
	781	375
	781	374
	781	373
	781	372
	780	371
	780	370
	780	369
	780	368
.PEN_UP
.PEN_DOWN
	805	381
	806	381
	806	382
	805	383
	805	384
	804	385
	803	386
	802	387
	801	387
	800	387
	799	387
	798	387
	797	387
	796	386
	794	385
	793	385
	792	384
	792	383
	792	382
	791	381
	791	380
	791	379
	791	378
	791	377
	792	377
	793	377
	794	377
	795	378
	796	378
	796	379
	797	379
	798	380
	799	381
	799	382
	800	383
	801	384
	801	383
	801	382
	801	381
	800	379
	800	378
	800	376
	800	375
	799	374
	799	372
	798	371
	798	369
	798	368
	797	367
	797	366
	797	364
	796	362
	796	361
	795	360
	795	359
	794	358
	794	357
	793	356
	792	356
	791	356
	790	356
	789	357
	788	357
	788	358
	788	359
	788	360
	788	361
	788	362
	789	364
	790	365
	791	366
	792	367
	793	367
	794	368
	796	368
	797	369
	799	369
	800	369
	801	369
	802	369
	804	369
	805	369
	806	369
	807	369
	808	369
	809	369
	810	368
.PEN_UP
