
.WRITER_ID BillRivard
.STYLE PRINTED
.PEN_DOWN
	76	387
	77	387
	77	386
	77	385
	77	384
	77	383
	77	382
	77	381
	77	380
	78	380
	78	378
	78	377
	78	376
	78	375
	78	374
	78	373
	78	372
	79	371
	79	370
	79	369
	79	368
	80	368
	80	369
.PEN_UP
.PEN_DOWN
	70	387
	71	387
	72	387
	73	387
	74	388
	75	388
	77	388
	79	388
	80	389
	81	389
	83	390
	84	390
	85	390
	86	390
	87	390
.PEN_UP
.PEN_DOWN
	74	366
	75	366
	75	365
	75	364
	76	364
	76	365
	77	365
	78	365
	80	366
	81	367
	83	367
	84	367
	86	368
	87	368
	88	369
	89	369
	90	369
	91	370
	92	370
	93	370
.PEN_UP
.PEN_DOWN
	109	396
	109	397
	109	398
	109	399
	108	399
	107	399
	107	398
	106	398
	105	398
	105	397
	104	396
	103	395
	103	394
	103	393
	103	392
	103	390
	103	389
	103	388
	103	387
	104	386
	104	385
	104	384
	105	383
	105	381
	105	380
	106	379
	106	376
	106	375
	106	374
	106	373
	107	373
	107	372
	107	371
	107	370
	107	369
.PEN_UP
.PEN_DOWN
	99	379
	100	379
	101	379
	102	379
	103	379
	105	380
	106	380
	108	380
	109	380
	110	381
	111	381
	112	381
	113	381
.PEN_UP
.PEN_DOWN
	130	393
	131	393
	131	392
	130	391
	130	390
	130	389
	130	388
	130	387
	130	385
	130	384
	130	382
	129	381
	129	379
	129	378
	129	377
	129	376
	129	375
	129	374
	129	373
	129	372
	129	371
	128	369
	128	368
	128	367
	128	366
	128	367
	128	368
	128	369
	129	370
	129	372
	130	374
	130	375
	131	376
	131	378
	132	379
	132	381
	133	382
	133	383
	133	384
	133	385
	134	386
	135	387
	136	388
	136	389
	137	389
	138	389
	139	389
	139	388
	139	387
	139	386
	139	385
	139	384
	139	383
	140	382
	140	381
	140	380
	139	379
	139	378
	139	377
	139	375
	139	374
	139	373
	139	372
	139	371
	139	370
	139	369
	139	368
	139	367
	139	368
	140	368
	140	370
	140	371
	141	372
	141	373
	142	374
	142	375
	142	376
	143	378
	143	380
	143	381
	144	382
	144	384
	145	385
	145	386
	145	387
	146	388
	146	389
	147	390
	148	390
	149	390
	149	389
	150	388
	150	387
	150	386
	150	385
	150	384
	150	383
	150	382
	150	381
	150	380
	150	379
	150	377
	150	376
	150	375
	150	374
	150	373
	150	372
	150	371
	150	370
	150	369
	150	368
	150	367
	151	367
.PEN_UP
.PEN_DOWN
	160	380
	160	379
	160	378
	160	377
	160	376
	160	375
	160	374
	160	373
	160	372
	160	371
	160	370
	160	369
	161	368
	162	368
	163	368
	164	368
	165	369
	166	370
	167	371
	167	372
	168	372
	168	373
	168	374
	169	375
	169	376
	170	377
	170	378
	170	377
	170	376
	170	375
	170	374
	170	373
	170	372
	170	371
	170	370
	170	367
	170	366
	170	364
	170	363
	170	361
	170	360
	170	358
	171	357
	171	356
	171	354
	171	353
	171	351
	171	350
	170	349
	169	349
	168	350
	167	351
	167	352
	167	353
	167	354
	167	355
	167	356
	168	357
	168	358
	168	359
	169	361
	170	362
	171	363
	172	364
	172	365
	173	365
	174	366
	175	367
	176	367
	177	367
	177	368
	178	368
	179	368
	180	369
.PEN_UP
.PEN_DOWN
	196	369
	197	368
	197	369
	197	370
	197	371
	197	372
	198	373
	198	374
	199	375
	199	376
	199	377
	200	379
	200	380
	200	381
	200	384
	201	385
	201	386
	201	387
	201	388
	201	389
	202	390
	202	389
	203	388
	203	387
	203	386
	203	385
	204	384
	204	383
	204	381
	205	380
	205	379
	205	378
	206	377
	206	376
	207	373
	207	372
	208	371
	209	370
	210	369
	211	368
	211	367
	212	367
	213	367
	214	367
	215	367
	216	367
	216	368
	217	368
	217	369
	218	370
	218	371
	218	372
	219	372
	219	374
	219	375
	219	376
	219	379
	219	381
	219	383
	219	385
	219	387
	219	390
	219	391
	218	393
	218	394
	218	395
	218	396
	218	398
	218	399
	218	400
	218	401
	219	400
	219	399
	220	399
.PEN_UP
.PEN_DOWN
	237	376
	237	377
	237	378
	237	379
	236	379
	236	380
	236	381
	235	381
	234	381
	233	381
	232	381
	231	381
	230	380
	230	379
	229	378
	229	377
	229	376
	230	375
	230	374
	230	373
	231	373
	231	372
	232	372
	232	371
	233	371
	234	371
	235	371
	236	372
	237	372
	237	373
	237	374
	238	375
	238	376
	238	377
	238	378
	238	379
	238	380
	239	380
	239	379
	239	378
	239	377
	240	377
	240	376
	240	375
	241	375
	241	374
	242	373
	242	372
	243	372
	244	372
.PEN_UP
.PEN_DOWN
	253	381
	254	381
	254	380
	254	379
	254	378
	254	377
	254	376
	255	374
	255	373
	255	372
	255	371
	256	371
	257	371
	257	372
	258	372
	258	373
	259	373
	259	374
	259	375
	260	376
	260	377
	260	378
	261	378
	262	381
	262	380
	262	379
	262	378
	262	377
	263	376
	263	375
	263	374
	263	373
	263	372
	264	371
	265	371
	265	372
	266	372
	267	373
	267	374
	268	375
	268	376
	269	376
	269	378
	270	379
	270	380
	271	381
	272	381
	273	380
	273	379
	273	378
	273	377
	273	376
	273	375
	273	374
	273	373
	273	372
	274	371
	274	370
.PEN_UP
.PEN_DOWN
	283	376
	284	376
	284	375
	285	375
	286	375
	287	376
	288	376
	289	376
	290	376
	290	377
	290	378
	289	379
	288	379
	288	380
	286	380
	286	381
	285	381
	284	381
	283	381
	283	380
	282	380
	281	379
	281	378
	281	377
	281	376
	281	375
	281	374
	281	373
	281	372
	282	372
	282	371
	283	371
	283	370
	284	370
	284	369
	285	369
	286	369
	287	369
	288	369
	289	369
	290	369
	291	369
.PEN_UP
.PEN_DOWN
	312	380
	312	381
	313	381
	314	381
	315	381
	316	381
	317	381
	318	381
	319	381
	320	381
	321	381
	322	381
	322	380
	322	379
.PEN_UP
.PEN_DOWN
	313	375
	314	375
	315	375
	316	375
	317	375
	318	375
	319	375
	320	374
	321	374
	322	374
	322	373
	323	373
.PEN_UP
.PEN_DOWN
	340	391
	340	392
	340	391
	340	390
	340	389
	340	388
	340	387
	341	386
	341	385
	340	385
.PEN_UP
.PEN_DOWN
	346	393
	347	393
	347	392
	347	391
	347	390
	347	389
	347	388
.PEN_UP
.PEN_DOWN
	357	395
	358	395
	358	394
	357	394
	357	393
	357	392
	357	391
	357	390
	357	388
	358	388
	358	386
	358	385
	359	384
	359	383
	360	382
	360	381
	361	381
	362	380
	363	380
	365	381
	366	381
	367	381
	368	382
	369	383
	370	384
	371	385
	371	386
	372	387
	372	388
	373	390
	373	392
	373	393
	373	394
	373	395
	373	396
	372	396
.PEN_UP
.PEN_DOWN
	366	382
	367	382
	367	381
	368	381
	368	380
	368	379
	368	378
	368	377
	368	376
	368	375
	368	374
	368	373
	368	372
	367	371
	367	370
	367	369
	367	368
	367	367
	367	366
.PEN_UP
.PEN_DOWN
	385	378
	385	379
	384	379
	383	379
	383	378
	382	377
	381	376
	381	375
	381	374
	381	373
	381	372
	381	371
	381	370
	381	369
	382	369
	382	368
	383	368
	384	368
	385	368
	386	369
	387	369
	387	370
	388	371
	388	372
	388	373
	388	375
	387	377
.PEN_UP
.PEN_DOWN
	396	378
	397	378
	397	377
	397	376
	397	375
	397	373
	397	372
	397	371
	397	370
	398	369
	399	369
	400	369
	400	370
	401	370
	402	370
	402	371
	403	372
	404	373
	405	375
	405	376
	405	377
	406	378
	407	378
	407	377
	407	376
	407	375
	407	374
	407	373
	407	372
	407	371
	407	370
	407	369
	407	368
.PEN_UP
.PEN_DOWN
	417	379
	418	379
	418	378
	418	376
	418	375
	418	374
	418	373
	419	372
	419	371
	419	370
	418	369
	418	368
	418	367
	418	368
	418	369
	418	370
	419	371
	419	372
	419	373
	420	374
	420	375
	422	376
	422	377
	423	377
	423	378
	424	378
	425	378
	426	378
	427	378
	428	378
	429	377
	430	377
	430	376
	431	376
	432	376
	432	375
.PEN_UP
.PEN_DOWN
	452	392
	452	393
	453	393
	453	392
	453	391
	453	390
	453	389
	453	387
	453	386
	453	385
	453	383
	452	381
	452	380
	452	378
	451	377
	450	375
	450	374
	450	373
	450	372
	450	371
	449	371
	450	371
.PEN_UP
.PEN_DOWN
	455	396
	456	396
	457	396
	458	396
	459	396
	460	396
	461	396
	462	396
	463	396
	464	397
	465	397
	466	397
	467	397
	468	397
	469	397
	470	397
.PEN_UP
.PEN_DOWN
	453	381
	454	381
	454	380
	455	380
	456	380
	457	380
	458	380
	459	381
	460	381
	461	381
	462	381
	463	381
	464	381
	465	381
.PEN_UP
.PEN_DOWN
	476	384
	477	384
	477	383
	477	382
	477	381
	478	380
	478	379
	478	378
	478	377
	478	376
	478	375
	478	374
	478	373
	478	372
	478	371
	478	370
	477	371
	477	372
	477	373
	477	374
	477	375
	478	376
	478	378
	479	380
	479	381
	480	381
	480	382
	481	383
	482	383
	482	384
	483	384
	484	384
	485	384
	486	384
	487	384
	488	384
	489	384
	490	384
	490	383
	490	382
.PEN_UP
.PEN_DOWN
	499	383
	500	383
	500	382
	501	381
	501	380
	501	379
	501	378
	501	377
	501	376
	500	375
	500	374
	500	373
	500	372
	500	371
	500	370
	499	370
	499	369
	499	368
.PEN_UP
.PEN_DOWN
	501	392
	501	393
	501	394
	501	395
	501	394
	501	393
.PEN_UP
.PEN_DOWN
	509	378
	510	378
	511	377
	512	377
	513	377
	514	377
	515	377
	516	377
	517	377
	517	378
	518	378
	519	378
	520	379
	520	380
	521	380
	521	381
	521	382
	520	382
	520	383
	520	384
	519	385
	518	385
	517	385
	516	385
	515	385
	514	385
	513	384
	512	383
	512	382
	512	381
	511	381
	511	380
	511	379
	511	378
	511	377
	511	376
	511	374
	512	373
	513	372
	514	371
	515	370
	516	370
	516	369
	517	369
	518	369
	520	368
	521	368
	522	368
	523	368
	524	368
.PEN_UP
.PEN_DOWN
	536	382
	536	383
	537	383
	537	384
	537	383
	537	382
	537	381
	537	380
	537	379
	537	378
	537	377
	536	375
	536	374
	536	373
	536	372
	536	373
	537	373
	537	374
	538	375
	538	376
	538	377
	539	378
	539	379
	540	380
	541	382
	542	383
	542	384
	543	385
	544	386
	544	385
	545	384
	545	383
	545	382
	545	381
	546	380
	546	379
	546	378
	546	377
	546	376
	546	374
	546	373
	547	372
	547	371
	547	370
.PEN_UP
.PEN_DOWN
	566	393
	566	392
	566	391
	566	390
	566	388
	565	387
	565	386
	565	384
	565	382
	565	381
	565	380
	565	378
	565	377
	565	376
	565	375
	565	374
	565	373
	565	372
	564	372
	564	373
	564	374
	564	375
	564	376
	564	377
	564	378
	563	379
	562	380
	562	381
	561	381
	560	381
	558	381
	557	381
	556	380
	555	380
	555	379
	554	378
	554	377
	554	376
	555	375
	555	374
	556	373
	557	373
	558	372
	559	372
	560	372
	562	372
	563	372
	565	372
	567	372
	568	372
	569	372
	570	372
	571	372
	572	372
.PEN_UP
.PEN_DOWN
	577	373
	578	373
	578	372
	579	371
	579	370
	579	369
	579	368
	579	367
	578	367
	578	366
	577	365
	576	364
	575	363
	574	363
	573	363
	572	363
.PEN_UP
.PEN_DOWN
	602	393
	603	393
	603	394
	602	393
	602	392
	601	391
	600	390
	600	389
.PEN_UP
.PEN_DOWN
	607	397
	607	396
	608	396
	608	395
	607	393
	607	392
	606	391
	606	390
.PEN_UP
