
.WRITER_ID BillRivard
.STYLE PRINTED
.PEN_DOWN
	73	391
	73	392
	73	393
	73	394
	72	394
	72	393
	73	393
	73	392
	73	391
	74	390
	74	389
	75	387
	75	386
	75	384
	76	382
	77	381
	77	379
	78	378
	78	377
	79	376
	80	375
	80	374
	81	374
	82	374
	82	375
	83	376
	84	378
	84	379
	85	380
	85	381
	85	382
	85	383
	86	384
	86	385
	86	386
	86	388
	87	389
	87	390
	87	392
	87	393
	87	394
	88	394
.PEN_UP
.PEN_DOWN
	97	396
	97	395
	97	394
	97	393
	96	392
	95	391
	95	390
	95	389
	94	388
	94	387
	93	385
	93	383
	93	382
	93	381
	93	380
	93	379
	93	378
	93	377
	94	377
	94	376
	95	376
	97	376
	98	376
	99	377
	100	377
	101	377
	102	378
	103	378
	103	379
	104	380
.PEN_UP
.PEN_DOWN
	98	386
	99	386
	100	386
	101	386
	102	386
	103	386
	104	386
	105	387
	106	387
	107	388
.PEN_UP
.PEN_DOWN
	98	398
	99	398
	100	398
	101	398
	102	398
	103	399
	104	399
	105	399
	107	399
	108	399
	109	399
.PEN_UP
.PEN_DOWN
	115	398
	116	398
	117	398
	118	398
	119	397
	120	397
	120	396
	121	395
	122	394
	123	393
	123	392
	124	391
	124	390
	125	389
	126	388
	126	387
	127	386
	127	385
	127	384
	127	383
	127	382
	128	382
.PEN_UP
.PEN_DOWN
	133	399
	132	399
	131	398
	130	398
	130	397
	129	396
	128	395
	127	394
	126	393
	125	392
	123	390
	121	389
	120	387
	119	385
	118	384
	117	383
	116	382
	115	381
	115	380
.PEN_UP
.PEN_DOWN
	143	397
	143	396
	143	395
	143	394
	143	393
	143	392
	143	391
	142	390
	142	388
	142	387
	142	386
	141	385
	141	384
	141	383
	141	382
	141	381
	140	380
.PEN_UP
.PEN_DOWN
	137	398
	138	398
	138	399
	139	399
	140	399
	141	399
	142	399
	143	399
	144	398
	145	398
	146	398
	148	398
	148	397
	149	397
.PEN_UP
.PEN_DOWN
	134	381
	135	381
	136	381
	137	381
	138	381
	139	381
	140	381
	140	382
	142	382
	143	382
	144	383
	145	383
	146	383
.PEN_UP
.PEN_DOWN
	153	380
	154	380
	154	381
	155	381
	155	382
	156	382
	156	383
	156	384
	157	385
	158	387
	158	389
	159	390
	159	391
	159	392
	160	393
	160	394
	160	395
	161	396
	161	397
	162	397
	162	396
	162	395
	162	394
	162	393
	163	391
	163	390
	163	389
	163	388
	164	387
	165	386
	165	385
	166	385
	166	384
	167	383
	168	383
	169	384
	170	384
	171	385
	171	386
	172	387
	172	388
	173	389
	173	390
	173	391
	173	392
	173	393
	173	394
	173	395
	173	396
	173	397
	172	398
	172	399
.PEN_UP
.PEN_DOWN
	184	397
	183	396
	182	396
	182	395
	181	395
	181	394
	180	394
	180	393
	179	392
	179	391
	179	390
	178	388
	178	387
	178	386
	178	385
	178	384
	178	383
	178	382
	179	381
	180	381
	180	380
	182	380
	183	380
	184	380
	185	380
	186	380
	187	380
	188	380
	189	380
	189	381
.PEN_UP
.PEN_DOWN
	184	388
	185	388
	186	388
	187	388
	188	388
	190	389
	191	390
	193	390
	194	390
	194	391
	195	391
	196	391
	197	391
	197	390
	197	389
	197	388
	197	387
	196	385
	196	384
	195	383
	195	382
	195	381
	195	380
	194	379
	194	378
	194	377
	194	376
	194	375
.PEN_UP
.PEN_DOWN
	236	390
	236	389
	236	388
	237	387
	237	386
	237	385
	237	384
	237	383
	237	382
	237	381
	237	380
	237	378
	237	377
	236	375
	236	374
	235	373
	235	372
.PEN_UP
.PEN_DOWN
	232	390
	231	390
	231	391
	232	391
	232	392
	233	392
	235	392
	236	392
	237	392
	238	392
	240	392
	241	391
	242	390
	243	390
	244	389
	245	388
	246	387
	246	386
	246	385
	247	384
	247	383
	247	382
	247	381
	246	381
	246	380
	246	379
	244	377
	243	377
	241	376
	240	375
	239	375
	238	374
	237	374
	236	374
	235	373
	234	373
.PEN_UP
.PEN_DOWN
	256	374
	257	374
	257	375
	256	376
	256	377
	256	378
	256	379
	256	380
	257	381
	257	382
	258	383
	258	384
	259	385
	260	388
	261	389
	261	390
	262	391
	263	391
	263	392
	264	392
	265	392
	266	392
	267	392
	267	391
	268	390
	268	389
	269	388
	269	387
	269	386
	269	385
	269	384
	269	383
	270	381
	270	380
	270	379
	270	378
	270	377
	270	376
	270	375
	270	374
	270	373
	270	372
	269	372
.PEN_UP
.PEN_DOWN
	258	384
	259	384
	260	383
	261	383
	263	383
	264	383
	266	382
	267	382
	268	382
	269	382
	270	382
.PEN_UP
.PEN_DOWN
	285	389
	285	388
	284	388
	284	387
	284	386
	284	385
	284	384
	283	382
	283	381
	283	380
	283	379
	282	378
	282	377
	281	375
	280	374
	280	373
	280	372
	279	372
	279	371
.PEN_UP
.PEN_DOWN
	282	391
	282	392
	283	392
	284	392
	284	393
	285	393
	286	393
	287	393
	288	393
	289	393
	291	393
	292	393
	294	394
	296	394
	297	394
	298	394
	299	394
	300	394
.PEN_UP
.PEN_DOWN
	279	383
	279	382
	279	381
	280	381
	282	380
	283	380
	284	380
	285	380
	286	380
	288	381
	289	381
	290	381
.PEN_UP
.PEN_DOWN
	309	390
	309	389
	309	388
	309	387
	309	386
	309	385
	309	384
	308	383
	308	382
	308	381
	307	379
	307	378
	306	376
	305	374
	304	373
	303	373
	303	372
	302	371
.PEN_UP
.PEN_DOWN
	297	392
	297	391
	298	391
	301	391
	302	391
	303	391
	305	391
	307	391
	309	391
	311	391
	312	391
	314	391
	316	391
	317	391
	318	391
	320	391
	321	391
	322	391
	323	391
.PEN_UP
.PEN_DOWN
	359	388
	359	389
	359	387
	359	386
	360	385
	360	383
	360	382
	360	380
	360	379
	360	377
	360	375
	360	374
	360	372
	360	370
	360	369
	359	368
	358	367
	357	366
	356	366
	355	366
	354	366
	353	366
	352	366
	351	366
	351	367
	350	367
.PEN_UP
.PEN_DOWN
	350	390
	351	390
	352	390
	353	390
	354	390
	355	390
	356	390
	358	390
	359	390
	361	390
	362	390
	364	390
	365	389
	366	389
	368	389
	369	389
.PEN_UP
.PEN_DOWN
	377	386
	377	385
	377	384
	377	383
	377	382
	377	381
	376	378
	376	377
	376	376
	376	375
	375	374
	375	373
	375	372
	374	371
	374	370
.PEN_UP
.PEN_DOWN
	373	387
	374	387
	375	387
	376	387
	377	387
	379	386
	380	386
	381	386
	382	386
	383	386
	384	386
	385	386
.PEN_UP
.PEN_DOWN
	363	370
	364	369
	365	369
	366	369
	367	369
	368	369
	369	369
	370	369
	371	369
	373	369
	374	369
	375	369
	376	369
	377	369
	379	369
	380	369
	381	369
.PEN_UP
.PEN_DOWN
	396	382
	396	383
	396	384
	397	383
	397	382
	397	381
	397	380
	396	379
	396	378
	396	376
	396	374
	395	373
	395	372
	395	371
	394	370
	394	369
	394	370
	395	370
	395	371
	396	372
	397	372
	397	373
	398	374
	399	375
	400	376
	402	379
	403	380
	404	381
	404	382
	405	383
	405	384
	405	383
	405	381
	405	380
	405	379
	405	378
	405	376
	405	375
	405	374
	405	373
	405	372
	406	372
	407	373
	408	374
	409	375
	410	375
	411	376
	412	377
	413	378
	415	380
	416	381
	417	383
	418	384
	419	385
	419	386
	420	386
	420	384
	420	383
	420	382
	420	381
	419	380
	419	378
	419	377
	419	376
	419	375
	419	374
	419	373
	419	372
	419	371
	420	370
	420	369
.PEN_UP
