
.WRITER_ID BeckyHammaker
.STYLE PRINTED
.PEN_DOWN
	122	375
	123	375
	123	376
	123	377
	122	377
	122	378
	122	379
	122	380
	121	380
	121	381
	120	381
	119	381
	118	381
	117	381
	116	380
	115	379
	114	379
	114	378
	113	377
	113	376
	113	375
	113	374
	114	373
	114	372
	115	372
	116	372
	117	372
	118	372
	119	372
	119	373
	120	373
	120	374
	121	375
	121	376
	121	377
	122	378
	123	378
	124	377
	124	376
	124	375
	124	374
	125	373
	125	372
	126	370
	126	369
	126	368
	127	367
	128	366
	128	365
	128	364
	128	363
	129	362
	129	361
	129	360
	129	359
	129	358
	128	358
	128	357
	127	357
	127	356
	126	356
	125	356
	125	355
	123	355
	122	356
	121	356
	120	357
	120	358
	119	358
	118	359
	118	360
.PEN_UP
.PEN_DOWN
	133	376
	132	375
	131	374
	131	373
	131	372
	132	371
	132	370
	133	370
	133	369
	134	369
	135	369
	136	369
	137	369
	138	369
	139	369
	140	369
	140	370
	141	370
	141	371
	142	372
	142	373
	142	374
	142	375
	141	375
	141	376
	140	376
	139	377
	138	377
	137	377
	136	377
	135	377
	134	377
	134	376
.PEN_UP
.PEN_DOWN
	149	377
	148	376
	147	376
	147	375
	147	374
	147	373
	148	372
	148	371
	149	370
	150	370
	150	369
	151	369
	152	368
	153	368
	154	368
	155	368
	156	369
	157	370
	157	371
	157	372
	157	373
	157	374
	157	375
	157	376
	156	377
	156	378
	155	378
	155	379
	154	379
	153	379
	152	379
	151	379
	151	378
.PEN_UP
.PEN_DOWN
	166	377
	165	377
	164	377
	163	376
	162	376
	161	376
	160	375
	159	374
	159	373
	160	372
	161	372
	161	371
	162	370
	163	370
	164	370
	165	369
	166	369
	168	369
	169	369
	170	369
.PEN_UP
.PEN_DOWN
	165	393
	166	393
	166	392
	166	391
	167	390
	167	389
	167	388
	167	387
	167	386
	167	385
	167	383
	167	382
	168	380
	168	379
	168	378
	168	376
	169	376
	169	374
	169	373
	169	372
	170	372
	170	371
	171	370
	171	368
	172	368
	172	367
.PEN_UP
.PEN_DOWN
	198	380
	199	379
	200	378
	200	377
	201	376
	202	375
	203	375
	203	374
	204	374
	205	373
	206	373
	206	372
	207	372
	208	372
	208	371
	209	371
	210	371
.PEN_UP
.PEN_DOWN
	213	382
	213	381
	213	380
	213	379
	212	379
	212	378
	212	377
	212	376
	212	375
	211	374
	211	372
	211	371
	211	370
	211	369
	211	368
	210	367
	210	366
	210	365
	210	364
	210	363
	210	362
	210	361
	209	361
	209	360
	209	359
	210	359
.PEN_UP
.PEN_DOWN
	219	377
	219	376
	219	375
	219	374
	219	373
	219	372
	220	371
	221	370
	222	370
	223	369
	224	369
	225	369
	226	369
	227	369
	228	370
	229	370
	229	371
	229	372
	229	373
	229	374
	228	374
	228	375
	228	376
	227	376
	227	377
	226	378
	225	378
	224	378
	223	379
	222	379
	221	379
	220	379
.PEN_UP
.PEN_DOWN
	235	378
	235	377
	235	376
	235	375
	235	374
	236	373
	236	372
	237	371
	237	370
	238	370
	239	369
	240	369
	241	369
	242	369
	244	369
	244	370
	245	370
	245	371
	245	372
	246	373
	246	374
	246	375
	246	376
	246	377
	246	378
	247	377
	247	376
	248	376
	248	375
	248	374
	249	373
	249	372
	250	372
	250	371
	251	370
	252	369
	253	368
.PEN_UP
.PEN_DOWN
	277	379
	276	379
	275	379
	274	378
	273	378
	272	378
	271	377
	270	376
	269	376
	269	375
	269	374
	269	373
	269	372
	270	372
	270	371
	271	371
	273	370
	274	370
	275	370
	276	370
	276	371
	277	371
	278	371
	278	372
	278	373
	278	374
	278	375
	278	376
	278	377
	279	377
	279	376
	280	375
	280	374
	281	373
	281	372
	281	371
	281	370
	281	369
	282	368
	282	366
	282	365
	282	364
	282	363
	282	362
	282	361
	283	360
	283	359
	283	358
	283	357
	282	356
	282	355
	282	354
	281	354
	281	353
	280	353
	279	353
	278	353
	276	353
	276	354
	275	354
	274	355
	274	356
	273	356
	273	357
	273	358
.PEN_UP
.PEN_DOWN
	286	373
	285	373
	285	372
	284	372
	284	371
	284	370
	285	370
	285	369
	286	368
	287	367
	288	367
	289	367
	290	366
	291	366
	292	366
	293	366
	294	366
	295	366
	296	367
	296	368
	296	369
	296	370
	295	371
	295	372
	294	372
	294	373
	293	373
	292	374
	291	374
	291	375
	290	375
	289	376
	288	376
.PEN_UP
.PEN_DOWN
	298	374
	299	374
	299	373
	299	372
	299	371
	300	370
	300	369
	301	369
	301	368
	302	367
.PEN_UP
.PEN_DOWN
	298	381
	299	381
.PEN_UP
.PEN_DOWN
	309	370
	309	369
	309	368
	309	367
	310	367
	311	367
	311	368
	311	369
	312	370
	312	371
	312	372
	312	373
	312	374
	312	375
	313	375
	313	376
	314	376
	315	376
	316	376
	317	376
	318	376
	319	375
	320	375
	320	374
	321	373
	321	372
	322	372
	322	371
	322	370
	322	369
	322	368
	322	367
	323	367
.PEN_UP
.PEN_DOWN
	331	378
	330	378
	329	378
	328	378
	327	378
	326	377
	325	376
	325	375
	325	374
	325	373
	326	372
	327	371
	328	370
	329	370
	330	370
	331	370
	332	370
	333	371
	333	372
	333	373
	333	374
	333	375
	332	376
	332	377
	333	377
	333	376
	334	376
	335	376
	335	375
	335	374
	334	374
	334	373
	334	372
	334	371
	334	369
	334	368
	335	367
	335	366
	335	364
	335	363
	336	362
	336	360
	336	359
	337	358
	337	357
	337	354
	336	353
	336	352
	336	351
	335	350
	334	350
	333	350
	332	350
	331	350
	329	351
	328	351
	327	352
	326	352
	325	352
	324	353
	323	353
	323	354
.PEN_UP
.PEN_DOWN
	365	381
	364	381
	363	381
	363	380
	362	379
	361	379
	360	378
	360	377
	360	376
	359	376
	359	375
	359	374
	359	373
	360	372
	361	371
	362	370
	363	370
	364	369
	365	369
	366	369
	367	369
	369	370
	370	370
	370	371
	371	371
	371	372
	372	373
	372	374
	372	375
	372	376
	371	377
	371	378
	370	379
	369	380
	368	380
	367	381
	366	381
	365	381
	365	380
.PEN_UP
.PEN_DOWN
	376	376
	376	375
	376	374
	377	374
	377	373
	377	372
	378	372
	378	371
	379	371
	380	371
	380	372
	380	373
	380	374
	380	375
	380	376
	380	377
	380	378
	381	378
	381	379
	382	379
	383	379
	385	379
	386	379
	387	378
	388	378
	389	377
	389	376
	390	376
	390	375
	390	374
	390	373
	390	372
	390	371
	390	370
	391	369
	391	368
	391	367
.PEN_UP
.PEN_DOWN
	418	376
	419	376
	419	375
	419	374
	419	373
	419	372
	419	371
	420	370
	420	369
	420	367
	420	366
	420	365
	421	364
	421	363
	421	362
	421	361
	422	360
	422	359
	422	358
	423	357
	423	356
	423	355
	422	355
	422	356
	422	357
	422	358
	422	359
	422	360
	421	360
	421	361
	421	362
	421	363
	420	364
	420	365
	420	366
	420	368
	419	368
	419	369
	419	370
	419	371
	419	372
	419	373
	419	374
	420	374
	420	375
	420	376
	421	376
	421	377
	421	378
	422	378
	422	379
	423	380
	424	380
	425	381
	426	381
	427	380
	428	380
	428	379
	429	379
	429	378
	430	378
	431	378
	431	377
	432	376
	432	375
	432	374
	432	373
	432	372
	432	371
	431	371
	431	370
	430	370
	429	370
	429	369
	428	369
	427	369
	426	369
	425	369
	424	369
	423	370
	422	370
	421	371
	420	371
	420	372
	420	373
	420	374
.PEN_UP
.PEN_DOWN
	438	373
	439	372
	440	372
	440	371
	440	370
	440	369
	441	369
	441	368
	442	367
	442	366
	442	367
	441	367
	441	369
	441	370
	440	370
	440	371
	440	372
	440	373
	440	374
	440	375
	440	376
	440	377
	440	378
	440	379
	441	379
	442	379
	442	380
	443	380
	444	380
	445	380
	446	380
	447	380
	448	379
	449	379
.PEN_UP
.PEN_DOWN
	457	373
	458	374
	459	374
	459	375
	460	375
	460	376
	461	377
	461	378
	460	378
	459	378
	458	378
	457	377
	456	377
	456	376
	455	376
	455	375
	455	374
	455	373
	456	373
	456	372
	457	371
	458	370
	459	370
	460	369
	461	369
	462	368
	464	368
	465	368
	465	367
	466	367
.PEN_UP
.PEN_DOWN
	470	380
	469	380
	468	380
	468	379
	468	378
	469	378
	470	378
	471	378
	472	377
	473	377
	474	377
	475	376
	476	376
	477	375
	478	375
	478	374
	479	374
	479	373
	479	372
	479	370
	479	369
	478	369
	477	368
	476	368
	476	367
	475	367
	474	367
	473	368
	472	368
	471	368
	471	369
	470	369
.PEN_UP
.PEN_DOWN
	483	381
	482	381
	481	381
	481	380
	480	380
	479	380
	479	379
	480	378
	481	378
	481	377
	482	377
	483	377
	484	377
	485	377
	485	376
	486	376
	487	376
	488	375
	488	374
	489	373
	489	372
	488	371
	488	370
	488	369
	487	368
	487	367
	486	367
	485	367
	484	367
	483	367
	482	367
	482	368
	481	368
	481	369
.PEN_UP
.PEN_DOWN
	494	376
	494	375
	494	374
	494	373
	494	372
	495	372
	495	371
	495	370
	495	369
	495	368
	495	367
.PEN_UP
.PEN_DOWN
	490	388
	491	388
	491	387
	492	387
.PEN_UP
.PEN_DOWN
	501	376
	502	375
	502	374
	502	373
	502	372
	503	372
	503	371
	504	371
	504	370
	505	370
	505	369
	505	370
	505	371
	505	372
	505	373
	505	374
	505	375
	505	376
	505	377
	505	378
	506	378
	506	379
	506	380
	507	380
	508	380
	509	380
	510	380
	511	380
	512	380
	513	380
	513	379
	514	379
	514	378
	515	378
	515	377
	516	376
	516	375
	517	374
	517	373
	517	372
	517	371
	517	370
	517	369
	518	369
	518	370
.PEN_UP
.PEN_DOWN
	526	378
	526	379
	525	379
	524	380
	523	380
	522	380
	521	381
	520	381
	519	381
	518	380
	518	379
	518	378
	518	377
	518	376
	519	375
	520	374
	521	373
	522	373
	522	372
	523	372
	524	372
	526	372
	527	372
	527	373
	527	374
	527	375
	527	376
	527	377
	527	378
	528	378
	528	377
	528	376
	528	375
	528	374
	528	373
	528	372
	528	371
	528	370
	528	369
	528	368
	528	367
	528	366
	528	365
	528	364
	528	363
	528	362
	528	360
	528	358
	528	357
	528	356
	528	355
	528	354
	528	353
	528	352
	528	351
	527	351
	525	351
	524	351
	523	351
	522	352
	521	352
	520	353
	519	354
	518	354
	517	354
	517	355
	516	355
	516	356
.PEN_UP
