
.WRITER_ID BillRivard
.STYLE PRINTED
.PEN_DOWN
	81	400
	80	400
	79	400
	78	400
	78	399
	77	399
	76	399
	76	398
	75	398
	74	397
	74	396
	73	396
	73	395
	72	395
	73	395
	73	394
	74	394
	75	394
	76	394
	77	393
	77	392
	77	391
	77	390
	76	389
	75	388
	74	388
	73	388
	73	389
	74	389
	75	389
	76	389
	76	388
	76	387
	76	386
	76	385
	75	384
	74	384
	74	383
	74	382
	73	382
	73	381
	73	380
	74	380
	75	380
	76	380
	76	381
	77	381
	78	381
	80	381
	81	381
	82	382
	83	382
	85	382
.PEN_UP
.PEN_DOWN
	91	398
	91	399
	91	398
	92	396
	93	395
	93	394
	94	393
	94	392
	95	391
	96	390
	96	389
	97	389
	97	388
	98	387
	98	386
	99	385
	100	384
	100	383
.PEN_UP
.PEN_DOWN
	101	402
	101	403
	101	402
	101	401
	102	401
	102	400
	102	399
	103	399
	103	398
	103	397
	104	396
	104	395
	105	394
	106	392
	106	391
	106	390
	107	390
	107	389
	107	388
	107	387
	108	387
	108	386
	108	385
	109	385
.PEN_UP
.PEN_DOWN
	113	403
	113	404
	114	404
	114	403
	115	402
	115	401
	115	400
	115	399
	116	399
	116	398
	117	396
	117	395
	118	394
	119	393
	119	392
	120	392
	120	391
	121	391
	121	390
	122	390
	123	389
	124	388
	124	387
.PEN_UP
.PEN_DOWN
	133	400
	133	401
	133	402
	133	401
	134	401
.PEN_UP
.PEN_DOWN
	145	398
	145	399
	144	399
	143	399
	142	399
	142	398
	142	397
	143	396
	144	396
	144	395
	145	395
	146	394
	147	394
	148	393
	149	393
	149	392
	149	391
	148	391
	148	390
	147	390
	146	389
	145	389
	144	389
	144	388
	142	388
	141	388
.PEN_UP
.PEN_DOWN
	157	400
	157	401
	158	401
	159	401
	160	401
	161	401
	162	401
	163	401
	164	401
	165	401
	165	400
	165	399
	165	398
	164	397
	164	396
	163	395
	163	394
	163	393
	163	392
	164	392
	165	392
	165	391
	166	391
	167	391
	168	391
	169	392
	170	392
	171	393
	170	393
	169	393
	168	392
	167	392
	167	391
	166	391
	166	390
	165	390
	165	389
	166	388
	167	388
	167	387
	168	387
	168	386
	169	386
	169	385
	169	384
	169	383
	169	382
	169	381
	168	381
	168	380
	167	380
	167	379
	166	379
	165	378
	164	378
	163	378
	162	378
.PEN_UP
.PEN_DOWN
	203	395
	204	395
	204	396
	204	397
	204	398
	204	397
	202	396
	202	395
	201	394
	201	393
	200	391
	200	390
	199	389
	199	388
	199	386
	199	385
	199	384
	199	382
	200	381
	201	380
	202	379
	203	379
	204	379
	205	379
	205	380
.PEN_UP
.PEN_DOWN
	193	390
	194	389
	195	389
	196	389
	197	388
	198	388
	200	388
	201	388
	202	389
	203	389
	204	389
	205	389
	206	389
	207	389
.PEN_UP
.PEN_DOWN
	215	387
	215	386
	215	385
	215	384
	214	383
	214	382
	214	381
	214	380
	214	379
	214	378
	214	377
.PEN_UP
.PEN_DOWN
	217	395
	217	394
	218	394
.PEN_UP
.PEN_DOWN
	232	398
	231	397
	230	396
	229	394
	229	393
	228	392
	228	390
	228	389
	227	388
	227	387
	227	385
	227	384
	227	383
	227	382
	227	381
	227	380
	228	379
	228	378
.PEN_UP
.PEN_DOWN
	246	398
	246	397
	246	398
	246	397
	245	396
	245	395
	244	394
	243	394
	242	391
	241	390
	241	389
	241	388
	240	387
	240	386
	240	385
	240	384
	240	383
	240	382
	240	381
	241	381
	241	379
	241	378
	242	378
	243	378
	243	377
	244	377
.PEN_UP
.PEN_DOWN
	235	392
	235	391
	236	391
	236	390
	237	390
	238	390
	239	390
	240	390
	241	390
	242	390
	243	389
	244	389
	245	389
.PEN_UP
.PEN_DOWN
	271	387
	271	388
	270	388
	269	388
	268	388
	267	387
	266	386
	265	385
	265	384
	265	383
	265	382
	265	381
	265	380
	266	379
	266	378
	267	377
	267	376
	268	376
	270	375
	271	375
	272	375
	273	376
	274	376
	274	377
	274	378
	275	378
	275	379
	275	380
	275	381
	275	382
	275	383
	275	384
.PEN_UP
.PEN_DOWN
	283	387
	284	387
	284	386
	284	385
	283	384
	283	382
	283	381
	283	380
	283	379
	283	378
	282	376
	282	375
	281	374
	281	373
	281	372
	281	371
	281	370
	281	369
	280	369
	280	370
	281	371
	281	372
	281	373
	281	375
	281	376
	281	377
	281	378
	281	379
	281	381
	281	382
	281	383
	282	385
	282	386
	282	387
	283	387
	283	388
	283	389
	284	389
	284	390
	285	390
	286	390
	287	390
	288	390
	289	390
	290	390
	291	390
	291	389
	292	389
	292	388
	292	386
	291	385
	290	384
	289	383
	288	383
	287	382
	286	382
	286	381
	285	381
	284	381
	284	380
.PEN_UP
.PEN_DOWN
	303	388
	303	387
	303	386
	303	385
	303	384
	303	382
	303	381
	303	380
	303	379
	303	378
	303	376
	302	374
	302	373
	302	372
	302	371
	301	372
	301	373
	301	375
	301	376
	301	377
	301	378
	301	379
	301	381
	301	382
	301	384
	302	386
	302	387
	303	388
	303	389
	304	391
	305	391
	306	391
	307	392
	308	392
	309	392
	310	391
	311	391
	312	390
	312	389
	312	388
	311	387
	311	386
	310	385
	309	384
	307	383
	307	382
	306	382
	305	381
	305	380
	304	380
.PEN_UP
.PEN_DOWN
	324	386
	325	387
	325	388
	326	388
	326	389
	326	390
	325	391
	324	391
	323	391
	322	391
	321	391
	320	391
	320	390
	319	390
	318	388
	318	387
	318	386
	317	385
	317	383
	317	382
	317	381
	317	380
	318	380
	318	379
	319	378
	320	377
	321	377
	322	377
	323	377
	324	377
	325	377
	325	378
	326	378
	327	379
	327	380
	328	381
	329	382
	329	383
	329	384
	329	385
	329	386
.PEN_UP
.PEN_DOWN
	344	391
	343	392
	342	392
	341	392
	340	392
	339	392
	338	391
	337	390
	337	389
	337	388
	337	387
	337	386
	338	386
	339	385
	340	385
	341	385
	341	384
	342	384
	343	383
	344	382
	345	382
	345	381
	346	381
	346	380
	345	380
	345	379
	344	378
	343	378
	342	377
	341	377
	340	376
	339	376
	339	375
.PEN_UP
.PEN_DOWN
	355	385
	354	385
	354	384
	354	383
	353	382
	353	381
	353	380
	353	379
	353	378
	353	377
	354	377
	354	376
	354	375
	355	375
	356	375
.PEN_UP
.PEN_DOWN
	357	395
	357	394
	357	395
	357	396
	357	395
	358	395
.PEN_UP
.PEN_DOWN
	375	394
	376	394
	375	394
	375	393
	375	392
	375	391
	375	390
	375	389
	375	388
	375	387
	374	386
	374	384
	374	383
	374	381
	373	380
	373	379
	373	378
	373	377
	374	376
	375	376
.PEN_UP
.PEN_DOWN
	368	391
	368	390
	369	390
	369	389
	370	389
	370	388
	371	388
	372	388
	373	387
	374	387
	375	387
	376	387
	377	387
	378	387
.PEN_UP
.PEN_DOWN
	386	381
	386	380
	387	380
	388	381
	389	381
	390	381
	391	382
	391	383
	391	384
	391	385
	391	386
	391	387
	390	388
	389	388
	388	388
	387	388
	386	387
	385	387
	384	385
	384	384
	383	383
	383	382
	383	381
	383	380
	383	379
	384	378
	385	377
	386	376
	387	376
	389	374
	391	374
	392	373
	393	373
.PEN_UP
.PEN_DOWN
	441	398
	441	399
	440	399
	439	399
	438	399
	437	399
	436	399
	435	399
	434	398
	433	398
	432	397
	431	396
	431	395
	430	395
	430	394
	430	393
	431	392
	431	391
	432	391
	433	391
	434	391
	435	391
	435	390
	436	390
	437	390
	437	389
	438	389
	438	388
	438	387
	438	386
	438	385
	437	385
	436	385
	436	384
	435	383
	434	383
	433	382
	432	382
	431	381
	430	381
	429	381
	430	381
	431	381
	432	381
	432	380
	432	379
	433	378
	433	377
	433	376
	433	375
	433	374
	434	373
	434	372
	435	372
	436	372
	437	372
	438	372
	439	372
	440	372
	442	373
.PEN_UP
.PEN_DOWN
	465	392
	465	391
	464	390
	463	390
	462	389
	462	388
	460	387
	458	386
	457	385
	456	384
	454	382
	453	381
	451	380
	449	378
	448	377
	447	376
	446	375
	445	375
	445	373
.PEN_UP
.PEN_DOWN
	477	391
	477	390
	476	389
	475	389
	475	388
	474	387
	473	386
	472	385
	471	385
	470	383
	469	382
	466	380
	465	379
	464	378
	464	377
	463	376
	462	376
	462	375
	462	374
.PEN_UP
.PEN_DOWN
	496	390
	495	389
	494	388
	493	387
	492	386
	491	385
	489	383
	488	382
	487	381
	485	380
	484	379
	483	378
	482	377
	481	376
	480	375
	480	374
.PEN_UP
.PEN_DOWN
	511	394
	511	393
	510	392
	510	391
	510	390
.PEN_UP
.PEN_DOWN
	521	388
	520	389
	519	389
	518	389
	517	388
	516	388
	515	387
	515	386
	515	385
	515	384
	516	383
	516	382
	517	382
	517	381
	518	381
	518	380
	519	379
	520	379
	521	378
	522	377
	522	376
	522	375
	523	375
	523	374
	523	373
	522	373
	522	372
	521	372
	520	372
	519	372
	518	372
	516	372
	515	372
	515	371
	514	371
.PEN_UP
.PEN_DOWN
	535	397
	536	397
	537	397
	537	396
	538	396
	539	395
	540	395
	541	394
	542	394
	542	393
	543	393
	544	393
	544	392
	543	392
	543	391
	542	390
	541	390
	540	389
	539	389
	539	388
	538	387
	537	386
	536	385
	535	385
	535	384
	534	383
	534	382
	534	381
	535	380
	536	380
	537	380
	538	380
	539	380
	539	381
	538	381
	537	381
	537	380
	536	380
	535	380
	534	379
	534	378
	534	377
	534	376
	535	375
	535	374
	536	374
	537	374
	537	373
	536	373
	535	372
	534	372
	533	371
	532	371
	531	371
	530	371
	529	370
.PEN_UP
