
.WRITER_ID BillRivard
.STYLE PRINTED
.PEN_DOWN
	80	390
	80	391
	80	390
	79	389
	78	387
	77	387
	77	386
	76	386
	76	385
	75	385
	75	384
	74	383
	73	382
	73	381
	72	380
	71	380
	71	379
	71	378
	70	378
	70	377
	69	376
	69	375
	70	375
	70	374
	71	374
	71	373
	72	373
	72	372
	73	372
	74	372
	74	371
	75	371
	75	370
	76	369
	77	369
	78	368
	79	368
	79	367
	80	367
	81	367
	81	366
	82	366
	83	366
.PEN_UP
.PEN_DOWN
	87	386
	88	387
	89	387
	90	387
	91	387
	92	388
	93	388
	94	388
	95	388
	96	388
	97	388
	97	387
	97	386
	97	385
	97	384
	96	383
	95	382
	94	381
	93	380
	92	380
	93	380
	93	379
	94	379
	95	379
	96	378
	97	378
	98	378
	98	377
	99	377
	100	377
	100	376
	101	376
	101	375
	101	374
	101	373
	101	372
	100	372
	99	371
	98	371
	96	371
	95	371
	94	371
	93	371
	92	371
	91	372
	90	372
.PEN_UP
.PEN_DOWN
	117	386
	118	386
	119	386
	119	385
	119	384
	119	383
	119	382
	119	381
	119	380
	119	379
	119	378
	119	377
	118	377
	118	376
	118	375
	118	374
	118	373
.PEN_UP
.PEN_DOWN
	112	380
	113	380
	113	379
	114	379
	115	379
	116	379
	117	379
	118	379
	119	379
	120	379
	121	379
	122	379
	122	378
	123	378
.PEN_UP
.PEN_DOWN
	133	390
	134	390
	135	390
	136	390
	137	390
	138	390
	139	390
	139	389
	140	389
	140	388
	140	387
	140	386
	140	385
	139	385
	139	384
	138	383
	137	382
	136	381
	137	381
	138	380
	139	379
	139	378
	140	378
	140	377
	141	377
	142	377
	142	376
	143	376
	143	375
	143	374
	143	373
	142	373
	142	372
	141	372
	140	372
	140	371
	139	371
	138	370
	137	370
	136	370
	135	370
	134	370
.PEN_UP
.PEN_DOWN
	153	390
	153	391
	154	391
	154	390
	155	390
	156	389
	157	388
	158	387
	159	386
	160	386
	161	385
	162	384
	163	384
	164	383
	164	382
	164	381
	163	381
	163	380
	163	379
	162	378
	162	377
	161	376
	161	375
	160	375
	160	374
	159	373
	159	372
	158	372
	157	371
	157	370
	156	370
	156	369
	156	368
.PEN_UP
.PEN_DOWN
	180	384
	181	384
	182	384
	183	384
	184	384
	185	384
	186	384
	187	384
	188	384
	189	384
	190	384
	190	383
.PEN_UP
.PEN_DOWN
	178	375
	179	375
	180	375
	180	374
	181	374
	182	374
	183	374
	184	374
	185	374
	186	374
	187	374
	188	374
.PEN_UP
.PEN_DOWN
	213	392
	214	393
	214	394
	213	394
	213	393
	212	393
	211	392
	211	391
	210	391
	210	390
	209	390
	209	389
	208	389
	207	388
	206	387
	205	386
	205	385
	204	385
	203	385
	202	384
	202	383
	201	382
	201	381
	201	382
	202	382
	202	381
	203	381
	204	381
	204	380
	204	379
	205	379
	205	378
	206	378
	206	377
	207	376
	207	375
	208	374
	208	373
	209	372
	210	372
	210	371
	211	370
.PEN_UP
.PEN_DOWN
	215	382
	215	383
	215	384
	216	384
	218	384
	219	384
	220	384
	221	384
	222	384
	223	384
	224	384
	224	383
	224	382
	223	382
	223	381
	222	380
	221	379
	221	378
	220	378
	220	377
	220	376
	220	375
	220	374
	221	374
	221	373
	222	373
	223	373
	224	373
	225	373
	226	373
	227	373
	227	374
	228	374
	229	374
	230	374
	231	374
.PEN_UP
.PEN_DOWN
	244	388
	244	387
	244	386
	244	385
	244	384
	244	383
	244	382
	244	381
	243	380
	243	379
	243	378
	243	377
	243	376
	243	375
	244	375
.PEN_UP
.PEN_DOWN
	238	382
	239	382
	239	381
	240	381
	241	381
	242	381
	243	381
	244	381
	245	381
	246	381
	247	381
	248	381
.PEN_UP
.PEN_DOWN
	256	389
	256	388
	256	387
	256	386
	256	385
	256	384
	256	383
	256	382
	257	382
	257	381
	258	381
	259	381
	260	381
	261	381
	262	381
	263	381
	264	381
	265	381
	266	382
.PEN_UP
.PEN_DOWN
	267	391
	267	390
	267	389
	267	388
	267	387
	267	386
	267	385
	267	383
	266	382
	266	381
	266	380
	266	379
	266	378
	266	377
	266	376
	266	375
	266	374
	266	373
.PEN_UP
.PEN_DOWN
	274	396
	275	396
	275	395
	275	394
	276	394
	276	393
	277	393
	277	392
	278	392
	278	391
	279	391
	280	390
	281	390
	281	389
	283	388
	283	387
	284	387
	284	386
	285	386
	285	385
	285	384
	285	383
	285	382
	285	381
	284	381
	284	380
	283	379
	282	378
	281	377
	280	376
	279	376
	279	375
	278	374
	277	374
	277	373
	277	372
.PEN_UP
.PEN_DOWN
	301	384
	302	384
	302	383
	303	383
	304	383
	305	383
	306	383
	307	383
	308	383
	309	383
	310	383
	311	384
	312	384
	313	383
.PEN_UP
.PEN_DOWN
	307	378
	308	378
	309	378
	310	378
	311	378
	312	378
.PEN_UP
.PEN_DOWN
	342	394
	343	394
	342	393
	341	393
	340	392
	339	391
	338	391
	337	390
	336	390
	335	390
	334	389
	332	388
	331	387
	330	387
	329	386
	329	385
	330	385
	330	384
	331	383
	331	382
	332	382
	333	381
	334	380
	335	379
	336	378
	337	377
	338	376
	339	376
	340	376
	340	375
.PEN_UP
.PEN_DOWN
	352	388
	352	389
	353	389
	353	388
	353	387
	353	386
	353	385
	353	384
	353	383
	353	381
	353	380
	353	379
	353	378
	353	376
	353	375
	353	374
	353	373
.PEN_UP
.PEN_DOWN
	366	386
	367	386
	367	385
	367	384
	367	383
	367	382
	367	381
	367	380
	367	379
	367	378
	366	377
	366	376
	366	375
	366	374
	366	373
	365	372
	365	371
.PEN_UP
.PEN_DOWN
	363	379
	364	379
	365	379
	365	378
	366	378
	367	378
	368	378
	369	377
	371	377
	372	377
	373	377
	374	377
.PEN_UP
.PEN_DOWN
	385	387
	386	387
	387	387
	388	387
	389	387
	390	387
	391	387
	392	387
	393	387
	394	387
	396	387
.PEN_UP
.PEN_DOWN
	384	387
	384	386
	384	385
	384	384
	384	383
	383	382
	383	381
	383	380
	383	379
	383	378
	383	377
	383	376
	384	376
	385	376
	386	376
	387	376
	387	375
	388	375
	389	375
	390	374
	390	373
	391	373
	392	372
	392	371
	391	370
	390	370
	389	370
	387	369
	386	369
	385	369
	384	369
	383	369
.PEN_UP
.PEN_DOWN
	403	394
	404	394
	404	393
	405	392
	405	391
	406	391
	406	390
	407	390
	408	389
	409	388
	410	387
	411	387
	411	386
	412	385
	414	384
	415	384
	415	383
	416	383
	416	382
	416	381
	415	381
	415	380
	414	380
	414	379
	413	378
	412	377
	411	377
	411	376
	410	375
	410	374
	408	373
	408	372
	407	372
	407	371
	406	370
	406	369
	405	369
	405	368
	405	367
.PEN_UP
