
.WRITER_ID BillRivard
.STYLE PRINTED
.PEN_DOWN
	71	394
	72	394
	72	395
	71	395
	71	396
	71	395
	71	394
	72	394
	72	393
	73	391
	74	390
	75	389
	75	387
	76	386
	76	385
	76	384
	76	383
	77	382
	77	381
	77	380
	77	379
	77	378
	77	377
	76	375
	75	374
	75	373
	74	373
	73	372
	72	371
	71	370
	70	370
	70	369
	69	369
	68	369
.PEN_UP
.PEN_DOWN
	74	403
	74	404
	73	404
	74	404
.PEN_UP
.PEN_DOWN
	87	386
	87	387
	87	386
	86	385
	86	384
	86	383
	86	381
	86	379
	86	377
	87	376
	87	375
	87	374
	87	373
	87	372
	88	372
	88	371
	89	371
	90	371
	91	372
	92	372
	92	373
	93	374
	93	375
	94	376
	95	377
	95	378
	95	380
	96	381
	97	384
	97	385
	97	387
	97	388
	97	389
	97	388
	98	387
	98	386
	98	385
	98	384
	99	383
	99	382
	99	381
	100	381
	100	380
	100	379
	101	378
	101	377
	102	376
	102	375
.PEN_UP
.PEN_DOWN
	120	399
	120	400
	121	400
	121	399
	121	398
	122	396
	122	395
	123	394
	123	392
	123	391
	123	389
	124	386
	124	384
	125	383
	125	381
	125	380
	125	379
	125	378
	125	377
	125	378
	125	379
	125	380
	124	381
	124	382
	123	384
	123	385
	121	387
	121	388
	120	388
	119	388
	118	388
	117	388
	116	387
	116	386
	115	385
	114	384
	114	382
	114	380
	114	378
	114	377
	115	376
	115	375
	116	374
	117	374
	118	373
	119	373
	120	373
	121	373
	123	374
	124	375
	125	375
	126	376
	127	377
	127	378
	128	379
	128	380
	129	381
	129	383
.PEN_UP
.PEN_DOWN
	147	390
	148	390
	148	391
	147	392
	146	393
	146	394
	145	394
	144	394
	143	393
	142	393
	142	392
	141	391
	140	391
	140	390
	139	388
	138	386
	138	385
	138	383
	138	382
	139	381
	139	380
	140	380
	141	380
	142	380
	143	380
	143	381
	144	381
	144	382
	145	383
	146	384
	146	386
	147	387
	147	388
	148	389
	148	390
	148	391
	148	392
	148	391
	149	390
	149	389
	149	387
	150	386
	150	385
	150	383
	151	381
	151	379
	151	378
	152	376
	152	374
	152	373
	152	370
	151	368
	151	367
	151	366
	151	365
	150	364
	150	363
	149	363
	149	362
	148	362
	147	362
	146	362
	146	363
.PEN_UP
.PEN_DOWN
	162	385
	163	385
	164	385
	165	386
	166	386
	166	387
	167	387
	167	388
	168	388
	168	389
	169	390
	169	391
	170	392
	170	393
	170	394
	169	394
	169	395
	168	395
	167	395
	166	395
	166	394
	165	394
	165	393
	163	393
	163	392
	162	391
	161	390
	161	389
	160	386
	159	385
	159	383
	159	382
	159	381
	160	381
	160	380
	161	379
	162	379
	163	378
	165	378
	166	378
	167	378
	168	378
	170	379
	171	379
	172	379
	173	380
.PEN_UP
.PEN_DOWN
	222	398
	222	399
	222	400
	222	399
	222	398
	222	396
	223	394
	224	392
	224	390
	225	389
	225	387
	226	385
	226	383
	226	381
	226	379
	226	378
	226	376
	225	375
	225	373
	225	372
	224	371
	223	370
	222	370
	221	370
	220	370
	219	370
	217	370
	216	371
	216	372
	217	372
.PEN_UP
.PEN_DOWN
	222	409
	223	409
	224	409
	224	410
	225	411
.PEN_UP
.PEN_DOWN
	237	387
	237	386
	237	385
	237	383
	237	382
	237	381
	237	380
	237	379
	237	378
	237	377
	237	376
	237	375
	238	374
	239	374
	239	373
	240	373
	240	374
	241	375
	242	375
	243	376
	244	377
	244	378
	245	379
	245	381
	246	381
	246	383
	246	384
	247	385
	247	386
	247	387
	247	388
	247	389
	247	388
	248	387
	248	386
	248	385
	249	384
	249	383
	249	381
	250	380
	250	379
	251	378
	251	377
	251	376
	252	375
	252	374
	253	374
	253	373
.PEN_UP
.PEN_DOWN
	261	390
	261	389
	261	388
	261	387
	261	386
	262	385
	262	384
	262	383
	262	381
	263	380
	263	379
	263	378
	263	377
	263	376
	263	375
	263	374
	263	375
	263	376
	263	377
	262	379
	262	380
	262	381
	262	382
	263	385
	263	386
	264	388
	265	389
	266	390
	266	391
	267	391
	267	392
	268	392
	269	392
	270	392
	271	391
	272	390
	273	390
.PEN_UP
.PEN_DOWN
	280	389
	280	388
	279	387
	279	386
	279	385
	279	384
	279	383
	279	382
	279	381
	279	380
	279	379
	279	378
	280	378
	280	376
	281	376
	282	376
	283	376
	284	376
	284	377
	285	378
	286	379
	286	380
	287	382
	288	383
	288	384
	289	385
	289	386
	290	387
	290	388
	290	389
	291	390
	291	391
	292	391
	292	390
	293	390
	293	389
	294	388
	294	387
	295	385
	295	384
	295	382
	296	381
	296	379
	296	377
	297	374
	298	372
	298	371
	298	369
	299	368
	299	367
	299	365
	299	364
	299	363
	299	362
	299	361
	298	360
	298	359
	297	359
	296	359
	295	359
	294	359
	294	360
	293	360
	292	361
	291	363
	291	364
	292	366
	292	367
	293	368
	294	369
	295	370
	296	371
	297	372
	298	373
	300	375
	301	375
	302	376
	303	377
	304	377
	305	378
	306	378
	307	379
	308	380
	309	380
	310	381
	311	381
	313	382
	314	382
.PEN_UP
.PEN_DOWN
	360	391
	360	392
	360	393
	360	392
	361	391
	361	388
	362	386
	362	385
	363	383
	363	381
	363	379
	363	378
	363	376
	363	374
	362	373
	362	372
	362	371
	360	369
	360	368
	359	367
	358	367
	357	367
	357	366
	356	366
	355	366
	354	367
	353	367
	353	368
.PEN_UP
.PEN_DOWN
	361	401
	361	402
	361	403
	361	404
	361	403
	362	403
.PEN_UP
.PEN_DOWN
	381	386
	380	386
	380	387
	379	387
	378	387
	376	387
	375	386
	374	386
	373	385
	372	385
	371	383
	371	382
	370	381
	370	380
	370	378
	370	377
	370	375
	371	374
	371	373
	372	373
	373	373
	374	373
	375	373
	376	373
	377	374
	378	374
	379	376
	380	377
	381	378
	381	379
	381	380
	382	381
	382	382
	382	383
	382	384
	382	385
	382	386
	382	388
	382	387
	382	386
	382	385
	382	384
	383	382
	383	381
	384	380
	384	379
	385	378
	385	377
	386	376
	386	375
	386	374
	387	373
	387	372
.PEN_UP
.PEN_DOWN
	399	388
	399	387
	399	386
	399	385
	399	384
	399	383
	400	380
	400	379
	400	378
	400	377
	400	376
	400	375
	400	374
	400	373
	399	372
	399	371
	400	371
.PEN_UP
.PEN_DOWN
	403	400
	402	400
	402	401
	402	402
	403	402
	404	401
	405	401
.PEN_UP
.PEN_DOWN
	419	402
	419	403
	418	403
	418	402
	417	401
	417	400
	417	399
	417	398
	416	397
	416	395
	416	394
	416	392
	415	390
	415	388
	415	386
	415	383
	415	381
	415	380
	416	378
	416	377
	416	376
	416	375
	416	374
	416	373
	416	372
	416	371
	416	370
	417	370
.PEN_UP
.PEN_DOWN
	430	379
	431	379
	432	379
	433	378
	434	378
	435	379
	436	379
	437	379
	437	380
	438	381
	439	382
	439	383
	439	384
	439	385
	439	386
	438	386
	438	387
	437	387
	436	387
	435	387
	434	387
	433	387
	432	386
	431	386
	430	385
	428	383
	428	382
	428	381
	427	380
	427	379
	427	378
	427	377
	427	376
	427	375
	427	374
	428	373
	429	372
	431	371
	432	371
	433	371
	434	370
	435	370
	436	370
	436	369
	437	369
	438	369
.PEN_UP
.PEN_DOWN
	450	387
	451	387
	451	385
	451	384
	452	383
	452	382
	452	381
	452	379
	453	378
	453	377
	453	375
	453	374
	453	373
	453	372
	453	370
	453	369
	452	369
	452	370
	451	370
	451	372
	450	372
	450	373
	450	375
	450	376
	450	377
	451	378
	452	379
	452	381
	453	381
	454	382
	455	383
	457	385
	458	385
	459	385
	460	386
	461	386
	462	386
	463	386
	464	386
	465	386
	466	385
	467	385
	469	385
	470	384
.PEN_UP
.PEN_DOWN
	506	394
	506	395
	506	394
	506	391
	506	390
	506	388
	506	386
	506	385
	506	383
	506	381
	506	380
	506	378
	506	376
	505	375
	505	374
	504	372
	503	372
	503	371
	502	370
	501	370
	500	370
	499	370
	498	370
	497	370
	497	371
.PEN_UP
.PEN_DOWN
	505	404
	506	404
	506	405
	506	406
	506	405
.PEN_UP
.PEN_DOWN
	519	386
	518	385
	518	384
	518	383
	518	382
	518	380
	518	378
	518	377
	518	376
	518	375
	517	374
	517	373
	517	372
	517	371
	517	370
	518	370
	518	369
.PEN_UP
.PEN_DOWN
	520	403
	520	402
	520	403
	521	403
	522	403
	523	403
	524	402
.PEN_UP
.PEN_DOWN
	531	389
	531	388
	531	387
	531	386
	531	385
	531	384
	531	383
	531	382
	531	380
	531	379
	531	378
	531	377
	531	376
	531	375
	531	374
	531	373
	530	372
	530	371
	530	372
	531	372
	531	373
	531	374
	531	375
	532	376
	532	377
	534	379
	535	380
	536	382
	537	383
	538	384
	539	385
	539	386
	540	387
	541	387
	541	386
	541	385
	540	383
	540	382
	540	381
	540	380
	540	379
	540	378
	540	376
	540	375
	540	374
	540	373
	540	372
	541	371
.PEN_UP
.PEN_DOWN
	554	385
	555	385
	556	385
	556	384
	557	384
	558	383
	559	382
	560	381
	561	380
	562	379
	563	378
	564	375
	564	374
	564	373
	564	372
	564	371
	564	370
	564	369
	564	368
	564	367
.PEN_UP
.PEN_DOWN
	566	387
	566	386
	564	386
	563	385
	562	385
	561	384
	560	383
	559	382
	557	379
	556	378
	555	377
	555	376
	554	375
	553	374
	552	373
.PEN_UP
.PEN_DOWN
	607	388
	608	388
	608	389
	608	390
	609	389
	610	387
	610	386
	610	385
	611	383
	611	381
	611	380
	611	378
	611	376
	610	373
	610	371
	610	370
	609	369
	608	368
	608	367
	607	367
	606	366
	605	366
	605	365
	604	365
	603	365
	602	365
	601	365
	601	366
	601	367
.PEN_UP
.PEN_DOWN
	613	402
	613	403
	613	402
	614	401
.PEN_UP
.PEN_DOWN
	630	384
	629	385
	628	385
	627	385
	626	385
	625	384
	624	384
	623	383
	622	383
	620	381
	619	380
	618	379
	617	378
	617	377
	617	376
	617	375
	617	374
	618	373
	619	373
	620	373
	621	373
	622	373
	623	373
	624	374
	625	375
	626	376
	627	376
	628	377
	628	378
	629	380
	629	381
	629	382
	628	381
	628	379
	628	378
	628	377
	628	376
	628	375
	628	374
	629	373
	629	372
	629	371
	629	370
	630	369
	631	368
.PEN_UP
.PEN_DOWN
	644	390
	645	390
	646	390
	647	390
	648	390
	649	390
	650	390
	651	389
	652	389
	653	389
	655	389
	656	389
	656	388
	655	387
	655	386
	653	385
	652	383
	651	382
	649	380
	648	378
	647	377
	647	376
	647	375
	647	373
	647	372
	647	371
	648	370
	648	369
	649	368
	650	368
	651	367
	652	367
	653	367
	654	367
	655	367
.PEN_UP
.PEN_DOWN
	669	388
	670	388
	672	389
	673	389
	674	389
	675	389
	676	389
	677	389
	678	389
	679	389
	680	388
	681	388
	682	388
	682	387
	682	386
	681	385
	680	385
	680	384
	679	383
	678	382
	676	380
	675	379
	674	378
	674	377
	673	376
	673	375
	673	374
	673	373
	674	372
	675	371
	678	371
	679	371
	680	371
	682	371
	683	371
	685	371
	686	371
	687	371
.PEN_UP
