
.WRITER_ID BillRivard
.STYLE PRINTED
.PEN_DOWN
	70	399
	71	399
	71	400
	70	400
	70	399
	70	398
	70	397
	70	396
	70	395
	70	394
	70	393
	70	392
	70	391
	70	390
	70	389
	70	388
	70	387
	70	386
	70	385
	71	385
.PEN_UP
.PEN_DOWN
	71	377
	71	378
	70	378
	70	379
	70	378
	71	378
	71	377
.PEN_UP
.PEN_DOWN
	94	390
	93	390
	92	390
	92	389
	91	389
	90	388
	90	387
	89	387
	89	386
	88	386
	88	385
	89	384
	89	383
	90	383
	91	383
	92	384
	93	384
	93	385
	94	385
	94	386
	94	387
	94	388
	93	388
	93	387
	93	386
	93	385
	94	385
	95	385
	95	386
	95	387
	96	387
	96	388
	96	389
	96	390
	96	391
	96	392
	96	393
	96	394
	96	395
	95	395
	94	395
	94	396
	93	396
	92	396
	91	396
	90	396
	90	395
	89	395
	88	395
	88	394
	87	394
	87	393
	86	393
	86	392
	85	392
	85	391
	84	391
	84	390
	84	389
	83	387
	83	386
	83	385
	83	384
	83	383
	83	382
	83	381
	83	379
	83	378
	83	377
	84	377
	84	376
	85	375
	86	375
	86	374
	87	374
	88	374
	89	374
	90	374
	91	374
	92	375
	93	376
	94	376
	95	377
.PEN_UP
.PEN_DOWN
	115	396
	116	396
	116	397
	115	397
	115	396
	115	395
	114	394
	114	393
	114	392
	113	391
	113	390
	113	389
	112	388
	112	387
	112	386
	112	385
	111	384
	111	383
	111	382
	111	381
	111	380
.PEN_UP
.PEN_DOWN
	120	399
	121	399
	120	398
	120	397
	120	396
	120	395
	119	394
	119	393
	119	392
	118	390
	118	389
	118	388
	118	387
	117	386
	117	385
	117	384
	117	383
	117	382
	116	381
	116	380
.PEN_UP
.PEN_DOWN
	107	392
	107	391
	108	391
	109	391
	110	391
	111	390
	112	390
	114	390
	115	390
	116	390
	117	390
	118	390
	119	390
	121	390
	122	390
	123	390
	123	389
	124	389
.PEN_UP
.PEN_DOWN
	107	386
	108	386
	108	385
	109	385
	110	385
	111	385
	112	385
	113	385
	114	385
	115	385
	116	385
	117	385
	118	385
	119	385
	120	385
	121	384
	122	384
	122	383
.PEN_UP
.PEN_DOWN
	140	399
	139	399
	138	398
	137	397
	136	397
	136	396
	135	396
	134	395
	134	394
	135	394
	135	393
	136	393
	137	393
	138	392
	139	392
	140	391
	141	391
	142	390
	143	389
	143	388
	143	387
	142	386
	142	385
	141	385
	140	384
	139	384
	139	383
	138	383
	137	383
	136	383
	135	383
	134	383
	133	383
	133	382
.PEN_UP
.PEN_DOWN
	140	407
	140	406
	140	405
	140	404
	139	404
	139	403
	139	402
	139	401
	139	400
	139	399
	139	398
	139	396
	138	394
	138	393
	138	392
	138	391
	138	390
	138	389
	138	387
	138	386
	138	385
	138	384
	138	383
	138	382
	138	381
	138	380
	138	379
	138	378
.PEN_UP
.PEN_DOWN
	158	400
	157	400
	156	400
	155	400
	154	400
	153	399
	152	399
	152	398
	151	397
	151	396
	151	395
	152	395
	152	394
	153	394
	154	394
	155	395
	156	395
	156	396
	157	397
	158	398
	159	398
	159	399
.PEN_UP
.PEN_DOWN
	166	405
	166	404
	166	403
	165	403
	164	401
	163	400
	163	399
	162	398
	161	396
	160	395
	159	394
	158	392
	156	391
	155	389
	154	387
	153	386
	153	385
	152	384
	152	383
	152	382
	152	381
.PEN_UP
.PEN_DOWN
	164	390
	163	389
	163	388
	162	387
	161	386
	161	385
	160	385
	160	384
	160	383
	160	382
	161	382
	162	382
	163	382
	163	383
	164	383
	164	384
	165	384
	165	385
	165	386
	166	387
	166	388
	166	389
	166	390
	165	390
.PEN_UP
.PEN_DOWN
	175	395
	176	395
	176	396
	176	397
	176	398
	177	399
	178	399
	178	400
	179	400
	180	401
	180	402
	180	401
	181	401
	181	400
	182	400
	182	399
	183	399
	183	398
	184	397
	184	396
	185	396
	186	395
.PEN_UP
.PEN_DOWN
	204	406
	204	407
	205	408
	205	409
	205	408
	204	408
	204	407
	204	406
	204	405
	204	403
	204	402
	204	401
	204	400
	205	399
	205	398
	205	397
	205	396
	204	396
	203	396
	202	396
	201	396
	200	396
	199	396
	198	396
	198	395
	197	395
	197	394
	198	394
	199	394
	200	394
	201	394
	202	394
	203	394
	204	394
	203	394
	202	393
	201	393
	200	393
	200	392
	199	392
	198	392
	197	391
	198	391
	199	391
	200	391
	201	391
	201	390
	201	389
	200	388
	200	387
	200	386
	200	385
	200	384
	200	383
	200	382
	200	381
	200	380
	200	379
	200	378
	200	377
	200	376
	200	375
	201	375
.PEN_UP
.PEN_DOWN
	221	396
	222	396
	222	397
	222	396
	221	396
	221	394
	220	394
	219	393
	219	392
	218	391
	218	390
	217	389
	217	388
	216	387
	216	386
	216	385
	216	386
	217	386
	217	387
	217	388
	218	390
	218	391
	219	392
	219	393
	219	394
	219	395
	220	396
	220	395
	220	394
	221	394
	221	393
	221	392
	221	391
	221	390
	221	389
	220	390
	219	390
	218	390
	217	390
	216	391
	215	391
	215	392
	214	392
	215	392
	216	392
	216	391
	217	391
	218	391
	220	391
	220	390
	221	390
	222	390
	222	391
	221	391
	220	391
	219	391
	218	391
	217	391
	216	391
	215	392
	213	392
	212	392
	212	391
	211	391
	212	391
	213	390
	214	390
	215	390
	216	390
	217	390
	219	390
	220	390
	221	390
	222	390
	223	390
.PEN_UP
.PEN_DOWN
	238	402
	239	402
	239	403
	239	404
	238	404
	238	403
	237	403
	236	402
	235	402
	235	401
	234	400
	234	399
	233	397
	232	396
	232	394
	232	393
	232	392
	232	391
	232	390
	232	389
	232	387
	233	386
	233	385
	234	384
	235	383
	235	382
	236	382
	236	381
	237	380
	238	380
	238	379
	238	378
.PEN_UP
.PEN_DOWN
	246	404
	247	404
	247	405
	247	404
	247	403
	247	402
	248	401
	248	400
	248	399
	249	398
	249	397
	249	396
	249	395
	249	393
	249	392
	249	391
	249	390
	249	389
	249	388
	249	387
	248	386
	248	385
	248	384
	247	383
	246	382
	245	381
	245	380
	244	380
	243	379
	243	378
.PEN_UP
.PEN_DOWN
	259	406
	260	406
	259	407
	260	406
	260	405
	261	405
	262	404
	262	403
	263	403
	263	402
	263	401
.PEN_UP
.PEN_DOWN
	275	395
	275	396
	275	397
	275	398
	276	398
	276	399
	277	399
	277	400
	278	400
	279	401
	280	402
	281	402
	281	401
	282	401
	282	400
	283	400
	283	399
	284	398
	284	397
	285	397
	285	396
	285	395
	286	395
	287	395
	287	396
	288	396
	289	396
	289	397
	290	397
	290	398
	291	399
	291	400
	292	401
	292	402
	292	403
	292	404
	292	403
.PEN_UP
.PEN_DOWN
	297	386
	298	386
	297	386
	297	387
	297	388
	298	388
	298	387
	300	387
	301	387
	303	387
	304	387
	304	388
	305	388
	306	388
	307	388
	307	387
	307	386
.PEN_UP
.PEN_DOWN
	313	373
	313	374
	314	374
	315	373
	316	373
	317	373
	318	373
	319	373
	320	373
	321	372
	323	372
	324	372
	326	372
	328	372
	329	372
	330	372
	331	372
	332	372
	333	372
	334	372
	335	372
.PEN_UP
.PEN_DOWN
	344	396
	345	396
	344	396
	344	395
	344	394
	344	393
	344	392
	344	391
	344	390
	344	389
	344	388
	344	387
	344	386
	344	385
	344	384
	344	383
	344	382
	344	381
.PEN_UP
.PEN_DOWN
	338	389
	339	389
	340	390
	341	390
	342	390
	343	390
	345	390
	345	389
	346	389
	347	389
	348	389
	349	389
	350	389
	351	389
	352	389
	353	389
	354	390
	355	390
	355	389
	355	388
.PEN_UP
.PEN_DOWN
	364	394
	365	394
	366	394
	367	394
	368	394
	369	394
	370	394
	371	394
	372	394
	373	394
	373	393
.PEN_UP
.PEN_DOWN
	362	385
	362	384
	363	384
	364	384
	365	384
	366	384
	367	384
	368	384
	369	384
	370	384
	371	384
.PEN_UP
.PEN_DOWN
	391	405
	390	405
	389	405
	388	405
	387	405
	386	405
	385	405
	384	405
	383	405
	383	404
	382	404
	383	404
	383	403
	383	402
	383	401
	383	400
	383	399
	383	398
	383	397
	383	396
	383	395
	382	394
	382	393
	382	392
	382	391
	382	390
	381	389
	381	388
	381	387
	381	386
	381	385
	380	385
	380	384
	380	383
	380	382
	380	381
	380	380
	380	379
	380	378
	381	378
	382	378
	383	378
	384	378
	385	378
	386	378
.PEN_UP
.PEN_DOWN
	399	404
	400	404
	401	404
	402	404
	403	404
	404	404
	405	404
	406	403
	407	403
	407	402
	407	401
	407	400
	406	400
	406	399
	406	398
	406	397
	405	396
	405	395
	405	394
	404	394
	404	392
	404	391
	404	390
	403	390
	403	389
	403	388
	403	387
	403	386
	402	385
	402	384
	402	383
	402	382
	402	381
	401	381
	401	380
	401	379
	401	378
	400	378
	399	378
	398	378
	397	379
	396	379
	395	379
	394	379
.PEN_UP
.PEN_DOWN
	428	407
	427	407
	426	407
	425	407
	424	406
	423	406
	422	405
	421	405
	421	404
	421	403
	421	402
	422	402
	422	401
	423	401
	423	400
	424	400
	424	399
	425	399
	425	398
	425	397
	424	396
	424	395
	423	395
	423	394
	422	394
	421	394
	420	394
	420	393
	419	393
	418	393
	417	393
	418	393
	419	393
	420	393
	421	393
	422	392
	422	391
	422	390
	421	389
	421	388
	420	387
	420	386
	420	385
	419	385
	419	384
	419	383
	419	382
	420	381
	421	381
	422	380
	423	380
	424	380
	425	380
	425	381
	426	381
	427	381
	428	381
.PEN_UP
.PEN_DOWN
	437	407
	438	407
	439	407
	439	408
	439	407
	440	407
	441	406
	442	406
	442	405
	442	404
	442	403
	442	402
	442	401
	442	400
	442	399
	441	399
	441	398
	441	397
	441	396
	440	396
	440	395
	440	394
	440	393
	441	393
	442	393
	443	393
	443	392
	443	393
	442	393
	442	392
	441	392
	441	391
	440	391
	440	390
	440	389
	440	388
	440	387
	440	386
	441	386
	441	385
	441	384
	442	384
	442	383
	442	382
	442	381
	442	380
	441	380
	441	379
	440	379
	439	379
	438	378
	437	378
	436	378
	436	379
.PEN_UP
.PEN_DOWN
	451	409
	451	410
	451	411
	451	410
	452	409
	453	408
	454	407
	454	406
	455	405
	456	403
	456	402
	457	401
	458	400
	458	399
	459	398
	459	396
	460	394
	460	393
	460	392
	460	391
	461	390
	461	389
	461	388
	462	388
	462	387
	462	386
	463	386
	463	385
	464	385
.PEN_UP
.PEN_DOWN
	473	389
	473	388
	473	387
	474	387
	474	386
	474	385
	474	384
	473	383
	473	382
	473	381
	472	381
.PEN_UP
.PEN_DOWN
	507	409
	507	410
	507	409
	506	409
	506	408
	505	407
	505	406
	503	405
	502	404
	500	403
	500	401
	498	400
	497	399
	496	398
	495	396
	494	395
	493	394
	492	394
	491	392
	491	391
	490	391
	490	390
.PEN_UP
.PEN_DOWN
	518	409
	519	409
	519	410
	520	410
	520	409
	521	409
	522	409
	523	409
	524	408
	525	408
	526	408
	526	407
	527	406
	527	405
	526	405
	526	404
	525	404
	524	403
	523	402
	522	401
	521	401
	520	400
	518	399
	517	398
	517	397
	517	396
	517	395
.PEN_UP
.PEN_DOWN
	517	385
	517	384
	518	383
	517	384
	517	385
.PEN_UP
.PEN_DOWN
	535	413
	535	414
	535	413
	535	412
	535	411
	534	410
	534	409
	534	408
	534	407
	534	406
.PEN_UP
.PEN_DOWN
	552	413
	552	412
	553	411
	553	410
	553	409
	553	408
.PEN_UP
.PEN_DOWN
	557	413
	558	412
	558	411
.PEN_UP
.PEN_DOWN
	570	407
	569	406
	568	405
	568	404
	567	404
	566	403
	565	403
	564	402
	563	401
	562	400
	561	400
	559	398
	558	397
	557	396
	556	396
	556	395
	556	394
	557	394
	558	394
	559	394
	560	394
	561	393
	562	393
	563	393
	563	392
	564	391
	565	391
	566	390
	567	389
	567	388
	568	388
	568	387
	569	387
	569	386
	569	385
	570	385
.PEN_UP
.PEN_DOWN
	581	415
	582	415
	581	414
	581	412
	580	410
	580	409
	580	408
	580	406
	580	404
	580	403
	580	402
	580	400
	580	397
	580	395
	580	394
	580	393
	580	392
	580	391
	580	390
	580	389
	580	388
	580	387
	580	386
	580	385
	581	385
.PEN_UP
.PEN_DOWN
	588	407
	589	407
	589	406
	590	406
	590	405
	591	405
	591	404
	592	404
	593	404
	594	403
	595	403
	595	402
	597	401
	598	401
	599	400
	600	399
	601	399
	601	398
	602	397
	602	396
	601	395
	601	394
	600	394
	599	393
	598	392
	597	391
	596	390
	595	390
	594	390
	593	389
	592	388
	591	387
	590	387
	589	386
	589	385
	588	385
	588	384
	586	383
	586	382
	587	382
.PEN_UP
.PEN_DOWN
	609	412
	609	411
	609	410
	609	409
	609	408
	609	407
	609	406
	608	405
.PEN_UP
.PEN_DOWN
	613	411
	613	410
	613	409
	612	408
	612	407
	611	406
	611	405
	611	404
	611	403
.PEN_UP
.PEN_DOWN
	635	402
	635	403
	636	403
	636	404
	637	404
.PEN_UP
.PEN_DOWN
	638	390
	638	389
	638	388
	639	388
	639	387
	639	386
	639	385
	640	385
	640	384
	640	383
	639	383
	639	382
	638	381
	637	381
	637	380
	636	380
	635	380
	635	379
	633	379
.PEN_UP
.PEN_DOWN
	661	402
	661	403
	662	403
	663	403
.PEN_UP
.PEN_DOWN
	658	382
	658	383
	658	382
.PEN_UP
.PEN_DOWN
	684	382
	684	383
	685	382
.PEN_UP
