
.WRITER_ID BillRivard
.STYLE PRINTED
.PEN_DOWN
	90	388
	90	389
	90	390
	89	390
	88	390
	87	390
	86	390
	85	389
	84	388
	84	387
	83	386
	83	385
	83	383
	83	382
	83	381
	84	380
	84	378
	85	377
	86	377
	86	376
	87	376
	88	376
	89	376
	91	376
	92	376
	93	377
	94	377
	95	378
	96	379
	97	380
	98	381
	98	382
	98	383
	98	384
	98	385
	98	388
	98	389
	98	390
	97	391
	96	392
	95	392
.PEN_UP
.PEN_DOWN
	103	397
	102	396
	101	395
	100	394
	100	393
	99	392
	98	391
	97	390
	96	389
	95	388
	94	386
	92	385
	90	381
	89	380
	88	378
	87	377
	87	376
	86	376
	86	375
	86	374
	86	373
.PEN_UP
.PEN_DOWN
	110	390
	110	391
	111	391
	110	392
	110	393
	110	392
	110	391
	110	390
	110	389
	110	388
	110	387
	110	386
	110	385
	109	383
	109	382
	109	381
	109	380
	109	379
	109	378
	109	377
	109	376
	109	375
	109	374
	110	374
.PEN_UP
.PEN_DOWN
	121	391
	122	391
	123	391
	123	392
	124	392
	125	393
	126	393
	127	393
	129	394
	130	394
	131	394
	131	393
	130	393
	130	392
	129	391
	129	390
	128	390
	128	389
	127	388
	127	387
	126	386
	125	385
	125	384
	124	383
	124	382
	124	381
	123	379
	123	378
	124	378
	124	377
	125	377
	126	377
	127	377
	128	378
	129	378
	130	378
	131	378
	132	378
	133	378
	134	378
.PEN_UP
.PEN_DOWN
	143	394
	144	394
	145	394
	146	394
	148	394
	149	395
	150	395
	151	395
	152	395
	153	395
	154	395
	154	394
	153	393
	152	393
	152	392
	151	391
	150	390
	149	390
	148	390
	147	389
	146	389
	146	388
	147	388
	148	388
	149	388
	150	388
	150	387
	151	387
	152	386
	152	385
	152	384
	151	384
	151	383
	150	383
	150	382
	149	382
	148	382
	146	381
	145	381
	144	380
	143	380
.PEN_UP
.PEN_DOWN
	167	395
	168	395
	168	394
	167	394
	167	393
	166	392
	166	391
	166	390
	166	389
	165	388
	165	386
	165	385
	165	384
	166	384
	166	383
	167	382
	168	382
	168	381
	170	381
	172	382
	173	382
	174	382
	175	383
	176	383
	177	383
.PEN_UP
.PEN_DOWN
	180	398
	180	397
	179	396
	179	395
	179	394
	179	392
	178	391
	178	390
	177	386
	177	385
	176	383
	175	381
	175	380
	174	378
	174	377
	173	376
	173	375
	173	374
	173	373
.PEN_UP
.PEN_DOWN
	209	393
	210	393
	211	394
	212	394
	213	394
	214	394
	215	394
	218	395
	219	395
	220	395
	221	396
	222	396
	223	396
.PEN_UP
.PEN_DOWN
	211	394
	211	393
	211	392
	211	391
	210	390
	210	389
	210	388
	209	388
	209	387
	209	386
	209	385
	210	385
	211	385
	212	386
	213	386
	215	387
	216	387
	217	387
	218	387
	219	387
	220	387
	221	386
	221	385
	221	384
	221	383
	221	382
	221	381
	221	380
	221	379
	220	378
	219	378
	219	377
	218	376
	217	376
	216	375
	215	375
	214	375
	213	374
	212	374
	211	374
.PEN_UP
.PEN_DOWN
	236	395
	236	396
	235	396
	234	395
	234	394
	233	394
	232	393
	232	392
	231	391
	230	390
	230	389
	230	388
	229	386
	228	384
	228	382
	228	381
	228	380
	229	379
	229	378
	229	377
	230	376
	231	376
	232	375
	233	375
	235	375
	237	375
	239	375
	239	376
	240	376
	241	377
	242	377
	242	378
	243	379
	244	380
	244	381
	244	382
	243	382
	242	382
	241	382
	240	381
	238	380
	237	379
	236	379
	235	378
	235	377
	235	376
.PEN_UP
.PEN_DOWN
	249	391
	250	391
	251	391
	253	391
	253	392
	255	392
	256	392
	257	392
	258	393
	259	393
	260	393
	261	393
	262	394
	263	394
	263	393
	263	392
	263	391
	262	390
	262	389
	262	387
	262	386
	262	385
	262	384
	262	383
	261	382
	261	381
	261	380
	261	379
	261	378
	260	377
	260	375
	260	374
	260	373
	260	372
.PEN_UP
.PEN_DOWN
	284	391
	284	392
	284	393
	283	393
	282	393
	281	393
	280	393
	279	392
	278	391
	277	390
	277	389
	278	388
	278	387
	279	387
	279	386
	280	385
	281	384
	281	383
	282	383
	283	381
	284	381
	284	380
	285	379
	285	378
	285	377
	285	376
	285	375
	284	375
	283	373
	282	373
	281	373
	280	373
	279	373
	278	373
	277	373
	276	374
	276	375
	276	376
	277	377
	277	378
	278	379
	279	380
	280	381
	281	383
	282	384
	283	385
	284	386
	285	387
	288	389
	289	389
	289	390
.PEN_UP
.PEN_DOWN
	303	390
	304	390
	304	391
	303	391
	303	392
	302	392
	301	392
	300	392
	299	392
	298	393
	297	393
	296	393
	296	392
	295	392
	295	391
	294	391
	294	390
	294	389
	294	388
	294	386
	294	385
	294	384
	295	384
	296	383
	297	383
	298	383
	299	383
	300	384
	301	385
	302	385
	302	386
	302	387
	303	387
	303	388
	304	389
	304	390
	304	389
	303	389
	303	388
	303	387
	302	386
	302	385
	302	383
	302	382
	302	379
	302	378
	302	376
	302	375
	302	374
	302	373
	302	372
	302	371
	302	370
.PEN_UP
.PEN_DOWN
	336	386
	336	387
	336	388
	335	387
	334	386
	333	385
	333	383
	333	382
	333	381
	333	379
	333	378
	333	376
	333	374
	334	372
	335	371
	336	370
	337	369
	338	369
	339	369
	340	369
	341	369
	342	370
	343	370
	345	372
	346	372
	346	373
	347	375
	347	376
	348	377
	348	378
	348	380
	348	381
	348	382
	348	384
	347	385
	346	388
	345	389
.PEN_UP
.PEN_DOWN
	352	394
	352	393
	351	393
	351	392
	350	391
	348	389
	348	387
	347	386
	346	385
	345	383
	343	381
	342	380
	341	378
	340	376
	338	374
	337	373
	336	372
	333	369
	332	369
	332	368
	331	367
.PEN_UP
.PEN_DOWN
	365	390
	365	389
	364	389
	364	387
	363	387
	363	385
	362	385
	362	383
	362	382
	361	381
	361	380
	361	378
	360	377
	360	376
	360	374
	360	373
	361	373
	361	372
.PEN_UP
.PEN_DOWN
	376	390
	377	390
	378	390
	379	390
	380	390
	381	390
	382	390
	383	390
	384	390
	385	390
	385	389
	385	388
	384	388
	383	386
	383	385
	382	384
	381	383
	380	382
	379	381
	378	380
	377	379
	377	378
	376	377
	376	376
	376	375
	376	374
	376	373
	377	373
	378	372
	379	372
	380	372
	381	372
	382	372
	383	372
	384	372
	385	372
	386	372
.PEN_UP
.PEN_DOWN
	398	390
	399	390
	400	390
	402	390
	403	390
	404	391
	405	391
	406	391
	407	391
	408	390
	408	389
	407	388
	406	388
	405	387
	404	386
	403	386
	402	385
	401	385
	399	383
	400	383
	401	383
	402	383
	403	383
	404	383
	405	383
	406	382
	407	381
	408	381
	408	380
	408	379
	408	378
	408	377
	407	376
	406	376
	405	376
	404	375
	403	375
	402	375
	400	374
	398	374
	398	373
	397	373
.PEN_UP
.PEN_DOWN
	414	390
	413	390
	413	389
	412	389
	412	388
	412	387
	412	386
	413	385
	413	384
	414	383
	415	383
	415	382
	416	382
	417	382
	418	382
	419	382
	420	382
	421	382
.PEN_UP
.PEN_DOWN
	428	396
	427	395
	426	394
	425	393
	425	392
	424	391
	424	390
	423	389
	423	388
	422	386
	422	385
	421	383
	421	382
	420	380
	420	378
	419	376
	418	375
	418	374
	418	373
	418	372
	418	371
.PEN_UP
.PEN_DOWN
	439	390
	440	390
	441	390
	442	390
	443	390
	444	391
	445	391
	447	391
	450	391
	451	391
.PEN_UP
.PEN_DOWN
	440	390
	439	390
	438	390
	437	390
	437	389
	436	388
	435	387
	435	386
	435	385
	435	384
	435	383
	436	382
	437	381
	438	381
	439	380
	440	380
	441	379
	442	379
	443	378
	444	378
	445	377
	446	376
	446	375
	446	374
	445	374
	444	374
	443	374
	441	374
	440	373
	438	373
	437	373
	434	372
	433	372
.PEN_UP
.PEN_DOWN
	468	394
	467	394
	467	393
	466	392
	465	391
	465	390
	464	389
	463	388
	463	387
	462	386
	462	384
	461	382
	461	381
	461	380
	461	379
	461	378
	461	377
	461	376
	462	376
	462	375
	463	374
	464	374
	465	374
	466	374
	467	374
	468	374
	469	374
	470	375
	471	375
	472	376
	473	376
	474	377
	475	377
	475	378
	476	379
	476	380
	476	381
	475	382
	473	382
	472	381
	470	381
	469	381
	467	379
	466	379
	466	378
	465	377
	465	376
	465	375
	465	374
	465	373
	466	373
.PEN_UP
.PEN_DOWN
	486	387
	487	387
	488	387
	489	387
	490	387
	492	388
	493	388
	494	388
	495	388
	496	388
	497	388
	498	388
	499	388
	499	387
	499	386
	499	385
	499	384
	499	383
	499	382
	499	381
	498	380
	498	379
	498	377
	497	375
	497	373
	496	372
	496	371
	496	370
	495	369
	495	368
	495	367
	494	366
	494	365
.PEN_UP
.PEN_DOWN
	525	388
	525	389
	524	389
	524	390
	523	390
	522	390
	521	390
	520	390
	519	390
	518	390
	518	389
	517	389
	517	388
	516	388
	516	387
	517	385
	517	384
	518	383
	519	382
	520	381
	521	380
	522	379
	523	378
	524	376
	525	375
	525	374
	525	373
	525	372
	524	372
	524	371
	523	370
	521	370
	520	370
	519	370
	518	370
	517	370
	516	370
	516	371
	516	372
	517	374
	518	375
	519	376
	520	377
	521	379
	522	380
	524	381
	525	382
	526	383
	527	384
	530	385
	531	386
	532	386
	533	386
.PEN_UP
.PEN_DOWN
	545	388
	545	389
	545	390
	545	391
	544	391
	544	392
	544	393
	542	393
	541	393
	540	393
	539	392
	538	391
	538	390
	537	389
	537	388
	537	387
	537	385
	537	384
	537	383
	538	383
	538	382
	539	382
	540	382
	541	382
	542	383
	543	384
	544	385
	545	386
	545	387
	546	387
	546	388
	546	389
	547	389
	547	390
	546	389
	546	388
	546	387
	546	386
	546	385
	546	384
	546	381
	546	380
	546	378
	546	377
	546	376
	545	374
	545	373
	545	372
	545	371
	544	370
	544	369
	544	368
	544	367
	544	366
.PEN_UP
