
.WRITER_ID BillRivard
.STYLE PRINTED
.PEN_DOWN
	75	399
	75	400
	74	400
	74	401
	74	400
	74	399
	74	398
	74	397
	73	397
	73	395
	73	394
	73	393
	73	392
	73	391
	73	390
	73	389
	73	388
	73	387
	73	386
	74	386
	74	385
	74	384
	74	383
	75	383
.PEN_UP
.PEN_DOWN
	75	374
	76	374
	76	375
	75	375
	75	376
	75	375
.PEN_UP
.PEN_DOWN
	101	394
	100	394
	99	394
	98	393
	97	393
	97	392
	96	391
	95	390
	95	389
	95	388
	95	386
	95	385
	95	384
	96	384
	97	384
	98	384
	98	385
	99	385
	99	386
	99	387
	100	387
	100	388
	100	389
	101	390
	101	391
	101	392
	100	392
	100	391
	100	390
	100	389
	100	388
	100	387
	100	386
	100	385
	101	385
	102	385
	103	386
	104	386
	104	387
	105	388
	105	389
	106	390
	106	391
	107	392
	107	393
	107	394
	107	395
	107	396
	107	397
	106	397
	106	398
	106	399
	106	400
	105	400
	104	401
	103	401
	102	401
	101	400
	100	400
	99	399
	98	399
	97	398
	96	398
	96	397
	95	397
	95	396
	94	395
	94	394
	93	394
	93	393
	93	392
	92	392
	92	391
	91	390
	91	389
	91	388
	91	387
	90	386
	90	385
	90	384
	90	383
	90	382
	91	381
	91	380
	91	379
	91	378
	92	378
	92	377
	92	376
	93	376
	94	376
	95	376
	95	375
	96	375
	97	375
	97	376
	98	376
	99	376
	100	376
	101	376
	102	377
	103	377
	103	378
	104	379
	105	380
	105	381
	106	381
.PEN_UP
.PEN_DOWN
	124	398
	124	397
	124	396
	124	395
	124	394
	123	394
	123	393
	123	392
	123	391
	123	390
	122	389
	122	388
	122	387
	122	386
	121	385
	121	384
	121	382
	120	381
	120	380
	120	379
	120	378
	121	378
.PEN_UP
.PEN_DOWN
	135	400
	136	400
	135	400
	135	399
	134	399
	134	398
	134	397
	134	396
	133	396
	133	395
	133	394
	132	393
	132	392
	132	391
	131	390
	131	389
	131	387
	130	386
	130	385
	130	384
	130	383
	130	382
	130	381
	130	380
.PEN_UP
.PEN_DOWN
	116	391
	117	391
	118	390
	119	390
	120	390
	121	390
	122	390
	124	390
	125	390
	126	390
	128	390
	129	390
	132	390
	133	390
	134	390
	135	390
	136	390
	137	390
	138	390
	139	390
	139	389
	140	389
.PEN_UP
.PEN_DOWN
	116	385
	116	384
	117	384
	118	384
	119	384
	119	383
	120	383
	121	383
	122	383
	123	383
	124	383
	125	383
	127	383
	128	383
	129	383
	130	383
	131	383
	132	383
	133	383
	134	383
	135	382
	136	382
	137	382
.PEN_UP
.PEN_DOWN
	160	401
	160	402
	159	402
	158	402
	157	402
	156	402
	155	401
	154	401
	154	400
	153	400
	153	399
	152	399
	152	398
	153	397
	154	397
	154	396
	155	396
	156	396
	157	396
	158	396
	159	396
	160	395
	161	395
	162	395
	162	394
	163	394
	164	394
	164	393
	164	392
	164	391
	164	390
	163	390
	163	389
	162	388
	161	387
	160	386
	159	386
	158	385
	157	385
	156	385
	155	385
	154	385
	153	385
	152	385
	151	385
	151	386
.PEN_UP
.PEN_DOWN
	159	410
	159	409
	158	408
	158	407
	158	406
	158	405
	158	403
	158	402
	158	401
	158	399
	158	397
	158	396
	158	395
	158	394
	158	393
	158	391
	158	390
	158	389
	157	388
	157	387
	157	386
	157	385
	157	384
	157	383
	157	382
	157	381
	157	380
	157	379
	158	379
.PEN_UP
.PEN_DOWN
	178	405
	177	405
	177	404
	176	404
	175	403
	174	403
	174	401
	174	400
	174	399
	174	398
	174	397
	175	397
	175	396
	176	396
	177	396
	178	396
	179	397
	180	397
	180	398
	180	399
	181	399
	181	400
	181	401
	181	402
	181	403
	181	404
	181	405
	180	405
	179	406
	180	406
	180	405
	181	405
	182	405
	183	405
	184	405
	185	405
.PEN_UP
.PEN_DOWN
	194	413
	194	412
	194	411
	193	411
	193	409
	192	409
	192	408
	191	407
	191	406
	190	405
	190	404
	189	403
	189	402
	188	401
	188	400
	187	399
	186	398
	185	397
	185	396
	185	395
	184	394
	184	393
	183	392
	183	391
	183	390
	182	389
	182	388
	182	387
	181	386
	181	385
	181	384
.PEN_UP
.PEN_DOWN
	190	389
	189	389
	189	388
	188	388
	188	387
	188	386
	187	386
	187	385
	187	384
	187	383
	187	382
	187	381
	187	380
	188	380
	189	380
	189	381
	190	381
	191	382
	192	383
	192	384
	193	385
	194	386
	194	387
	194	388
	194	389
.PEN_UP
.PEN_DOWN
	208	400
	208	401
	208	402
	208	403
	209	403
	210	403
	210	404
	211	404
	212	405
	213	406
	214	407
	215	408
	216	408
	217	408
	218	407
	219	406
	220	405
	221	404
	221	403
	222	402
.PEN_UP
.PEN_DOWN
	240	414
	240	413
	240	412
	240	411
	240	410
	240	409
	240	408
	241	408
	241	407
	241	406
	241	405
	241	404
	241	403
	241	402
	240	402
	240	401
	239	401
	238	401
	237	401
	235	400
	234	399
	233	399
	233	398
	233	397
	234	397
	235	397
	236	397
	238	397
	239	397
	240	397
	241	397
	242	397
	242	396
	241	396
	241	395
	239	395
	239	394
	238	394
	237	394
	236	393
	235	393
	234	393
	234	392
	233	392
	234	392
	234	391
	235	391
	236	391
	237	391
	238	391
	239	391
	239	390
	238	390
	238	389
	238	388
	238	387
	238	386
	238	385
	238	384
	238	383
	238	382
	238	381
	238	380
	238	379
	238	377
	238	376
	238	375
	238	374
.PEN_UP
.PEN_DOWN
	265	399
	266	399
	265	399
	264	399
	264	397
	263	397
	263	396
	262	395
	261	394
	261	393
	260	392
	259	391
	259	390
	258	388
	258	389
	258	390
	259	390
	259	391
	260	392
	260	393
	261	394
	261	395
	261	396
	261	397
	261	398
	262	399
	262	400
	262	401
	262	402
	262	401
	262	400
	262	399
	262	398
	262	397
	262	395
	262	394
	263	394
	263	393
	263	392
	263	391
	263	390
	262	390
	261	390
	260	390
	259	390
	259	391
	257	391
	257	392
	256	392
	256	393
	255	393
	255	394
	255	393
	256	393
	257	393
	258	393
	258	392
	259	392
	261	392
	262	392
	263	392
	264	392
	263	392
	262	392
	261	393
	260	393
	259	394
	258	394
	258	395
	259	395
	260	395
	261	395
	262	395
	263	395
	264	395
	265	395
	266	395
	266	394
	267	394
	268	394
	269	394
.PEN_UP
.PEN_DOWN
	280	406
	279	405
	279	404
	278	404
	278	403
	277	402
	276	401
	276	400
	275	399
	275	398
	275	397
	274	396
	274	395
	274	394
	273	392
	273	391
	273	389
	273	388
	273	387
	274	386
	274	385
	274	384
	274	383
	274	382
	275	381
	276	380
	277	380
	277	379
	278	378
	279	378
	279	377
	280	377
.PEN_UP
.PEN_DOWN
	288	407
	287	406
	287	405
	287	404
	287	403
	287	402
	288	401
	288	400
	289	398
	289	397
	289	396
	289	395
	290	394
	290	393
	290	391
	290	390
	290	389
	290	387
	290	385
	290	384
	290	383
	289	382
	289	381
	289	380
	288	379
	288	378
	287	378
	287	377
	286	377
	286	376
.PEN_UP
.PEN_DOWN
	296	404
	297	404
	297	405
	296	405
	296	406
	296	405
	297	405
	298	404
	299	404
	299	403
	300	403
	301	403
	301	402
	302	402
	302	401
	303	401
	304	400
.PEN_UP
.PEN_DOWN
	313	399
	312	400
	312	401
	312	402
	313	402
	313	403
	314	403
	315	403
	316	403
	316	402
	317	402
	317	401
	317	400
	318	400
	318	399
	319	399
	320	399
	321	399
	322	400
	323	401
	323	402
	323	403
	323	404
	323	405
	323	404
	323	403
.PEN_UP
.PEN_DOWN
	327	385
	328	385
	328	386
	329	386
	329	387
	330	387
	331	387
	332	387
	333	387
	334	387
	335	387
	336	387
	337	387
	337	386
.PEN_UP
.PEN_DOWN
	345	371
	345	372
	346	372
	347	372
	348	372
	349	372
	350	372
	351	372
	353	372
	354	372
	355	372
	356	372
	357	372
	358	372
	359	372
	361	372
	362	372
	363	372
	363	371
	364	371
.PEN_UP
.PEN_DOWN
	374	394
	374	393
	374	392
	374	391
	374	390
	375	390
	375	389
	375	388
	375	386
	375	385
	374	384
	374	383
	374	382
	374	381
	374	380
	374	379
	374	378
	374	377
.PEN_UP
.PEN_DOWN
	365	385
	366	385
	367	385
	368	385
	369	385
	370	385
	372	385
	373	385
	374	385
	375	385
	376	385
	377	385
	378	385
	379	385
	380	385
	381	385
	382	385
	382	384
	382	383
.PEN_UP
.PEN_DOWN
	395	394
	396	394
	397	394
	398	394
	399	394
	400	394
	401	394
	402	394
	403	394
	404	393
	404	392
.PEN_UP
.PEN_DOWN
	394	383
	395	383
	396	383
	397	383
	398	383
	398	384
	399	384
	400	384
	401	384
	402	384
	403	384
	404	384
	405	384
	406	384
	406	383
	407	383
.PEN_UP
.PEN_DOWN
	425	407
	425	406
	425	407
	424	407
	423	407
	422	407
	421	407
	420	406
	419	406
	418	406
	417	405
	417	404
	417	403
	418	402
	418	401
	418	400
	418	399
	418	398
	418	397
	418	396
	418	395
	418	394
	418	393
	418	392
	418	391
	418	390
	418	389
	418	388
	418	387
	418	386
	418	385
	418	384
	418	383
	418	382
	418	381
	418	380
	418	379
	418	378
	419	378
	420	378
	421	378
	422	378
	423	378
	424	378
	425	378
	425	377
	426	377
.PEN_UP
.PEN_DOWN
	433	407
	434	407
	435	407
	436	407
	437	407
	438	407
	439	407
	440	407
	440	406
	440	405
	440	404
	440	403
	439	402
	439	401
	439	400
	439	399
	439	398
	439	397
	439	396
	439	395
	439	394
	439	393
	439	392
	439	391
	439	390
	439	389
	439	388
	439	387
	439	386
	439	385
	439	384
	439	383
	439	382
	439	381
	438	381
	438	380
	438	379
	437	379
	437	378
	436	378
	435	378
	434	378
	433	378
.PEN_UP
.PEN_DOWN
	451	408
	452	408
	451	408
	451	407
	450	407
	450	406
	450	405
	449	405
	449	404
	449	403
	448	402
	448	401
	448	400
	448	399
	448	398
	448	397
	448	396
	448	395
	448	394
	448	393
	448	392
	448	391
	448	390
	448	389
	449	388
	449	387
	449	386
	449	385
	450	384
	450	383
	450	382
	451	381
.PEN_UP
.PEN_DOWN
	460	410
	460	409
	461	409
	461	408
	462	408
	462	407
	462	406
	463	405
	463	404
	464	404
	464	403
	464	402
	464	401
	464	400
	465	399
	465	398
	465	397
	465	396
	465	395
	465	394
	465	393
	465	392
	465	390
	464	390
	464	389
	464	388
	464	387
	463	386
	463	385
	462	384
	461	383
	461	382
	461	381
	460	381
	460	380
	459	380
	459	379
.PEN_UP
.PEN_DOWN
	469	409
	470	409
	470	408
	471	407
	472	406
	473	405
	473	404
	474	403
	475	401
	475	400
	476	399
	476	398
	477	397
	477	396
	478	395
	478	394
	479	393
	479	392
	480	391
	481	390
	482	389
	483	388
	483	387
	484	387
	484	386
	484	385
	484	384
.PEN_UP
.PEN_DOWN
	493	390
	494	389
	494	388
	494	387
	495	386
	495	385
	495	384
	494	384
	494	382
	493	381
	493	380
	492	380
.PEN_UP
.PEN_DOWN
	516	408
	516	409
	516	408
	515	408
	515	407
	514	407
	514	405
	513	404
	512	403
	511	403
	511	401
	510	400
	510	399
	509	399
	508	397
	508	396
	507	395
	506	394
	505	393
	505	392
	504	391
	504	390
	503	389
	503	388
	502	387
	502	386
	502	385
.PEN_UP
.PEN_DOWN
	523	405
	523	406
	524	406
	525	406
	526	406
	527	406
	528	406
	529	405
	530	405
	531	405
	531	404
	532	404
	532	403
	533	403
	533	402
	533	401
	533	400
	532	399
	531	398
	531	397
	530	396
	529	395
	528	395
	528	394
	527	393
	526	392
	525	391
	524	390
	524	389
	524	388
	525	387
	525	386
.PEN_UP
.PEN_DOWN
	528	375
	529	375
	529	374
	529	375
	529	376
	530	376
.PEN_UP
.PEN_DOWN
	549	410
	548	410
	548	409
	548	408
	548	407
	547	406
	547	405
	547	404
	547	403
	547	402
	547	401
.PEN_UP
.PEN_DOWN
	562	409
	562	408
	562	407
	561	406
	561	405
	561	404
	560	404
	560	403
	560	402
.PEN_UP
.PEN_DOWN
	566	408
	566	407
	566	406
	566	405
	566	404
	565	404
	565	403
	565	402
.PEN_UP
.PEN_DOWN
	582	400
	583	400
	582	400
	582	399
	581	399
	580	399
	580	398
	579	398
	578	398
	578	397
	577	397
	577	396
	576	395
	575	394
	574	394
	573	393
	572	392
	572	391
	571	391
	570	390
	569	390
	569	389
	568	388
	567	388
	567	387
	566	386
	566	385
	566	384
	567	384
	568	383
	569	383
	569	382
	570	382
	571	381
	572	380
	573	379
	575	378
	576	377
	576	376
	577	376
	578	375
	579	374
	580	373
	580	372
	581	372
.PEN_UP
.PEN_DOWN
	593	406
	593	405
	593	404
	593	403
	593	402
	593	401
	593	400
	593	399
	592	396
	592	395
	592	394
	592	392
	592	391
	591	390
	591	388
	591	387
	591	386
	591	385
	591	384
	591	381
	591	380
	591	379
	591	378
	591	377
	591	376
	591	375
	591	374
	591	373
.PEN_UP
.PEN_DOWN
	602	401
	603	402
	603	401
	604	401
	605	400
	605	399
	606	399
	606	398
	607	398
	607	397
	608	397
	608	396
	609	396
	610	395
	611	394
	612	394
	612	393
	613	393
	613	392
	614	392
	614	391
	614	390
	614	389
	613	389
	613	388
	612	388
	610	386
	609	385
	608	384
	607	383
	606	382
	605	381
	604	380
	603	380
	603	379
	602	378
	601	377
	601	376
	602	376
.PEN_UP
.PEN_DOWN
	623	411
	623	410
	623	409
	623	408
	623	407
	622	406
	622	405
	621	404
.PEN_UP
.PEN_DOWN
	628	410
	629	409
	628	408
	628	407
	628	406
	627	405
	627	404
	627	403
.PEN_UP
.PEN_DOWN
	636	397
	636	398
	637	399
	638	399
	638	398
	639	398
.PEN_UP
.PEN_DOWN
	638	376
	638	375
	637	374
	636	373
	635	373
	634	372
	633	372
.PEN_UP
.PEN_DOWN
	653	395
	654	395
	654	396
	655	396
	655	395
.PEN_UP
.PEN_DOWN
	651	379
	651	378
.PEN_UP
.PEN_DOWN
	670	375
	670	376
	670	375
	671	375
	672	375
.PEN_UP
