
.WRITER_ID BillRivard
.STYLE PRINTED
.PEN_DOWN
	71	393
	71	394
	70	394
	69	393
	67	392
	66	392
	65	391
	65	390
	64	390
	63	389
	63	387
	62	386
	62	385
	62	383
	62	382
	63	379
	63	378
	64	377
	64	376
	65	375
	66	374
	67	374
	69	374
	70	374
	71	374
	72	374
	74	375
	75	376
	76	377
	76	378
	77	379
	77	380
	77	381
	77	382
	77	383
	77	384
	77	385
	77	387
	76	389
	76	390
	75	391
	74	391
.PEN_UP
.PEN_DOWN
	71	384
	72	384
	72	383
	72	382
	73	382
	73	381
	74	380
	74	379
	74	377
	75	377
	75	376
	75	375
	76	373
	77	373
	77	372
	78	372
	79	372
	80	372
	81	372
.PEN_UP
.PEN_DOWN
	91	390
	91	391
	90	391
	90	390
	89	390
	89	389
	89	388
	88	387
	88	386
	88	385
	88	384
	89	382
	89	381
	90	378
	90	377
	91	376
	92	375
	93	375
	93	374
	94	374
	95	374
	96	374
	97	375
	98	376
	99	376
	100	377
	100	378
	100	379
	101	381
	101	382
	101	383
	101	384
	101	385
	101	386
	101	389
	101	390
	101	391
	101	392
	101	393
	101	394
	101	393
	102	392
	103	391
	103	390
	104	389
	105	387
	105	386
	106	385
	106	383
	107	382
	108	381
	108	380
	108	379
	109	379
	109	378
.PEN_UP
.PEN_DOWN
	126	393
	126	394
	126	395
	126	394
	126	393
	126	392
	126	391
	126	389
	126	388
	125	387
	125	385
	125	384
	125	383
	124	382
	124	381
	124	380
	124	379
	124	378
	123	377
	123	376
	123	377
.PEN_UP
.PEN_DOWN
	116	394
	117	394
	118	394
	119	394
	120	394
	121	394
	122	394
	124	394
	125	394
	126	394
	128	395
	129	395
	130	395
	131	395
	132	395
	133	395
.PEN_UP
.PEN_DOWN
	114	374
	114	373
	115	373
	115	372
	116	372
	117	372
	118	372
	119	373
	121	373
	122	373
	123	373
	124	374
	125	374
	126	374
	127	374
	127	375
	128	375
	129	375
	130	375
	130	376
.PEN_UP
.PEN_DOWN
	147	392
	148	392
	148	393
	147	393
	146	393
	145	393
	144	393
	143	392
	142	391
	141	391
	141	390
	140	389
	139	388
	139	387
	138	386
	138	384
	137	382
	137	381
	137	379
	137	378
	138	377
	139	376
	140	376
	141	376
	142	376
	143	376
	146	376
	147	376
	148	376
	149	376
	150	376
	151	376
	152	377
	153	377
	154	377
.PEN_UP
.PEN_DOWN
	165	394
	165	395
	165	394
	166	393
	166	392
	166	391
	166	390
	166	389
	167	388
	167	386
	167	384
	167	382
	167	381
	166	380
	166	379
	166	378
	166	377
	166	376
	165	375
	165	374
	165	373
.PEN_UP
.PEN_DOWN
	178	393
	177	393
	176	392
	175	392
	174	391
	173	391
	172	390
	171	390
	170	389
	169	388
	169	387
	168	387
	168	386
	168	385
	169	385
	170	385
	170	384
	171	384
	172	383
	173	383
	173	382
	174	381
	175	381
	176	380
	176	379
	177	378
	178	377
	179	376
.PEN_UP
.PEN_DOWN
	214	394
	214	395
	214	396
	215	396
	215	397
	216	397
	217	397
	218	397
	220	397
	221	397
	222	396
	223	396
	225	396
	226	396
	227	395
	228	394
	228	393
	228	392
	228	391
	228	390
	227	389
	226	388
	225	387
	224	385
	222	383
	221	381
	221	380
	220	379
	219	378
	219	377
	219	376
	219	375
	219	374
	220	374
	220	373
	221	372
	222	372
	223	372
	224	372
	225	372
	226	372
	227	372
	228	372
	229	372
.PEN_UP
.PEN_DOWN
	213	388
	214	388
	215	388
	216	388
	217	388
	220	388
	221	388
	222	388
	224	387
	225	387
	226	387
	227	387
	228	387
	229	386
	230	386
	231	386
	232	386
.PEN_UP
.PEN_DOWN
	241	391
	241	390
	240	390
	240	389
	240	388
	239	387
	239	386
	239	385
	238	383
	238	382
	238	381
	237	380
	237	378
	237	377
	237	375
	237	374
	237	373
	238	372
	239	372
	240	372
	241	372
	242	372
	243	372
	245	372
	246	373
	247	373
	248	374
.PEN_UP
.PEN_DOWN
	236	383
	237	383
	238	383
	239	383
	240	383
	241	383
	242	383
	243	383
	245	383
	246	383
.PEN_UP
.PEN_DOWN
	237	392
	238	392
	239	392
	240	393
	241	393
	242	393
	243	393
	245	393
	246	393
	247	393
	248	393
	249	393
	250	393
.PEN_UP
.PEN_DOWN
	262	395
	262	394
	261	394
	261	393
	261	391
	261	390
	261	389
	261	387
	260	385
	260	384
	260	383
	259	382
	259	380
	259	379
	259	378
	258	376
.PEN_UP
.PEN_DOWN
	257	392
	257	393
	257	394
	258	394
	259	395
	260	395
	261	396
	262	396
	263	396
	264	397
	266	397
	267	397
	268	398
	269	398
	270	398
	270	397
	271	396
	272	395
	272	394
	272	393
	272	392
	272	391
	271	390
	270	389
	269	388
	268	388
	267	387
	264	386
	263	386
	262	385
	261	385
	260	385
	259	385
.PEN_UP
.PEN_DOWN
	278	394
	279	394
	279	393
	279	392
	279	391
	279	390
	279	387
	279	386
	279	385
	278	383
	278	382
	277	381
	277	380
	277	379
	277	378
	277	377
	277	376
	276	376
.PEN_UP
.PEN_DOWN
	292	398
	293	398
	294	398
	294	397
	294	396
	294	395
	294	393
	294	392
	293	391
	293	390
	293	389
	293	387
	292	386
	292	385
	291	384
	291	382
	291	381
	290	380
	290	379
	290	378
	290	377
	289	377
	289	376
	289	377
.PEN_UP
.PEN_DOWN
	281	388
	283	387
	284	387
	286	387
	287	387
	288	387
	289	386
	290	386
	291	386
	292	386
	293	386
	294	386
.PEN_UP
.PEN_DOWN
	306	397
	306	396
	306	395
	306	394
	305	394
	305	393
	304	392
	304	391
	304	390
	304	389
	304	388
	305	387
	305	385
	306	384
	307	383
	308	383
	309	383
	310	383
	311	383
	312	383
	314	384
	315	385
	317	386
	318	387
	319	389
	320	390
	321	390
	321	391
	321	392
	322	393
	322	394
	322	395
	321	396
	320	397
.PEN_UP
.PEN_DOWN
	310	386
	311	386
	311	385
	311	384
	311	383
	311	381
	311	380
	310	379
	310	378
	309	377
	309	376
	309	375
	309	374
	308	373
	308	372
	308	371
	308	370
.PEN_UP
.PEN_DOWN
	329	392
	330	392
	330	391
	330	390
	330	389
	330	388
	330	387
	330	386
	330	385
	329	384
	329	381
	329	380
	329	379
.PEN_UP
.PEN_DOWN
	330	390
	330	391
	330	392
	330	393
	331	393
	331	394
	332	394
	333	395
	334	395
	336	396
	337	396
	338	397
	340	397
	341	398
	342	398
	343	398
	344	398
	344	397
	344	396
	343	396
	342	395
	342	394
	341	394
	340	393
	338	392
	336	391
	335	390
	334	389
	334	388
	333	388
	333	387
	333	386
	333	385
	334	385
	334	384
	335	383
	336	382
	337	381
	338	381
	338	379
	339	379
	340	378
	340	377
	340	376
	341	376
	341	375
	341	374
	341	373
	342	373
.PEN_UP
.PEN_DOWN
	364	397
	365	397
	364	397
	364	398
	363	398
	362	397
	361	397
	360	397
	359	397
	358	397
	356	396
	355	395
	354	394
	354	393
	354	392
	355	391
	356	390
	357	390
	358	390
	359	389
	360	389
	361	388
	362	388
	363	387
	364	387
	366	386
	366	385
	367	385
	367	384
	368	384
	368	383
	368	382
	367	382
	367	381
	366	381
	364	380
	363	379
	362	379
	360	379
	359	378
	357	378
	356	378
	354	378
	353	378
	352	378
	352	379
.PEN_UP
.PEN_DOWN
	423	392
	423	393
	423	392
	423	391
	423	390
	422	387
	422	385
	422	384
	422	382
	421	381
	421	379
	421	378
	420	376
	420	375
	420	374
	419	373
	419	372
.PEN_UP
.PEN_DOWN
	422	394
	423	394
	423	395
	424	396
	425	396
	426	396
	427	397
	429	397
	430	397
	432	397
	433	397
	435	398
	437	398
	438	398
	439	398
	440	398
	441	398
	441	397
	441	396
	440	395
	439	394
	438	394
	437	393
	434	391
	433	390
	432	390
	431	389
	430	388
	429	388
	428	387
	429	387
	430	387
	431	387
	432	386
	433	386
	434	385
	435	384
	436	383
	436	382
	437	382
	437	381
	437	380
	437	379
	436	379
	436	378
	435	377
	432	376
	431	375
	430	375
	429	375
	428	375
	427	375
	425	375
	424	375
	422	375
	421	376
	420	376
	420	377
.PEN_UP
.PEN_DOWN
	449	395
	449	394
	449	393
	448	393
	447	391
	447	390
	446	390
	446	389
	445	387
	444	386
	443	385
	443	384
	443	382
	442	381
	442	380
	442	379
	442	377
	442	376
	443	376
	444	376
	445	376
	447	376
	448	376
	449	376
	451	376
	452	376
	454	376
	456	376
	457	377
	458	377
	459	377
.PEN_UP
.PEN_DOWN
	470	392
	470	393
	469	393
	469	394
	468	394
	467	394
	466	393
	465	393
	465	392
	463	391
	462	390
	462	389
	461	388
	461	387
	460	386
	460	384
	460	383
	460	381
	460	380
	460	379
	460	377
	461	377
	462	377
	462	376
	463	376
	464	376
	465	376
	466	377
	467	377
	469	378
	470	379
	470	380
	472	382
	472	383
	472	384
	472	385
	472	387
	472	388
	472	389
.PEN_UP
.PEN_DOWN
	484	391
	485	391
	485	390
	484	390
	484	389
	484	388
	483	387
	482	385
	482	383
	482	382
	482	381
	482	380
	482	379
	482	378
	483	377
	483	376
	484	376
	485	376
	486	376
	487	377
	488	377
	489	378
	491	379
	492	380
	493	381
	494	382
	495	383
	496	384
	498	386
	498	387
	498	388
	498	389
	498	390
	498	389
	497	388
	497	387
	497	386
	497	385
	497	384
	497	383
	497	382
	498	381
	499	380
	500	379
	502	378
	503	378
	504	378
	505	378
	506	378
	506	379
	507	379
	508	380
	508	381
	509	381
	509	383
	510	385
	510	386
	510	387
	510	388
	510	389
	510	390
	509	391
	509	392
	509	393
	508	393
	507	393
.PEN_UP
