
.WRITER_ID BillRivard
.STYLE PRINTED
.PEN_DOWN
	87	391
	87	392
	87	393
	87	394
	87	393
	87	392
	87	391
	87	390
	87	388
	87	386
	87	385
	87	384
	87	382
	87	381
	87	380
	87	379
	87	377
	87	376
	87	374
	87	373
	87	372
	87	371
	87	370
	88	370
	89	370
	90	371
	91	371
	92	372
	93	372
	94	372
	95	372
	96	372
	97	373
	98	373
	99	373
	100	373
	101	373
	102	373
	103	373
.PEN_UP
.PEN_DOWN
	114	384
	115	384
	115	385
	115	386
	114	386
	113	386
	112	386
	111	386
	110	385
	110	384
	109	384
	109	383
	108	382
	108	381
	108	380
	107	379
	107	378
	107	377
	107	376
	108	374
	109	374
	109	373
	110	373
	111	373
	112	373
	113	374
	114	374
	115	375
	116	375
	117	376
	117	377
	118	378
	118	379
	118	380
	119	381
	119	382
	119	383
	119	384
	118	385
	118	386
.PEN_UP
.PEN_DOWN
	130	386
	130	387
	129	387
	128	386
	127	385
	126	385
	126	384
	125	383
	125	382
	124	381
	123	379
	123	378
	123	377
	123	376
	124	376
	124	375
	125	375
	125	374
	126	374
	127	374
	128	374
	129	375
	130	375
	131	376
	132	377
	133	378
	133	379
	134	380
	134	381
	134	383
	134	384
	134	385
	134	386
	133	387
	133	388
	133	387
	134	386
	134	385
	135	384
	135	383
	135	382
	136	381
	137	380
	138	378
	139	377
.PEN_UP
.PEN_DOWN
	143	390
	144	390
	145	389
	145	388
	145	387
	145	386
	145	385
	145	384
	146	383
	146	381
	146	380
	147	379
	147	378
	147	377
	148	377
	148	378
	148	379
	149	379
	149	380
	149	381
	149	382
	150	382
	150	384
	151	385
	152	387
	153	388
	154	388
	154	387
	155	386
	155	384
	156	383
	156	382
	156	381
	156	380
	156	379
	157	378
	157	377
	158	377
.PEN_UP
.PEN_DOWN
	187	393
	187	394
	186	394
	185	394
	184	394
	184	393
	183	392
	182	391
	182	390
	182	389
	182	388
	183	387
	184	387
	185	387
	187	388
	188	389
	188	390
	189	391
	189	392
.PEN_UP
.PEN_DOWN
	195	390
	195	389
	194	388
	194	387
	193	386
	191	384
	190	383
	189	381
	189	380
	187	378
	187	377
	185	376
	185	375
	184	374
	183	373
	183	372
.PEN_UP
.PEN_DOWN
	195	378
	195	377
	194	376
	194	375
	193	375
	193	374
	193	373
	193	372
	194	372
	194	371
	195	371
	196	371
	196	372
	197	372
	198	372
	199	373
	199	374
	200	375
	200	376
	200	377
	200	378
	199	378
.PEN_UP
.PEN_DOWN
	216	393
	215	392
	215	391
	215	390
	214	390
	214	389
.PEN_UP
.PEN_DOWN
	228	388
	227	388
	226	388
	225	388
	224	387
	224	386
	223	386
	223	385
	223	384
	223	383
	223	382
	224	382
	225	381
	226	381
	227	381
	228	381
	228	380
	229	380
	230	380
	230	379
	229	378
	228	378
	228	377
	227	377
	225	376
	224	376
	223	376
	222	375
	221	375
	220	375
.PEN_UP
.PEN_DOWN
	259	379
	260	379
	260	380
	260	381
	260	382
	260	383
	259	383
	258	384
	257	384
	256	384
	255	384
	255	383
	254	383
	253	382
	253	381
	252	380
	252	379
	252	378
	252	376
	252	375
	252	374
	253	373
	253	372
	254	372
	255	371
	256	371
	257	371
	258	371
	259	372
	260	373
	261	374
	261	375
	262	375
	262	376
	262	377
	262	378
	262	379
	263	379
	263	380
	263	381
	263	380
	263	379
	264	379
	264	377
	264	376
	264	375
	264	374
	265	373
	265	372
	266	371
.PEN_UP
.PEN_DOWN
	273	384
	273	383
	273	382
	273	381
	274	380
	274	379
	274	378
	274	377
	274	376
	274	375
	274	373
	274	372
	274	373
	274	374
	274	375
	274	376
	274	377
	274	378
	275	380
	275	381
	275	383
	276	384
	276	385
	277	385
	278	385
	279	385
	280	385
	281	384
	282	384
.PEN_UP
.PEN_DOWN
	289	378
	290	378
	291	378
	291	379
	292	379
	293	380
	293	381
	294	381
	294	382
	294	383
	294	384
	294	385
	294	386
	293	386
	293	387
	292	387
	291	387
	290	386
	289	386
	289	385
	287	384
	287	383
	286	382
	286	381
	285	381
	285	380
	285	379
	285	378
	285	377
	286	376
	287	375
	288	374
	289	374
	289	373
	290	373
	291	373
	293	372
	294	372
	295	372
	296	372
.PEN_UP
.PEN_DOWN
	342	391
	342	392
	343	392
	343	393
	343	392
	343	391
	342	390
	342	389
	342	387
	342	386
	342	384
	342	382
	342	381
	342	379
	342	376
	342	375
	342	374
	342	373
	342	372
	343	373
	343	374
	344	375
	344	376
	344	377
	344	378
	344	379
	343	380
	343	381
	342	383
	341	384
	340	385
	338	385
	336	385
	335	384
	334	384
	333	383
	332	382
	332	381
	331	379
	331	378
	331	377
	331	376
	332	375
	332	374
	333	373
	334	373
	334	372
	335	372
	336	372
	337	372
	338	372
	339	372
	340	372
	341	372
	342	372
	343	372
	344	373
	345	373
.PEN_UP
.PEN_DOWN
	361	382
	362	382
	362	383
	362	384
	361	385
	360	385
	359	386
	358	386
	357	386
	356	386
	355	385
	354	385
	353	384
	352	383
	352	382
	351	381
	351	380
	351	378
	351	377
	351	376
	351	375
	352	374
	353	373
	354	373
	356	373
	357	374
	358	374
	360	375
	361	376
	362	377
	362	378
	363	378
	363	379
	363	380
	364	381
	364	382
	364	383
	364	385
.PEN_UP
.PEN_DOWN
	369	386
	368	386
	368	385
	367	385
	367	384
	367	383
	367	382
	367	381
	367	380
	367	379
	367	378
	367	377
	368	376
	368	375
	369	375
	370	375
	371	375
	372	375
	373	376
	374	377
	375	378
	375	379
	375	380
	376	381
	376	382
	376	383
	376	384
	376	383
	376	382
	376	381
	376	380
	376	379
	377	378
	377	377
	378	376
	379	376
	380	376
	381	376
	382	376
	383	377
	385	379
	385	380
	385	381
	386	381
	386	383
	386	384
	386	385
	386	386
	386	387
	386	388
	386	389
	385	389
.PEN_UP
.PEN_DOWN
	392	387
	393	387
	393	386
	393	385
	393	384
	393	382
	393	381
	393	380
	393	379
	393	378
	393	377
	393	376
	393	375
	393	374
	393	373
	394	373
	394	374
	395	375
	395	376
	396	376
	396	378
	397	379
	397	380
	397	381
	398	382
	399	383
	399	385
	400	386
	401	387
	401	388
	402	389
	403	389
	403	388
	403	387
	403	386
	404	385
	404	384
	404	382
	404	381
	404	380
	404	379
	404	378
	404	377
	404	376
	404	375
	404	374
	404	373
	405	372
.PEN_UP
.PEN_DOWN
	422	400
	423	401
	423	402
	423	401
	422	401
	422	400
	421	399
	421	398
	420	397
	420	396
	420	395
	420	393
	420	392
	419	391
	419	390
	419	389
	419	388
	419	387
.PEN_UP
.PEN_DOWN
	418	376
	418	377
	419	378
.PEN_UP
.PEN_DOWN
	436	405
	436	404
	436	403
	435	403
	435	402
	434	401
	434	400
	433	399
	433	398
	432	395
	431	394
	431	393
	430	392
	430	391
.PEN_UP
.PEN_DOWN
	425	374
	426	375
.PEN_UP
.PEN_DOWN
	449	403
	449	402
	448	402
	448	401
	447	400
	447	399
	447	398
	446	396
	445	395
	445	394
	445	393
	444	392
	444	391
	444	390
	444	389
	444	388
.PEN_UP
.PEN_DOWN
	441	374
	441	373
	440	373
	440	374
	441	374
.PEN_UP
