
.WRITER_ID BeckyHammaker
.STYLE PRINTED
.PEN_DOWN
	111	379
	110	379
	111	379
	111	380
	111	379
	111	378
	112	377
	112	376
	113	374
	114	373
	114	372
	115	371
	116	371
	116	370
	117	370
	117	371
	117	372
	118	373
	118	374
	118	375
	118	376
	119	377
	119	378
	119	379
	120	379
	120	378
	121	377
	121	376
	122	376
	123	375
	124	375
	124	374
	125	374
	125	373
	126	373
	126	374
	127	374
	127	375
	127	376
	127	377
	127	378
	127	379
	127	380
	127	381
	127	382
	127	383
	127	384
	127	385
.PEN_UP
.PEN_DOWN
	140	377
	140	378
	141	378
	141	379
	141	380
	142	381
	142	382
	142	383
	141	383
	140	383
	139	383
	138	383
	137	382
	137	381
	136	381
	136	380
	136	379
	136	378
	136	377
	136	376
	137	376
	138	376
	139	376
	140	376
	142	376
	143	377
	143	378
	144	378
	144	379
	144	380
	143	380
	143	381
	144	381
	144	382
	145	382
	146	382
	147	381
	148	381
	148	380
	149	380
	149	379
	149	378
	149	377
	149	376
.PEN_UP
.PEN_DOWN
	155	382
	155	381
	156	380
	156	379
	156	378
	157	378
	157	377
	158	376
	159	376
	159	377
	159	378
	158	378
	158	379
	158	380
	157	381
	157	382
	157	383
	157	384
	157	385
	158	385
	159	385
	159	386
	160	386
.PEN_UP
.PEN_DOWN
	166	391
	167	390
	168	389
	169	388
	169	387
	170	386
	170	385
	171	384
	171	383
	172	381
	172	380
	172	379
	173	378
	173	377
	173	376
	173	375
	174	375
.PEN_UP
.PEN_DOWN
	168	382
	169	382
	170	382
	171	382
	172	381
	173	381
	174	381
	175	381
.PEN_UP
.PEN_DOWN
	182	380
	182	379
	183	377
	184	377
	184	376
	185	376
	186	375
	187	375
	188	374
	190	374
	191	374
.PEN_UP
.PEN_DOWN
	191	381
	191	380
	191	379
	191	378
	191	377
	191	376
	191	375
	191	374
	191	373
	191	372
	191	370
	191	369
	191	368
	191	367
	191	366
	191	365
	191	364
	191	363
	191	362
	191	361
	191	360
	192	360
	192	359
	192	358
	193	358
.PEN_UP
.PEN_DOWN
	207	391
	207	390
	207	389
	208	389
	208	388
	208	387
	208	386
	209	385
	209	383
	209	382
	210	380
	210	379
	210	378
	210	377
	211	376
	211	375
	212	374
	212	373
	213	372
	213	371
	213	370
	214	369
	214	368
	214	369
	214	370
	214	371
	214	372
	214	373
	214	374
	214	375
	215	376
	215	377
	215	378
	216	378
	217	378
	218	378
	218	377
	219	377
	219	376
	220	376
	220	375
	220	374
	221	373
	221	372
	221	371
	221	370
	222	370
	222	369
	222	368
	222	367
	223	367
	224	367
	224	368
.PEN_UP
.PEN_DOWN
	227	375
	226	374
	226	373
	226	372
	227	372
	227	371
	227	370
	228	369
	229	368
	230	368
	231	368
	232	368
	233	369
	234	369
	234	370
	235	370
	235	371
	235	372
	235	373
	235	374
	235	375
	235	376
	235	377
	235	376
	236	376
	236	375
	236	374
	237	373
	237	372
	238	371
	238	370
	239	369
	240	368
	241	368
	241	367
	242	367
	243	367
.PEN_UP
.PEN_DOWN
	245	375
	245	374
	246	374
	246	373
	247	372
	247	371
	247	370
	248	370
	248	369
	248	370
	248	371
	248	372
	248	373
	248	374
	248	375
	249	376
	250	377
	251	377
	252	377
	252	376
	253	376
	254	376
	254	375
	255	374
	255	373
	255	372
	256	372
	256	371
	256	370
	256	369
	256	370
	256	371
	257	371
	257	372
	257	374
	257	375
	258	375
	258	376
	259	376
	259	377
	260	377
	261	377
	262	377
	263	377
	263	376
	264	376
	265	376
	265	375
	265	374
	265	373
	265	372
	265	371
	266	371
	266	370
	266	369
	266	368
	267	368
	267	369
.PEN_UP
.PEN_DOWN
	278	375
	277	375
	277	376
	276	376
	275	376
	274	376
	273	376
	272	376
	271	376
	271	375
	270	375
	270	374
	270	373
	271	373
	271	372
	273	372
	273	371
	274	371
	275	371
	276	371
	277	371
	277	372
	278	372
	279	372
	278	372
	278	373
	278	374
	278	375
	279	375
	280	375
	281	374
	281	373
	281	372
	282	372
	282	371
	282	370
	282	369
	283	369
.PEN_UP
.PEN_DOWN
	289	377
	289	376
	289	375
	289	374
	289	372
	289	371
	290	371
	290	370
	290	369
	291	369
	291	370
	291	371
	291	372
	291	373
	291	374
	291	375
	292	376
	292	377
	293	377
	294	377
	295	377
	296	377
	297	377
	297	376
	298	376
	298	375
	299	375
	299	374
	299	373
	299	372
	299	371
	299	370
	299	369
	300	369
	300	370
.PEN_UP
.PEN_DOWN
	310	378
	309	378
	308	378
	307	377
	306	377
	306	376
	305	376
	305	375
	305	374
	306	373
	306	372
	307	372
	308	371
	309	371
	310	371
	312	371
	313	371
	314	371
	314	372
	314	373
	314	374
	314	375
	314	376
	313	377
	312	378
	311	379
	310	379
.PEN_UP
.PEN_DOWN
	325	375
	325	374
	325	373
	325	372
	325	371
	326	370
	326	369
.PEN_UP
.PEN_DOWN
	321	385
	322	386
	323	386
	324	387
.PEN_UP
.PEN_DOWN
	340	378
	339	378
	338	378
	337	378
	336	377
	335	377
	335	376
	334	376
	334	375
	334	374
	335	373
	336	372
	337	372
	338	371
	339	371
	340	371
	341	371
	342	371
	343	371
	344	372
.PEN_UP
.PEN_DOWN
	339	398
	339	397
	340	396
	340	395
	340	394
	340	393
	341	392
	341	391
	342	389
	343	388
	343	386
	343	385
	343	384
	343	383
	343	381
	343	380
	343	379
	343	378
	343	376
	343	374
	344	373
	344	372
	344	371
	344	370
.PEN_UP
.PEN_DOWN
	381	372
	380	372
	380	373
	379	374
	379	375
	379	376
	379	377
	379	379
	378	379
	378	380
	378	381
	378	382
	378	383
	377	384
	377	385
	376	386
	376	387
	376	388
	376	389
	377	389
	377	390
	378	390
	378	391
	379	391
	379	392
	380	392
	381	392
	382	392
	382	391
	383	391
	383	390
	384	390
	384	389
.PEN_UP
.PEN_DOWN
	378	382
	378	381
	379	380
	380	380
	381	380
	382	380
	383	380
	384	380
	384	379
.PEN_UP
.PEN_DOWN
	390	374
	390	373
	391	372
	391	371
	392	371
.PEN_UP
.PEN_DOWN
	386	387
	387	387
	387	386
	388	386
	389	386
.PEN_UP
.PEN_DOWN
	405	377
	404	377
	403	377
	402	377
	401	377
	400	377
	400	376
	399	376
	398	375
	398	374
	399	374
	399	373
	400	372
	401	372
	402	372
	403	372
	404	372
	405	372
	405	373
	406	373
	406	374
	406	375
	406	376
	407	376
	407	375
	408	374
	408	373
	408	372
	409	372
	409	371
	409	370
	410	369
	410	368
	410	367
	410	366
	410	365
	410	364
	410	363
	410	362
	410	361
	410	360
	410	359
	410	358
	410	357
	409	357
	408	356
	407	356
	406	355
	405	355
	404	355
	404	356
	403	356
	402	356
	401	356
	401	357
	400	357
	400	358
	399	358
.PEN_UP
.PEN_DOWN
	412	378
	413	378
	413	377
	414	377
	414	376
	414	375
	414	374
	414	373
	415	373
	415	372
	416	372
	416	371
	417	371
	418	371
	419	371
	421	371
	421	372
	422	372
	422	373
	423	374
	423	375
	423	376
	423	377
	423	378
	423	377
	424	377
	424	376
	424	375
	425	374
	425	373
	426	373
	426	372
	427	372
	427	371
	428	371
	428	370
	429	370
	429	369
	430	369
.PEN_UP
.PEN_DOWN
	431	378
	432	377
	432	376
	433	376
	433	375
	433	374
	434	373
	434	372
	434	371
	435	371
	435	370
	435	369
	436	369
	436	370
	435	371
	435	372
	435	373
	435	374
	435	375
	435	376
	435	377
	435	378
	436	379
	436	380
	437	380
	438	380
	439	380
	440	380
.PEN_UP
.PEN_DOWN
	447	373
	448	373
	448	374
	449	375
	449	376
	450	376
	450	377
	450	378
	450	379
	451	379
	451	380
	450	380
	449	380
	448	380
	447	379
	446	379
	446	378
	445	378
	445	377
	445	376
	445	375
	445	374
	445	373
	446	373
	446	372
	447	372
	448	371
	450	371
	452	371
	453	371
	453	370
	454	370
	455	370
.PEN_UP
.PEN_DOWN
	476	392
	477	392
	477	391
	478	391
	478	390
	478	389
	478	388
	478	387
	478	386
	479	386
	479	385
	479	382
	479	381
	479	380
	479	379
	479	378
	479	377
	479	376
	479	375
	479	374
	480	373
	480	372
	480	371
	481	371
.PEN_UP
.PEN_DOWN
	490	374
	491	374
	492	374
	493	375
	494	375
	494	376
	495	376
	495	377
	496	377
	496	378
	496	379
	496	380
	495	380
	494	380
	493	380
	492	380
	492	379
	491	379
	491	378
	490	377
	490	376
	490	375
	490	374
	490	373
	491	373
	491	372
	492	372
	492	371
	493	371
	493	370
	494	370
	495	370
	496	369
	497	369
	498	369
	499	369
	500	369
	500	370
	501	370
	502	370
.PEN_UP
.PEN_DOWN
	510	375
	510	376
	509	376
	508	376
	508	377
	507	377
	506	377
	505	377
	504	377
	503	377
	502	377
	502	376
	501	376
	501	375
	501	374
	501	373
	502	373
	503	372
	504	371
	505	371
	506	371
	507	371
	508	371
	509	371
	509	372
	510	373
	510	374
	510	373
	511	373
	511	372
	512	372
	512	371
	513	371
	513	370
	514	370
	515	370
	516	370
	517	370
	517	371
.PEN_UP
.PEN_DOWN
	521	376
	522	375
	522	374
	523	374
	523	373
	523	372
	523	371
	523	370
	524	369
	524	368
	525	367
	525	368
	525	369
	525	370
	525	371
	524	372
	524	373
	524	374
	524	375
	524	376
	525	376
	525	377
	526	377
	527	377
	528	377
	528	376
	529	376
	530	376
	530	375
	530	374
	530	373
	531	373
	531	372
	531	371
	532	371
	532	369
	532	368
	532	367
	532	366
	533	366
.PEN_UP
.PEN_DOWN
	542	371
	543	371
	544	372
	545	372
	545	373
	546	373
	546	374
	546	375
	547	375
	547	376
	546	376
	546	377
	545	377
	544	377
	543	377
	542	377
	541	376
	540	376
	539	375
	539	374
	539	373
	539	372
	539	371
	540	370
	541	369
	541	368
	543	368
	543	367
	544	367
	545	367
	546	367
	547	367
	548	367
	549	367
	550	367
.PEN_UP
.PEN_DOWN
	560	373
	559	373
	558	374
	557	374
	556	373
	555	373
	554	373
	553	373
	552	373
	552	372
	551	371
	551	370
	552	369
	552	368
	552	367
	553	367
	554	366
	554	365
	555	365
	556	365
	557	364
	558	364
	558	365
	558	366
.PEN_UP
.PEN_DOWN
	556	394
	556	393
	556	392
	557	392
	557	391
	557	389
	557	388
	557	387
	558	386
	558	385
	558	383
	558	382
	558	381
	558	380
	558	378
	558	376
	558	375
	558	374
	559	373
	559	372
	559	371
	559	370
	559	369
	559	368
	559	367
	559	365
	560	365
	560	364
	560	363
.PEN_UP
.PEN_DOWN
	596	379
	595	379
	594	379
	594	378
	593	378
	592	378
	591	377
	590	377
	590	376
	589	376
	589	375
	589	374
	589	373
	590	373
	590	372
	591	371
	592	371
	593	371
	595	371
	596	371
	597	371
	598	371
	599	372
	600	372
	600	373
	601	375
	601	376
	600	377
	600	378
	599	378
	599	379
	598	379
	597	379
	597	380
	596	380
	595	380
	594	380
	594	379
.PEN_UP
.PEN_DOWN
	605	377
	605	376
	606	376
	605	376
	605	375
	605	374
	605	373
	606	373
	606	372
	607	371
	608	370
	609	369
	610	369
	611	369
	611	370
	612	370
	612	371
	613	371
	613	372
	613	373
	614	373
	614	374
	614	375
	614	376
	614	377
	614	376
	614	375
	614	374
	615	374
	615	373
	615	372
	616	371
	617	371
	618	370
	619	369
	620	369
	621	370
	622	370
	622	371
	621	371
.PEN_UP
.PEN_DOWN
	623	389
	624	389
	624	388
	624	387
	625	387
	625	386
	625	385
	625	384
	625	383
	625	382
	626	381
	626	380
	626	379
	626	378
	626	377
	626	376
	626	375
	627	374
	627	373
	627	372
	627	371
	628	371
	629	371
	629	372
.PEN_UP
.PEN_DOWN
	622	381
	623	381
	623	380
	624	380
	625	380
	626	380
	627	380
	627	379
	628	379
	629	379
.PEN_UP
.PEN_DOWN
	636	372
	637	372
	637	371
	638	371
	638	370
	638	369
	638	368
	638	367
	638	366
	638	365
	638	364
	638	363
	638	362
.PEN_UP
