
.WRITER_ID BillRivard
.STYLE PRINTED
.PEN_DOWN
	71	382
	72	382
	72	383
	71	383
	71	384
	71	383
	71	381
	71	380
	71	379
	71	378
	71	377
	72	376
	72	374
	72	373
	72	372
	72	371
	72	370
	73	369
	73	368
	73	367
	73	366
	74	366
	74	367
	75	367
	76	368
	76	369
	76	370
	76	371
	77	372
	77	373
	78	375
	78	376
	78	377
	78	378
	78	380
	79	381
	79	382
	79	383
	79	384
.PEN_UP
.PEN_DOWN
	92	375
	93	375
	94	375
	95	375
	96	375
	96	376
	97	376
	98	377
	98	378
	98	379
	99	380
	99	381
	99	382
	99	383
	98	384
	98	385
	98	386
	97	387
	97	388
	96	388
	94	388
	93	387
	92	387
	92	386
	91	385
	90	384
	90	383
	89	381
	89	380
	89	379
	89	376
	89	375
	90	374
	91	373
	91	372
	92	372
	93	372
	94	371
	95	371
	97	371
	98	371
	100	372
	101	372
	102	372
	103	372
	103	373
	104	373
	105	373
.PEN_UP
.PEN_DOWN
	113	385
	113	386
	114	387
	114	388
	115	388
	116	388
	117	388
	118	388
	119	388
	120	388
	121	387
	121	386
	122	385
	122	384
	123	383
	123	381
	124	380
	124	379
	124	377
	124	376
	125	375
	125	374
	125	373
	125	372
	126	372
	126	371
	127	371
.PEN_UP
.PEN_DOWN
	129	388
	128	388
	127	387
	126	386
	125	385
	123	384
	122	383
	121	382
	120	381
	119	380
	118	379
	117	378
	116	376
	116	375
	115	374
	115	373
	115	372
	115	371
.PEN_UP
.PEN_DOWN
	139	386
	140	386
	141	386
	141	385
	141	384
	141	383
	141	382
	141	381
	141	380
	141	379
	141	378
	141	376
	140	375
	140	374
	140	373
	140	372
	140	371
	141	370
.PEN_UP
.PEN_DOWN
	142	398
	142	397
	141	397
	141	398
	142	398
	143	398
.PEN_UP
.PEN_DOWN
	156	390
	156	389
	156	388
	157	388
	157	387
	157	386
	157	385
	157	384
	158	381
	158	380
	158	378
	159	377
	159	376
	159	375
	159	374
	159	373
	159	374
	159	375
	159	376
	160	377
	160	378
	160	379
	161	380
	161	382
	162	383
	163	386
	163	387
	165	389
	165	390
	166	391
	167	392
	168	392
	169	392
	169	391
	169	390
	170	390
	170	389
	170	388
	170	387
	170	386
	171	385
	171	384
	171	383
	171	382
	171	381
	171	380
	171	379
	172	378
	172	377
.PEN_UP
.PEN_DOWN
	190	388
	191	388
	191	389
	190	390
	189	390
	188	390
	187	390
	186	389
	185	389
	185	388
	184	387
	183	386
	182	385
	182	383
	182	381
	182	380
	182	379
	182	378
	182	377
	183	377
	184	376
	185	376
	186	376
	187	376
	188	377
	189	378
	189	379
	190	379
	190	380
	191	381
	192	382
	192	383
	192	384
	192	385
	193	385
	193	386
	193	387
	193	386
	193	385
	193	384
	193	382
	193	381
	194	378
	194	376
	195	374
	195	372
	195	371
	195	369
	195	367
	196	366
	196	364
	196	363
	196	362
	195	359
	195	358
	195	357
	194	357
	193	357
	192	358
	191	359
	190	360
	190	361
	190	362
	191	363
	191	365
	192	366
	192	367
	194	368
	194	370
	195	371
	197	372
	198	373
	199	374
	200	375
	201	375
	202	376
	203	376
	204	377
	205	377
	206	378
	207	378
	208	378
	211	379
	212	379
.PEN_UP
.PEN_DOWN
	245	397
	246	397
	246	398
	246	397
	246	396
	247	396
	247	394
	247	393
	247	391
	247	390
	247	388
	247	386
	247	382
	248	381
	248	379
	248	377
	248	376
	248	375
	248	374
	248	373
	248	372
	248	373
	248	374
	248	375
	248	376
	248	377
	248	378
	248	379
	247	381
	247	382
	246	383
	246	384
	245	384
	244	384
	243	384
	242	384
	241	384
	240	383
	239	382
	238	380
	238	379
	238	378
	238	377
	238	376
	238	375
	239	374
	239	373
	240	373
	241	373
	243	373
	244	373
	245	373
	246	373
	247	373
	248	374
	249	374
	249	375
	250	375
	251	376
	252	376
.PEN_UP
.PEN_DOWN
	266	385
	266	386
	266	387
	265	387
	265	388
	264	388
	263	388
	262	388
	261	387
	260	387
	259	386
	259	385
	258	384
	258	383
	257	382
	257	381
	257	380
	257	379
	257	378
	257	377
	258	376
	259	376
	260	376
	261	376
	262	376
	263	376
	264	377
	265	378
	266	379
	266	380
	266	381
	267	381
	267	382
	267	383
	267	384
	268	384
	268	385
	269	385
	269	384
	269	383
	269	382
	270	382
	270	381
	270	380
	271	378
	271	377
	272	376
	272	375
	273	374
.PEN_UP
.PEN_DOWN
	297	397
	297	398
	297	399
	297	400
	297	401
	296	402
	296	403
	295	403
	294	403
	293	403
	293	402
	292	402
	291	401
	291	400
	289	398
	289	397
	289	395
	289	394
	289	393
	289	391
	289	389
	289	387
	289	385
	289	384
	289	382
	289	380
	289	378
	289	376
	289	375
	289	373
	289	372
	289	371
	288	370
	288	369
	287	369
.PEN_UP
.PEN_DOWN
	279	381
	279	380
	280	380
	281	380
	282	380
	283	380
	284	379
	285	379
	286	379
	287	379
	289	379
	290	379
	291	379
	292	379
.PEN_UP
.PEN_DOWN
	313	396
	312	396
	312	395
	311	394
	311	393
	311	392
	310	390
	310	389
	310	386
	309	385
	309	383
	309	382
	309	381
	309	379
	309	378
	309	377
	309	376
	309	375
	309	374
	310	374
	310	373
	311	373
	312	374
.PEN_UP
.PEN_DOWN
	299	389
	299	388
	300	388
	301	388
	302	388
	304	388
	306	388
	307	388
	308	388
	310	388
	311	388
	313	388
	315	388
	317	389
	319	389
	320	389
.PEN_UP
.PEN_DOWN
	356	397
	356	396
	356	395
	356	394
	356	392
	357	391
	357	390
	357	388
	357	387
	357	385
	357	383
	357	382
	357	380
	357	379
	357	377
	356	375
	356	374
	355	373
	354	372
	353	372
	352	371
	351	371
	350	371
	349	371
	348	371
	348	372
.PEN_UP
.PEN_DOWN
	357	408
	358	408
	359	408
	359	407
.PEN_UP
.PEN_DOWN
	373	387
	373	386
	373	385
	373	384
	374	383
	374	382
	374	381
	374	380
	374	379
	374	378
	373	377
	373	376
	373	375
	373	374
	373	372
.PEN_UP
.PEN_DOWN
	376	404
	376	405
	376	404
	376	403
	377	402
.PEN_UP
.PEN_DOWN
	386	394
	386	393
	386	392
	387	391
	387	390
	387	389
	387	388
	387	387
	387	386
	387	385
	387	384
	387	382
	387	381
	387	380
	387	379
	386	378
	386	377
	386	376
	386	377
	387	378
	387	379
	388	380
	388	381
	389	382
	390	384
	391	385
	392	386
	392	387
	394	388
	394	389
	395	390
	396	390
	396	389
	396	388
	396	387
	396	386
	396	385
	396	384
	396	383
	396	382
	396	381
	396	380
	397	379
	398	379
	398	380
	399	380
	399	381
	401	382
	402	383
	403	383
	404	384
	405	385
	406	385
	407	386
	408	387
	409	387
	410	388
	411	388
	412	389
	412	388
	412	387
	412	386
	412	385
	412	384
	411	383
	411	381
	411	380
	411	378
	411	377
	411	376
	411	375
	411	374
	411	373
	412	373
.PEN_UP
