
.WRITER_ID BeckyHammaker
.STYLE PRINTED
.PEN_DOWN
	133	391
	133	390
	134	390
	134	389
	135	388
	135	387
	135	386
	135	385
	136	384
	136	383
	136	382
	136	381
	136	379
	136	378
	136	377
	136	376
	136	374
	136	373
	136	372
	136	371
	137	370
.PEN_UP
.PEN_DOWN
	130	380
	131	380
	132	380
	134	381
	135	381
	136	381
	136	382
	137	382
	138	382
	138	381
	139	381
.PEN_UP
.PEN_DOWN
	139	397
	140	396
	140	395
	140	394
	140	393
	140	392
	141	392
	141	391
	141	390
	141	389
	141	388
	142	388
	142	387
	142	386
	143	384
	143	383
	143	382
	144	381
	144	379
	144	378
	144	377
	145	376
	145	375
	145	374
	145	373
	146	372
	146	371
	146	372
	146	373
	146	375
	147	375
	147	376
	147	377
	147	378
	148	379
	149	380
	150	380
	151	380
	152	380
	153	379
	154	378
	154	377
	154	376
	154	375
	154	374
	154	373
	154	372
	155	372
	155	371
	156	371
	156	372
	156	373
.PEN_UP
.PEN_DOWN
	161	379
	161	378
	161	377
	160	377
	160	376
	160	375
	160	374
	160	373
	161	372
	162	371
	163	371
	164	371
	165	371
	166	371
	168	371
	169	371
	169	372
	170	372
	171	372
	171	373
	171	374
	170	375
	169	375
	169	376
	168	376
	167	376
	166	376
	165	376
	165	377
	164	377
	163	377
	162	377
	162	378
	161	378
	161	377
.PEN_UP
.PEN_DOWN
	176	371
	177	370
	179	370
	181	370
	182	370
	183	370
	184	371
	185	371
	185	372
	185	373
	186	373
	186	374
	186	375
	186	376
	185	376
	185	377
	185	378
	184	378
	185	378
	185	377
	186	377
	186	376
	187	376
	188	375
	188	374
	189	373
	189	372
	189	371
	189	370
	189	369
	190	369
	190	370
	191	370
	191	371
.PEN_UP
.PEN_DOWN
	206	379
	205	379
	204	379
	203	379
	202	379
	201	379
	200	378
	199	378
	198	378
	198	377
	198	376
	198	375
	199	375
	200	375
	201	375
	202	374
	203	374
	204	374
	205	374
	207	375
	208	375
	209	375
	209	376
	208	377
	207	377
	208	377
	209	377
	209	376
	210	376
	211	375
	211	374
	212	372
	213	371
	213	370
	214	369
	214	367
	214	366
	214	365
	214	364
	213	363
	213	362
	213	361
	212	359
	211	359
	210	358
	210	357
	209	357
	208	357
	208	356
	207	356
	206	356
	205	356
	204	356
	204	357
.PEN_UP
.PEN_DOWN
	215	386
	215	385
	215	384
	216	384
	216	383
	216	382
	217	381
	217	380
	218	379
	218	378
	219	377
	219	376
	219	375
	220	375
	220	374
	220	372
	221	371
	221	370
	222	370
	222	371
	222	372
	223	373
	223	374
	224	375
	225	376
	226	377
	227	378
	228	378
	229	379
	230	379
	231	379
	231	378
	232	377
	232	376
	232	375
	232	374
	232	373
	232	372
	232	371
	232	370
	232	369
	233	368
	234	368
.PEN_UP
.PEN_DOWN
	239	387
	239	386
	239	385
	239	384
	240	384
	240	382
	241	381
	241	380
	241	379
	242	379
	242	378
	242	377
	243	376
	243	375
	244	374
	244	373
	244	372
	244	371
	245	371
	245	370
.PEN_UP
.PEN_DOWN
	238	377
	239	377
	240	376
	241	376
	242	376
	243	376
	244	376
	245	376
	246	376
	247	376
	248	376
.PEN_UP
.PEN_DOWN
	270	390
	271	390
	272	389
	272	388
	273	387
	273	386
	273	385
	273	384
	274	383
	274	382
	274	381
	275	378
	275	377
	275	376
	275	375
	275	374
	275	373
	276	372
	276	371
	276	370
	277	370
	277	371
	277	372
	278	374
	279	375
	279	376
	280	377
	280	378
	281	378
	282	378
	283	378
	284	378
	284	377
	285	377
	285	376
	286	376
	286	375
	287	374
	287	373
	287	372
	287	371
	287	370
	287	369
	287	368
	288	368
	289	369
.PEN_UP
.PEN_DOWN
	293	373
	294	373
	295	373
	296	373
	297	373
	298	373
	299	374
	300	375
	300	376
	300	377
	300	378
	299	379
	298	379
	297	379
	297	378
	296	378
	295	378
	294	377
	294	376
	293	376
	293	375
	293	374
	294	374
	294	373
	294	372
	295	371
	295	370
	296	370
	296	369
	296	368
	297	368
	299	367
	300	367
	301	367
	302	367
	303	367
	304	367
	305	367
	306	367
	309	367
	310	367
.PEN_UP
.PEN_DOWN
	341	379
	340	379
	339	378
	338	378
	337	378
	337	377
	336	377
	335	376
	335	375
	335	374
	336	373
	336	372
	337	372
	338	371
	338	370
	339	370
	340	370
	341	369
	342	368
	343	368
	344	368
	345	368
	345	367
	346	367
	347	367
.PEN_UP
.PEN_DOWN
	352	377
	351	377
	351	376
	350	376
	350	375
	350	374
	350	373
	350	372
	351	372
	351	371
	352	371
	352	370
	353	370
	354	370
	355	370
	356	370
	357	370
	358	370
	359	370
	359	371
	360	372
	360	373
	360	374
	360	375
	359	376
	358	377
	358	378
	357	378
	357	379
	356	379
	355	379
	354	379
	353	379
	353	378
.PEN_UP
.PEN_DOWN
	363	377
	363	376
	363	375
	362	375
	362	374
	362	373
	362	372
	363	371
	364	370
	365	370
	366	369
	367	369
	368	368
	370	368
	371	368
	372	368
	372	369
	373	369
	373	370
	373	371
	373	372
	373	373
	373	374
	373	375
	373	376
	372	377
	372	378
	371	378
	371	379
	371	378
	372	378
	372	377
	373	376
	373	375
	374	375
	375	374
	375	373
	376	373
	376	372
	377	372
	377	371
	378	371
	378	370
	379	369
	380	369
.PEN_UP
.PEN_DOWN
	387	390
	388	389
	388	388
	388	387
	387	386
	387	384
	387	383
	387	382
	387	381
	388	380
	388	379
	388	378
	388	376
	388	375
	389	375
	389	373
	389	372
	389	370
	390	369
	390	368
	390	367
	391	367
	391	368
.PEN_UP
.PEN_DOWN
	399	376
	399	375
	397	375
	396	374
	395	374
	394	373
	393	373
	392	373
	392	372
	392	371
	392	370
	393	370
	394	369
	395	368
	396	368
	397	367
	398	367
	399	367
.PEN_UP
.PEN_DOWN
	400	392
	400	391
	400	390
	401	390
	401	389
	401	388
	401	387
	402	385
	402	384
	402	383
	403	382
	403	380
	403	379
	403	378
	403	377
	402	375
	402	373
	402	372
	402	370
	402	369
	402	368
	402	367
	402	366
.PEN_UP
.PEN_DOWN
	441	383
	440	382
	440	381
	439	381
	437	381
	436	380
	435	379
	434	379
	434	378
	435	378
	437	378
	439	378
	440	378
	441	378
	442	378
	443	378
	445	378
	446	377
	447	377
	448	377
	449	377
	449	376
	449	375
	449	374
	448	374
	448	373
	447	372
	446	372
	446	371
	445	370
	444	370
	443	370
	442	369
	441	369
	440	369
	439	369
	438	369
	438	370
	437	370
	437	371
.PEN_UP
.PEN_DOWN
	457	370
	458	371
	458	372
	459	372
	459	373
	460	373
	461	374
	461	375
	460	375
	459	375
	458	375
	457	375
	457	374
	456	374
	455	373
	454	373
	454	372
	454	371
	454	370
	455	370
	456	370
	456	369
	457	369
	457	368
	458	368
	459	367
	461	366
	462	366
	463	366
	464	365
	464	366
.PEN_UP
.PEN_DOWN
	475	370
	476	370
	476	371
	476	372
	476	373
	477	374
	477	375
	477	376
	476	376
	475	376
	474	376
	474	375
	473	375
	472	375
	471	375
	471	374
	471	373
	471	372
	472	372
	473	371
	473	370
	474	370
	475	370
	476	369
	477	369
	478	369
	479	368
	480	368
	481	368
	482	368
	482	367
	483	367
	484	367
.PEN_UP
.PEN_DOWN
	512	375
	511	375
	509	375
	508	375
	507	375
	506	375
	505	375
	504	375
	503	375
	502	374
	502	373
	501	373
	501	372
	501	371
	502	370
	503	370
	504	369
	504	368
	505	368
	506	368
	507	368
	508	368
	509	368
	510	368
	511	369
	511	370
	511	371
	510	372
	510	373
	510	372
	511	372
	511	371
	512	371
	512	370
	512	369
	512	368
	512	367
	512	366
	512	365
	513	365
	513	364
	514	364
	514	365
.PEN_UP
.PEN_DOWN
	519	373
	519	372
	519	371
	519	370
	519	369
	519	368
	519	367
	520	367
	520	366
	521	366
	522	366
	522	367
	522	368
	523	369
	523	370
	524	370
	524	371
	525	371
	526	371
	526	370
	527	370
	527	369
	528	369
	528	368
	529	368
	529	367
	531	366
	532	365
	532	364
	532	363
	533	363
.PEN_UP
