
.WRITER_ID BillRivard
.STYLE PRINTED
.PEN_DOWN
	75	395
	75	394
	75	393
	75	392
	74	391
	74	390
	74	389
	74	388
	74	387
	74	386
	74	385
	74	384
	74	383
	74	382
	74	381
	74	380
	74	379
	74	378
	74	377
	74	376
	74	375
	75	375
	75	374
	75	373
	75	372
.PEN_UP
.PEN_DOWN
	86	385
	86	386
	85	387
	84	387
	84	388
	83	388
	82	388
	82	387
	81	387
	81	386
	80	385
	80	384
	80	383
	80	382
	80	381
	80	380
	80	379
	81	379
	81	378
	82	377
	83	377
	84	377
	85	378
	86	378
	86	379
	87	379
	87	380
	88	381
	88	382
	88	383
	88	384
	88	385
	89	384
	89	383
	89	382
	89	381
	90	381
	90	380
	90	379
	91	379
	91	378
	92	377
.PEN_UP
.PEN_DOWN
	105	392
	105	391
	106	390
	106	389
	106	388
	106	387
	106	386
	106	385
	106	384
	106	383
	106	382
	106	381
	105	380
	105	379
.PEN_UP
.PEN_DOWN
	100	384
	101	384
	102	384
	103	384
	104	384
	104	383
	105	383
	106	383
	107	383
	108	383
	108	384
.PEN_UP
.PEN_DOWN
	119	397
	120	397
	120	396
	120	395
	120	394
	121	393
	121	392
	121	391
	121	390
	121	389
	121	388
	121	387
	121	386
	121	385
	121	383
	121	382
	122	381
	122	382
	123	383
	123	384
	123	385
	124	385
	124	386
	125	387
	125	388
	126	389
	127	389
	128	390
	129	390
	130	390
	131	390
	131	389
	132	389
	132	388
	133	388
	133	387
	133	386
	133	385
	132	384
	131	383
	131	382
	130	382
	130	381
	129	381
	128	381
	127	381
	126	381
	125	381
	124	381
	124	382
.PEN_UP
.PEN_DOWN
	140	400
	140	399
	140	398
	140	397
	140	396
	140	395
	140	394
	140	392
	140	390
	140	389
	140	388
	141	387
	141	386
	141	385
	141	384
	141	383
	141	382
	141	381
	141	380
	141	379
	141	378
.PEN_UP
.PEN_DOWN
	162	396
	162	395
	162	394
	161	394
	160	393
	159	392
	158	392
	157	391
	156	390
	155	390
	155	389
	154	389
	154	388
	153	387
	154	387
	154	386
	155	386
	156	386
	157	385
	158	385
	159	384
	160	384
	161	383
	162	383
	162	382
.PEN_UP
.PEN_DOWN
	171	391
	172	391
	172	390
	173	390
	174	390
	175	390
	176	390
	177	390
	178	390
.PEN_UP
.PEN_DOWN
	172	386
	173	385
	174	384
	175	384
	176	384
	177	384
	178	384
.PEN_UP
.PEN_DOWN
	198	399
	198	398
	198	397
	198	396
	198	395
	198	394
	198	393
	198	391
	198	390
	198	389
	198	387
	198	386
	198	385
	199	384
	199	383
	199	382
	199	381
	199	380
	199	379
	199	378
	199	377
.PEN_UP
.PEN_DOWN
	209	392
	208	392
	207	392
	206	392
	206	391
	205	390
	205	389
	205	388
	205	387
	205	386
	205	385
	205	384
	206	384
	206	383
	207	383
	208	383
	209	384
	210	384
	210	385
	211	386
	211	387
	212	387
	212	388
	212	389
	212	390
	212	391
	212	390
	212	389
	213	389
	213	388
	213	387
	213	386
	213	385
	213	384
	213	383
	213	382
	214	382
.PEN_UP
.PEN_DOWN
	224	405
	224	404
	224	403
	224	402
	224	401
	224	400
	224	399
	224	398
	224	395
	224	394
	224	393
	224	391
	224	390
	223	389
	223	387
	223	386
	223	385
	222	384
	222	383
	222	382
	222	381
	222	380
	222	379
	222	378
.PEN_UP
.PEN_DOWN
	242	392
	243	392
	243	391
	243	390
	243	389
	243	388
	242	387
	242	386
	242	385
	242	383
	242	382
	242	381
	242	380
	242	379
	241	378
	241	377
	241	376
.PEN_UP
.PEN_DOWN
	239	385
	240	385
	241	385
	242	385
	243	384
	244	384
	245	384
	246	384
	247	384
.PEN_UP
.PEN_DOWN
	260	402
	261	402
	261	401
	261	400
	261	399
	261	398
	261	397
	261	395
	261	393
	261	392
	261	391
	260	389
	260	388
	260	387
	260	385
	260	384
	259	382
	259	381
	259	379
	258	378
	258	377
	258	376
	258	375
	259	375
.PEN_UP
.PEN_DOWN
	270	397
	270	396
	270	395
	270	394
	270	392
	270	391
	270	390
	270	389
	270	388
	270	387
	269	386
	269	385
	269	384
	269	383
	269	382
	269	381
	269	380
	269	379
	270	380
	271	381
	272	382
	273	383
	274	384
	274	385
	275	385
	275	386
	276	386
	277	387
	278	387
	279	387
	279	386
	280	385
	280	384
	280	383
	280	382
	280	381
	279	381
	279	380
	278	380
	277	380
	276	380
	275	380
	274	380
	273	380
	272	380
	271	380
.PEN_UP
.PEN_DOWN
	286	403
	286	402
	286	401
	286	400
	286	399
	286	398
	286	396
	286	394
	286	393
	285	391
	285	390
	285	389
	285	387
	285	386
	285	385
	284	384
	284	383
	284	381
	284	380
	284	379
	284	378
.PEN_UP
