
.WRITER_ID BillRivard
.STYLE PRINTED
.PEN_DOWN
	68	390
	69	390
	68	390
	68	389
	67	388
	67	387
	67	386
	67	385
	67	384
	67	383
	66	381
	66	380
	66	379
	66	378
	65	377
	65	376
	65	375
	65	373
	65	372
	65	371
	65	370
.PEN_UP
.PEN_DOWN
	81	394
	81	393
	80	393
	80	392
	79	391
	78	390
	77	389
	76	388
	75	387
	74	386
	73	386
	73	385
	72	385
	72	384
	71	384
	71	383
	72	383
	72	382
	73	382
	73	381
	74	381
	74	380
	75	380
	75	379
	77	378
	77	377
	78	377
	79	377
	79	376
	80	376
	80	375
	81	375
.PEN_UP
.PEN_DOWN
	92	380
	93	380
	94	380
	95	381
	96	381
	96	382
	97	382
	97	383
	98	383
	98	384
	99	385
	99	386
	99	387
	99	388
	98	388
	97	388
	96	388
	95	388
	94	387
	93	387
	93	386
	92	385
	91	385
	91	384
	90	383
	90	382
	90	381
	89	381
	89	379
	89	378
	89	377
	89	376
	90	375
	91	374
	91	373
	92	373
	93	372
	94	372
	95	372
	96	372
	97	372
	98	372
	99	373
	100	373
.PEN_UP
.PEN_DOWN
	109	381
	110	381
	110	382
	111	382
	112	383
	113	383
	114	384
	114	385
	115	385
	115	386
	115	387
	115	388
	115	389
	114	389
	114	390
	113	390
	112	390
	111	390
	110	390
	110	389
	109	389
	108	388
	107	388
	107	387
	106	386
	106	385
	106	384
	106	383
	106	382
	106	381
	107	380
	108	379
	108	378
	109	378
	109	377
	110	377
	111	376
	112	376
	112	375
	113	375
	114	375
	115	375
	116	375
	117	376
	118	376
	119	376
	120	376
.PEN_UP
.PEN_DOWN
	131	389
	131	388
	131	387
	131	386
	131	385
	131	384
	131	382
	131	381
	131	380
	131	378
	131	377
	131	376
	131	374
	131	373
	131	372
	131	371
	130	370
	130	369
	130	367
	130	366
	131	367
	131	368
	131	369
	131	370
	131	371
	131	372
	130	373
	130	374
	130	375
	129	376
	129	377
	129	378
	129	380
	129	381
	130	381
	130	383
	130	384
	130	385
	131	385
	131	386
	131	387
	132	388
	132	389
	133	390
	133	391
	134	391
	135	391
	135	392
	136	392
	138	393
	139	393
	140	393
	141	393
	142	392
	143	392
	143	391
	143	390
	143	389
	142	388
	142	387
	140	386
	139	385
	138	384
	137	383
	136	383
	135	382
	134	381
	133	381
	132	381
.PEN_UP
.PEN_DOWN
	163	385
	164	385
	164	386
	164	385
	165	385
	165	384
	165	382
	165	381
	165	379
	165	377
	166	376
	166	375
	166	373
	167	372
	167	371
	168	370
	168	369
	169	369
	169	368
	170	368
	171	368
	172	368
	172	369
	173	370
	173	371
	173	372
	174	373
	174	374
	175	377
	175	378
	175	380
	175	381
	175	383
	175	385
	175	386
	175	387
	175	388
	175	389
	174	390
	175	390
	175	389
.PEN_UP
.PEN_DOWN
	186	375
	186	374
	187	374
	188	374
	188	375
	189	375
	190	376
	191	377
	192	379
	192	380
	192	381
	192	382
	192	383
	192	384
	192	385
	191	385
	191	386
	190	387
	189	387
	188	387
	188	386
	187	386
	187	385
	186	385
	185	384
	185	383
	184	381
	184	380
	184	379
	183	378
	183	377
	183	376
	183	375
	183	374
	183	373
	183	372
	184	372
	184	371
	185	370
	186	370
	187	369
	188	369
	189	369
	190	369
	191	369
	192	370
	194	371
	195	371
	196	372
.PEN_UP
.PEN_DOWN
	205	386
	206	386
	206	385
	207	385
	209	384
	210	383
	210	382
	211	381
	211	380
	212	379
	212	378
	213	377
	213	376
	213	375
	213	374
	214	374
	214	373
	215	373
.PEN_UP
.PEN_DOWN
	220	390
	219	390
	218	390
	218	389
	217	389
	216	388
	215	387
	214	387
	213	386
	212	385
	210	382
	209	381
	208	380
	207	379
	206	378
	206	377
	205	376
	205	375
	204	375
	204	374
	204	373
	205	373
.PEN_UP
.PEN_DOWN
	229	387
	230	387
	230	386
	230	385
	230	384
	230	383
	230	382
	230	381
	230	379
	230	377
	230	376
	230	375
	230	374
	230	373
	230	372
	231	372
	231	371
.PEN_UP
.PEN_DOWN
	230	397
	230	396
	231	396
	232	396
	231	396
	231	397
	230	397
	230	396
	231	395
	232	395
.PEN_UP
.PEN_DOWN
	244	390
	244	389
	244	388
	244	387
	244	386
	244	385
	244	384
	244	383
	244	382
	244	381
	244	378
	244	377
	244	376
	244	375
	244	374
	244	375
	245	375
	245	376
	246	377
	246	379
	247	380
	247	381
	248	382
	248	383
	250	385
	250	386
	251	388
	252	388
	252	389
	252	390
	253	390
	253	391
	254	391
	255	391
	255	390
	255	389
	255	388
	255	387
	256	386
	256	385
	256	384
	256	382
	256	381
	256	380
	256	379
	256	378
	256	377
	256	376
	257	376
.PEN_UP
.PEN_DOWN
	271	385
	272	385
	272	386
	273	386
	273	387
	273	388
	272	388
	272	389
	272	390
	271	390
	270	390
	269	390
	268	390
	267	389
	266	388
	265	387
	264	386
	264	385
	264	384
	264	383
	264	382
	264	381
	264	380
	265	379
	266	379
	267	378
	268	378
	269	378
	269	379
	270	379
	270	380
	271	381
	272	381
	272	382
	273	383
	273	384
	274	385
	274	386
	275	387
	275	388
	275	389
	276	388
	276	387
	277	385
	277	383
	277	382
	277	381
	277	379
	277	377
	277	376
	278	375
	278	373
	278	372
	278	371
	278	370
	278	367
	277	366
	277	365
	277	364
	276	363
	276	362
	275	361
	275	360
	274	359
	274	358
	273	357
	272	356
	271	356
	270	356
	269	356
	269	357
	269	358
	269	359
	269	361
	270	362
	270	363
	272	364
	272	365
	272	367
	273	368
	274	369
	275	370
	275	371
	276	372
	278	373
	278	374
	279	374
	280	375
	281	375
	282	376
	283	376
	284	376
	285	376
	286	376
	287	376
	287	375
	288	375
.PEN_UP
.PEN_DOWN
	302	388
	303	388
	303	389
	303	388
	303	387
	303	385
	303	384
	303	381
	303	379
	303	378
	303	376
	303	375
	304	374
	304	373
	304	372
	304	371
	304	372
	304	373
	304	374
	305	375
	305	376
	306	376
	306	379
	307	381
	307	383
	308	385
	308	386
	308	387
	309	388
	309	389
	310	387
	311	385
	311	384
	311	383
	311	381
	312	380
	312	379
	312	378
	312	376
	312	374
	312	373
	312	374
	312	375
	313	375
	313	376
	314	378
	314	379
	315	380
	316	381
	317	382
	317	384
	318	385
	318	386
	319	388
	319	389
	320	389
	320	388
	321	387
	321	386
	322	385
	322	383
	322	382
	322	381
	322	379
	322	378
	322	377
	322	376
	323	375
	323	374
	323	373
.PEN_UP
.PEN_DOWN
	341	378
	342	378
	343	378
	343	379
	344	379
	344	380
	345	380
	345	381
	346	381
	346	382
	346	383
	346	384
	346	385
	346	386
	346	387
	345	388
	345	389
	344	390
	343	390
	342	390
	341	390
	340	389
	339	389
	338	388
	337	387
	336	386
	336	385
	335	384
	335	383
	334	382
	334	381
	334	380
	334	379
	334	378
	334	377
	334	376
	335	375
	335	374
	335	373
	336	372
	336	371
	337	371
	337	370
	338	370
	339	370
	340	371
	341	371
	342	371
	343	372
	344	372
	345	372
	346	372
	346	371
.PEN_UP
.PEN_DOWN
	368	378
	368	379
	368	380
	368	379
	368	378
	368	377
	368	376
	368	375
	368	373
	368	372
	368	371
	368	370
	368	369
	369	368
	369	367
	370	367
	371	368
	372	368
	372	369
	373	370
	374	371
	375	373
	376	374
	376	375
	377	376
	377	378
	377	379
	378	380
	378	381
	378	380
	377	379
	377	378
	377	377
	377	376
	377	374
	378	373
	379	372
	380	371
	381	371
	382	370
	383	370
	384	370
	385	371
	386	371
	386	372
	387	372
	387	373
	388	374
	389	377
	389	378
	390	379
	390	380
	390	381
	390	382
	390	383
	390	384
	390	385
.PEN_UP
.PEN_DOWN
	404	382
	405	382
	405	381
	405	380
	405	379
	404	378
	404	376
	404	375
	403	374
	403	373
	403	372
	403	371
	402	370
	402	369
	403	369
.PEN_UP
.PEN_DOWN
	407	390
	407	391
	408	391
.PEN_UP
.PEN_DOWN
	423	392
	424	391
	424	390
	424	389
	423	388
	423	387
	423	386
	423	385
	422	382
	422	381
	421	379
	420	378
	420	376
	419	375
	419	373
	419	372
	419	371
	419	370
	419	369
	419	368
	419	367
.PEN_UP
.PEN_DOWN
	413	382
	413	381
	414	381
	415	381
	416	381
	418	381
	420	381
	421	381
	422	381
	423	381
	424	381
	425	381
	426	381
	427	381
	428	381
.PEN_UP
.PEN_DOWN
	439	396
	439	395
	439	394
	439	393
	438	392
	438	391
	438	390
	438	388
	437	387
	437	385
	437	383
	436	381
	436	380
	435	376
	435	375
	434	374
	434	373
	434	372
	435	372
	436	373
	436	374
	437	375
	438	376
	439	376
	439	378
	441	379
	442	380
	442	381
	443	382
	445	384
	445	385
	446	385
	447	385
	447	384
	447	383
	447	382
	447	381
	447	380
	447	379
	447	378
	447	377
	447	376
	447	375
	447	374
	448	373
	448	372
	448	371
.PEN_UP
.PEN_DOWN
	490	391
	490	392
	490	393
	489	393
	488	392
	487	392
	486	391
	486	390
	485	389
	484	388
	483	387
	483	385
	482	384
	482	381
	481	380
	481	378
	481	374
	481	373
	481	372
	482	370
	482	369
	482	368
	482	367
	482	366
	483	366
	483	365
	483	364
.PEN_UP
.PEN_DOWN
	471	375
	472	374
	473	374
	474	374
	477	374
	478	374
	479	374
	481	375
	482	375
	483	375
	484	375
	485	375
.PEN_UP
.PEN_DOWN
	502	384
	503	384
	503	383
	503	382
	504	381
	504	380
	504	379
	504	378
	504	377
	505	376
	505	375
	505	374
	505	373
	505	372
	505	371
	505	370
	504	370
	504	371
	504	372
	504	373
	504	374
	504	375
	505	376
	505	377
	506	378
	506	379
	507	380
	508	381
	509	382
	510	382
	511	382
	512	382
.PEN_UP
.PEN_DOWN
	531	384
	531	385
	530	385
	529	385
	529	384
	528	384
	527	384
	526	383
	525	383
	524	382
	522	381
	522	380
	521	379
	520	378
	520	377
	519	376
	519	375
	519	374
	519	373
	520	372
	521	372
	522	372
	523	372
	524	372
	525	373
	526	373
	527	374
	528	375
	529	376
	530	377
	531	378
	531	379
	531	380
	531	381
	532	382
	532	383
	532	382
	532	381
	532	380
	533	379
	533	378
	533	377
	533	376
	534	375
	534	374
	534	373
	534	371
	535	370
	535	369
	535	368
	535	367
.PEN_UP
.PEN_DOWN
	546	385
	546	384
	546	383
	547	382
	547	381
	547	380
	547	379
	548	378
	548	377
	548	376
	548	375
	548	374
	548	373
	548	372
	549	373
	550	374
	550	376
	551	376
	552	377
	553	378
	554	380
	555	381
	555	382
	556	383
	557	385
	558	386
	559	387
	560	387
	561	388
	562	388
	562	387
	562	386
	562	385
	563	384
	563	381
	563	380
	563	379
	563	378
	563	377
	563	376
	563	375
	563	374
	563	373
.PEN_UP
.PEN_DOWN
	580	394
	581	394
	580	393
	580	392
	580	391
	580	390
	579	388
	579	387
	579	385
	579	384
	579	382
	579	380
	579	379
	579	376
	579	374
	579	373
	579	372
	579	371
	579	370
	579	369
	580	368
	580	367
	581	367
.PEN_UP
.PEN_DOWN
	572	381
	573	381
	576	381
	577	381
	578	381
	580	381
	582	381
	583	381
	584	381
	586	381
.PEN_UP
.PEN_DOWN
	600	392
	600	391
	600	390
	600	389
	600	388
	600	386
	600	385
	600	383
	600	382
	600	381
	600	379
	600	378
	599	376
	599	375
	599	374
	599	373
	599	372
	599	371
.PEN_UP
.PEN_DOWN
	601	394
	602	393
	603	393
	603	394
	602	394
	602	395
	602	396
	602	395
	603	395
	603	394
.PEN_UP
.PEN_DOWN
	620	390
	620	391
	620	392
	619	392
	618	392
	617	392
	616	392
	614	391
	613	391
	612	389
	611	388
	610	387
	610	386
	609	385
	608	384
	608	383
	608	381
	608	380
	609	379
	609	378
	610	377
	612	376
	613	376
	614	375
	616	375
	617	374
	618	374
	620	374
	621	374
	623	374
.PEN_UP
