
.WRITER_ID BeckyHammaker
.STYLE PRINTED
.PEN_DOWN
	121	380
	122	380
	122	381
	122	382
	122	381
	122	380
	122	379
	123	378
	123	377
	123	376
	124	375
	124	374
	124	373
	124	372
	125	371
	125	370
	125	371
	125	372
	125	373
	125	374
	126	375
	126	376
	126	377
	126	378
	126	379
	127	379
	127	380
	128	381
	129	381
	129	382
	130	382
	131	382
	132	381
	132	380
	132	379
	132	378
	132	377
	132	376
	132	375
	132	374
	132	373
	133	373
	134	374
	134	375
	134	376
	135	377
	135	378
	136	379
	136	380
	137	380
	137	381
	138	381
	139	381
	140	381
	141	380
	141	379
	141	378
	141	376
	142	376
	142	375
	142	374
	142	373
	142	372
	143	372
	144	372
	144	373
.PEN_UP
.PEN_DOWN
	151	382
	151	381
	150	381
	150	380
	149	379
	148	378
	148	377
	148	376
	148	375
	149	375
	150	375
	151	375
	152	375
	153	375
	154	375
	157	375
	158	375
	159	376
	160	376
	160	377
	160	378
	160	379
	159	380
	158	381
	157	381
	156	382
	155	382
	154	382
	153	382
	152	383
	152	382
.PEN_UP
.PEN_DOWN
	167	384
	167	383
	167	382
	167	381
	167	380
	167	379
	168	378
	168	377
	169	376
	169	375
	170	375
	170	374
	170	375
	170	376
	170	377
	171	377
	171	378
	171	379
	172	380
	173	380
	173	381
	174	381
	175	382
	176	382
	177	382
	178	382
	179	382
	179	381
	179	380
	179	379
	180	379
	180	378
	180	377
	180	376
	180	375
	180	374
	181	374
.PEN_UP
.PEN_DOWN
	191	381
	191	380
	190	379
	189	379
	188	379
	188	378
	187	378
	187	377
	186	377
	186	376
	186	375
	186	374
	187	374
	188	373
	189	373
	190	372
	191	372
	192	372
	194	372
	195	372
	196	372
	196	373
	197	373
	197	374
	197	375
	197	376
	197	377
	197	378
	196	379
	195	380
	194	381
	193	382
	192	383
	191	383
	190	383
	189	383
.PEN_UP
.PEN_DOWN
	211	384
	211	383
	210	383
	209	383
	208	383
	207	383
	206	383
	205	382
	204	382
	203	381
	202	381
	202	380
	202	379
	202	378
	203	378
	203	377
	204	377
	205	376
	206	376
	208	375
	209	375
	210	375
	211	375
	212	375
	213	375
	214	375
	215	375
.PEN_UP
.PEN_DOWN
	216	394
	216	393
	216	392
	216	391
	217	390
	217	389
	217	388
	217	387
	217	386
	218	385
	218	383
	219	382
	219	381
	219	380
	219	379
	219	378
	220	377
	220	376
	220	375
	220	374
	220	375
	220	376
	220	378
	221	378
	221	379
	221	380
	222	380
	222	381
	223	382
	224	382
	225	382
	226	382
	226	381
	227	380
	227	379
	227	378
	227	377
	227	376
	227	375
	227	374
	227	373
	228	373
.PEN_UP
.PEN_DOWN
	239	380
	239	379
	239	378
	239	377
	238	376
	238	375
	238	374
	239	373
	239	372
	240	372
	241	372
	241	373
	241	374
	241	375
	241	376
	241	377
	241	378
	241	379
	241	380
	241	381
	242	381
	242	382
	242	383
	243	383
.PEN_UP
.PEN_DOWN
	249	381
	249	380
	249	379
	249	378
	249	377
	248	376
	248	375
	248	374
	249	374
	249	373
	250	373
	251	373
	252	372
	253	372
	253	373
	254	373
	255	374
	255	375
	256	377
	256	378
	256	379
	256	380
	256	381
	255	381
	255	382
	254	382
	254	383
	253	383
	252	384
	251	384
	250	384
	250	383
	249	383
	249	382
.PEN_UP
.PEN_DOWN
	271	381
	271	380
	272	380
	272	379
	273	379
	273	378
	273	377
	274	377
	274	375
	274	374
	275	373
	275	372
	275	371
	276	370
	276	371
	276	372
	276	373
	276	374
	276	375
	276	376
	276	377
	277	378
	277	379
	278	379
	278	380
	279	380
	280	381
	281	381
	282	380
	283	379
	283	378
	283	377
	284	376
	284	374
	285	373
	285	372
	285	371
	285	370
	285	371
	285	372
	286	372
	286	373
	286	374
	286	375
	286	376
	287	377
	287	378
	287	379
	288	379
	289	380
	290	380
	291	380
	291	379
	292	379
	293	378
	293	377
	294	376
	294	375
	294	373
	294	372
	294	371
	294	370
	294	369
	294	368
	295	368
.PEN_UP
.PEN_DOWN
	305	373
	306	373
	306	374
	307	375
	308	375
	308	376
	309	377
	309	378
	309	379
	309	380
	308	380
	307	380
	306	380
	306	379
	305	379
	304	379
	304	378
	303	377
	303	376
	302	375
	302	374
	302	373
	303	372
	303	371
	304	370
	305	370
	306	370
	307	369
	308	369
	309	369
	310	369
	311	369
	313	369
	314	369
	315	369
	316	368
	317	368
	318	368
.PEN_UP
.PEN_DOWN
	356	365
	356	366
	356	367
	355	368
	355	369
	355	370
	355	371
	354	371
	354	372
	354	373
	354	374
	353	375
	353	376
	352	377
	352	378
	352	379
	351	380
	351	382
	350	382
	350	383
	350	384
	349	385
	349	386
	349	387
	349	388
	350	388
	351	389
	352	390
	353	390
	354	390
	354	391
	355	391
	356	391
	357	391
	358	391
	359	391
	360	390
.PEN_UP
.PEN_DOWN
	354	378
	354	377
	355	376
	356	376
	357	376
	358	376
.PEN_UP
.PEN_DOWN
	364	372
	364	371
	365	370
	365	369
	365	368
	365	367
	366	368
	366	369
	366	370
	367	370
	367	371
	367	372
	368	374
	368	375
	369	375
	369	376
	369	377
	370	377
	371	377
.PEN_UP
.PEN_DOWN
	374	375
	374	374
	375	373
	375	372
	375	371
	375	370
	376	370
	377	369
	378	369
	378	368
	380	368
	381	368
	382	368
	383	368
	384	368
	385	368
	385	369
	386	369
	386	370
	386	372
	386	373
	386	374
	385	374
	385	375
	384	375
	384	376
	383	376
	383	377
	382	377
	381	377
	380	377
	379	377
	378	377
	377	377
	377	376
.PEN_UP
.PEN_DOWN
	392	376
	393	375
	394	375
	394	374
	394	373
	395	372
	395	371
	395	370
	395	369
	395	368
	396	368
	396	369
	397	370
	397	371
	397	372
	398	372
	398	373
	398	374
	399	375
	400	376
	400	377
	401	377
	402	377
	402	376
	403	376
	403	375
	403	374
	403	373
	403	372
	403	371
	404	371
	404	372
	405	372
	405	373
	406	374
	406	375
	407	375
	407	376
	408	376
	409	376
	410	375
	411	375
	412	374
	412	373
	412	372
	413	372
	413	371
	414	370
.PEN_UP
.PEN_DOWN
	444	379
	445	379
	445	378
	445	377
	445	376
	445	375
	445	374
	445	373
	446	372
	446	373
	446	374
	446	375
	446	376
	447	377
	447	378
	447	379
	447	380
	448	380
	448	381
	449	381
	450	381
	451	381
	452	381
	453	381
	453	380
	454	379
	455	379
	455	378
	456	377
	456	376
	456	375
	456	374
	456	373
	456	372
	456	371
	456	370
	456	369
	456	368
	457	368
	458	368
	458	369
.PEN_UP
.PEN_DOWN
	465	377
	465	376
	464	376
	464	375
	463	375
	462	374
	462	373
	462	372
	463	371
	463	370
	464	370
	465	370
	466	369
	467	369
	467	368
	469	368
	470	368
	471	368
	471	369
	471	370
	471	371
	471	372
	471	373
	470	375
	470	376
	469	377
	469	378
	468	378
	467	379
	466	380
	465	380
	464	381
	463	381
	463	380
.PEN_UP
.PEN_DOWN
	475	376
	475	375
	475	374
	475	373
	475	372
	475	371
	476	371
	476	370
	477	370
	478	369
	479	369
	480	369
	481	369
	482	369
	482	370
	482	371
	483	372
	483	373
	484	373
	484	374
	484	375
	484	376
	484	375
	484	374
	485	374
	485	373
	485	372
	486	372
	486	371
	487	371
	488	370
	489	370
	490	370
	491	370
	491	371
	492	371
	492	372
	492	373
	492	374
	492	375
	492	376
	492	377
	492	378
	492	379
	492	380
	492	382
	491	382
	491	383
	491	384
	490	384
	491	384
.PEN_UP
.PEN_DOWN
	531	376
	530	376
	529	376
	528	376
	527	376
	526	375
	525	375
	524	374
	523	373
	523	372
	523	371
	524	370
	525	369
	526	369
	527	368
	528	368
	529	368
	530	368
	531	368
	532	368
	533	369
	534	370
	535	370
	535	371
	535	372
	535	373
	535	374
	535	375
	534	376
	533	377
	532	377
	532	378
	531	378
	531	379
	530	379
	529	379
	528	379
	527	379
	526	379
	526	378
.PEN_UP
.PEN_DOWN
	541	374
	541	373
	541	372
	541	371
	541	370
	541	369
	542	369
	542	368
	542	367
	543	367
	543	368
	543	369
	543	370
	543	371
	543	372
	543	373
	544	374
	544	375
	544	376
	544	377
	545	377
	546	377
	547	377
	548	377
	549	377
	549	376
	550	376
	550	375
	551	375
	551	374
	552	374
	552	373
	552	372
	552	371
	552	370
	552	369
	552	368
	552	367
	552	366
	553	366
.PEN_UP
.PEN_DOWN
	566	369
	567	368
	568	368
	568	367
	568	366
	568	365
	568	364
	568	363
	568	362
	568	361
	568	360
	568	359
.PEN_UP
.PEN_DOWN
	591	367
	591	368
	591	369
	591	370
	591	372
	591	373
	591	374
	591	375
	590	376
	590	377
	589	378
	589	379
	589	380
	589	382
	588	383
	587	386
	587	387
	587	388
	587	389
	586	389
	586	390
	586	391
	586	392
	587	392
	588	392
	589	392
	590	392
	591	392
	592	392
	593	391
	594	391
	595	391
	596	391
	596	390
.PEN_UP
.PEN_DOWN
	590	377
	591	376
	592	375
	593	375
	594	375
	594	374
	595	374
.PEN_UP
.PEN_DOWN
	605	370
	606	369
	606	368
	607	367
	607	366
	608	365
	608	364
	608	365
	608	366
	608	367
	607	368
	607	369
	607	370
	607	371
	607	372
	607	373
	607	375
	607	376
	607	377
	608	378
	608	379
	609	379
	610	379
	611	379
	612	379
	613	379
	613	378
	613	377
.PEN_UP
.PEN_DOWN
	620	369
	621	368
	621	367
	621	366
	621	365
	622	365
	622	364
.PEN_UP
.PEN_DOWN
	618	380
	619	380
	619	381
	618	381
	619	381
.PEN_UP
.PEN_DOWN
	626	372
	627	371
	628	371
	629	370
	630	370
	631	370
	632	370
	633	370
	634	371
	635	372
	636	372
	636	373
	636	374
	636	375
	636	376
	636	377
	635	377
	634	377
	633	377
	632	377
	631	376
	630	376
	629	375
	628	374
	627	373
	627	372
	627	371
	628	371
	628	370
	629	370
	629	369
	630	368
	631	368
	632	367
	634	367
	634	366
	635	366
	636	366
	637	366
	638	366
.PEN_UP
.PEN_DOWN
	644	375
	645	375
	645	374
	645	373
	646	371
	646	370
	646	369
	646	368
	646	367
	646	366
	646	367
	646	368
	646	369
	647	369
	647	370
	647	372
	648	373
	648	374
	649	375
	649	376
	650	376
	650	377
	651	377
	653	377
	654	377
	654	376
	655	376
	655	375
	655	374
	655	373
	655	372
	655	371
	655	370
	655	369
	655	368
	656	368
	657	368
	657	369
.PEN_UP
.PEN_DOWN
	663	379
	664	379
	664	378
	663	378
	662	377
	660	377
	659	377
	658	377
	657	377
	657	376
	656	376
	656	375
	656	374
	656	373
	656	372
	657	371
	657	370
	658	370
	659	369
	660	368
	661	367
	662	367
	663	367
.PEN_UP
.PEN_DOWN
	664	405
	664	404
	665	404
	665	403
	665	402
	665	401
	665	400
	665	398
	666	395
	666	393
	666	392
	666	390
	666	389
	666	387
	666	386
	666	384
	666	383
	666	382
	666	381
	666	380
	666	378
	666	377
	666	376
	667	375
	667	374
.PEN_UP
.PEN_DOWN
	684	370
	684	371
	683	371
	683	370
	682	370
	682	369
	683	369
.PEN_UP
