
.WRITER_ID BillRivard
.STYLE PRINTED
.PEN_DOWN
	74	387
	74	388
	73	388
	72	389
	71	389
	70	389
	69	388
	68	388
	68	387
	66	386
	65	385
	65	384
	64	384
	64	383
	63	382
	63	381
	63	380
	63	379
	63	378
	63	377
	63	376
	64	376
	64	375
	65	375
	66	375
	66	376
	67	376
	68	377
	69	378
	70	379
	70	380
	71	381
	72	383
	72	384
	73	386
	74	387
	74	388
	74	389
	73	388
	72	387
	72	386
	72	385
	72	383
	72	382
	72	380
	72	378
	71	377
	71	375
	71	371
	71	369
	71	367
	71	366
	71	364
	71	363
	71	361
	71	360
	71	359
	71	358
	71	357
	71	356
	71	355
	72	354
	73	355
	73	356
	74	358
	74	359
	75	360
	75	361
	75	363
	75	364
	75	365
	75	367
	75	368
	75	369
	75	370
	74	371
	73	372
	73	373
	72	373
	73	373
	74	373
	75	373
	76	373
	78	374
	79	375
	80	375
	80	376
	81	376
	82	377
	83	377
	83	378
	84	379
	85	380
.PEN_UP
.PEN_DOWN
	93	390
	94	390
	93	390
	93	389
	93	387
	93	386
	93	385
	93	384
	93	383
	93	382
	93	381
	93	380
	93	378
	92	377
	92	376
	92	375
	92	374
	93	373
	93	372
	94	372
	95	373
	95	374
	96	375
	97	376
	98	377
	98	379
	98	380
	99	381
	99	382
	100	384
	100	385
	100	386
	100	389
	101	389
	101	390
	101	391
	101	392
	101	391
	101	390
	101	389
	102	389
	102	388
	102	387
	102	386
	102	385
	102	384
	103	382
	103	381
	103	380
	103	379
	103	378
	104	378
	104	377
	104	376
	105	375
.PEN_UP
.PEN_DOWN
	118	389
	118	390
	117	390
	116	390
	115	390
	114	390
	114	389
	113	389
	112	389
	112	388
	111	387
	110	386
	110	385
	109	384
	109	383
	109	382
	109	381
	109	380
	109	379
	109	378
	110	376
	111	376
	112	376
	113	376
	114	377
	115	377
	115	378
	117	380
	118	381
	118	382
	118	383
	119	384
	119	385
	119	386
	119	388
	119	389
	119	390
	119	391
	118	392
	118	391
	119	390
	119	388
	119	387
	119	386
	119	385
	120	384
	120	383
	120	382
	120	381
	120	380
	120	379
	120	378
	121	378
	121	377
.PEN_UP
.PEN_DOWN
	132	390
	132	391
	132	392
	131	392
	131	391
	130	391
	130	390
	129	390
	129	388
	128	388
	128	387
	128	386
	128	385
	128	384
	128	383
	127	382
	127	381
	127	379
	127	378
	127	377
	128	376
	129	376
	130	376
	131	376
	132	376
	133	376
.PEN_UP
.PEN_DOWN
	129	403
	130	402
.PEN_UP
.PEN_DOWN
	142	392
	142	393
	142	392
	142	391
	142	390
	142	389
	142	388
	142	387
	142	386
	142	385
	143	385
	143	383
	143	382
	143	380
	143	379
	143	378
	143	379
	143	380
	143	381
	144	382
	144	383
	144	384
	145	385
	145	386
	145	387
	146	388
	146	390
	147	391
	148	392
	148	393
	149	393
	149	394
	149	393
	150	393
	150	392
	151	392
	151	391
	151	390
	151	389
	151	387
	151	386
	151	385
	151	384
	151	383
	152	382
	152	381
	152	380
	153	379
	153	378
	153	377
.PEN_UP
.PEN_DOWN
	168	406
	168	407
	168	408
	167	408
	167	407
	167	405
	167	404
	167	403
	167	402
	167	400
	167	399
	167	398
	167	397
	167	395
	166	394
	166	392
	166	391
	166	389
	166	388
	166	387
	166	386
	167	385
	167	384
	167	383
	168	382
	169	381
	170	381
	171	381
	172	382
	173	382
.PEN_UP
.PEN_DOWN
	159	396
	159	395
	160	395
	161	395
	162	395
	164	395
	165	395
	166	396
	167	396
	168	396
	169	396
	170	396
	171	396
	172	396
	173	396
	174	396
.PEN_UP
.PEN_DOWN
	204	388
	203	388
	202	388
	201	388
	201	387
	200	387
	200	386
	199	386
	199	385
	198	384
	197	383
	197	382
	197	381
	197	379
	197	378
	197	377
	197	376
	197	375
	198	375
	199	375
	200	376
	201	377
	202	377
	202	378
	203	379
	204	380
	204	381
	205	383
	205	384
	206	385
	206	386
	206	387
	205	386
	205	385
	205	384
	205	382
	204	381
	204	379
	204	377
	203	375
	202	371
	202	368
	201	366
	201	364
	200	362
	200	360
	200	358
	200	356
	200	354
	200	353
	200	352
	201	351
	201	350
	202	350
	202	349
	203	349
	204	349
	204	350
	204	351
	205	352
	205	353
	206	354
	206	355
	206	356
	206	357
	206	358
	206	359
	206	362
	206	363
	206	364
	206	365
	206	366
	206	367
	206	368
	206	369
	207	369
	208	369
	210	369
	211	370
	212	370
	213	370
	214	371
	215	371
	216	371
.PEN_UP
.PEN_DOWN
	222	387
	222	388
	222	387
	222	386
	221	384
	221	383
	221	382
	221	381
	221	379
	222	378
	222	377
	222	376
	222	374
	222	373
	222	372
	223	370
	223	369
	224	369
	225	369
	226	369
	227	370
	228	370
	228	371
	229	372
	230	372
	230	373
	231	374
	232	375
	233	376
	233	377
	234	378
	234	380
	235	382
	235	383
	236	384
	236	385
	236	386
	236	387
	236	386
	236	385
	237	385
	237	384
	237	383
	237	382
	238	381
	238	380
	238	378
	238	377
	238	376
	239	373
	239	372
	240	372
	240	371
	240	370
	241	369
	242	368
	243	368
.PEN_UP
.PEN_DOWN
	252	388
	252	389
	252	388
	252	387
	252	385
	252	384
	253	383
	253	381
	253	380
	253	379
	253	377
	253	376
	253	375
	253	374
	253	373
	253	372
	253	371
	253	370
.PEN_UP
.PEN_DOWN
	250	397
	250	398
	250	397
	251	397
	251	396
	252	396
.PEN_UP
.PEN_DOWN
	271	384
	272	384
	271	384
	271	383
	271	382
	271	381
	271	380
	271	379
	271	378
	271	377
	270	374
	270	373
	270	372
	270	371
	270	370
	270	369
	270	368
	270	367
	269	366
	269	365
	269	364
	269	363
	269	362
	268	361
	268	362
	268	363
	267	363
	267	364
	267	365
	267	366
	267	367
	267	369
	267	370
	268	371
	268	372
	268	373
	268	374
	268	375
	269	376
	269	377
	269	379
	270	380
	270	381
	271	382
	272	383
	272	384
	273	385
	274	385
	274	386
	275	386
	276	386
	277	386
	277	385
	278	385
	278	384
	279	383
	279	382
	279	381
	280	381
	280	379
	280	378
	279	377
	279	376
	278	375
	277	374
	276	373
	275	373
	273	372
	272	372
	271	372
	270	372
	269	372
	270	372
.PEN_UP
.PEN_DOWN
	302	385
	303	385
	303	386
	302	386
	302	387
	301	387
	300	387
	299	387
	298	387
	297	387
	296	386
	295	386
	294	385
	293	385
	293	384
	292	383
	292	382
	292	381
	293	381
	294	380
	295	380
	296	380
	297	380
	298	379
	299	379
	300	378
	300	377
	301	377
	301	376
	301	375
	301	374
	300	374
	300	373
	299	373
	298	373
	297	373
	296	373
	294	373
	293	373
	292	373
	291	373
	290	373
	289	373
	288	372
	288	371
.PEN_UP
.PEN_DOWN
	329	385
	330	385
	330	386
	330	387
	329	387
	329	388
	328	388
	327	388
	325	388
	324	387
	323	387
	322	386
	321	386
	320	385
	319	384
	318	383
	317	382
	317	381
	316	380
	316	378
	315	376
	315	375
	315	374
	316	373
	317	372
	318	372
	319	372
	320	372
	322	372
	323	373
	324	374
	327	376
	328	377
	329	378
	330	379
	331	380
	331	381
	330	381
	330	380
	329	378
	329	377
	328	375
	328	373
	327	372
	326	370
	326	368
	326	366
	325	364
	325	362
	324	357
	324	354
	324	352
	324	350
	324	349
	325	348
	325	347
	325	346
	326	346
	327	346
	328	347
	329	347
	330	348
	330	349
	331	350
	331	351
	332	352
	332	353
	333	354
	333	356
	334	357
	334	360
	334	361
	334	362
	334	363
	333	364
	333	365
	333	366
	332	366
	332	367
	332	368
	332	369
	332	370
	332	371
	333	371
	334	371
	334	372
	335	372
	335	373
	336	373
	336	374
	337	375
	337	376
	338	376
	338	377
	339	378
	340	379
	341	380
	342	381
	343	381
	343	382
	343	383
	344	383
	344	382
	345	382
.PEN_UP
.PEN_DOWN
	352	388
	353	388
	353	389
	353	388
	352	388
	352	387
	352	386
	351	385
	351	384
	351	383
	351	382
	351	381
	351	379
	351	378
	351	375
	351	374
	351	373
	351	372
	351	371
	352	370
	353	370
	354	370
	356	371
	357	372
	358	372
	358	373
	359	374
	360	376
	361	377
	361	378
	362	379
	362	381
	363	383
	363	385
	363	386
	363	387
	363	388
	363	389
	363	388
	364	388
	364	387
	364	386
	365	385
	365	384
	365	382
	366	380
	366	379
	366	378
	366	377
	366	376
	366	375
	366	374
	366	373
	367	372
	368	371
	368	370
	369	370
.PEN_UP
.PEN_DOWN
	389	388
	389	389
	389	390
	388	390
	388	391
	388	392
	387	392
	386	392
	385	392
	385	391
	384	391
	383	390
	382	389
	382	388
	381	387
	380	385
	380	382
	379	381
	379	379
	379	378
	379	377
	379	376
	379	375
	380	374
	380	373
	381	372
	382	372
	384	372
	385	372
	386	372
	387	372
	388	372
	388	373
	389	374
	390	374
	390	375
	390	376
	391	377
	391	379
	392	380
	392	382
	392	383
	391	384
	391	385
	390	385
	390	384
.PEN_UP
.PEN_DOWN
	410	401
	410	402
	410	401
	410	400
	409	399
	409	397
	409	396
	408	395
	408	392
	408	390
	408	388
	407	386
	407	384
	407	382
	406	380
	405	378
	405	376
	405	375
	405	374
	405	373
	406	371
	406	370
	407	370
	407	369
	408	369
	409	369
	410	370
	412	371
.PEN_UP
.PEN_DOWN
	394	389
	395	389
	396	389
	397	389
	398	389
	399	389
	402	390
	404	390
	405	390
	407	390
	408	390
	409	390
	410	390
	411	390
	412	390
	413	390
	414	389
.PEN_UP
.PEN_DOWN
	423	387
	423	386
	423	385
	423	384
	423	383
	422	381
	422	380
	422	379
	422	378
	422	377
	421	376
	421	375
	421	374
	421	373
	421	372
	421	371
.PEN_UP
.PEN_DOWN
	428	399
	427	399
	427	398
	428	398
	428	397
.PEN_UP
.PEN_DOWN
	434	387
	435	387
	435	386
	435	385
	434	383
	434	381
	434	380
	433	379
	433	377
	433	376
	433	375
	433	374
	433	373
	433	372
	432	372
	432	373
	433	374
	433	375
	434	376
	435	377
	436	379
	436	380
	437	381
	437	382
	438	384
	439	385
	440	386
	440	387
	441	387
	441	388
	442	388
	442	387
	443	387
	443	386
	443	385
	443	384
	444	383
	444	382
	444	381
	444	379
	444	378
	444	377
	444	376
	444	375
	444	374
	444	373
	443	372
	443	371
	444	370
.PEN_UP
.PEN_DOWN
	464	383
	465	384
	465	385
	464	385
	464	386
	463	386
	462	386
	461	386
	460	386
	459	385
	458	385
	457	384
	456	383
	456	382
	455	381
	455	380
	455	379
	455	378
	455	377
	455	376
	456	376
	457	376
	458	376
	460	376
	460	377
	461	377
	462	378
	463	379
	463	380
	464	381
	464	382
	465	383
	465	385
	465	384
	465	383
	464	382
	464	381
	464	379
	464	378
	464	376
	464	375
	464	374
	464	373
	464	372
	464	370
	464	369
	464	367
	463	366
	463	365
	462	363
	462	361
	462	360
	462	359
	462	358
	462	357
	461	356
	461	355
	461	354
	460	353
	459	353
	458	353
	457	354
	456	355
	456	356
	456	357
	457	360
	457	361
	458	363
	458	364
	459	366
	460	367
	461	368
	462	369
	464	369
	465	370
	466	371
	467	372
	470	372
	471	373
	472	373
	473	373
	474	373
	475	373
	476	373
	477	373
	478	372
.PEN_UP
.PEN_DOWN
	495	386
	495	387
	496	387
	496	388
	496	389
	496	390
	495	390
	494	390
	493	390
	492	390
	491	389
	490	389
	490	388
	489	388
	488	387
	488	386
	487	385
	486	382
	486	381
	486	380
	486	379
	486	378
	486	377
	486	376
	487	376
	489	377
	490	378
	491	379
	492	379
	492	380
	493	381
	493	382
	494	383
	495	384
	495	385
	495	384
	494	383
	494	381
	494	380
	493	378
	493	376
	493	375
	492	372
	492	368
	491	366
	490	363
	490	361
	489	358
	489	356
	489	354
	489	353
	489	352
	489	351
	489	350
	490	350
	491	350
	492	351
	493	352
	493	353
	494	353
	494	354
	495	355
	495	357
	495	359
	495	360
	495	362
	495	363
	495	364
	495	365
	495	366
	495	367
	495	368
	495	369
	495	370
	495	371
	496	371
	497	372
	498	372
	499	372
	500	373
	501	373
	502	373
	502	374
	503	374
	504	374
	505	374
.PEN_UP
.PEN_DOWN
	508	388
	508	389
	508	388
	508	387
	508	385
	508	384
	507	383
	507	381
	507	380
	507	378
	506	376
	506	375
	505	374
	505	372
	505	371
	505	370
	505	369
	506	369
	507	369
	507	370
	508	370
	509	371
	510	372
	511	373
	512	374
	512	375
	513	376
	514	377
	515	378
	515	380
	516	381
	516	382
	517	384
	517	385
	517	388
	517	390
	517	391
	518	391
	518	390
	519	389
	519	388
	520	388
	520	386
	520	385
	520	384
	521	383
	521	381
	521	380
	521	378
	521	377
	521	375
	521	374
	521	373
	521	372
	522	371
.PEN_UP
.PEN_DOWN
	540	386
	540	387
	540	388
	540	389
	540	390
	539	390
	538	390
	537	390
	536	390
	536	389
	535	389
	534	388
	533	387
	533	386
	532	384
	532	383
	531	381
	531	379
	531	378
	531	377
	531	376
	531	375
	532	374
	532	373
	533	373
	533	374
	534	374
	535	375
	536	376
	537	377
	537	378
	537	379
	538	381
	538	382
	538	383
	538	384
	539	385
	539	386
	539	387
	539	388
	539	389
	540	388
	540	387
	540	386
	540	385
	540	384
	541	382
	541	381
	542	380
	542	378
	542	377
	542	376
	542	375
	542	374
	542	373
	543	372
	543	371
.PEN_UP
.PEN_DOWN
	551	387
	551	388
	551	389
	551	390
	551	389
	550	388
	550	387
	550	386
	550	385
	550	383
	550	382
	550	381
	550	380
	550	378
	550	377
	550	376
	549	374
	549	373
	549	372
	549	371
	549	370
	548	370
	548	369
	548	370
	549	371
	549	372
	550	373
	550	374
	550	375
	551	376
	552	379
	553	381
	554	382
	555	383
	556	384
	557	385
	557	386
	558	386
	559	387
	560	387
	561	387
	561	386
	561	385
	562	385
	562	384
	562	383
	562	382
	562	381
	563	380
	563	378
	563	377
	563	376
	563	375
	563	374
	563	373
	563	372
	563	371
	563	370
	562	370
	562	369
.PEN_UP
.PEN_DOWN
	578	396
	579	396
	579	397
	580	397
	580	396
	580	395
	579	395
	579	394
	579	393
	578	392
	578	391
	578	390
	576	387
	576	386
	575	385
	575	383
	574	381
	574	380
	574	379
	573	377
	573	376
	573	375
	573	374
	574	372
	575	372
	576	372
	577	372
.PEN_UP
.PEN_DOWN
	567	389
	568	389
	570	389
	571	389
	572	389
	574	389
	576	389
	577	389
	578	389
	580	389
	582	389
	584	389
	585	389
	586	389
	587	389
	588	389
.PEN_UP
.PEN_DOWN
	587	388
	588	388
	588	387
	587	387
	587	386
	586	385
	586	384
	585	383
	585	382
	585	381
	585	380
	585	379
	584	378
	584	376
	585	375
	585	374
	585	373
	586	372
	587	372
	588	371
	589	371
	590	371
	590	372
	591	372
	592	372
	593	373
	594	373
	595	374
	596	375
	597	376
	597	377
	599	379
	600	380
	600	381
	600	382
	600	383
	601	384
	601	385
	601	384
	600	384
	600	383
	600	382
	600	381
	601	380
	601	379
	602	377
	602	376
	603	375
	603	374
	604	373
	605	372
	606	371
	607	371
.PEN_UP
.PEN_DOWN
	614	388
	614	389
	614	388
	614	387
	614	385
	614	384
	614	382
	614	381
	614	380
	614	378
	614	377
	614	376
	614	375
	614	374
	613	373
	613	372
	613	373
	613	374
	614	374
	614	375
	615	377
	616	378
	617	379
	617	381
	618	382
	618	383
	619	385
	620	386
	621	387
	621	388
	622	388
	622	389
	622	388
	622	387
	622	386
	622	385
	622	384
	622	383
	622	382
	622	380
	622	379
	622	378
	622	377
	623	378
	623	379
	624	379
	624	380
	625	381
	626	381
	627	382
	628	383
	628	384
	629	385
	630	385
	631	386
	631	387
	631	386
	631	385
	631	384
	631	382
	631	381
	630	380
	630	379
	630	378
	630	377
	630	376
	630	375
	630	374
	630	373
	630	372
.PEN_UP
.PEN_DOWN
	665	382
	666	382
	666	383
	667	384
	667	385
	666	386
	665	387
	664	387
	663	387
	662	387
	661	387
	659	387
	658	386
	657	385
	656	385
	655	383
	654	382
	653	381
	653	380
	653	378
	653	377
	653	376
	653	375
	654	374
	655	374
	656	374
	657	374
	658	374
	659	375
	660	376
	661	376
	662	377
	663	379
	664	380
	664	381
	665	381
	665	382
	664	382
	664	381
	663	380
	662	377
	662	375
	661	373
	660	371
	660	369
	659	366
	658	364
	658	362
	657	359
	657	357
	657	354
	657	353
	657	349
	657	348
	657	347
	658	347
	658	348
	659	348
	659	349
	660	350
	662	352
	663	354
	663	355
	664	357
	664	358
	665	360
	665	362
	665	363
	665	365
	665	367
	665	368
	665	370
	665	369
	666	369
	667	369
	669	368
	670	368
	672	368
	673	368
	674	368
	675	368
	676	368
	677	368
	678	368
.PEN_UP
.PEN_DOWN
	685	387
	685	388
	684	387
	684	386
	683	385
	683	384
	682	383
	682	382
	681	381
	681	379
	681	378
	681	377
	681	375
	681	374
	681	373
	681	372
	682	372
	682	371
	683	371
	684	371
	684	372
	686	372
	687	373
	688	374
	689	375
	689	376
	690	376
	691	378
	691	379
	692	380
	692	381
	693	382
	694	385
	695	387
	695	388
	695	389
	696	389
	696	388
	696	386
	696	385
	697	384
	697	383
	697	382
	698	381
	698	380
	698	378
	698	377
	698	376
	698	375
	698	374
	698	373
	698	372
	698	371
	698	370
.PEN_UP
.PEN_DOWN
	719	381
	719	382
	719	383
	719	384
	719	385
	718	385
	717	386
	716	386
	715	386
	714	386
	713	386
	713	385
	712	385
	711	384
	710	383
	710	382
	709	381
	709	380
	708	379
	708	378
	708	377
	708	376
	708	375
	708	374
	708	373
	709	372
	709	371
	710	371
	711	371
	712	371
	713	372
	714	373
	715	374
	715	375
	716	376
	717	376
	718	378
	718	379
	718	380
	718	381
	719	382
	719	383
	719	384
	719	383
	719	382
	718	382
	718	381
	718	380
	718	379
	718	378
	718	377
	718	376
	718	375
	718	374
	718	373
	719	372
	719	371
	719	370
	720	370
	720	369
	720	368
	721	368
	721	367
.PEN_UP
.PEN_DOWN
	732	398
	733	398
	733	399
	732	398
	732	397
	732	395
	732	394
	731	393
	731	391
	730	389
	730	387
	730	385
	729	383
	729	381
	729	377
	729	375
	729	374
	729	372
	729	371
	729	370
	729	369
	729	368
	729	367
	729	366
	729	365
.PEN_UP
.PEN_DOWN
	745	385
	746	385
	746	386
	746	385
	746	384
	746	383
	746	381
	746	379
	745	378
	745	376
	745	375
	745	374
	745	373
	745	372
	745	371
	745	370
	746	370
	746	371
	747	372
	748	373
	748	374
	749	375
	751	376
	751	377
	752	378
	753	379
	753	378
	753	377
	753	376
	753	375
	753	374
	753	373
	753	372
	753	371
	753	370
	754	370
	755	370
	755	371
	756	371
	757	372
	758	373
	759	374
	760	376
	761	376
	762	377
	763	378
	763	379
	764	379
	764	378
	763	378
	763	377
	763	376
	763	375
	763	374
	763	373
	764	372
	764	371
	764	370
	764	369
	765	369
	765	368
	765	367
	766	367
	767	367
	768	367
	769	368
	770	369
	771	370
	771	371
	771	372
	772	372
	772	373
	772	374
	773	375
	773	374
	773	373
.PEN_UP
.PEN_DOWN
	792	383
	792	384
	792	385
	792	386
	792	387
	791	388
	790	389
	789	389
	788	389
	787	389
	786	389
	785	389
	785	388
	785	387
	784	387
	784	386
	783	385
	783	384
	784	383
	784	381
	785	381
	785	380
	786	380
	786	379
	787	378
	788	377
	788	376
	789	376
	789	375
	790	374
	790	373
	790	372
	789	372
	789	371
	788	370
	787	370
	786	370
	783	370
	782	370
	781	370
	780	370
	779	370
	778	370
	777	370
.PEN_UP
