
.WRITER_ID BeckyHammaker
.STYLE PRINTED
.PEN_DOWN
	152	381
	152	380
	153	380
	153	381
	154	381
	153	381
	153	380
	153	379
	153	378
	153	377
	153	376
	153	375
	153	374
	153	373
	153	372
	154	372
	154	373
.PEN_UP
.PEN_DOWN
	147	394
	148	394
	148	393
	148	392
	149	392
	149	391
	150	391
.PEN_UP
.PEN_DOWN
	163	379
	164	379
	164	378
	165	377
	165	376
	165	375
	165	374
	165	373
	166	372
	166	371
	167	370
	167	369
	167	370
	168	370
	168	371
	168	372
	167	373
	167	374
	167	375
	167	376
	167	377
	167	378
	168	378
	168	379
	169	379
	170	379
	170	380
	171	380
	172	380
	173	380
	174	380
	175	380
	176	380
	177	379
	177	378
	178	378
	178	377
	179	376
	179	375
	180	374
	180	373
	180	372
	181	371
	181	370
	182	369
	183	369
.PEN_UP
.PEN_DOWN
	209	393
	210	393
	210	392
	210	391
	210	390
	210	389
	211	389
	211	388
	211	387
	211	386
	211	385
	211	384
	212	383
	212	382
	212	381
	213	380
	213	379
	213	377
	213	376
	213	375
	214	374
	214	373
	214	372
	214	373
	214	374
	214	375
	215	376
	215	377
	215	378
	215	379
	216	379
	216	380
	217	381
	218	381
	218	382
	219	382
	220	382
	221	382
	222	382
	223	382
	224	381
	225	381
	225	380
	225	379
	225	378
	225	377
	225	376
	225	375
	225	374
	226	373
	226	372
	226	371
	226	370
	227	370
	227	371
.PEN_UP
.PEN_DOWN
	231	381
	231	380
	231	379
	231	378
	231	377
	231	376
	231	375
	231	374
	231	373
	231	372
	232	372
	232	374
.PEN_UP
.PEN_DOWN
	228	387
	229	387
	230	387
.PEN_UP
.PEN_DOWN
	241	382
	240	382
	239	381
	238	381
	237	380
	236	380
	235	380
	235	379
	235	378
	236	377
	237	377
	238	377
	239	377
	240	376
	241	376
	242	376
	243	376
	244	376
	244	375
	245	375
	245	374
	245	373
	244	372
	243	372
	243	371
	242	371
	241	371
	240	371
	239	371
	238	371
.PEN_UP
.PEN_DOWN
	276	379
	275	379
	275	378
	274	377
	273	376
	273	375
	273	374
	273	373
	273	372
	274	372
	274	371
	275	370
	276	370
	277	370
	278	370
	279	370
	280	370
	281	370
	282	371
	283	372
	283	373
	283	374
	283	375
	283	376
	283	377
	282	378
	282	379
	281	379
	281	380
	280	380
	279	380
	278	381
	277	381
.PEN_UP
.PEN_DOWN
	286	378
	286	377
	286	376
	286	375
	286	374
	287	373
	287	372
	288	371
	289	370
	290	370
	290	369
	291	369
	292	369
	292	370
	293	370
	293	371
	293	372
	293	373
	294	373
	294	374
	294	375
	295	376
	295	377
	295	376
	295	375
	295	374
	295	373
	295	372
	295	371
	296	370
	296	369
	297	369
	298	369
	299	369
	300	369
	301	369
	302	370
	303	370
	303	371
	303	372
	304	373
	304	374
	304	376
	304	377
	304	378
	303	379
	303	380
	302	381
.PEN_UP
.PEN_DOWN
	310	377
	310	376
	311	375
	311	374
	311	373
	311	372
	311	371
	311	370
	311	369
	311	368
	311	369
	311	370
	311	371
	311	372
	311	373
	312	374
	312	375
	312	376
	312	377
	312	378
	313	378
	313	379
	314	380
	315	380
	316	380
	317	380
	318	379
	318	378
	319	378
	319	377
	320	376
	320	375
	320	374
	321	373
	321	372
	321	371
	321	370
	322	369
	322	368
	323	368
	323	367
	324	367
.PEN_UP
.PEN_DOWN
	349	376
	350	376
	350	375
	350	374
	350	373
	350	372
	350	371
	350	370
	350	369
	350	368
	350	367
	350	365
	350	364
	350	363
	350	362
	350	361
	350	360
	350	359
	350	358
	350	359
	350	360
	351	361
	351	362
	351	363
	351	364
	350	365
	350	366
	350	367
	350	368
	350	369
	350	370
	350	371
	350	372
	350	373
	350	374
	350	375
	350	376
	350	377
	351	377
	351	378
	352	379
	352	380
	353	380
	354	380
	355	380
	356	380
	356	379
	357	379
	357	378
	358	378
	358	377
	358	376
	358	375
	358	374
	357	374
	357	373
	357	372
	356	371
	355	370
	354	370
	353	370
	352	370
	351	370
	350	371
	349	372
.PEN_UP
.PEN_DOWN
	364	375
	365	374
	365	373
	365	372
	366	372
	366	371
	366	370
	366	369
	366	368
	366	367
	366	368
.PEN_UP
.PEN_DOWN
	363	385
	364	385
.PEN_UP
.PEN_DOWN
	377	377
	376	377
	376	376
	375	376
	374	376
	374	375
	373	374
	373	373
	373	372
	373	371
	374	370
	375	369
	376	369
	377	369
	378	368
	379	368
	380	368
	381	368
	382	368
	383	368
	383	369
	384	369
	385	369
	385	370
.PEN_UP
.PEN_DOWN
	385	387
	386	387
	387	387
	387	386
	388	386
	388	385
	388	384
	388	383
	389	382
	389	381
	389	380
	389	379
	389	378
	389	377
	390	376
	390	375
	390	374
	390	373
	391	373
	391	372
	391	371
	391	370
	391	369
.PEN_UP
.PEN_DOWN
	382	381
	383	380
	384	380
	385	380
	385	379
	386	379
	387	379
	388	379
	389	379
	390	379
	391	379
	391	378
	392	378
	393	378
.PEN_UP
.PEN_DOWN
	396	379
	396	378
	396	377
	396	376
	396	375
	396	374
	396	373
	396	372
	397	372
	397	371
	398	370
	398	369
	399	369
	400	369
	401	369
	402	369
	403	369
	404	369
	405	370
	405	371
	406	371
	406	372
	406	373
	406	374
	407	375
	407	376
	407	377
	407	378
	406	378
	407	378
	407	377
	407	376
	407	375
	407	374
	407	373
	408	372
	408	371
	409	371
	410	370
	411	370
	412	369
	413	369
	414	369
	415	369
	416	369
	416	370
	416	371
.PEN_UP
.PEN_DOWN
	417	376
	418	376
	418	375
	418	374
	418	373
	419	372
	419	371
	420	370
	420	369
	421	369
	421	368
	422	368
	422	369
	422	370
	422	371
	422	373
	422	374
	422	375
	422	376
	423	377
	424	377
	425	377
	426	377
	427	377
	428	377
	429	377
.PEN_UP
.PEN_DOWN
	434	372
	435	372
	436	372
	436	373
	437	373
	438	374
	438	375
	439	375
	439	376
	438	376
	437	376
	436	376
	435	376
	435	375
	434	375
	433	374
	432	374
	432	373
	432	372
	432	371
	432	370
	433	370
	433	369
	434	369
	434	368
	435	368
	436	367
	437	367
	438	367
	439	367
	440	367
	441	367
	442	367
	443	367
	443	368
	444	368
.PEN_UP
.PEN_DOWN
	452	379
	451	379
	450	379
	449	379
	448	379
	448	378
	447	378
	446	377
	446	376
	446	375
	447	375
	448	375
	449	374
	450	374
	451	374
	451	373
	452	373
	452	372
	453	371
	453	370
	453	369
	453	368
	453	367
	452	367
	451	366
	450	365
	449	365
	448	365
	447	365
	446	365
	445	364
.PEN_UP
.PEN_DOWN
	466	373
	467	373
	467	372
	467	371
	467	370
	468	370
.PEN_UP
.PEN_DOWN
	495	386
	496	386
	496	385
	496	384
	496	383
	496	382
	496	381
	496	380
	496	379
	496	378
	497	377
	497	375
	497	374
	497	373
	497	372
	497	371
	497	370
	498	370
.PEN_UP
.PEN_DOWN
	509	389
	510	389
	510	388
	510	387
	510	386
	510	385
	510	384
	510	383
	510	382
	511	381
	511	380
	511	379
	511	378
	511	377
	511	376
	511	375
	511	374
	512	373
	512	372
	512	371
	512	370
	513	370
.PEN_UP
.PEN_DOWN
	505	382
	505	381
	506	381
	507	380
	508	380
	509	380
	510	380
	511	380
	513	379
	516	379
.PEN_UP
