
.WRITER_ID BillRivard
.STYLE PRINTED
.PEN_DOWN
	88	396
	89	395
	89	394
	89	393
	89	391
	90	390
	90	389
	90	387
	90	386
	90	383
	90	381
	90	380
	90	379
	90	377
	90	376
	90	375
	90	374
	90	373
	90	372
	91	372
.PEN_UP
.PEN_DOWN
	86	391
	86	392
	86	393
	87	394
	87	395
	88	395
	88	396
	89	396
	90	397
	91	398
	92	398
	93	398
	94	399
	95	399
	96	399
	97	399
	97	398
	98	398
	99	397
	100	397
	100	396
	101	395
	101	394
	101	393
	101	392
	101	391
	101	390
	101	389
	100	388
	100	387
	99	386
	98	385
	97	385
	97	384
	96	384
	95	383
	94	383
	93	383
	92	383
	92	382
	91	382
.PEN_UP
.PEN_DOWN
	105	381
	105	382
	105	383
	104	384
	103	384
	102	383
	102	382
	101	381
	101	380
	100	379
	100	378
	100	377
	100	376
	101	375
	101	374
	101	373
	102	373
	103	373
	104	374
	105	375
	105	376
	106	377
	106	378
	107	379
	107	380
	107	381
	107	382
	107	381
	107	380
	107	379
	108	379
	108	377
	108	376
	108	375
	108	374
	109	374
	109	373
	110	373
.PEN_UP
.PEN_DOWN
	117	383
	117	382
	116	382
	116	381
	116	380
	116	379
	116	378
	116	377
	116	376
	116	375
	117	374
	118	374
	119	374
	120	374
	121	375
	122	376
	123	377
	123	378
	123	379
	124	380
	124	381
	124	380
	124	379
	124	378
	124	377
	124	376
	124	375
	124	373
	124	372
	125	370
	126	369
	126	368
	126	367
	126	365
	127	364
	127	363
	127	362
	127	361
	127	360
	127	359
	127	358
	127	357
	127	356
	126	355
	125	355
	125	356
	124	357
	123	357
	123	358
	123	359
	123	360
	123	361
	123	362
	123	363
	123	364
	123	365
	123	366
	124	367
	124	368
	125	369
	126	370
	127	371
	128	371
	129	371
	129	372
	130	372
	131	372
	132	372
	133	372
.PEN_UP
.PEN_DOWN
	164	381
	165	381
	165	382
	165	383
	164	383
	164	384
	163	385
	162	385
	162	386
	161	386
	160	386
	159	386
	158	386
	158	385
	156	385
	155	385
	155	384
	155	383
	156	382
	157	382
	157	381
	158	381
	159	380
	160	380
	161	379
	162	378
	163	377
	164	377
	165	376
	166	376
	166	375
	167	375
	167	374
	167	373
	167	372
	167	371
	166	371
	166	370
	165	370
	164	370
	163	370
	162	370
	161	370
	160	370
	159	370
.PEN_UP
.PEN_DOWN
	163	396
	163	395
	163	394
	163	393
	163	392
	163	391
	163	390
	163	389
	163	388
	163	386
	163	383
	163	382
	163	380
	163	379
	163	377
	162	376
	162	375
	162	374
	162	373
	162	372
	162	370
	162	369
	162	368
	163	368
.PEN_UP
.PEN_DOWN
	177	388
	177	389
	177	390
	176	389
	176	388
	176	387
	176	385
	175	384
	175	383
	175	382
	175	381
	175	380
	174	379
	174	378
	174	377
	174	376
	174	375
	174	374
	174	373
	175	372
.PEN_UP
.PEN_DOWN
	183	374
	183	373
	183	374
	182	375
	183	376
	184	376
.PEN_UP
.PEN_DOWN
	191	388
	191	387
	191	388
	192	388
	193	388
	193	389
	194	389
	195	390
	196	390
	197	390
	198	389
	199	389
	199	388
	199	387
	199	386
	199	385
	199	384
	198	384
	198	383
	197	382
	197	381
	196	381
	196	380
	195	379
	195	378
	194	376
	194	375
	194	374
	194	373
	195	372
	196	372
	197	372
	197	371
	198	371
	199	371
	200	371
	201	371
	202	371
	203	371
	205	371
.PEN_UP
.PEN_DOWN
	210	389
	211	390
	212	390
	213	391
	214	391
	215	391
	216	391
	217	391
	218	391
	219	390
	220	390
	220	389
	220	388
	219	388
	219	387
	219	386
	218	386
	218	385
	217	385
	216	385
	216	384
	215	383
	214	383
	214	382
	215	382
	216	382
	217	382
	218	381
	219	381
	220	380
	221	380
	221	379
	222	379
	222	378
	222	377
	222	376
	221	376
	221	375
	220	375
	219	375
	218	374
	217	374
	216	374
	215	374
	214	373
	213	373
.PEN_UP
.PEN_DOWN
	243	381
	243	382
	243	383
	242	383
	241	383
	240	383
	239	382
	239	381
	239	380
	239	379
	239	378
	240	378
	241	378
	242	378
	243	379
	243	380
	244	380
	244	381
	244	382
	244	383
	244	384
	244	383
	243	383
	243	382
	244	381
	244	380
	245	380
	246	380
	247	381
	248	382
	248	383
	248	384
	248	385
	248	386
	248	387
	248	388
	247	389
	247	390
	246	391
	245	392
	245	393
	244	393
	243	394
	242	394
	241	394
	240	394
	240	393
	239	393
	238	392
	238	391
	237	391
	236	390
	235	388
	234	388
	234	387
	234	386
	233	385
	233	383
	233	382
	232	381
	232	380
	232	379
	232	378
	233	377
	233	376
	233	375
	234	374
	234	373
	234	372
	235	372
	236	371
	237	370
	238	370
	239	370
	240	370
	241	370
	242	371
	243	371
	244	371
	245	372
.PEN_UP
.PEN_DOWN
	274	392
	275	392
	275	393
	275	394
	274	393
	274	392
	273	391
	272	390
	272	389
	271	389
	270	388
	270	387
	270	386
	270	385
	271	384
	272	384
	272	383
	273	383
	274	383
	275	383
	276	383
	277	383
	278	383
	279	383
	280	383
	281	383
.PEN_UP
.PEN_DOWN
	285	395
	284	394
	284	392
	283	391
	283	390
	283	389
	282	388
	282	387
	281	386
	281	385
	280	384
	280	382
	279	381
	279	380
	278	377
	278	376
	277	375
	277	374
	277	373
	277	372
	276	372
	276	371
	276	370
	276	369
	277	369
	277	370
.PEN_UP
.PEN_DOWN
	295	389
	295	390
	295	391
	296	391
	297	392
	297	391
.PEN_UP
.PEN_DOWN
	289	375
	290	375
	291	376
	292	376
.PEN_UP
.PEN_DOWN
	307	391
	308	391
	309	391
	309	392
	310	392
	311	392
	312	392
	313	392
	314	392
	315	392
	317	392
	318	392
	319	392
.PEN_UP
.PEN_DOWN
	311	392
	310	391
	309	390
	308	390
	308	389
	308	388
	307	388
	307	387
	306	386
	306	385
	306	384
	306	383
	306	382
	307	382
	308	382
	308	381
	309	381
	310	381
	311	381
	312	381
	313	380
	314	380
	315	379
	315	378
	316	378
	316	377
	316	376
	315	376
	315	375
	314	375
	314	374
	313	374
	312	374
	311	373
	310	373
	309	373
	308	373
	307	373
.PEN_UP
.PEN_DOWN
	330	393
	330	392
	329	392
	328	392
	328	391
	327	391
	327	390
	326	390
	325	389
	325	388
	324	387
	323	385
	323	384
	323	383
	323	382
	323	381
	323	380
	323	379
	323	378
	323	377
	323	376
	324	374
	325	374
	326	373
	327	373
	328	373
	329	373
	330	373
	331	373
	332	373
	333	373
	334	374
	336	375
	336	376
	337	376
	337	377
	337	378
	337	379
	337	380
	336	380
	334	380
	333	380
	331	380
	330	380
	329	379
	328	379
	326	378
	325	377
	325	376
	326	376
	326	375
	328	375
.PEN_UP
.PEN_DOWN
	360	389
	361	389
	361	390
	361	389
	361	388
	360	387
	360	386
	359	385
	359	384
	358	382
	357	380
	356	379
	356	378
	355	377
	354	376
	354	375
	354	374
	353	374
	353	373
	353	372
.PEN_UP
.PEN_DOWN
	357	390
	358	390
	358	391
	359	391
	360	391
	360	392
	361	392
	362	392
	363	393
	364	393
	365	393
	366	393
	367	393
	368	392
	369	392
	369	391
	370	391
	371	390
	372	389
	372	388
	372	387
	372	386
	372	385
	371	384
	370	383
	368	382
	367	382
	366	382
	364	382
	363	381
	362	381
	360	381
	359	381
	358	381
.PEN_UP
.PEN_DOWN
	380	387
	380	386
	380	385
	380	384
	380	383
	379	381
	379	380
	379	378
	378	377
	378	376
	377	375
	377	374
	377	373
	376	372
	376	371
	376	372
	377	372
	378	373
	378	374
	379	374
	380	376
	381	377
	381	378
	382	379
	383	381
	384	382
	385	384
	385	385
	386	387
	387	388
	387	389
	387	390
	387	389
	387	388
	387	387
	387	386
	387	385
	387	383
	386	381
	386	380
	386	378
	385	377
	385	376
	385	375
	385	374
	385	373
	386	374
	387	375
	387	376
	388	376
	388	377
	389	378
	390	379
	392	381
	393	381
	393	383
	394	384
	395	385
	396	385
	396	386
	396	385
	396	384
	396	383
	395	382
	395	381
	395	380
	394	378
	394	377
	394	376
	393	375
	393	374
	393	373
	393	371
	394	370
	394	369
	395	368
.PEN_UP
