
.WRITER_ID BillRivard
.STYLE PRINTED
.PEN_DOWN
	88	397
	89	397
	88	397
	87	397
	86	397
	85	397
	84	397
	83	397
	82	397
	81	397
	80	397
	80	396
	80	397
	80	396
	80	395
	80	394
	80	393
	80	392
	80	391
	80	390
	80	389
	80	388
	80	387
	80	386
	80	385
	80	384
	80	383
	81	383
	81	382
	81	381
	80	381
	80	380
	80	379
	80	378
	80	377
	80	376
	80	375
	80	374
	81	374
	82	374
	83	374
	84	374
	85	374
	86	375
	86	374
	87	374
	88	374
	89	374
	90	374
	91	374
	92	374
	93	374
	93	375
	94	375
	93	375
	93	374
.PEN_UP
.PEN_DOWN
	102	396
	103	396
	103	397
	102	397
	101	396
	100	395
	99	394
	99	393
	98	392
	98	391
	98	390
	97	389
	97	388
	97	387
	97	386
	97	385
	97	384
	97	383
	97	382
	97	381
	97	380
	98	379
	98	378
	98	377
	99	377
	100	376
	101	376
	102	376
	102	375
.PEN_UP
.PEN_DOWN
	109	393
	110	393
	111	393
	112	393
	112	394
	113	394
	113	393
	113	392
	113	391
	112	391
	112	390
	112	389
	112	388
	112	387
	112	386
	112	385
	112	384
	112	383
	111	383
	111	381
	111	380
	111	379
	111	378
	111	377
	111	376
	111	375
.PEN_UP
.PEN_DOWN
	119	399
	120	399
	121	399
	121	398
	122	397
	122	396
	123	395
	123	394
	123	393
	124	392
	124	391
	125	390
	125	389
	125	388
	125	387
	126	386
	126	385
	126	384
	126	383
	127	382
	127	381
	127	380
	126	379
	126	378
	126	377
	126	376
	125	376
	125	375
	125	374
	124	373
	124	372
	123	372
	122	372
	122	371
	121	371
	121	370
.PEN_UP
.PEN_DOWN
	149	398
	149	399
	149	398
	148	398
	148	397
	148	396
	147	396
	147	395
	146	394
	146	393
	146	392
	146	391
	145	391
	145	390
	145	389
	145	388
	145	387
	145	386
	145	385
	145	384
	145	383
	145	382
	145	381
	145	380
	145	379
	145	378
	146	377
	146	376
	146	375
	147	374
	147	373
	148	373
.PEN_UP
.PEN_DOWN
	153	393
	153	394
	154	394
	155	395
	156	395
	157	395
	158	395
	159	395
	159	394
	160	394
	161	393
	161	392
	161	391
	161	390
	160	390
	160	389
	159	389
	159	388
	158	387
	157	386
	156	385
	155	384
	155	383
	154	382
	154	381
	154	380
	154	379
	155	379
	155	378
	156	378
	157	378
	158	378
	159	378
	160	378
	161	378
	162	378
	163	378
	164	378
.PEN_UP
.PEN_DOWN
	164	401
	165	401
	165	400
	165	399
	165	398
	166	398
	166	397
	166	396
	166	395
	167	394
	167	393
	168	392
	168	391
	168	390
	168	389
	168	388
	168	387
	168	386
	168	385
	168	384
	167	383
	167	382
	167	381
	167	380
	166	379
	165	378
	165	377
	165	376
	164	376
	164	375
	163	375
	163	374
.PEN_UP
.PEN_DOWN
	191	401
	191	400
	190	400
	190	399
	189	398
	189	397
	188	396
	188	395
	188	394
	188	393
	187	392
	187	391
	187	390
	186	388
	186	387
	186	386
	186	385
	186	384
	186	383
	186	382
	186	381
	186	380
	186	379
	185	377
	185	376
	186	376
	186	375
	187	374
	188	374
	188	373
	189	373
.PEN_UP
.PEN_DOWN
	195	396
	196	396
	197	396
	198	396
	199	396
	200	395
	201	395
	202	395
	202	394
	202	393
	201	392
	200	391
	199	391
	198	390
	197	390
	196	390
	196	389
	196	388
	197	388
	197	387
	198	387
	199	387
	199	386
	200	386
	200	385
	201	385
	201	384
	202	384
	202	383
	202	382
	202	381
	201	381
	200	380
	199	379
	198	379
	197	378
	196	378
	195	378
.PEN_UP
.PEN_DOWN
	206	403
	206	404
	206	403
	207	403
	207	402
	207	401
	208	400
	208	399
	208	398
	208	397
	209	396
	209	395
	209	394
	210	393
	210	392
	210	391
	210	390
	210	389
	210	388
	210	387
	210	386
	210	385
	209	383
	209	382
	209	381
	208	380
	208	379
	207	379
	207	378
	207	377
	206	377
	206	376
	205	376
	204	375
	203	374
.PEN_UP
.PEN_DOWN
	235	399
	235	398
	234	397
	234	396
	234	395
	234	394
	233	392
	233	391
	233	390
	233	389
	233	388
	232	388
	232	387
	232	386
	232	385
	232	384
	232	383
	233	382
	233	381
	233	380
	234	379
	234	378
	235	378
	235	377
.PEN_UP
.PEN_DOWN
	241	397
	241	396
	241	395
	240	395
	240	394
	240	393
	240	392
	240	391
	240	390
	241	389
	242	389
	243	388
	244	388
	245	388
	246	388
	247	388
.PEN_UP
.PEN_DOWN
	249	398
	249	397
	249	396
	249	395
	249	394
	249	393
	249	392
	249	391
	249	390
	249	389
	249	388
	248	388
	248	386
	248	385
	248	384
	248	383
	248	382
	248	381
	248	380
.PEN_UP
.PEN_DOWN
	254	404
	255	404
	255	403
	256	403
	256	402
	257	401
	257	400
	257	399
	258	399
	258	398
	258	397
	259	396
	259	395
	259	394
	259	393
	259	392
	259	391
	259	390
	259	389
	259	388
	259	387
	259	386
	259	385
	259	384
	258	383
	258	382
	257	381
	256	380
	256	379
	255	379
	254	378
	253	378
	253	377
	252	377
	252	376
.PEN_UP
.PEN_DOWN
	280	399
	279	398
	279	397
	278	396
	278	395
	277	394
	277	393
	277	392
	276	390
	276	389
	276	388
	276	387
	276	386
	276	385
	276	384
	276	383
	276	382
	276	381
	277	380
	277	379
	277	378
	278	377
	278	376
	279	376
.PEN_UP
.PEN_DOWN
	287	397
	287	396
	288	396
	289	396
	290	396
	292	396
	293	396
	294	396
	295	396
	296	396
	297	396
	298	396
.PEN_UP
.PEN_DOWN
	287	398
	287	397
	287	396
	286	396
	286	395
	286	394
	286	393
	285	392
	285	391
	285	390
	285	389
	285	388
	285	387
	285	386
	286	386
	287	386
	288	386
	289	386
	290	386
	290	387
	291	387
	292	387
	292	386
	293	385
	294	384
	294	383
	294	382
	293	382
	293	381
	292	381
	291	380
	290	380
	289	380
	288	380
	287	380
	286	380
	285	380
.PEN_UP
.PEN_DOWN
	302	400
	302	399
	302	398
	303	398
	303	397
	303	395
	304	395
	304	394
	304	393
	304	392
	304	391
	304	390
	304	389
	304	388
	304	387
	304	385
	304	384
	304	383
	304	382
	304	381
	303	380
	303	379
	303	378
	302	377
	302	376
	301	375
	301	374
	300	374
	299	373
	298	373
.PEN_UP
.PEN_DOWN
	309	398
	308	398
	309	398
	309	397
	310	397
	311	397
	312	397
	313	397
	315	397
	315	396
	316	396
	317	396
	318	396
	317	396
	317	395
	317	394
	317	393
	316	392
	316	391
	316	390
	315	389
	315	388
	315	387
	315	386
	315	385
	314	385
	314	383
	314	382
	314	381
	314	380
	314	379
	314	378
	314	377
	314	376
	313	376
	312	376
	311	376
	310	376
	309	376
	308	376
	307	376
	306	376
	305	376
.PEN_UP
