
.WRITER_ID BeckyHammaker
.STYLE PRINTED
.PEN_DOWN
	108	381
	108	382
	107	382
	108	382
	108	381
	109	380
	109	379
	110	379
	110	378
	110	377
	111	376
	111	375
	112	373
	112	372
	113	371
	113	370
	114	370
	114	371
	114	372
	114	373
	115	374
	115	375
	116	375
	116	376
	117	376
	117	377
	117	378
	118	378
	118	379
	119	379
	119	378
	119	377
	120	376
	120	375
	121	374
	121	373
	122	373
	123	372
	124	371
	125	371
	126	371
	127	371
	127	372
	127	373
	127	374
	128	375
	128	376
	128	377
	128	378
	128	379
	128	380
	128	381
	128	382
	128	383
	128	384
	129	384
	129	383
.PEN_UP
.PEN_DOWN
	142	378
	142	379
	141	379
	140	379
	139	378
	138	378
	138	377
	137	377
	137	376
	137	375
	137	374
	138	374
	138	373
	139	373
	140	373
	141	373
	142	374
	142	375
	142	376
	142	377
	143	378
	143	379
	144	379
	144	378
	144	377
	145	377
	145	376
	146	376
	146	375
	146	374
	147	373
	147	372
.PEN_UP
.PEN_DOWN
	152	380
	152	379
	153	379
	153	378
	153	377
	153	376
	153	375
	154	375
	154	374
	154	373
	155	373
	155	372
	155	373
	155	374
	155	375
	155	376
	156	376
	156	377
	156	378
	156	379
	157	379
	157	380
	158	380
	159	380
	160	380
	161	380
	162	379
	163	379
	164	378
	165	377
	165	376
	165	375
	166	375
	166	374
	166	373
	166	372
	166	371
	166	370
	167	370
.PEN_UP
.PEN_DOWN
	177	375
	177	374
	177	373
	178	372
	178	371
	178	370
	179	370
.PEN_UP
.PEN_DOWN
	171	377
	172	377
	173	377
	174	377
	175	377
	177	377
	178	377
	179	377
	180	377
	181	377
	182	377
.PEN_UP
.PEN_DOWN
	191	374
	192	374
	193	375
	193	376
	193	377
	194	378
	194	379
	194	380
	194	381
	193	381
	192	381
	191	380
	190	380
	189	379
	188	378
	188	377
	188	376
	188	375
	189	375
	189	374
	190	374
	191	374
	191	373
	192	372
	193	372
	194	372
	195	372
	196	372
	197	372
	198	372
	198	371
.PEN_UP
.PEN_DOWN
	206	379
	205	379
	204	378
	203	378
	203	377
	203	376
	203	375
	203	374
	203	373
	203	372
	203	371
	204	370
	205	370
	205	369
	206	369
	207	369
	208	369
	209	369
	210	369
	211	369
	211	370
	212	370
	212	371
.PEN_UP
.PEN_DOWN
	204	394
	204	393
	205	393
	205	392
	206	392
	206	391
	207	391
	207	390
	208	389
	208	388
	208	387
	209	386
	209	385
	210	384
	210	382
	210	381
	210	380
	211	379
	211	378
	211	376
	211	375
	212	374
	212	373
	212	372
	212	371
	212	370
	213	370
	213	369
	214	369
.PEN_UP
.PEN_DOWN
	249	375
	249	374
	249	373
	249	372
	249	371
	250	371
	250	370
	250	369
	250	368
	250	367
	251	366
	251	365
	251	363
	251	361
	252	361
	252	360
	252	359
	253	357
	253	356
	253	355
	254	354
	254	355
	254	356
	254	357
	254	358
	254	359
	254	360
	253	361
	253	362
	253	363
	253	364
	253	365
	252	365
	252	366
	252	367
	251	368
	251	369
	250	370
	250	371
	250	372
	250	373
	250	374
	251	374
	251	375
	252	375
	252	376
	253	376
	254	376
	255	376
	256	376
	257	375
	258	375
	259	374
	259	373
	260	372
	260	371
	260	370
	260	369
	259	368
	259	367
	258	366
	257	366
	256	366
	255	366
	254	366
	253	366
	253	367
	252	367
	252	368
	251	368
	251	369
	251	370
.PEN_UP
.PEN_DOWN
	263	373
	264	373
	264	372
	264	371
	265	370
	266	369
	266	368
	266	367
	266	366
	267	366
.PEN_UP
.PEN_DOWN
	260	383
	261	383
	261	382
.PEN_UP
.PEN_DOWN
	272	373
	273	372
	274	371
	274	370
	274	369
	274	368
	275	368
	275	369
	275	370
	275	371
	275	372
	275	373
	276	374
	276	375
	276	376
	277	376
	278	376
	279	376
	280	375
	281	375
	282	373
	283	372
	283	371
	283	370
	284	369
	284	368
	284	367
	284	366
	285	365
	285	366
.PEN_UP
.PEN_DOWN
	289	387
	289	386
	289	385
	289	384
	289	383
	290	382
	290	381
	290	380
	291	379
	291	378
	291	377
	292	376
	292	375
	292	374
	292	373
	292	372
	292	371
	293	370
	293	369
	293	368
	293	367
	294	367
	294	368
	294	369
	294	370
.PEN_UP
.PEN_DOWN
	299	385
	299	384
	298	384
	298	383
	297	382
	296	381
	295	380
	295	379
	295	378
	295	377
	294	377
	294	376
	294	375
	295	374
	296	374
	296	373
	297	373
	297	372
	298	372
	299	371
	300	371
	301	370
	302	370
	304	370
	305	370
	306	370
	307	369
	308	369
	308	368
.PEN_UP
.PEN_DOWN
	337	378
	337	377
	338	377
	338	376
	339	375
	340	375
	340	374
	340	373
	341	373
	341	372
	342	371
	342	370
	343	370
	343	369
	344	369
	344	368
	345	368
	346	368
	346	369
	346	371
	346	372
	346	373
	346	374
	346	375
	346	376
	347	377
	347	378
	347	379
	348	379
	348	380
	348	381
	349	381
.PEN_UP
.PEN_DOWN
	349	380
	349	379
	348	378
	347	377
	347	375
	347	374
	347	373
	346	372
	346	371
	346	370
	346	369
	346	368
	346	367
	346	366
	346	365
	345	362
	345	361
	345	360
	345	359
	345	358
	345	357
	344	356
	344	355
	344	354
	345	354
.PEN_UP
.PEN_DOWN
	354	377
	353	376
	352	375
	352	374
	352	373
	352	372
	352	371
	353	370
	354	370
	355	369
	356	369
	357	369
	358	369
	359	369
	360	369
	361	369
	362	369
	362	370
	363	370
	363	371
	363	372
	363	373
	363	374
	363	375
	362	375
	362	376
	362	377
	361	377
	360	378
	359	378
	359	379
	358	379
	357	379
	356	379
	355	379
	354	379
	354	378
.PEN_UP
.PEN_DOWN
	366	379
	367	379
	367	378
	367	377
	367	376
	367	375
	367	374
	368	374
	368	372
	369	371
	370	370
	371	370
	372	370
	373	370
	375	371
	376	372
	377	373
	377	374
	377	375
	377	376
	378	377
	378	378
	378	379
	378	380
	377	380
	378	379
	378	378
	378	377
	378	376
	379	375
	380	374
	381	373
	382	372
	382	371
	383	371
	383	370
	384	370
	385	370
.PEN_UP
.PEN_DOWN
	419	379
	418	379
	417	379
	416	379
	415	379
	414	378
	412	378
	411	378
	409	378
	408	377
	407	377
	407	376
	407	375
	408	375
	409	375
	410	375
	412	375
	414	375
	415	375
	416	375
	418	375
	419	375
	420	375
	421	375
	422	375
	423	374
	424	373
	424	372
	423	371
	423	370
	422	370
	422	369
	422	368
	421	368
	419	367
	418	367
	417	367
	416	367
	415	367
	414	367
	413	368
.PEN_UP
.PEN_DOWN
	424	388
	424	387
	424	386
	425	385
	425	384
	425	383
	425	382
	425	381
	425	379
	426	377
	426	376
	426	375
	427	374
	427	372
	427	371
	427	370
	427	369
	428	368
	428	367
	428	368
	428	369
	429	370
	429	371
	429	372
	430	373
	430	374
	430	375
	431	375
	431	376
	432	376
	433	376
	434	376
	435	376
	436	376
	436	375
	437	375
	437	374
	437	373
	438	372
	438	371
	438	370
	438	369
	438	368
	438	367
	439	366
	440	367
.PEN_UP
.PEN_DOWN
	445	376
	445	375
	444	375
	443	374
	442	373
	442	372
	442	371
	443	370
	444	370
	445	369
	446	369
	446	368
	447	368
	448	368
	449	368
	450	368
	450	369
	451	370
	451	371
	451	372
	451	373
	450	374
	450	375
	449	376
	448	376
	448	377
	447	377
	446	377
	446	378
	445	378
	445	377
.PEN_UP
.PEN_DOWN
	455	377
	455	376
	455	375
	455	374
	455	373
	455	372
	455	371
	456	370
	457	370
	457	369
	458	369
	459	368
	460	368
	461	368
	462	368
	462	369
	463	369
	464	369
	464	370
	464	371
	464	372
	465	373
	465	375
	464	376
	464	377
	464	378
	465	378
	465	377
	466	376
	467	375
	467	374
	468	374
	468	373
	468	372
	469	372
	469	371
	470	370
	471	370
	471	369
	472	369
	473	369
.PEN_UP
.PEN_DOWN
	468	396
	469	396
	469	395
	470	395
	470	394
	471	393
	471	392
	472	391
	472	389
	472	388
	473	386
	473	385
	473	384
	473	383
	473	382
	473	380
	473	379
	473	378
	474	375
	474	374
	474	373
	475	372
	475	371
	476	371
	476	370
	477	370
	478	370
.PEN_UP
.PEN_DOWN
	484	378
	483	378
	482	378
	481	378
	480	378
	479	378
	478	377
	477	377
	476	377
	476	376
	476	375
	476	374
	476	373
	477	372
	478	372
	479	371
	480	370
	481	370
	482	369
	483	368
	484	368
	485	368
.PEN_UP
.PEN_DOWN
	480	399
	481	399
	481	398
	482	398
	482	397
	483	396
	483	395
	484	393
	484	392
	484	391
	484	390
	485	389
	485	388
	485	387
	485	385
	485	384
	486	383
	486	382
	486	379
	486	378
	487	376
	487	375
	487	374
	487	373
	488	373
	488	372
	488	371
	489	371
	490	371
.PEN_UP
.PEN_DOWN
	496	380
	496	379
	496	378
	496	377
	496	376
	497	376
	497	375
	497	374
	498	374
	498	373
	498	374
	498	375
	498	376
	498	377
	498	378
	498	379
	499	380
	499	381
	500	383
	501	384
	502	384
	503	384
	504	384
	505	384
	506	384
	507	384
	507	383
	508	383
	508	382
	509	381
	509	380
	509	378
	509	377
	509	376
	509	375
	510	375
.PEN_UP
.PEN_DOWN
	513	400
	513	399
	513	398
	513	397
	513	396
	513	395
	513	394
	514	394
.PEN_UP
.PEN_DOWN
	522	393
	523	393
	523	392
	523	391
	524	391
	524	390
	524	389
	524	388
	524	387
	524	386
	524	385
	524	384
	524	383
	524	382
	524	380
	525	379
	525	378
	525	377
	525	376
	525	375
	525	374
	526	374
	527	375
.PEN_UP
.PEN_DOWN
	517	384
	518	384
	518	383
	519	383
	520	383
	521	382
	523	382
	524	382
	525	382
	526	381
	527	381
	528	381
	530	381
.PEN_UP
.PEN_DOWN
	571	374
	570	374
	569	374
	568	374
	567	373
	566	373
	566	372
	565	371
	564	371
	564	370
	564	369
	564	368
	565	367
	566	367
	567	366
	568	366
	569	366
	570	366
	571	366
	572	366
	574	366
	575	367
	575	368
	576	369
	576	370
	576	371
	576	372
	575	373
	575	374
	574	375
	573	375
	572	375
	571	375
	570	375
.PEN_UP
.PEN_DOWN
	581	366
	582	366
	582	367
	582	368
	582	370
	582	371
	582	372
	581	373
	581	374
	581	375
	581	376
	580	377
	580	378
	580	379
	579	380
	579	381
	579	382
	578	383
	578	384
	578	385
	579	385
	579	386
	580	386
	580	387
	581	387
	582	387
	583	387
	584	387
	585	387
.PEN_UP
.PEN_DOWN
	582	375
	582	374
	583	374
	584	374
	585	374
	586	374
.PEN_UP
