
.WRITER_ID BeckyHammaker
.STYLE PRINTED
.PEN_DOWN
	114	378
	115	378
	115	377
	115	376
	116	375
	117	374
	117	373
	118	372
	118	371
	119	371
	119	370
	120	369
	121	369
	121	368
	122	368
	123	368
	124	368
	125	368
.PEN_UP
.PEN_DOWN
	128	383
	128	382
	128	381
	128	380
	128	379
	127	378
	127	377
	127	376
	127	375
	127	374
	127	373
	127	372
	127	371
	127	370
	127	369
	126	367
	126	366
	126	363
	126	362
	126	361
	126	360
	125	359
	125	358
	125	357
	125	356
	125	355
	126	354
	126	353
	127	353
.PEN_UP
.PEN_DOWN
	138	378
	137	378
	137	377
	137	376
	137	375
	137	374
	137	373
	137	372
	138	372
	140	371
	141	371
	142	371
	143	372
	144	372
	145	372
	145	373
	146	373
	146	374
	146	375
	146	376
	146	377
	146	378
	145	378
	145	379
	144	379
	143	379
	143	380
	142	380
	141	379
	140	379
	139	379
	138	379
.PEN_UP
.PEN_DOWN
	152	379
	152	378
	152	377
	152	376
	152	375
	152	374
	153	374
	153	373
	154	372
	155	372
	155	371
	156	371
	157	371
	158	371
	159	371
	159	372
	160	372
	160	373
	161	374
	161	375
	161	376
	161	377
	161	378
	161	379
	161	380
	161	379
	161	378
	162	377
	162	376
	163	375
	164	374
	164	373
	165	372
	166	372
	166	371
	167	371
	168	371
.PEN_UP
.PEN_DOWN
	173	378
	174	377
	174	376
	174	375
	175	375
	175	374
	175	373
	175	372
	175	371
	176	370
	177	371
	177	372
	177	373
	177	374
	177	375
	177	376
	177	377
	177	378
	178	378
	178	379
	179	379
	180	380
	181	380
	182	380
	183	380
	184	379
	185	378
	185	377
	185	376
	186	375
	186	374
	186	373
	186	372
	186	371
	186	370
	187	370
	187	371
	188	372
.PEN_UP
.PEN_DOWN
	199	376
	199	377
	198	377
	196	377
	195	377
	194	377
	194	376
	193	376
	192	375
	192	374
	192	373
	192	372
	193	372
	194	371
	195	371
	196	371
	197	371
	198	371
	199	371
	200	371
	200	372
	200	373
	199	373
	199	374
	199	375
	200	375
	201	375
	202	375
	202	374
	203	374
	203	373
	203	371
	203	370
	203	369
	204	368
	204	367
	205	366
	206	366
	206	364
	207	363
	207	362
	208	361
	209	359
	209	358
	209	357
	209	356
	209	355
	209	354
	208	353
	208	352
	207	352
	206	352
	205	352
	204	351
	203	351
	202	351
	201	351
	200	351
	199	352
	198	352
	197	352
	196	352
.PEN_UP
.PEN_DOWN
	229	393
	229	392
	229	391
	230	390
	230	389
	230	388
	231	387
	231	386
	231	385
	231	384
	232	383
	233	381
	233	379
	233	378
	234	377
	234	376
	235	375
	236	374
	236	373
	237	372
	237	371
	238	370
	239	371
.PEN_UP
.PEN_DOWN
	252	376
	252	377
	251	378
	251	379
	250	379
	249	379
	248	379
	247	379
	246	379
	245	378
	244	378
	244	377
	244	376
	244	375
	244	374
	245	374
	246	374
	247	374
	248	374
	249	374
	250	374
	251	374
	251	375
	251	376
	252	376
	253	375
	253	374
	254	374
	254	373
	255	372
	256	371
	256	370
	257	369
.PEN_UP
.PEN_DOWN
	269	378
	268	377
	267	377
	266	377
	265	377
	264	377
	263	377
	262	376
	261	376
	261	375
	260	375
	260	374
	260	373
	260	372
	261	372
	262	371
	263	371
	264	370
	265	370
	267	370
	268	370
	269	370
.PEN_UP
.PEN_DOWN
	263	397
	263	396
	263	395
	263	394
	264	393
	264	391
	265	390
	265	389
	265	388
	265	387
	266	386
	266	385
	266	384
	266	383
	266	382
	266	380
	267	379
	267	377
	267	376
	267	375
	268	374
	268	373
	268	372
	269	372
	269	371
	269	370
	270	370
.PEN_UP
.PEN_DOWN
	282	373
	282	372
	282	371
	283	371
	283	370
	284	370
.PEN_UP
.PEN_DOWN
	281	383
	280	384
	279	384
	279	385
	279	384
	280	384
.PEN_UP
.PEN_DOWN
	290	376
	292	375
	293	375
	294	376
	295	377
	296	377
	296	378
	297	378
	297	379
	298	379
	298	380
	298	381
	297	381
	296	381
	296	380
	295	380
	294	380
	293	380
	293	379
	292	379
	291	379
	291	378
	291	377
	291	376
	292	375
	292	374
	293	374
	294	374
	294	373
	295	373
	296	372
	297	372
	298	372
	299	372
	300	372
.PEN_UP
.PEN_DOWN
	313	382
	313	381
	312	381
	311	381
	310	381
	309	381
	308	381
	307	380
	307	379
	308	379
	309	379
	310	378
	311	378
	312	378
	313	377
	314	377
	315	376
	316	376
	316	375
	316	374
	316	373
	316	372
	316	371
	315	370
	314	370
	313	369
	312	369
	311	369
	310	368
	309	368
	309	369
.PEN_UP
.PEN_DOWN
	333	373
	333	372
	333	371
	333	370
	333	369
	333	368
	333	367
	333	366
	334	366
	334	365
	334	364
	334	363
	335	362
.PEN_UP
.PEN_DOWN
	348	379
	347	379
	346	378
	345	377
	345	376
	345	375
	346	375
	347	375
	349	375
	350	375
	351	375
	352	375
	353	375
	354	375
	356	374
	357	374
	358	373
	359	373
	359	372
	359	371
	359	370
	359	369
	359	368
	358	367
	357	366
	356	365
	355	364
	354	364
	353	364
	352	364
	351	364
	350	364
	349	365
	349	366
.PEN_UP
.PEN_DOWN
	360	387
	361	386
	361	385
	361	384
	362	383
	362	382
	362	381
	363	380
	363	378
	364	377
	364	376
	365	375
	365	374
	365	373
	365	372
	366	371
	366	370
	366	369
	366	367
	367	366
	367	365
	367	366
	367	367
	367	368
	368	369
	368	370
	368	371
	369	371
	369	372
	370	373
	371	374
	372	374
	373	374
	374	374
	375	373
	376	373
	377	372
	377	371
	377	370
	377	369
	377	368
	377	367
	377	366
	378	366
	379	366
.PEN_UP
.PEN_DOWN
	384	376
	384	375
	383	375
	383	374
	382	374
	381	374
	381	373
	381	372
	381	371
	382	370
	383	370
	383	369
	384	369
	385	368
	386	368
	387	368
	388	368
	389	369
	390	369
	390	370
	390	371
	390	372
	390	373
	389	374
	389	375
	388	375
	387	376
	386	376
	385	377
	384	377
	383	377
	383	376
	383	375
.PEN_UP
.PEN_DOWN
	395	375
	396	375
	396	374
	396	373
	396	372
	396	371
	397	370
	398	370
	399	370
	400	370
	401	370
	402	370
	403	370
	403	371
	403	372
	404	372
	404	373
	404	374
	404	375
	404	376
	404	377
	404	378
	405	378
	405	377
	405	376
	405	375
	406	374
	406	373
	406	372
	407	372
	407	371
	408	371
	408	370
	409	369
	410	369
	410	368
	411	368
	412	368
.PEN_UP
.PEN_DOWN
	413	393
	414	392
	415	391
	416	390
	416	389
	416	388
	417	387
	417	386
	417	385
	417	384
	418	383
	418	382
	418	381
	418	380
	418	379
	418	378
	418	376
	419	375
	419	374
	419	373
	419	372
	419	371
	419	370
	420	370
	420	369
	421	369
.PEN_UP
.PEN_DOWN
	431	378
	430	378
	430	377
	429	377
	428	377
	427	377
	426	376
	424	376
	424	375
	424	374
	424	373
	424	372
	425	372
	425	371
	426	370
	427	370
	428	369
	430	368
	431	368
	432	368
	433	368
.PEN_UP
.PEN_DOWN
	426	396
	427	396
	427	395
	428	395
	428	394
	428	393
	428	392
	429	391
	429	390
	429	389
	430	388
	430	387
	430	386
	430	384
	431	383
	431	382
	431	380
	431	379
	431	378
	432	376
	432	375
	432	374
	432	373
	432	372
	433	371
	433	369
	433	368
	434	368
	434	367
	434	366
	435	366
	436	366
.PEN_UP
.PEN_DOWN
	457	371
	457	370
	458	370
	458	369
	459	368
	459	367
	460	366
	461	366
	462	366
	462	365
	463	365
	464	364
	465	364
	465	363
	466	363
.PEN_UP
.PEN_DOWN
	468	374
	467	374
	467	373
	467	372
	466	372
	466	371
	466	370
	466	369
	465	367
	465	366
	465	365
	464	364
	464	363
	464	361
	464	359
	463	358
	463	357
	463	356
	463	355
	463	353
	463	352
	463	351
	463	350
	463	349
.PEN_UP
.PEN_DOWN
	474	374
	473	374
	473	373
	472	373
	472	372
	472	371
	472	370
	473	370
	473	369
	474	368
	475	368
	475	367
	476	367
	478	366
	479	366
	480	366
	481	366
	482	367
	482	368
	483	368
	483	369
	484	370
	484	371
	484	372
	484	373
	484	374
	483	375
	482	376
	482	377
	481	377
	481	378
	480	378
	479	378
	478	378
	477	378
	476	378
	475	377
.PEN_UP
.PEN_DOWN
	489	377
	489	376
	489	375
	489	374
	489	373
	489	372
	489	371
	489	370
	490	370
	490	369
	491	369
	491	368
	492	368
	493	367
	494	367
	495	368
	496	368
	496	369
	497	370
	497	371
	498	371
	498	372
	498	373
	499	374
	499	375
	499	376
	499	377
	498	377
	498	378
	498	379
	498	378
	499	378
	499	377
	499	376
	499	374
	499	373
	499	372
	500	371
	500	370
	500	369
	501	368
	501	367
	502	367
	503	367
	503	366
	504	366
.PEN_UP
.PEN_DOWN
	515	371
	515	370
	515	369
	514	369
	515	369
	515	370
.PEN_UP
.PEN_DOWN
	514	381
	514	382
	513	382
	513	383
	512	384
	512	385
	511	386
	511	387
	510	388
	510	389
	510	390
	509	390
	509	391
	509	392
	509	393
	509	394
	510	394
	512	395
	514	396
	515	397
	516	397
	517	397
	518	397
	518	398
	519	399
	520	400
	520	401
	520	402
	520	403
	519	404
	519	405
	519	406
	519	407
	518	407
	518	408
	517	408
	516	408
	514	408
	513	408
	512	408
	510	408
	509	408
	508	408
	507	408
	507	407
	506	407
	505	407
	505	406
	506	406
	507	405
.PEN_UP
.PEN_DOWN
	545	387
	545	386
	545	385
	545	384
	544	383
	544	382
	544	381
	544	380
	544	379
	544	377
	544	375
	544	374
	543	373
	543	372
	543	371
	543	370
	543	369
	543	368
	543	367
	544	367
	544	366
	545	366
	546	366
.PEN_UP
.PEN_DOWN
	557	388
	558	388
	558	387
	558	386
	558	385
	558	384
	559	383
	559	380
	559	379
	558	378
	558	377
	558	376
	558	375
	558	374
	558	373
	558	372
	558	371
	558	370
	559	370
	560	370
.PEN_UP
.PEN_DOWN
	553	379
	554	379
	555	379
	556	378
	557	378
	558	378
	559	377
	561	377
	562	377
	563	377
.PEN_UP
.PEN_DOWN
	572	385
	572	384
	573	384
	573	383
.PEN_UP
.PEN_DOWN
	581	383
	581	382
	581	381
	580	381
	579	380
	578	380
	577	380
	576	380
	575	380
	575	379
	575	378
	576	378
	576	377
	577	377
	579	376
	580	375
	581	375
	581	374
	582	373
	582	372
	583	371
	583	370
	583	369
	582	369
	581	367
	580	367
	579	367
	577	367
	576	367
	575	367
	574	367
	573	367
	572	367
	571	367
.PEN_UP
