
.WRITER_ID BillRivard
.STYLE PRINTED
.PEN_DOWN
	79	393
	80	393
	80	394
	80	393
	80	392
	79	391
	79	389
	79	387
	79	385
	79	384
	79	383
	79	381
	79	380
	78	378
	78	377
	78	376
	78	375
	78	374
	78	373
	78	372
	78	371
.PEN_UP
.PEN_DOWN
	68	388
	69	388
	69	389
	71	389
	72	390
	74	390
	76	391
	77	391
	78	391
	80	391
	81	392
	82	392
	83	392
	84	393
	85	393
	86	393
	87	393
	87	392
.PEN_UP
.PEN_DOWN
	93	394
	94	394
	94	393
	94	392
	94	391
	94	390
	94	389
	93	388
	93	387
	93	386
	93	385
	93	383
	93	382
	92	380
	92	379
	92	377
	92	376
	91	375
	91	373
	91	372
	91	371
.PEN_UP
.PEN_DOWN
	104	396
	105	396
	105	395
	105	394
	105	393
	105	392
	105	391
	105	390
	104	389
	104	387
	104	386
	104	385
	104	383
	103	382
	103	381
	103	380
	103	379
	103	378
	103	377
	102	376
	102	375
	102	374
.PEN_UP
.PEN_DOWN
	93	385
	93	384
	94	384
	95	384
	96	384
	97	385
	98	385
	100	385
	101	385
	102	385
	103	385
	104	385
	105	385
.PEN_UP
.PEN_DOWN
	120	396
	121	396
	120	396
	120	395
	119	394
	118	393
	118	392
	117	391
	117	390
	116	390
	116	389
	116	388
	115	387
	115	386
	114	384
	114	383
	114	382
	114	381
	114	380
	114	379
	114	378
	114	377
	114	376
	115	375
	116	374
	117	374
	118	374
	119	373
	120	373
	121	373
	122	373
	123	374
	124	374
	125	374
	126	374
.PEN_UP
.PEN_DOWN
	118	386
	118	385
	119	385
	120	385
	121	385
	122	385
	123	385
	124	385
	125	385
	126	385
	127	385
.PEN_UP
.PEN_DOWN
	119	395
	120	395
	121	395
	121	396
	122	396
	123	396
	124	396
	125	396
	126	396
	128	396
	129	396
	130	396
	131	396
.PEN_UP
.PEN_DOWN
	160	389
	160	390
	160	391
	160	392
	159	392
	159	393
	158	393
	157	393
	156	393
	155	393
	154	392
	153	392
	153	391
	152	391
	152	390
	151	390
	151	389
	151	388
	152	387
	153	386
	154	385
	155	385
	156	385
	156	384
	157	384
	158	383
	159	382
	160	382
	160	381
	160	380
	161	379
	161	378
	161	377
	161	376
	160	376
	160	375
	159	374
	158	373
	157	373
	156	372
	155	372
	154	372
	153	372
	152	373
	151	373
.PEN_UP
.PEN_DOWN
	166	389
	167	389
	168	389
	168	390
	168	389
	167	389
	167	388
	167	386
	167	385
	167	384
	167	383
	166	382
	166	381
	166	380
	166	379
	166	377
	166	376
	166	375
	167	374
	167	373
	168	372
	169	372
	170	372
	170	373
	172	374
	172	375
	173	376
	174	377
	175	378
	175	380
	176	381
	177	382
	177	383
	177	384
	178	385
	178	388
	178	389
	179	389
	179	390
	180	389
	180	388
	180	387
	180	386
	180	385
	180	384
	181	383
	181	382
	181	381
	182	380
	182	379
	182	377
	182	376
.PEN_UP
.PEN_DOWN
	187	373
	188	373
	188	374
	189	374
	189	375
	189	376
	190	376
	190	377
	191	378
	192	380
	192	381
	193	382
	193	383
	194	384
	194	385
	195	386
	195	387
	196	387
	196	386
	196	385
	197	384
	197	383
	197	382
	197	380
	197	379
	197	378
	197	377
	197	376
	198	375
	198	374
	198	373
	199	373
	199	372
	200	372
	201	371
	202	371
	203	371
	204	371
	205	372
	206	372
	206	373
	207	373
	207	374
	207	376
	208	377
	208	378
	208	379
	208	380
	208	381
	208	382
	208	384
	208	385
	208	386
	208	387
	208	388
	208	390
	207	391
	207	392
	207	393
	207	392
	207	391
.PEN_UP
.PEN_DOWN
	244	385
	245	385
	245	386
	245	387
	246	388
	246	389
	246	390
	245	390
	244	390
	243	390
	242	390
	241	389
	240	388
	239	387
	238	386
	237	385
	237	384
	235	381
	235	380
	235	379
	235	377
	236	376
	236	375
	237	374
	238	374
	239	373
	239	372
	240	371
	241	371
	243	370
	244	370
	245	370
	246	370
	247	370
	248	370
	249	370
.PEN_UP
.PEN_DOWN
	256	372
	256	371
	256	372
	256	373
	256	374
	256	375
	256	376
	257	377
	257	378
	257	379
	257	380
	257	382
	258	383
	258	385
	259	386
	259	387
	260	389
	261	389
	261	390
	262	390
	263	391
	264	391
	265	391
	265	390
	266	390
	266	389
	267	388
	267	387
	268	386
	268	385
	268	384
	269	383
	269	382
	269	381
	270	379
	270	377
	271	376
	271	375
	271	374
	271	373
	272	373
	272	372
.PEN_UP
.PEN_DOWN
	257	380
	258	380
	259	379
	260	379
	261	379
	262	379
	264	379
	266	378
	267	378
	268	378
.PEN_UP
.PEN_DOWN
	277	390
	278	390
	278	389
	278	388
	278	387
	278	386
	278	385
	277	384
	277	383
	277	382
	277	381
	277	379
	277	377
	277	376
	277	375
	278	374
	278	373
	279	373
	280	373
	281	373
	282	374
	283	374
	283	375
	284	376
	285	377
	285	378
	286	379
	286	380
	287	381
	288	383
	288	385
	288	386
	289	387
	289	388
	289	389
	289	390
	289	389
	289	388
	289	387
	289	386
	289	385
	289	384
	290	383
	290	382
	290	381
	290	380
	291	378
	291	377
	291	376
	292	375
	292	374
.PEN_UP
.PEN_DOWN
	307	390
	307	391
	306	392
	305	392
	304	391
	303	391
	302	390
	301	389
	301	388
	301	387
	301	386
	301	385
	302	384
	303	384
	304	383
	305	383
	306	382
	307	382
	307	381
	308	381
	309	381
	309	380
	310	380
	311	379
	311	378
	311	377
	310	377
	309	376
	308	375
	307	375
	307	374
	306	373
	304	372
	303	372
	303	371
.PEN_UP
.PEN_DOWN
	320	388
	321	388
	321	387
	321	386
	320	385
	320	384
	319	383
	319	382
	319	381
	319	380
	319	378
	319	377
	319	375
	319	374
	319	373
	319	372
	320	371
	320	370
	321	370
	322	370
	324	370
	325	370
	326	370
	327	371
.PEN_UP
.PEN_DOWN
	321	378
	322	378
	323	378
	324	378
	325	378
	326	378
.PEN_UP
.PEN_DOWN
	322	387
	323	387
	324	387
	325	387
	326	387
	327	387
	328	387
.PEN_UP
.PEN_DOWN
	339	392
	339	391
	339	390
	338	390
	338	389
	338	388
	338	387
	338	386
	338	385
	338	383
	338	382
	338	381
	338	380
	337	379
	337	377
	337	376
	336	374
	336	373
	336	372
.PEN_UP
.PEN_DOWN
	337	391
	338	390
	339	390
	340	390
	341	390
	342	390
	343	389
	344	389
	345	389
	346	388
	347	388
	347	387
	348	387
	349	386
	349	385
	350	385
	350	384
	350	383
	350	382
	350	381
	349	380
	348	379
	347	378
	347	377
	346	376
	345	376
	343	376
	342	375
	341	375
	340	374
	339	374
	338	374
	337	374
	335	373
	334	373
.PEN_UP
.PEN_DOWN
	387	368
	387	369
	387	370
	387	371
	387	372
	387	373
	387	374
	387	375
	387	376
	387	377
	387	378
	388	379
	388	381
	388	383
	389	384
	389	385
	390	386
	390	387
	390	388
	391	388
	391	389
	392	390
	393	390
	394	390
	395	390
	396	390
	397	390
	398	389
	399	388
	399	387
	400	387
	400	386
	400	385
	400	384
	401	383
	401	381
	401	380
	401	378
	401	377
	401	375
	401	374
	401	373
	400	373
	400	372
	400	371
	400	370
	400	369
.PEN_UP
.PEN_DOWN
	390	379
	389	379
	390	379
	391	379
	392	379
	393	379
	394	379
	395	379
	396	379
	397	379
	398	379
	399	379
	400	379
.PEN_UP
.PEN_DOWN
	443	385
	444	385
	444	386
	445	386
	445	387
	445	388
	445	389
	445	388
	444	385
	444	384
	444	382
	443	381
	442	380
	442	378
	442	377
	441	376
	441	374
	440	373
	440	372
	439	372
	439	370
	438	370
	438	369
	439	369
	439	370
.PEN_UP
.PEN_DOWN
	444	389
	445	389
	445	390
	446	391
	447	391
	448	392
	449	392
	450	392
	451	392
	452	392
	453	392
	454	392
	455	393
	457	393
	458	393
.PEN_UP
.PEN_DOWN
	441	381
	442	381
	442	380
	443	380
	444	380
	445	380
	446	380
	447	381
	448	381
	449	381
.PEN_UP
.PEN_DOWN
	465	390
	465	389
	464	389
	464	388
	464	387
	463	385
	463	384
	462	383
	462	381
	461	380
	461	378
	460	377
	460	376
	459	374
	459	373
	458	372
	458	370
	458	369
.PEN_UP
.PEN_DOWN
	464	387
	464	388
	465	388
	465	389
	466	389
	467	390
	468	390
	469	390
	470	390
	470	391
	471	391
	472	391
	473	392
	474	392
	476	393
	477	393
	478	393
	478	392
	477	392
	476	391
	476	390
	475	390
	474	389
	473	389
	472	388
	471	387
	470	386
	469	385
	468	385
	467	384
	467	383
	466	381
	465	381
	465	380
	465	379
	465	378
	465	377
	466	377
	466	376
	467	375
	468	375
	468	374
	469	374
	469	373
	470	372
	471	372
	471	371
	472	371
	472	370
	473	370
	473	369
	474	369
.PEN_UP
.PEN_DOWN
	482	369
	483	370
	483	371
	483	372
	483	373
	484	374
	484	375
	484	376
	485	377
	485	378
	486	379
	486	381
	486	382
	487	384
	488	385
	489	386
	489	387
	490	388
	491	389
	492	390
	493	390
	493	389
	494	389
	494	388
	495	387
	495	386
	495	385
	495	384
	496	383
	496	382
	496	381
	496	379
	496	378
	496	377
	497	376
	497	375
	497	374
	497	373
	497	372
	497	371
	497	370
	497	371
.PEN_UP
.PEN_DOWN
	486	377
	487	377
	488	377
	489	378
	490	378
	491	378
	492	378
	493	378
	494	378
	495	378
.PEN_UP
.PEN_DOWN
	515	390
	516	390
	516	391
	515	390
	514	389
	513	388
	512	387
	511	386
	510	385
	510	384
	509	383
	509	381
	508	380
	507	378
	507	377
	507	376
	507	375
	508	374
	508	373
	509	372
	510	372
	511	372
	512	371
	513	371
	514	371
	516	371
	517	371
	518	371
	520	371
	521	372
.PEN_UP
.PEN_DOWN
	514	378
	515	378
	515	379
	516	379
	517	379
	518	380
	519	381
	520	381
	521	382
	522	382
	523	383
	524	383
	525	384
	527	385
	528	386
	529	386
	530	386
	530	385
	530	383
	530	382
	530	381
	530	380
	530	379
	530	378
	530	377
	529	376
	529	375
	529	373
	529	372
.PEN_UP
.PEN_DOWN
	542	391
	542	392
	542	391
	542	390
	542	389
	542	386
	542	385
	541	384
	541	382
	541	381
	541	380
	540	378
	540	377
	540	376
	540	375
	540	374
	540	375
	541	375
	541	376
	542	376
	542	377
	543	378
	544	380
	545	381
	546	382
	546	384
	548	385
	548	386
	549	388
	550	389
	551	390
	551	391
	552	392
	553	393
	554	393
	554	392
	554	391
	554	390
	554	389
	554	387
	554	385
	554	383
	554	382
	554	381
	554	380
	554	379
	555	379
	556	380
	556	381
	557	381
	558	382
	559	383
	560	384
	560	385
	562	387
	563	389
	564	390
	565	391
	565	392
	566	393
	566	394
	566	393
	566	392
	566	391
	566	390
	566	389
	566	388
	566	386
	566	385
	566	384
	566	383
	566	381
	566	380
	566	378
	566	377
	566	376
.PEN_UP
.PEN_DOWN
	583	392
	582	391
	581	390
	580	389
	580	388
	579	387
	578	386
	578	385
	578	384
	577	383
	577	381
	577	380
	577	379
	577	377
	578	377
	578	376
	579	376
	579	375
	580	375
	581	375
	582	375
	583	375
	584	375
	586	375
	587	376
.PEN_UP
.PEN_DOWN
	581	385
	581	384
	582	384
	582	383
	583	383
	584	383
	585	383
	586	383
	587	383
	588	383
	589	383
	590	383
.PEN_UP
.PEN_DOWN
	580	390
	581	390
	582	390
	583	390
	584	391
	585	391
	587	391
	588	391
	590	392
	591	392
	592	392
	593	393
.PEN_UP
.PEN_DOWN
	597	376
	597	377
	598	377
	599	378
	599	379
	600	380
	600	381
	600	382
	601	383
	601	384
	602	385
	602	386
	604	389
	605	390
	605	391
	606	392
	607	392
	607	393
	607	392
	606	391
	606	390
	606	389
	606	388
	606	386
	606	385
	606	384
	606	383
	606	381
	606	380
	606	378
	607	377
	607	376
	608	375
	609	375
	610	375
	611	375
	612	376
	613	376
	614	378
	615	379
	616	380
	617	381
	617	382
	618	383
	618	385
	618	386
	618	387
	618	388
	618	389
	618	390
	618	392
	617	393
	617	394
.PEN_UP
.PEN_DOWN
	633	396
	633	395
	632	395
	631	393
	631	392
	631	390
	630	389
	630	388
	630	387
	629	385
	629	384
	629	383
	629	381
	628	379
	628	378
	627	377
	627	376
	627	375
	626	374
	626	373
.PEN_UP
.PEN_DOWN
	615	395
	615	394
	616	394
	617	394
	618	394
	619	394
	621	393
	622	393
	623	393
	625	393
	627	393
	628	392
	632	392
	634	392
	636	392
	637	392
	638	392
	640	392
	641	392
	642	392
.PEN_UP
