
.WRITER_ID BillRivard
.STYLE PRINTED
.PEN_DOWN
	95	404
	94	404
	93	404
	92	404
	92	403
	91	402
	90	400
	90	399
	89	398
	89	396
	88	395
	88	394
	88	392
	88	391
	87	390
	87	388
	87	387
	87	385
	86	382
	86	381
	86	380
	86	379
	86	378
	86	377
	86	376
	86	375
	85	374
	85	373
	85	372
.PEN_UP
.PEN_DOWN
	77	384
	78	384
	78	385
	79	385
	79	386
	80	386
	80	387
	81	387
	82	386
	84	386
	85	386
	86	386
	87	386
	88	386
	89	386
.PEN_UP
.PEN_DOWN
	107	375
	108	375
	110	376
	111	376
	112	377
	112	378
	113	378
	114	379
	114	380
	114	381
	115	381
	115	383
	115	384
	115	385
	114	385
	114	386
	113	386
	112	386
	111	386
	110	386
	109	385
	108	385
	106	383
	106	382
	105	381
	105	380
	105	379
	105	377
	105	376
	106	376
	106	375
	107	374
	108	374
	110	373
	111	373
	112	372
	113	372
	114	372
	115	372
	116	372
	117	372
.PEN_UP
.PEN_DOWN
	131	385
	132	385
	132	386
	132	385
	132	384
	132	383
	131	382
	131	381
	131	380
	131	378
	131	377
	132	376
	132	375
	133	375
	133	374
	134	374
	134	375
	135	376
	136	376
	136	377
	137	378
	137	379
	138	380
	138	381
	139	381
	139	382
	139	383
	140	384
	140	385
	140	384
	140	383
	141	382
	141	381
	142	380
	143	379
	143	378
	144	378
	145	377
	146	377
	147	377
	148	377
	149	377
	150	377
	151	378
	152	379
	152	380
	153	381
	153	382
	153	383
	153	384
	153	385
	153	386
	153	387
	153	388
.PEN_UP
.PEN_DOWN
	187	384
	188	384
	189	385
	189	386
	189	387
	188	387
	187	387
	185	387
	184	386
	183	386
	183	385
	182	384
	180	382
	180	381
	180	380
	180	379
	180	378
	180	377
	181	377
	182	377
	183	377
	185	378
	186	378
	187	379
	188	380
	189	381
	190	382
	190	383
	191	383
	191	384
	191	385
	190	385
	190	384
	190	383
	189	381
	188	380
	188	378
	187	376
	187	374
	186	372
	185	370
	185	368
	184	364
	184	362
	184	360
	183	358
	183	357
	183	355
	183	354
	183	353
	184	352
	184	351
	184	352
	185	352
	185	353
	186	354
	187	355
	187	357
	187	358
	188	359
	188	360
	188	363
	188	364
	188	365
	188	366
	188	367
	188	368
	188	369
	189	370
.PEN_UP
.PEN_DOWN
	206	385
	207	386
	207	387
	207	386
	206	386
	206	385
	206	382
	206	381
	206	379
	206	378
	205	376
	205	375
	205	374
	205	373
	205	372
	206	372
	206	371
	206	370
	207	370
	208	370
	209	371
	210	372
	211	373
	211	374
	212	375
	213	377
	214	378
	215	380
	216	381
	216	382
	216	383
	217	384
	217	385
	218	386
	218	387
	219	387
	219	386
	219	385
	219	383
	220	382
	220	381
	220	380
	220	379
	221	376
	221	375
	221	374
	222	373
	222	372
	223	371
.PEN_UP
.PEN_DOWN
	240	385
	239	385
	239	384
	239	383
	239	381
	238	379
	238	378
	238	376
	238	375
	237	374
	237	373
	237	372
	237	371
	238	369
.PEN_UP
.PEN_DOWN
	243	399
	244	399
	245	399
	245	398
.PEN_UP
.PEN_DOWN
	263	378
	263	379
	263	380
	263	381
	263	380
	262	378
	262	377
	262	376
	262	374
	261	372
	261	371
	260	369
	259	367
	259	366
	258	364
	257	363
	257	361
	256	359
	255	358
	255	357
	254	357
	254	356
	253	356
	252	357
	252	358
	252	359
	252	361
	252	363
	252	364
	253	366
	253	368
	254	370
	255	372
	255	374
	257	377
	257	379
	259	383
	261	385
	262	386
	263	387
	264	388
	265	388
	266	388
	267	388
	268	388
	269	388
	269	387
	270	387
	272	385
	273	385
	273	383
	273	382
	273	381
	273	379
	273	378
	272	377
	272	376
	271	375
	270	374
	267	373
	266	372
	265	372
	264	372
	263	372
	262	372
	261	372
.PEN_UP
.PEN_DOWN
	290	383
	291	383
	292	384
	293	385
	294	385
	294	386
	294	387
	294	388
	293	389
	292	389
	291	389
	290	389
	289	388
	288	387
	287	387
	286	386
	285	385
	285	384
	285	383
	285	382
	285	381
	285	380
	286	379
	287	378
	288	378
	289	378
	290	378
	290	377
	291	377
	291	376
	291	375
	291	374
	290	374
	290	373
	289	372
	288	372
	287	372
	286	371
	285	371
	284	371
	283	370
	282	370
	281	370
.PEN_UP
.PEN_DOWN
	347	376
	347	377
	347	378
	347	379
	346	379
	345	379
	344	379
	343	379
	342	379
	341	378
	340	377
	339	377
	338	376
	337	375
	337	374
	336	372
	336	371
	336	370
	336	369
	337	369
	338	369
	339	369
	340	370
	342	371
	343	372
	344	372
	345	373
	346	374
	347	375
	347	376
	348	376
	348	377
	348	376
	348	375
	347	374
	347	372
	347	371
	346	369
	346	368
	346	367
	346	366
	345	363
	345	361
	345	360
	344	358
	344	357
	343	355
	343	354
	342	352
	342	351
	341	349
	341	348
	340	345
	339	343
	339	342
	338	340
	337	339
	337	338
	336	337
	336	336
	335	336
	334	336
	334	337
	334	338
	334	339
	332	340
	332	341
	332	342
	332	344
	333	345
	334	347
	334	349
	336	354
	337	356
	338	358
	339	360
	340	361
	342	363
	343	364
	344	365
	346	366
	347	366
	349	367
	351	367
	353	368
	354	368
	355	369
	356	369
	357	369
	358	369
	359	368
.PEN_UP
.PEN_DOWN
	377	377
	377	378
	377	379
	377	380
	376	381
	376	382
	375	382
	374	382
	373	382
	372	382
	371	381
	370	380
	369	380
	369	378
	368	377
	366	375
	366	373
	365	372
	365	370
	365	369
	365	368
	365	367
	366	367
	368	367
	369	368
	370	368
	371	369
	371	370
	372	371
	372	372
	373	373
	373	374
	374	375
	374	376
	374	378
	375	380
	375	381
	375	380
	375	379
	375	376
	375	375
	375	374
	375	373
	375	372
	375	371
	375	370
	375	369
	375	368
	375	367
.PEN_UP
.PEN_DOWN
	396	402
	396	401
	396	400
	396	399
	395	398
	394	397
	394	395
	393	394
	393	392
	392	391
	392	389
	391	388
	391	386
	390	385
	389	382
	389	381
	388	380
	387	379
	387	378
	386	377
	386	376
	386	375
	385	374
.PEN_UP
.PEN_DOWN
	408	389
	408	390
	407	389
	406	388
	406	387
	405	385
	404	385
	404	383
	404	382
	404	381
	404	379
	404	378
	404	376
	404	375
	404	374
	404	373
	404	372
	404	371
	405	371
	406	370
	407	370
	408	370
	409	371
	410	371
	410	372
	411	373
	412	374
	413	375
	413	376
	414	376
	415	377
	415	378
	415	380
	416	381
	416	382
	417	383
	417	384
	418	385
	419	386
.PEN_UP
.PEN_DOWN
	433	386
	433	387
	433	388
	432	388
	431	388
	430	388
	429	388
	428	387
	428	386
	427	386
	426	385
	426	384
	425	382
	425	381
	425	380
	425	379
	425	378
	425	377
	425	376
	426	375
	427	375
	428	375
	428	376
	429	376
	430	377
	432	379
	432	380
	433	381
	433	383
	434	383
	435	384
	435	385
	435	384
	434	383
	434	382
	434	381
	433	380
	433	379
	433	378
	433	376
	432	376
	432	374
	432	373
	432	371
	432	370
	432	369
	432	368
.PEN_UP
.PEN_DOWN
	451	388
	451	387
	451	386
	450	385
	450	384
	450	383
	450	381
	450	380
	449	379
	449	377
	449	375
	448	374
	448	372
	448	371
	448	370
	448	371
	448	372
	448	373
	449	374
	449	375
	450	376
	451	376
	452	377
	453	379
	454	380
	456	383
	457	384
	458	385
	459	386
	460	386
	461	386
	461	384
	461	383
	461	382
	461	381
	461	380
	461	379
	461	377
	460	376
	460	375
	460	374
	459	373
	459	372
	459	371
	459	370
	460	369
.PEN_UP
.PEN_DOWN
	477	384
	478	384
	478	383
	477	383
	477	382
	476	381
	476	380
	476	379
	476	378
	475	376
	475	375
	475	374
	474	373
	473	371
	473	370
	472	369
	472	368
	472	367
	472	366
	472	365
	473	365
.PEN_UP
.PEN_DOWN
	480	394
	480	395
	479	395
	479	396
	480	396
	481	396
	482	396
	483	396
.PEN_UP
.PEN_DOWN
	489	389
	489	390
	490	390
	491	390
	492	389
	493	389
	493	388
	494	387
	494	386
	494	385
	494	384
	494	383
	493	382
	493	381
	492	381
	492	380
	491	379
	490	377
	490	376
	489	375
	489	374
	489	373
	489	372
	488	371
	488	370
	488	369
	488	368
	489	367
	489	366
	490	366
	491	366
	492	366
	493	365
	494	365
	495	365
	496	365
	497	365
.PEN_UP
.PEN_DOWN
	506	376
	507	376
	508	376
	509	376
	509	377
	510	377
	511	377
	512	377
	512	378
	513	378
	513	379
	514	380
	514	381
	514	382
	513	383
	512	384
	511	384
	510	384
	509	383
	508	383
	507	382
	506	381
	505	381
	505	379
	504	378
	504	377
	504	376
	504	375
	504	374
	505	373
	505	372
	506	371
	507	370
	508	369
	510	368
	511	368
	512	368
	513	368
	514	368
	515	368
.PEN_UP
.PEN_DOWN
	539	399
	539	398
	539	397
	539	396
	539	395
	538	394
	538	392
	537	390
	537	389
	537	388
	536	386
	536	385
	535	384
	535	382
	535	381
	534	380
	534	379
	534	378
	534	377
	533	375
	533	374
	533	373
	533	374
	534	375
	534	376
	534	377
	534	378
	534	379
	534	380
	534	381
	534	382
	533	383
	531	384
	530	384
	529	384
	528	384
	526	384
	525	384
	524	384
	524	383
	523	382
	522	381
	521	380
	521	379
	521	378
	521	377
	521	376
	522	375
	523	375
	523	374
	524	374
	524	373
	526	373
	529	372
	530	372
	532	372
	534	372
	535	372
.PEN_UP
