
.WRITER_ID BillRivard
.STYLE PRINTED
.PEN_DOWN
	78	367
	78	366
	78	367
	78	368
	78	369
	78	370
	78	371
	78	372
	79	372
	79	374
	80	376
	80	377
	80	379
	81	380
	81	381
	81	382
	82	384
	82	385
	82	386
	83	387
	83	388
	84	390
	84	391
	85	392
	86	392
	86	393
	86	394
	87	394
	87	395
	88	395
	89	394
	89	393
	89	392
	90	391
	90	390
	91	389
	91	388
	91	387
	91	386
	92	385
	92	383
	92	382
	92	381
	93	381
	93	379
	93	377
	94	377
	94	376
	94	375
	94	374
	95	373
	95	372
	95	371
	96	371
	96	370
	96	369
	97	369
	97	370
.PEN_UP
.PEN_DOWN
	84	379
	83	379
	84	379
	84	380
	85	380
	86	380
	87	380
	88	380
	89	380
	90	380
	91	380
	92	380
	93	380
	94	380
.PEN_UP
.PEN_DOWN
	105	380
	105	381
	104	381
	103	381
	102	381
	102	380
	101	380
	100	380
	100	379
	99	378
	99	377
	98	376
	98	375
	98	374
	98	373
	98	372
	99	371
	100	371
	100	370
	101	370
	102	369
	103	369
	104	369
	106	369
	107	369
	108	369
	109	370
	110	370
	111	370
	112	370
.PEN_UP
.PEN_DOWN
	124	380
	125	380
	125	381
	124	381
	124	382
	123	382
	122	382
	121	382
	120	382
	119	382
	119	381
	118	381
	117	381
	117	380
	116	379
	116	378
	115	377
	115	376
	115	375
	115	374
	116	373
	117	373
	118	372
	119	372
	120	372
	120	373
	121	373
	122	373
	123	374
	124	375
	125	375
	125	376
	126	377
	126	378
	127	378
	127	379
	127	380
	127	381
	126	381
	126	380
	125	379
	125	378
	125	377
	124	376
	124	375
	123	374
	123	372
	123	370
	122	367
	122	365
	121	363
	121	361
	121	359
	121	358
	121	357
	121	355
	122	354
	122	353
	123	352
	124	351
	125	351
	126	351
	127	351
	128	352
	128	353
	129	354
	130	354
	131	356
	131	357
	131	358
	131	359
	131	361
	131	362
	131	363
	131	364
	131	366
	131	367
	131	368
	130	369
	129	369
	129	370
.PEN_UP
.PEN_DOWN
	138	378
	139	379
	139	380
	138	379
	138	378
	138	377
	138	376
	138	375
	138	374
	138	373
	138	372
	138	371
	138	370
	139	370
	139	369
	140	369
	141	369
	142	369
	143	369
	144	370
	145	371
	146	372
	147	373
	147	374
	148	375
	148	376
	149	377
	149	378
	150	380
	150	381
	150	382
	150	383
	150	384
	150	385
	150	384
	151	383
	151	382
	151	381
	151	380
	152	379
	152	378
	153	377
	153	376
	154	374
	154	373
	155	372
.PEN_UP
.PEN_DOWN
	160	383
	161	383
	161	384
	161	383
	161	382
	161	381
	161	380
	161	379
	161	378
	161	377
	162	377
	162	376
	162	375
	162	374
	163	373
	163	372
	163	371
	163	370
.PEN_UP
.PEN_DOWN
	161	391
	161	392
	162	393
	162	394
	162	395
	161	395
	161	394
	161	393
	161	392
.PEN_UP
.PEN_DOWN
	170	384
	170	385
	170	386
	171	385
	171	384
	171	383
	171	382
	171	381
	171	380
	171	379
	171	377
	171	376
	171	375
	171	374
	171	373
	171	374
	172	375
	172	376
	172	378
	173	379
	173	380
	174	381
	174	382
	175	385
	176	385
	176	386
	176	387
	177	387
	177	388
	178	388
	179	388
	180	388
	180	387
	181	387
	182	387
	182	386
	183	386
	183	385
	183	384
	184	384
	184	383
.PEN_UP
.PEN_DOWN
	190	380
	191	379
	192	379
	193	379
	194	379
	194	380
	195	380
	196	380
	196	381
	197	381
	197	382
	197	383
	197	384
	197	385
	197	386
	196	386
	195	386
	194	386
	193	386
	192	386
	190	385
	189	385
	188	384
	187	384
	187	383
	186	382
	186	381
	185	381
	185	380
	185	379
	185	378
	186	377
	187	376
	188	376
	188	375
	189	375
	190	374
	191	374
	192	373
	193	373
	194	373
	195	372
	196	372
	197	372
	198	372
	199	372
	200	372
	201	372
.PEN_UP
.PEN_DOWN
	219	389
	219	390
	219	391
	220	391
	220	392
	221	392
	222	392
	223	393
	224	393
	225	393
	227	393
	228	393
	229	393
	231	393
	232	393
	233	393
	234	393
	234	392
	234	391
	233	390
	232	389
	231	388
	230	386
	229	385
	227	384
	226	382
	225	381
	224	380
	223	378
	223	377
	222	376
	222	375
	222	373
	222	372
	223	372
	223	371
	224	371
	225	371
	227	370
	228	370
	230	370
	231	370
	233	371
	234	371
	235	371
	236	371
	236	372
	237	372
	238	372
.PEN_UP
.PEN_DOWN
	252	391
	252	392
	252	393
	251	393
	250	393
	249	393
	248	393
	247	393
	247	392
	246	392
	246	391
	247	391
	248	391
	249	391
	250	391
	251	391
	252	391
	252	392
	253	392
	253	393
	254	393
	255	394
.PEN_UP
.PEN_DOWN
	261	393
	261	392
	260	391
	259	390
	259	389
	258	388
	257	386
	256	385
	255	384
	253	381
	252	379
	251	378
	250	377
	250	376
	249	374
	248	373
	247	372
	247	371
.PEN_UP
.PEN_DOWN
	258	376
	257	376
	257	375
	256	374
	256	373
	255	373
	255	372
	255	371
	255	370
	256	370
	256	369
	257	369
	258	369
	259	369
	260	370
	261	370
	261	371
	262	371
	262	372
	263	372
	263	373
	263	374
	262	375
	262	376
	261	376
.PEN_UP
.PEN_DOWN
	290	391
	291	391
	291	392
	291	393
	292	393
	292	394
	292	393
	292	392
	292	391
	292	390
	292	389
	292	387
	292	384
	292	382
	292	380
	293	378
	293	376
	293	375
	293	374
	293	373
	294	372
	294	371
	294	372
	295	372
	295	373
	296	374
	296	375
	297	376
	297	377
	298	378
	299	382
	299	384
	300	386
	301	389
	301	391
	301	393
	302	394
	302	396
	302	397
	302	398
	303	398
	303	397
	303	396
	303	395
	304	394
	304	393
	304	391
	304	390
	304	388
	304	384
	304	383
	304	381
	304	380
	304	378
	304	377
	304	376
	305	375
	305	376
	306	376
	306	377
	307	378
	308	379
	308	380
	309	382
	310	383
	310	385
	311	386
	312	388
	313	391
	313	393
	314	394
	314	395
	314	396
	314	397
	315	396
	315	395
	315	394
	315	393
	315	391
	316	390
	316	389
	316	388
	317	386
	317	385
	317	384
	317	382
	317	381
	317	380
	317	379
	317	378
	318	378
	318	377
.PEN_UP
.PEN_DOWN
	332	393
	333	393
	333	392
	333	391
	333	390
	333	389
	333	388
	333	387
	332	386
	332	385
	332	384
	331	382
	331	381
	331	380
	331	379
	330	379
	330	378
	330	377
.PEN_UP
.PEN_DOWN
	327	397
	328	397
	328	398
	329	398
	331	398
	332	398
	333	398
	334	398
	335	398
	336	398
	337	398
	338	399
	339	399
	340	399
.PEN_UP
.PEN_DOWN
	322	376
	322	375
	323	375
	324	375
	325	375
	325	376
	326	376
	327	376
	328	376
	329	376
	331	377
	333	377
	334	377
	336	378
	337	378
	338	378
	339	378
	340	378
	341	378
.PEN_UP
.PEN_DOWN
	349	394
	350	395
	350	396
	350	397
	350	396
	350	395
	349	395
	349	394
	349	393
	349	392
	348	391
	348	390
	348	389
	348	387
	348	386
	347	385
	347	384
	347	383
	347	382
	347	381
	347	380
	348	379
	349	378
	351	378
	352	378
	353	378
	354	378
	355	378
	356	378
	357	379
	358	379
	359	379
	360	379
	361	379
.PEN_UP
.PEN_DOWN
	373	397
	374	397
	374	396
	374	395
	374	394
	374	393
	374	392
	374	391
	373	388
	373	387
	373	385
	373	384
	372	383
	372	381
	371	380
	371	379
	370	378
	370	377
	370	376
	370	375
	370	374
.PEN_UP
.PEN_DOWN
	386	394
	385	393
	384	393
	383	392
	382	392
	381	392
	380	391
	379	391
	379	390
	377	390
	376	390
	375	389
	374	389
	374	388
	373	388
	373	387
	373	386
	373	385
	374	385
	375	384
	376	383
	377	382
	378	382
	379	381
	380	381
	381	381
	382	379
	383	379
	384	379
	385	378
	386	377
.PEN_UP
.PEN_DOWN
	421	394
	422	395
	422	396
	422	397
	422	398
	422	399
	421	399
	421	400
	420	400
	419	400
	418	400
	417	400
	416	400
	415	399
	414	399
	414	398
	413	397
	413	396
	412	395
	412	394
	412	392
	412	390
	412	389
	412	388
	412	386
	413	385
	413	384
	413	382
	413	381
	413	380
	413	379
	413	378
	413	376
	413	375
	414	374
	414	373
	414	372
.PEN_UP
.PEN_DOWN
	406	383
	407	383
	408	383
	409	383
	410	383
	411	383
	413	383
	415	383
	416	383
	417	383
	418	384
	419	384
	420	384
.PEN_UP
.PEN_DOWN
	427	384
	426	384
	426	383
	425	382
	424	381
	423	380
	423	379
	423	378
	423	377
	423	376
	423	375
	424	375
	424	374
	425	374
	426	374
	427	374
	428	375
	429	375
	430	376
	431	377
	431	378
	431	379
	431	380
	430	381
	430	382
	429	382
	428	383
.PEN_UP
.PEN_DOWN
	442	381
	443	381
	443	380
	443	379
	444	378
	444	377
	444	376
	444	375
	444	374
	445	374
	445	373
	445	372
	445	371
	444	371
	443	372
	442	372
	442	373
	442	374
	442	375
	442	376
	442	377
	442	378
	443	378
	443	379
	444	380
	445	381
	446	381
	447	381
	448	381
	448	382
	449	382
	450	382
	451	382
	452	381
	453	381
	454	381
.PEN_UP
.PEN_DOWN
	491	395
	492	396
	493	396
	493	397
	493	398
	492	397
	492	396
	491	396
	490	395
	489	394
	488	394
	487	393
	487	392
	486	391
	485	390
	484	390
	483	389
	483	388
	482	388
	482	387
	482	386
	481	386
	481	385
	480	385
	481	385
	481	384
	482	384
	483	384
	484	384
	485	383
	487	382
	488	382
	489	382
	491	381
	492	381
	493	381
	494	380
	494	379
	495	379
	495	378
	495	377
	496	377
.PEN_UP
.PEN_DOWN
	515	398
	514	398
	514	397
	513	397
	512	396
	511	395
	510	395
	509	394
	508	394
	507	393
	506	393
	506	392
	505	392
	505	391
	504	391
	503	390
	503	389
	503	388
	504	388
	505	387
	506	387
	507	386
	508	386
	509	385
	510	384
	511	384
	512	383
	513	383
	513	382
	514	382
	514	381
	515	380
	515	379
.PEN_UP
.PEN_DOWN
	552	390
	552	391
	552	392
	552	393
	551	393
	551	394
	550	394
	549	394
	548	394
	547	394
	546	394
	544	394
	543	394
	542	394
	541	394
	540	394
	539	393
	539	392
	539	391
	540	390
	541	389
	542	389
	543	388
	544	388
	545	387
	546	386
	547	386
	548	385
	549	385
	551	383
	552	383
	553	382
	554	382
	555	381
	556	381
	556	380
	556	379
	556	378
	555	378
	553	377
	552	377
	550	377
	549	377
	547	377
	545	377
	544	377
	543	377
	542	377
	541	377
	540	377
	541	378
.PEN_UP
.PEN_DOWN
	551	401
	551	402
	551	403
	550	403
	550	402
	550	401
	550	400
	550	399
	549	396
	549	395
	549	393
	549	392
	548	390
	548	389
	548	387
	548	386
	548	385
	548	383
	548	382
	548	381
	547	378
	547	377
	547	376
	546	376
	546	375
	546	374
	546	373
	545	373
	545	372
	545	371
.PEN_UP
.PEN_DOWN
	560	393
	561	393
	561	394
	562	394
	563	394
	564	395
	565	395
	566	395
	567	395
	568	395
	570	395
	571	395
	572	395
	573	395
	574	395
	575	395
	576	395
	577	395
	577	394
	577	393
	576	393
	576	392
	575	391
	573	390
	572	390
	571	389
	569	389
	568	388
	567	388
	567	387
	566	387
	565	386
	566	385
	567	385
	568	385
	569	385
	570	384
	571	384
	572	384
	574	383
	575	382
	576	382
	576	381
	577	381
	578	381
	578	380
	579	380
	579	379
	579	378
	579	377
	578	376
	577	376
	576	375
	574	375
	573	374
	570	374
	569	374
	568	374
	567	374
	566	374
	565	374
	564	374
	564	375
.PEN_UP
