
.WRITER_ID BillRivard
.STYLE PRINTED
.PEN_DOWN
	85	396
	86	396
	86	397
	85	397
	86	397
	86	396
	86	395
	86	394
	86	393
	85	391
	85	389
	85	387
	84	385
	84	384
	84	383
	84	381
	84	380
	84	378
	84	377
	84	376
	85	376
	86	374
	87	374
	88	374
	90	374
	91	374
	92	374
	93	375
	94	375
	95	375
	96	376
	97	377
	98	377
	98	378
	99	378
	100	378
.PEN_UP
.PEN_DOWN
	106	376
	107	376
	107	377
	108	378
	108	379
	108	380
	109	381
	109	382
	110	383
	110	385
	110	386
	111	387
	111	389
	112	390
	113	392
	114	393
	114	394
	115	395
	116	397
	116	398
	117	399
	118	399
	119	398
	119	397
	120	396
	120	395
	120	394
	121	393
	121	392
	121	391
	121	390
	121	389
	122	388
	122	387
	122	386
	122	385
	122	384
	122	383
.PEN_UP
.PEN_DOWN
	109	388
	110	388
	110	387
	111	387
	112	387
	113	387
	114	387
	115	387
	118	388
	119	388
	120	388
	121	388
	122	388
	123	388
	125	389
.PEN_UP
.PEN_DOWN
	134	391
	135	391
	135	390
	134	389
	134	388
	134	387
	134	385
	134	384
	134	383
	134	382
	133	381
	133	380
	133	379
	133	377
	133	376
.PEN_UP
.PEN_DOWN
	133	391
	134	391
	135	391
	135	392
	136	392
	137	392
	138	393
	139	393
	140	393
	141	393
	143	393
	144	393
	145	393
	145	392
	145	391
	145	390
	144	390
	143	389
	142	389
	142	388
	141	388
	140	387
	139	387
	140	387
	141	387
	142	387
	143	387
	143	386
	144	386
	145	385
	146	385
	146	384
	146	383
	146	382
	145	382
	144	381
	143	381
	143	380
	142	380
	141	380
	139	379
	138	379
	137	379
	136	379
	135	379
	134	379
	133	379
.PEN_UP
.PEN_DOWN
	159	389
	160	389
	161	389
	161	390
	160	389
	160	388
	159	387
	158	385
	157	384
	157	383
	156	382
	156	381
	156	380
	156	379
	156	378
	157	377
	157	376
	158	376
	159	376
	160	376
	161	376
	162	376
	163	376
	164	376
	165	376
	166	376
	167	376
	167	377
	168	377
.PEN_UP
.PEN_DOWN
	161	386
	161	385
	162	385
	163	385
	164	384
	165	384
	166	384
	167	384
	168	384
	169	385
	170	385
	171	385
.PEN_UP
.PEN_DOWN
	165	394
	166	394
	167	394
	168	394
	170	394
	172	394
	173	394
	175	394
	176	394
	177	394
	178	394
	179	394
	180	394
.PEN_UP
.PEN_DOWN
	186	393
	187	393
	186	392
	186	391
	185	390
	184	389
	184	388
	183	386
	182	385
	182	384
	181	382
	180	381
	180	379
	180	378
	180	377
	181	376
	182	376
	183	376
	184	376
	185	376
	187	376
	189	376
	190	377
	191	377
	192	377
	193	377
	194	377
.PEN_UP
.PEN_DOWN
	207	392
	207	391
	206	391
	206	390
	205	390
	205	389
	204	387
	203	386
	203	385
	202	384
	202	383
	202	382
	202	381
	202	380
	203	380
	203	379
	204	379
	205	378
	206	378
	207	378
	208	378
	209	378
	210	378
	211	378
	212	378
	213	378
	214	378
.PEN_UP
.PEN_DOWN
	207	389
	207	388
	207	387
	208	387
	209	387
	210	387
	211	386
	212	386
	213	386
	214	386
	215	386
	216	386
	217	386
.PEN_UP
.PEN_DOWN
	209	395
	209	394
	210	394
	211	394
	213	394
	214	394
	216	394
	217	394
	219	394
	220	394
	222	394
	223	394
	224	394
	225	394
.PEN_UP
.PEN_DOWN
	235	394
	236	394
	236	393
	236	392
	235	391
	235	390
	235	388
	234	387
	234	386
	234	385
	233	384
	233	383
	232	382
.PEN_UP
.PEN_DOWN
	232	396
	233	396
	234	396
	235	396
	236	396
	238	396
	239	395
	240	395
	241	395
	242	395
	243	394
	244	394
	244	393
	245	392
	246	391
	246	390
	246	389
	246	388
	245	388
	245	387
	244	386
	243	386
	242	385
	241	384
	238	384
	236	383
	235	383
	233	383
	232	382
	230	382
	229	382
	228	382
	227	382
.PEN_UP
.PEN_DOWN
	286	390
	287	390
	287	388
	287	387
	287	386
	287	385
	287	383
	287	382
	287	381
	286	380
	286	379
	285	378
	285	376
.PEN_UP
.PEN_DOWN
	289	394
	290	394
	291	394
	292	394
	293	395
	294	395
	295	395
	297	395
	298	395
	300	395
	301	395
	302	395
	304	395
	305	395
	305	394
	304	393
	303	392
	301	391
	300	391
	299	390
	298	390
	297	390
	297	389
	296	389
	295	389
	295	388
	294	388
	294	387
	295	387
	296	387
	297	386
	299	385
	300	384
	300	383
	301	382
	301	381
	301	380
	301	379
	300	378
	299	378
	298	377
	297	377
	296	377
	295	377
	294	377
	292	377
	291	377
	290	377
	289	377
	288	377
	287	378
	286	378
.PEN_UP
.PEN_DOWN
	315	388
	316	388
	316	389
	315	388
	314	387
	314	386
	314	385
	313	384
	313	383
	313	382
	312	381
	312	380
	312	379
	312	378
	312	377
	313	376
	314	375
	315	375
	316	375
	317	375
	318	375
	319	375
	320	375
	322	376
.PEN_UP
.PEN_DOWN
	314	387
	314	386
	315	386
	316	385
	317	385
	318	385
	320	385
	321	385
	322	384
	323	384
	324	384
	325	384
.PEN_UP
.PEN_DOWN
	316	393
	317	393
	318	393
	319	393
	320	393
	321	393
	322	393
	323	393
	324	393
	326	393
	327	393
	328	393
	329	393
.PEN_UP
.PEN_DOWN
	335	378
	335	377
	336	377
	336	378
	336	379
	337	379
	337	380
	337	381
	338	381
	338	382
	339	383
	340	384
	340	385
	341	386
	341	387
	342	389
	343	390
	343	391
	344	391
	344	392
	344	391
	344	390
	344	389
	344	388
	344	387
	344	386
	344	385
	344	384
	344	383
	344	382
	345	381
	345	380
	346	378
	347	378
	348	377
	349	377
	350	377
	351	378
	352	379
	353	379
	353	380
	355	382
	355	383
	356	384
	356	385
	356	386
	357	387
	357	388
	357	389
	357	390
	357	391
	357	392
	357	393
.PEN_UP
.PEN_DOWN
	371	391
	372	391
	373	391
	373	392
	374	392
	375	392
	376	392
	377	392
	378	392
	379	392
	380	392
	380	391
	381	391
	381	390
	381	389
	381	388
	380	387
	379	385
	378	384
	377	383
	376	382
	375	381
	375	380
	374	378
	374	377
	373	376
	373	375
	373	374
	373	373
	373	372
	374	372
	375	371
	376	371
	377	371
	378	371
	379	371
	380	371
	381	371
	382	371
.PEN_UP
.PEN_DOWN
	372	385
	372	384
	373	384
	373	383
	374	383
	375	382
	376	382
	377	382
	378	382
	379	381
	380	381
	381	381
	382	381
	383	381
	384	381
	385	381
.PEN_UP
.PEN_DOWN
	396	388
	396	389
	395	389
	395	388
	394	388
	393	388
	392	388
	392	387
	391	387
	390	386
	389	385
	388	385
	387	384
	386	381
	386	379
	386	378
	386	377
	386	376
	386	375
	387	375
	387	374
	388	373
	388	372
	389	372
	390	371
	391	371
	392	371
	393	371
	394	371
	395	372
	396	372
	397	372
	397	373
	398	373
	399	374
	399	375
	400	376
	400	377
	400	378
	400	379
	400	380
	400	381
	400	382
	400	383
	400	385
	399	385
	398	387
	397	387
	397	386
	398	386
.PEN_UP
.PEN_DOWN
	422	385
	423	385
	423	384
	422	384
	422	383
	421	382
	421	381
	420	381
	420	380
	419	379
	419	378
	418	377
	417	375
	416	375
	416	374
	415	373
.PEN_UP
.PEN_DOWN
	418	388
	419	388
	420	388
	421	388
	422	388
	423	387
	424	387
	425	387
	426	387
	428	386
	430	386
	431	386
	432	385
	433	385
.PEN_UP
.PEN_DOWN
	409	377
	409	376
	410	376
	410	375
	411	375
	412	375
	413	374
	414	374
	415	374
	416	374
	417	374
	419	375
	420	375
	421	375
	422	375
	423	375
.PEN_UP
.PEN_DOWN
	438	373
	439	373
	439	374
	440	374
	441	375
	442	376
	443	377
	444	378
	444	379
	445	379
	446	380
	447	381
	447	382
	449	384
	450	385
	450	386
	451	388
	452	388
	452	389
	453	389
	453	387
	453	386
	452	385
	452	384
	452	383
	452	381
	452	380
	452	379
	452	377
	452	376
	452	375
	453	374
	454	373
	455	373
	456	373
	457	373
	458	374
	459	374
	460	375
	461	376
	463	376
	464	378
	466	380
	467	381
	467	383
	468	384
	469	386
	469	387
	469	389
	469	390
	469	391
	469	392
	470	392
	470	391
.PEN_UP
