
.WRITER_ID BillRivard
.STYLE PRINTED
.PEN_DOWN
	79	389
	79	388
	79	386
	79	385
	79	383
	79	382
	78	381
	78	380
	78	379
	78	378
	78	377
	78	376
	78	375
	78	373
	77	372
	77	371
.PEN_UP
.PEN_DOWN
	67	386
	67	385
	68	385
	68	386
	69	386
	70	386
	71	386
	72	386
	73	386
	74	386
	75	386
	76	386
	77	386
	78	386
	79	387
	80	387
	81	387
	82	387
	83	388
	84	388
	85	388
	86	389
.PEN_UP
.PEN_DOWN
	88	390
	88	391
	88	390
	87	389
	87	388
	87	387
	87	386
	87	385
	87	383
	87	382
	87	381
	87	379
	87	378
	87	377
	87	376
	87	375
	87	374
	87	373
	87	372
	87	371
	88	371
.PEN_UP
.PEN_DOWN
	102	396
	102	397
	102	396
	102	395
	102	394
	102	393
	102	392
	102	391
	102	390
	102	389
	102	387
	102	385
	101	385
	101	383
	101	382
	101	381
	101	380
	101	379
	101	378
	100	377
	100	376
.PEN_UP
.PEN_DOWN
	89	385
	90	385
	91	385
	92	385
	93	385
	94	385
	95	385
	96	385
	97	385
	98	385
	99	385
	100	385
	102	385
	103	385
.PEN_UP
.PEN_DOWN
	113	390
	112	390
	112	389
	112	388
	111	388
	111	387
	111	386
	111	385
	110	384
	110	383
	110	381
	109	380
	109	379
	109	378
	109	377
	109	376
	109	375
	109	374
	110	374
	111	373
	112	373
	113	373
	114	373
	115	373
	116	374
	117	374
.PEN_UP
.PEN_DOWN
	108	385
	108	384
	109	384
	109	383
	110	383
	111	383
	112	383
	112	382
	115	382
	116	382
	117	382
	118	382
	119	382
	120	382
.PEN_UP
.PEN_DOWN
	107	394
	108	394
	109	394
	111	393
	112	393
	113	393
	114	393
	115	393
	116	393
	117	393
	118	393
	119	393
	120	393
.PEN_UP
.PEN_DOWN
	151	390
	150	389
	150	388
	150	387
	149	386
	149	385
	148	384
	148	383
	148	381
	147	381
	147	380
	147	379
	147	377
	147	376
	147	375
	148	375
	148	374
	149	374
	149	373
	150	372
	151	372
	152	372
	153	372
	155	372
	156	372
	157	373
.PEN_UP
.PEN_DOWN
	152	383
	152	382
	153	382
	154	382
	155	382
	156	382
	157	382
	158	382
	159	382
	160	383
	161	383
.PEN_UP
.PEN_DOWN
	149	392
	150	392
	151	392
	151	393
	152	393
	153	393
	154	393
	155	393
	156	393
	158	393
.PEN_UP
.PEN_DOWN
	171	394
	172	394
	172	393
	173	392
	174	391
	175	390
	175	389
	176	388
	177	387
	177	386
	178	384
	179	383
	179	382
	179	381
	179	380
	179	379
.PEN_UP
.PEN_DOWN
	182	392
	182	391
	181	391
	180	390
	179	389
	178	388
	178	387
	177	386
	176	385
	175	385
	174	383
	173	382
	172	379
	171	378
	170	377
	169	376
	169	375
	169	374
.PEN_UP
.PEN_DOWN
	195	394
	194	394
	193	394
	193	393
	192	393
	191	393
	191	392
	190	392
	189	391
	188	390
	187	389
	187	388
	186	387
	186	386
	185	385
	185	383
	185	382
	185	381
	185	380
	186	379
	187	378
	188	377
	189	376
	190	376
	191	376
	192	376
	193	376
	195	376
	196	376
	197	377
	198	378
	199	378
	201	380
	201	381
	202	381
	202	382
	203	383
	203	384
	203	385
	203	386
	203	387
	203	388
.PEN_UP
.PEN_DOWN
	194	388
	195	388
	196	387
	197	386
	198	385
	199	384
	199	383
	200	382
	200	381
	200	380
	201	379
	201	378
	201	377
	201	376
	202	376
.PEN_UP
.PEN_DOWN
	214	392
	214	393
	213	393
	213	392
	213	391
	213	390
	213	389
	213	387
	213	386
	212	385
	212	383
	212	382
	213	380
	213	379
	213	378
	213	377
	214	376
	215	376
	216	376
	217	376
	218	376
	219	376
	220	377
	221	378
	222	378
	223	379
	223	380
	224	381
	224	382
	225	383
	225	384
	226	385
	227	387
	227	389
	227	390
	227	391
	228	392
	228	393
	228	392
	228	391
	228	389
	228	388
	229	387
	229	386
	229	385
	230	383
	230	382
	231	381
	232	380
	233	379
.PEN_UP
.PEN_DOWN
	242	390
	242	391
	242	390
	241	389
	241	388
	241	387
	241	386
	241	385
	241	384
	240	382
	240	381
	239	379
	239	378
	239	377
	239	376
.PEN_UP
.PEN_DOWN
	235	391
	236	391
	236	392
	237	393
	238	393
	239	393
	240	393
	241	393
	242	393
	244	393
	245	393
	246	393
	247	393
	248	393
	249	392
	250	392
.PEN_UP
.PEN_DOWN
	230	375
	231	375
	231	374
	232	374
	233	374
	234	374
	235	374
	236	374
	237	374
	238	374
	239	375
	240	375
	241	375
	241	376
	242	376
	243	376
	244	376
	246	377
.PEN_UP
.PEN_DOWN
	261	389
	262	390
	262	391
	261	391
	260	391
	259	391
	258	391
	257	390
	256	390
	255	389
	253	387
	253	386
	253	385
	253	384
	254	383
	255	383
	255	382
	256	382
	257	382
	258	382
	259	382
	260	382
	261	381
	262	381
	263	381
	264	380
	265	380
	265	379
	264	378
	264	377
	263	377
	262	376
	261	376
	260	376
	258	375
	257	375
	256	375
	255	374
	254	374
	253	374
	252	374
	251	374
	251	375
.PEN_UP
.PEN_DOWN
	276	390
	276	389
	275	387
	275	386
	275	385
	275	384
	275	383
	275	382
	275	381
	275	380
	275	379
	274	377
	274	376
	274	375
.PEN_UP
.PEN_DOWN
	269	391
	270	392
	271	392
	272	392
	273	392
	274	392
	276	392
	277	391
	278	391
	279	391
	280	391
	281	391
	281	390
.PEN_UP
.PEN_DOWN
	265	372
	266	372
	267	373
	268	373
	269	373
	270	373
	272	373
	273	373
	274	373
	275	373
	277	373
	278	374
.PEN_UP
.PEN_DOWN
	299	391
	300	391
	300	390
	299	390
	299	389
	299	388
	299	387
	299	386
	298	384
	298	383
	298	382
	297	381
	297	380
	297	379
	297	378
	296	378
	296	377
	295	377
	295	376
	295	375
	294	375
.PEN_UP
.PEN_DOWN
	288	390
	289	390
	290	390
	292	390
	293	390
	294	390
	295	390
	296	390
	297	390
	299	390
	300	390
	301	390
	302	390
	304	390
	306	391
.PEN_UP
.PEN_DOWN
	311	390
	310	390
	309	389
	309	388
	308	388
	308	387
	308	386
	307	385
	307	384
	306	382
	306	381
	305	380
	305	379
	305	378
	305	377
	305	376
	306	376
	306	375
	306	374
	307	374
	308	373
	309	373
	310	373
	311	373
	312	373
	313	374
	314	374
	315	374
.PEN_UP
.PEN_DOWN
	309	384
	309	383
	310	383
	311	382
	312	382
	313	382
	314	382
	315	382
.PEN_UP
.PEN_DOWN
	312	393
	313	393
	314	392
	315	392
	316	392
	317	392
	318	392
	319	392
	320	392
	321	392
	322	392
	323	392
	324	392
.PEN_UP
.PEN_DOWN
	347	393
	347	392
	346	391
	346	390
	346	389
	346	388
	346	386
	346	385
	346	383
	345	381
	345	380
	345	378
	344	376
	344	375
.PEN_UP
.PEN_DOWN
	345	391
	346	392
	347	393
	347	394
	348	394
	349	394
	350	394
	351	394
	352	395
	353	395
	354	395
	355	395
	356	395
	357	394
	358	394
	359	394
	359	393
	359	392
	358	392
	358	391
	357	390
	356	390
	354	389
	353	389
	352	388
	351	388
	350	388
	349	387
	348	387
.PEN_UP
.PEN_DOWN
	358	379
	358	380
	359	380
	359	381
	359	382
	359	383
	360	385
	360	387
	361	388
	361	389
	362	390
	362	392
	363	393
	364	394
	365	395
	366	395
	367	395
	368	395
	368	394
	368	393
	369	391
	369	390
	369	389
	369	387
	370	386
	370	385
	370	384
	370	383
	370	382
	370	381
	370	380
	370	379
	370	378
	370	377
.PEN_UP
.PEN_DOWN
	360	387
	361	387
	362	387
	364	386
	365	386
	366	386
	367	386
.PEN_UP
.PEN_DOWN
	384	393
	384	392
	383	392
	383	391
	383	390
	383	388
	383	387
	383	386
	383	385
	383	384
	383	383
	383	382
	383	381
	383	380
	382	379
	382	378
.PEN_UP
.PEN_DOWN
	377	396
	378	396
	378	395
	379	395
	380	395
	381	394
	382	394
	383	394
	384	394
	385	394
	386	393
	387	393
	388	393
	389	393
	390	393
	391	393
	392	393
.PEN_UP
.PEN_DOWN
	375	378
	376	378
	377	377
	379	377
	380	377
	381	378
	382	378
	383	378
	385	378
	386	378
	388	379
.PEN_UP
.PEN_DOWN
	398	388
	398	387
	398	386
	398	385
	397	385
	397	384
	397	383
	396	382
	396	381
	395	380
	394	379
	394	378
	393	377
.PEN_UP
.PEN_DOWN
	398	392
	399	392
	399	391
	400	391
	402	390
	402	389
	403	388
	404	388
	404	387
	405	386
	405	385
	406	384
	406	383
	406	382
	406	381
	407	381
.PEN_UP
.PEN_DOWN
	410	393
	410	392
	409	392
	409	391
	408	390
	408	389
	408	388
	408	387
	408	385
	408	384
	407	382
	407	381
	407	380
	407	379
.PEN_UP
.PEN_DOWN
	425	398
	424	397
	424	396
	424	395
	424	394
	423	394
	423	393
	423	391
	422	390
	422	389
	422	387
	421	385
	421	383
	421	382
	421	381
	420	380
	420	379
	420	378
.PEN_UP
.PEN_DOWN
	411	394
	411	393
	413	393
	414	392
	415	392
	416	392
	417	392
	418	392
	419	391
	420	391
	422	391
	423	391
	424	391
	425	391
	427	391
.PEN_UP
.PEN_DOWN
	434	391
	434	390
	434	389
	433	388
	433	387
	433	386
	432	386
	432	385
	432	384
	431	383
	430	381
	430	380
	429	379
	429	378
.PEN_UP
.PEN_DOWN
	436	377
	437	377
	438	378
	439	379
	439	380
	440	380
	440	381
	441	382
	442	383
	442	384
	443	385
	443	386
	444	387
	445	388
	445	389
	445	390
	445	391
	446	392
	446	391
	445	391
	445	390
	445	389
	445	388
	445	387
	445	385
	445	384
	445	382
	446	381
	447	379
	448	378
	448	377
	449	377
	450	376
	451	376
	452	376
	453	377
	454	378
	455	379
	455	380
	455	381
	456	383
	456	385
	456	386
	456	387
	456	388
	456	389
	456	390
	456	391
	456	392
	456	393
	457	393
	457	394
.PEN_UP
.PEN_DOWN
	473	390
	472	390
	471	390
	470	389
	469	389
	469	388
	467	388
	467	387
	466	386
	465	385
	465	384
	464	383
	464	382
	464	381
	464	380
	464	378
	465	377
	465	376
	465	375
	466	374
	467	373
	468	372
	469	372
	470	371
	471	371
	472	371
	473	371
.PEN_UP
.PEN_DOWN
	469	381
	470	381
	471	381
	472	381
	473	381
	474	381
	475	381
	476	381
	477	382
	478	382
	479	382
	481	382
	481	381
	482	381
	482	380
	482	379
	482	378
	482	377
	482	376
	481	375
	481	374
	481	373
	481	372
	480	372
	480	371
	480	370
.PEN_UP
.PEN_DOWN
	510	386
	509	386
	509	385
	508	385
	507	384
	507	383
	507	381
	506	380
	506	378
	506	377
	506	375
	506	374
	506	373
	506	372
	507	372
	508	372
	509	372
	510	372
	512	373
	513	374
	514	375
	515	376
	516	376
	517	378
	517	379
	518	380
	519	381
	519	382
	520	383
	520	384
	520	386
	520	387
	520	386
	520	385
	519	384
	519	382
	519	380
	519	379
	519	377
	519	376
	520	375
	520	374
	520	373
	521	373
	522	373
	523	373
	524	373
	524	374
	525	375
	526	376
	527	377
	527	378
	528	379
	528	381
	528	382
	529	384
	529	385
	529	386
	529	387
	530	388
	530	389
.PEN_UP
.PEN_DOWN
	535	375
	536	376
	536	377
	536	378
	537	379
	537	380
	538	381
	538	382
	538	383
	539	384
	539	385
	540	387
	540	388
	541	389
	541	390
	543	392
	543	393
	544	393
	545	393
	545	392
	545	390
	545	389
	546	388
	546	387
	546	385
	546	384
	546	383
	546	382
	546	381
	546	380
	546	379
	546	376
	546	375
	546	374
	546	373
	546	372
.PEN_UP
.PEN_DOWN
	536	383
	537	382
	538	382
	539	382
	540	381
	541	381
	542	381
	544	381
	546	381
	548	381
.PEN_UP
.PEN_DOWN
	562	390
	561	390
	560	390
	559	389
	558	388
	557	388
	557	387
	556	386
	556	385
	557	385
	558	385
	558	384
	559	384
	560	384
	561	383
	562	383
	562	382
	563	382
	563	381
	564	380
	565	379
	565	378
	565	377
	565	376
	564	376
	562	376
	561	375
	560	375
	559	375
	557	375
	556	375
	555	375
.PEN_UP
.PEN_DOWN
	603	387
	602	387
	602	386
	601	385
	601	384
	600	383
	600	382
	600	381
	600	378
	600	376
	600	375
	600	374
	600	373
	600	372
	600	371
	600	370
.PEN_UP
.PEN_DOWN
	600	388
	601	388
	601	389
	602	389
	603	389
	604	390
	605	390
	607	390
	608	390
	609	390
	610	390
	611	390
	612	390
	613	390
	614	390
	615	390
	614	390
	614	389
	613	389
	613	388
	612	388
	611	387
	610	387
	610	386
	608	386
	607	385
	606	384
	605	383
	604	382
	604	381
	604	380
	604	379
	605	378
	605	377
	606	377
	606	376
	607	376
	607	375
	608	375
	608	374
	609	374
	610	374
	610	373
	611	373
	612	373
	613	373
.PEN_UP
.PEN_DOWN
	624	390
	624	389
	624	388
	624	387
	624	386
	623	385
	623	383
	623	382
	623	381
	623	380
	623	379
	623	378
	623	377
	623	376
	624	376
	624	375
	624	374
	625	373
	626	373
	627	373
	628	373
	629	373
	630	373
	631	374
	632	374
	633	375
	634	375
	635	376
	635	377
	636	378
	637	378
	637	379
	637	380
	637	381
	638	381
	638	382
	638	383
	638	384
	638	385
	638	386
	638	387
	638	388
	637	387
	637	386
	636	385
	636	384
	636	383
	636	382
	636	381
	636	379
	636	377
	636	376
	636	374
	636	373
	637	372
	638	371
	638	370
	639	369
.PEN_UP
.PEN_DOWN
	653	387
	654	387
	654	388
	654	387
	653	387
	653	386
	653	385
	653	384
	652	383
	652	382
	651	381
	651	380
	651	379
	650	378
	649	377
	649	376
	648	376
	648	375
	647	374
	647	373
	646	373
	646	372
.PEN_UP
.PEN_DOWN
	648	389
	649	389
	650	389
	651	389
	652	389
	653	389
	654	388
	655	388
	656	388
	657	387
	659	387
	660	387
	661	387
	662	387
	663	387
.PEN_UP
.PEN_DOWN
	638	377
	639	376
	640	376
	640	375
	641	375
	642	375
	643	375
	645	375
	646	375
	647	375
	648	375
	650	375
	651	375
	652	376
	653	376
.PEN_UP
.PEN_DOWN
	659	369
	660	369
	661	369
	661	370
	662	370
	663	371
	664	372
	665	372
	665	373
	666	374
	667	374
	668	375
	668	376
	669	377
	670	378
	671	379
	671	380
	672	382
	673	383
	673	384
	673	383
	673	381
	673	380
	673	379
	672	378
	672	377
	672	376
	672	374
	672	373
	672	372
	673	371
	673	370
	675	368
	676	368
	678	368
	679	368
	680	369
	681	369
	682	370
	683	370
	683	371
	684	372
	685	374
	686	376
	686	377
	686	378
	687	380
	687	381
	687	382
	687	383
	687	384
	687	385
.PEN_UP
.PEN_DOWN
	700	385
	701	385
	701	384
	700	384
	700	383
	699	382
	698	381
	698	380
	697	379
	697	378
	696	377
	696	376
	696	374
	696	373
	696	372
	696	371
	697	371
	697	370
	698	370
	699	369
	700	369
	701	369
	703	369
	704	369
	705	369
.PEN_UP
.PEN_DOWN
	701	377
	701	376
	702	376
	704	375
	705	374
	706	374
	707	374
.PEN_UP
.PEN_DOWN
	705	387
	706	387
	707	387
	707	386
	708	386
.PEN_UP
.PEN_DOWN
	725	387
	725	386
	724	386
	724	385
	723	384
	723	383
	723	382
	722	381
	722	378
	722	377
	722	376
	721	375
	721	374
	721	373
	721	372
	720	372
	720	371
.PEN_UP
.PEN_DOWN
	723	392
	724	391
	725	391
	726	390
	727	390
	728	390
	729	389
	730	389
	731	388
	732	388
	733	387
	734	386
	735	385
	736	385
	737	384
	738	383
	738	382
	739	382
	739	381
	739	380
	738	379
	738	378
	737	377
	736	377
	736	376
	733	375
	732	375
	731	374
	730	374
	729	374
	728	373
	726	373
	725	373
	724	373
	723	373
	722	373
	720	374
.PEN_UP
