
.WRITER_ID BeckyHammaker
.STYLE PRINTED
.PEN_DOWN
	124	395
	125	395
	124	395
	124	396
	124	395
	124	394
	125	393
	125	392
	125	390
	126	389
	126	388
	127	387
	127	385
	128	384
	128	383
	128	382
	128	381
	129	380
	129	379
	129	378
	129	377
	129	376
	129	375
	129	376
	129	377
	129	378
	129	379
	129	380
	129	381
	129	382
	130	383
	130	384
	131	384
	132	385
	133	385
	134	385
	135	385
	136	385
	136	384
	137	384
	138	383
	139	382
	140	381
	140	380
	140	379
	140	378
	139	377
	138	376
	138	375
	137	375
	136	374
	135	374
	134	374
	133	374
	132	374
	131	374
	131	375
	130	375
	130	376
.PEN_UP
.PEN_DOWN
	146	375
	147	375
	148	375
	149	375
	150	376
	151	376
	151	377
	152	378
	153	379
	153	380
	153	381
	152	381
	152	382
	151	382
	150	382
	149	382
	148	381
	147	380
	146	380
	146	379
	146	378
	146	377
	146	376
	147	375
	148	375
	148	374
	149	374
	151	373
	152	372
	153	372
	154	372
	155	372
	156	372
	157	372
	158	372
	158	373
.PEN_UP
.PEN_DOWN
	166	380
	165	379
	164	379
	162	378
	162	377
	161	377
	160	376
	159	375
	159	374
	160	373
	160	372
	161	372
	162	371
	163	371
	164	370
	165	370
	166	370
	167	370
	168	370
.PEN_UP
.PEN_DOWN
	160	395
	161	395
	161	394
	162	394
	162	393
	163	392
	163	391
	163	390
	164	390
	164	389
	164	388
	165	387
	165	386
	165	385
	166	384
	166	382
	166	381
	167	380
	167	379
	168	379
	168	378
	168	377
	168	376
	168	375
	169	374
	169	373
	170	372
	171	372
.PEN_UP
.PEN_DOWN
	187	375
	186	375
	185	375
	186	374
	187	373
	188	373
.PEN_UP
.PEN_DOWN
	216	392
	216	391
	216	390
	216	389
	216	388
	217	387
	217	386
	217	385
	217	384
	217	383
	217	382
	218	381
	218	380
	218	379
	219	377
	219	376
	219	375
	219	374
	220	373
	220	372
	221	372
.PEN_UP
.PEN_DOWN
	225	397
	225	396
	225	395
	225	394
	225	393
	225	392
	225	391
	225	390
	225	389
	226	387
	226	386
	226	385
	226	384
	226	383
	227	382
	227	381
	227	380
	227	379
	227	378
	228	377
	228	376
	228	375
	228	374
	228	373
	229	373
	229	374
.PEN_UP
.PEN_DOWN
	216	383
	217	383
	219	382
	220	382
	221	382
	222	382
	223	382
	224	382
	225	382
	226	382
	227	382
.PEN_UP
.PEN_DOWN
	236	377
	237	377
	238	378
	238	379
	239	379
	239	380
	240	380
	241	381
	241	382
	241	383
	242	383
	242	384
	241	384
	240	384
	239	384
	238	384
	237	384
	237	383
	236	383
	236	382
	235	382
	234	381
	234	380
	234	379
	234	378
	234	377
	235	377
	235	376
	236	376
	236	375
	237	375
	239	374
	240	374
	241	374
	242	374
	243	374
	244	373
	245	373
	246	373
	247	373
.PEN_UP
.PEN_DOWN
	277	393
	277	392
	278	392
	278	391
	278	390
	278	389
	278	387
	279	386
	279	385
	279	384
	279	383
	279	381
	280	380
	280	379
	280	378
	281	377
	281	375
	281	374
	281	373
	281	372
	282	371
	282	370
	282	371
	283	371
	283	372
	283	373
	284	373
	284	374
	284	375
	285	376
	285	377
	286	378
	286	379
	287	379
	288	380
	289	380
	290	380
	291	380
	291	379
	292	379
	293	378
	293	377
	293	376
	293	375
	294	375
	294	373
	294	372
	294	371
	294	370
	294	369
	294	368
	295	368
	295	369
.PEN_UP
.PEN_DOWN
	303	378
	302	377
	301	376
	300	376
	299	375
	298	375
	298	374
	298	373
	298	372
	298	371
	299	371
	300	370
	301	370
	302	370
	303	370
	304	369
	305	369
	306	369
	307	369
	308	370
	309	371
	309	372
	309	373
	309	374
	309	375
	308	376
	307	377
	305	378
	304	379
	303	379
	302	379
	301	379
	301	378
.PEN_UP
.PEN_DOWN
	318	377
	318	376
	318	375
	319	375
	319	374
	320	374
	320	373
	321	372
	321	371
	322	370
	322	369
	322	368
	323	367
	323	366
	323	365
	324	363
	324	362
	324	361
	324	360
	324	359
	324	358
	324	357
	324	356
	324	357
	324	358
	324	360
	323	361
	323	362
	323	364
	323	365
	322	366
	322	367
	322	368
	322	369
	322	370
	322	371
	322	372
	322	373
	322	374
	322	375
	323	375
	324	376
	326	377
	327	377
	328	377
	329	377
	330	376
	330	375
	330	373
	330	372
	330	371
	329	370
	329	369
	328	369
	328	368
	327	367
	326	367
	325	367
	324	366
	323	366
	322	367
	322	368
	321	368
	321	369
	321	370
	321	371
	321	372
.PEN_UP
.PEN_DOWN
	338	370
	339	370
	340	370
	341	370
	342	371
	343	371
	343	372
	344	372
	344	373
	345	374
	345	375
	346	375
	346	376
	346	377
	345	378
	344	378
	343	378
	342	378
	341	378
	341	377
	340	377
	340	376
	339	376
	339	375
	338	375
	338	374
	338	373
	338	372
	338	371
	339	370
	340	370
	340	369
	341	369
	342	368
	343	368
	344	368
	345	368
	346	368
	347	368
	348	368
	349	367
	350	367
.PEN_UP
.PEN_DOWN
	356	376
	355	375
	354	374
	354	373
	353	373
	352	372
	351	371
	351	370
	350	370
	350	369
	350	368
	351	367
	351	366
	352	366
	353	366
	354	366
	355	366
	356	366
	357	366
	358	366
.PEN_UP
.PEN_DOWN
	350	396
	351	395
	351	394
	351	393
	352	392
	353	390
	353	389
	353	388
	354	387
	354	386
	355	385
	355	384
	355	383
	356	381
	356	380
	357	379
	357	377
	358	375
	359	374
	360	372
	360	371
	360	370
	361	370
	361	369
	362	369
	362	368
	363	368
.PEN_UP
.PEN_DOWN
	391	391
	391	390
	391	389
	391	388
	390	386
	390	385
	390	384
	390	382
	391	381
	391	379
	391	378
	392	376
	392	375
	393	373
	394	372
	394	371
	395	370
	395	369
	395	368
	395	367
	396	367
	396	368
	396	369
	396	370
	396	371
	396	372
	396	373
	397	374
	397	375
	397	376
	397	377
	398	377
	398	378
	399	378
	400	379
	401	379
	402	379
	402	378
	404	378
	404	377
	405	377
	405	376
	406	375
	406	374
	406	373
	407	372
	407	371
	407	370
	407	368
	407	367
	407	366
	408	366
	409	367
	409	368
.PEN_UP
.PEN_DOWN
	416	372
	417	371
	417	372
	418	372
	418	373
	418	374
	419	374
	419	375
	419	376
	419	377
	419	378
	419	379
	418	379
	417	379
	417	378
	416	378
	416	377
	415	377
	414	376
	413	375
	413	374
	413	373
	413	372
	413	371
	413	370
	414	369
	415	368
	416	368
	417	367
	418	367
	419	367
	420	366
	421	366
	423	366
	425	366
	426	366
.PEN_UP
.PEN_DOWN
	462	381
	461	381
	460	380
	459	380
	457	379
	456	378
	455	377
	455	376
	454	376
	454	375
	454	374
	454	373
	454	372
	454	371
	455	371
	455	370
	456	370
	457	369
	458	369
	459	369
	460	369
	461	368
	462	368
	463	368
	465	368
	466	368
.PEN_UP
.PEN_DOWN
	473	375
	472	375
	471	375
	470	374
	469	374
	469	373
	469	372
	469	371
	470	370
	470	369
	471	369
	472	368
	473	367
	474	367
	475	367
	476	367
	477	367
	478	367
	479	367
	479	368
	479	369
	479	370
	479	371
	479	372
	479	373
	479	374
	479	375
	478	376
	478	377
	476	377
	476	378
	475	378
	474	378
	473	378
	472	378
	471	378
	471	377
	470	377
.PEN_UP
.PEN_DOWN
	484	375
	484	374
	484	373
	484	372
	484	371
	484	370
	485	370
	486	369
	487	369
	488	369
	489	369
	490	369
	491	369
	491	370
	492	370
	493	371
	493	372
	493	373
	493	374
	493	375
	492	375
	493	374
	493	373
	494	372
	495	371
	496	370
	497	370
	498	369
	499	369
	500	369
	501	369
.PEN_UP
.PEN_DOWN
	501	391
	502	390
	503	389
	503	388
	504	388
	504	387
	504	386
	505	385
	505	384
	505	383
	505	382
	505	381
	506	380
	506	379
	506	378
	506	375
	506	374
	506	373
	506	372
	506	371
	507	370
	507	369
	507	368
	508	368
	509	368
.PEN_UP
.PEN_DOWN
	518	376
	518	375
	517	375
	516	375
	515	375
	514	374
	513	374
	513	373
	512	373
	512	372
	512	371
	512	370
	513	370
	513	369
	514	368
	515	367
	516	367
	517	367
.PEN_UP
.PEN_DOWN
	515	398
	515	397
	516	396
	516	395
	516	394
	516	393
	516	392
	517	391
	517	390
	517	388
	518	385
	518	384
	518	383
	518	382
	518	381
	518	379
	518	378
	518	377
	518	375
	518	373
	518	372
	518	370
	518	369
	518	368
	519	367
	519	366
	520	366
.PEN_UP
.PEN_DOWN
	529	375
	529	374
	529	373
	529	372
	529	371
	528	371
	528	370
	529	369
	529	368
	529	369
	530	369
	530	370
	530	371
	530	372
	530	373
	530	374
	531	375
	531	376
	531	377
	532	377
	532	378
	533	378
	533	379
	534	379
	535	379
	535	378
	536	378
	537	378
	537	377
	538	377
	538	376
	539	375
	539	374
	539	373
	539	372
	539	371
	539	370
	539	369
	539	368
	539	367
.PEN_UP
.PEN_DOWN
	544	389
	545	388
	545	387
	545	386
	546	385
	546	384
	546	383
.PEN_UP
.PEN_DOWN
	556	387
	556	386
	556	385
	557	384
	557	383
	557	382
	558	381
	558	379
	558	378
	558	377
	558	376
	558	375
	558	374
	558	373
	558	372
	558	371
	558	370
	559	370
.PEN_UP
.PEN_DOWN
	549	380
	550	380
	551	379
	552	379
	553	379
	554	379
	554	378
	555	378
	558	378
	559	378
.PEN_UP
.PEN_DOWN
	573	374
	572	374
	571	374
	570	374
	571	373
	572	372
.PEN_UP
