
.WRITER_ID BeckyHammaker
.STYLE PRINTED
.PEN_DOWN
	115	390
	116	390
	116	391
	115	391
	115	390
	115	389
	116	388
	116	387
	116	386
	116	385
	117	385
	117	384
	117	383
	118	382
	118	381
	118	380
	119	380
	119	379
	120	378
	120	377
	120	376
	120	375
	121	375
	121	374
	121	373
	121	372
	122	372
.PEN_UP
.PEN_DOWN
	107	385
	108	386
	108	387
	109	387
	109	388
	110	388
	110	389
	111	389
	112	389
	112	390
	113	390
	114	391
	115	391
	116	392
	118	393
	119	393
	120	393
	121	394
	122	394
	123	394
	124	394
	124	393
	125	392
	125	391
	125	390
	125	389
	125	388
	125	387
	125	386
	125	385
	124	384
	123	383
	123	382
	122	381
	121	381
	121	380
	120	380
	119	380
	120	381
	121	381
	122	381
	123	381
	124	381
	125	381
	126	381
	128	380
	129	380
	130	380
	131	379
	132	378
	132	377
	132	376
	132	375
	132	374
	132	373
	131	373
	131	372
	130	372
	130	371
	129	371
	128	371
	127	371
	126	371
	125	371
	124	371
	123	371
	122	371
	122	372
.PEN_UP
.PEN_DOWN
	139	378
	140	378
	140	377
	141	376
	141	375
	142	374
	142	373
	143	373
	143	372
	144	372
	144	373
	143	373
	143	374
	143	375
	142	375
	142	376
	142	377
	142	378
	143	378
	143	379
	144	379
	145	379
	145	380
	146	380
	147	380
.PEN_UP
.PEN_DOWN
	152	379
	152	378
	152	377
	152	376
	151	376
	151	375
	151	374
	151	373
	152	373
	152	372
	153	372
	154	371
	155	371
	156	371
	157	371
	158	371
	159	372
	160	372
	160	373
	161	374
	161	375
	161	376
	160	376
	160	377
	159	378
	158	379
	157	379
	156	380
	155	380
	154	380
	153	380
	152	379
.PEN_UP
.PEN_DOWN
	163	391
	164	391
	164	390
	164	389
	165	389
	165	388
	165	387
	166	387
	166	385
	166	384
	166	383
	167	382
	167	381
	167	380
	168	379
	168	378
	169	376
	169	375
	169	374
	169	373
	170	373
	170	372
	170	373
.PEN_UP
.PEN_DOWN
	175	391
	175	390
	175	389
	174	389
	174	388
	174	387
	173	386
	173	385
	172	385
	171	384
	171	383
	171	382
	170	381
	170	380
	169	379
	170	379
	171	380
	172	380
	173	380
	174	380
	175	379
	175	378
	176	378
	176	377
	176	376
	177	376
	177	375
	178	374
	179	373
	179	372
	180	372
	180	373
.PEN_UP
.PEN_DOWN
	183	375
	184	375
	185	375
	185	376
	186	376
	187	376
	187	377
	187	378
	187	379
	187	380
	186	380
	185	380
	184	380
	183	379
	182	379
	182	378
	182	377
	182	376
	182	375
	182	374
	183	374
	184	373
	185	373
	186	372
	187	372
	187	371
	188	371
	189	371
	190	371
	191	371
	192	371
	192	372
.PEN_UP
.PEN_DOWN
	196	376
	197	375
	197	373
	197	372
	198	372
	198	371
	198	372
	198	373
	198	375
	198	376
	198	377
	198	378
	199	379
	200	380
	201	380
	202	380
	203	380
	204	380
	205	379
	206	379
	207	379
	208	378
	208	377
	209	377
	210	376
	211	375
	211	374
	211	373
	211	372
	211	371
.PEN_UP
.PEN_DOWN
	240	367
	241	367
	240	367
	240	368
	239	368
	239	369
	239	370
	239	371
	240	372
	240	373
	240	374
	240	375
	241	376
	241	377
	241	379
	241	380
	242	381
	242	382
	242	383
	243	384
	243	385
	244	386
	244	387
	245	387
	246	387
	247	387
	248	387
	248	386
	248	385
	249	385
	249	384
	249	383
	249	382
	250	381
	250	380
	251	379
	251	378
	252	377
	253	377
	253	378
	254	379
	254	380
	254	381
	255	382
	255	383
	255	384
	256	385
	256	386
	257	386
	257	387
	258	387
	258	388
	259	388
	260	387
	260	386
	260	385
	260	384
	260	383
	261	383
	261	382
	261	381
	261	379
	261	378
	261	377
	261	376
	262	374
	262	373
	262	372
	262	371
	262	370
	263	369
	263	368
	263	367
	264	367
	264	368
.PEN_UP
.PEN_DOWN
	271	376
	270	376
	270	375
	269	375
	269	374
	269	373
	269	372
	269	371
	269	370
	270	369
	270	368
	271	368
	272	368
	273	368
	274	368
	275	368
	276	368
	277	369
	278	370
	278	371
	279	371
	280	373
	280	374
	279	375
	279	376
	278	376
	278	377
	277	377
	276	378
	275	378
	274	378
	273	378
	273	377
	272	377
	271	377
	270	376
.PEN_UP
.PEN_DOWN
	282	376
	282	375
	281	375
	281	374
	280	374
	280	373
	279	373
	279	372
	279	371
	280	371
	280	370
	281	369
	282	368
	283	368
	284	367
	285	367
	286	367
	287	367
	288	367
	289	368
	289	369
	290	370
	290	371
	290	372
	290	373
	290	374
	289	374
	289	375
	288	376
	288	377
	287	377
	286	378
	285	378
	285	377
	284	377
.PEN_UP
.PEN_DOWN
	294	376
	295	375
	296	373
	296	372
	297	371
	297	370
	298	369
	298	368
	298	369
	298	370
	297	371
	297	372
	297	373
	297	374
	297	375
	297	376
	297	377
	297	378
	298	378
	298	379
	299	379
	300	379
	301	379
	302	379
	303	379
	303	378
	304	378
	305	377
	305	376
	306	376
	306	375
	306	374
	307	374
	307	373
	307	372
	307	371
	307	370
	308	370
	309	370
	309	371
.PEN_UP
.PEN_DOWN
	316	383
	315	383
	315	382
	313	382
	312	381
	311	381
	311	380
	312	380
	313	380
	314	380
	315	380
	315	379
	316	379
	318	379
	318	378
	319	378
	319	377
	320	377
	320	376
	320	375
	320	374
	320	373
	320	372
	320	371
	319	370
	318	370
	317	369
	316	369
	315	369
	313	368
	312	368
	311	368
	310	368
	310	369
.PEN_UP
.PEN_DOWN
	355	387
	355	386
	356	386
	356	385
	356	384
	356	383
	356	382
	356	381
	356	380
	356	379
	356	378
	356	377
	356	376
	357	375
	357	374
	357	373
	357	372
	357	371
	357	370
	357	369
	358	369
	358	368
	359	367
.PEN_UP
.PEN_DOWN
	350	377
	351	377
	352	376
	353	376
	355	376
	357	376
	359	376
	360	376
	361	376
	362	376
	363	376
	363	375
	364	375
.PEN_UP
.PEN_DOWN
	366	392
	366	391
	366	390
	366	389
	367	388
	367	387
	367	386
	367	385
	368	385
	368	384
	368	382
	368	380
	369	380
	369	379
	369	377
	369	376
	369	375
	369	374
	369	373
	369	372
	369	371
	369	370
	369	369
	369	368
	370	368
	370	369
	371	370
	371	371
	371	372
	371	373
	371	374
	372	375
	372	376
	373	377
	373	378
	374	378
	374	379
	375	379
	376	379
	377	379
	377	378
	378	378
	378	377
	379	376
	379	375
	379	374
	379	373
	380	372
	380	371
	380	370
	380	369
	380	368
	381	368
	381	369
	382	369
	382	370
	382	371
.PEN_UP
.PEN_DOWN
	391	376
	390	377
	389	377
	388	377
	387	377
	386	377
	385	377
	384	377
	383	376
	382	376
	381	376
	381	375
	381	374
	382	374
	382	373
	383	373
	384	372
	385	372
	387	372
	388	372
	389	372
	390	372
	390	373
	390	374
	390	375
	391	375
	391	374
	392	374
	392	373
	392	372
	392	371
	393	371
	393	370
	393	369
	393	368
	393	367
	394	367
.PEN_UP
.PEN_DOWN
	399	390
	399	389
	400	389
	400	388
	401	386
	402	385
	402	384
	402	383
	403	382
	403	381
	403	380
	403	379
	403	377
	403	376
	403	375
	403	374
	403	373
	404	373
	404	372
	404	371
	405	370
	405	371
.PEN_UP
.PEN_DOWN
	395	380
	396	380
	397	380
	397	379
	398	379
	399	379
	400	379
	401	380
	402	380
	403	380
	404	380
	405	380
	406	380
	407	380
	408	380
.PEN_UP
.PEN_DOWN
	457	375
	458	375
	457	375
	457	376
	456	376
	456	377
	455	377
	453	378
	452	378
	451	379
	450	379
	449	379
	448	378
	448	377
	447	376
	447	375
	447	374
	447	373
	448	372
	449	371
	450	371
	450	370
	451	370
	452	369
	453	369
	454	369
	455	369
	456	369
	457	369
.PEN_UP
.PEN_DOWN
	453	394
	453	393
	453	392
	454	392
	454	391
	454	390
	454	389
	454	388
	454	387
	454	386
	454	385
	454	384
	454	383
	455	381
	455	379
	455	378
	455	377
	455	376
	456	375
	456	374
	456	372
	456	371
	457	370
	457	369
	457	368
	458	368
	458	367
	458	368
.PEN_UP
.PEN_DOWN
	465	374
	466	373
	466	372
	466	371
	466	370
	467	369
	467	368
	468	367
.PEN_UP
.PEN_DOWN
	462	388
	463	387
	463	386
	463	385
	464	385
.PEN_UP
.PEN_DOWN
	476	380
	476	379
	475	379
	475	378
	474	378
	473	377
	473	376
	474	376
	475	376
	476	376
	477	376
	478	376
	479	376
	480	376
	481	376
	482	376
	483	376
	483	375
	484	375
	485	374
	486	373
	486	372
	486	371
	486	370
	486	369
	485	368
	484	368
	484	367
	483	367
	481	367
	480	367
	480	368
	479	368
	478	368
	478	369
	477	369
.PEN_UP
.PEN_DOWN
	500	374
	500	375
	500	376
	499	376
	498	376
	497	376
	496	376
	495	376
	493	376
	492	376
	492	375
	491	375
	490	375
	490	374
	490	373
	490	372
	490	371
	491	371
	491	370
	492	370
	493	370
	494	370
	495	369
	496	369
	497	369
	498	369
	499	369
	500	370
	500	371
	500	372
	500	373
	501	373
	502	373
	503	373
	503	372
	504	372
	504	371
	505	371
	505	370
	505	369
	506	369
	506	368
	506	367
	506	368
.PEN_UP
.PEN_DOWN
	513	380
	512	380
	511	380
	510	379
	509	379
	509	378
	509	377
	510	376
	511	376
	512	376
	513	376
	514	376
	515	376
	516	376
	517	376
	518	376
	519	375
	520	374
	520	373
	520	372
	519	372
	519	371
	518	370
	517	370
	516	369
	515	369
	514	369
	513	369
	512	369
	511	369
	510	369
	510	370
	509	370
	509	371
	509	372
.PEN_UP
.PEN_DOWN
	520	389
	521	388
	522	387
	523	386
	523	385
	523	384
	523	383
	524	382
	524	381
	524	380
	524	379
	525	378
	525	377
	525	376
	525	375
	525	373
	525	372
	525	371
	526	370
	526	369
	526	370
.PEN_UP
.PEN_DOWN
	519	380
	520	380
	521	379
	522	379
	524	378
	525	378
	526	378
	527	378
	528	377
	529	377
	530	377
	531	377
.PEN_UP
.PEN_DOWN
	537	375
	538	375
	538	376
	539	377
	540	377
	540	378
	540	379
	539	379
	538	380
	537	380
	537	379
	536	379
	535	378
	534	377
	534	376
	534	375
	534	374
	534	373
	534	372
	535	372
	536	371
	537	371
	538	371
	539	370
	540	370
	541	370
	542	370
	543	370
	544	370
	544	371
	545	371
.PEN_UP
.PEN_DOWN
	547	380
	547	379
	547	378
	547	377
	547	376
	548	376
	548	375
	548	374
	549	373
	549	372
	550	372
	551	371
	551	370
	552	370
	553	369
	553	370
	553	371
	552	372
	552	373
	552	374
	552	375
	551	376
	551	377
	551	378
	551	379
	552	379
	552	380
	553	380
	554	380
	555	381
	557	381
	558	381
.PEN_UP
.PEN_DOWN
	599	381
	598	382
	597	383
	596	383
	595	383
	594	383
	593	383
	592	382
	591	381
	590	381
	590	380
	591	380
	592	379
	593	379
	594	379
	595	379
	596	379
	597	379
	597	378
	598	378
	599	378
	599	377
	600	376
	601	376
	601	375
	602	375
	602	374
	602	373
	602	372
	602	371
	601	371
	600	371
	600	370
	599	370
	598	370
	597	370
	596	370
	595	370
	592	370
	592	371
	591	371
	591	372
.PEN_UP
.PEN_DOWN
	607	388
	607	387
	607	386
	608	386
	608	385
	608	384
	608	383
	608	382
	608	381
	608	380
	609	378
	609	377
	609	376
	609	375
	609	374
	609	373
	610	373
	610	372
	610	371
.PEN_UP
.PEN_DOWN
	603	382
	604	381
	605	381
	606	380
	607	380
	608	380
	609	380
	609	379
	610	379
	611	379
	612	379
	613	379
	614	379
.PEN_UP
.PEN_DOWN
	618	375
	618	374
	618	373
	619	372
	619	371
	619	370
	620	369
	620	368
	620	369
	620	370
	619	370
	619	371
	619	372
	619	373
	619	374
	619	376
	619	377
	619	378
	620	378
	620	379
	621	379
	622	379
	623	379
	624	379
.PEN_UP
.PEN_DOWN
	628	377
	628	376
	627	376
	627	375
	627	374
	627	373
	628	372
	628	371
	629	371
	629	370
	630	370
	631	370
	632	370
	633	370
	634	370
	634	371
	635	371
	635	372
	636	373
	636	374
	636	375
	636	376
	636	377
	636	378
	636	379
	637	379
	637	378
	638	378
	638	377
	638	376
	638	375
	638	374
	638	373
	639	372
	639	371
	640	370
	640	369
	641	369
	641	368
	642	368
	642	369
.PEN_UP
.PEN_DOWN
	650	379
	649	379
	648	379
	647	378
	646	377
	646	376
	645	376
	645	375
	645	374
	645	373
	645	372
	646	371
	647	370
	648	369
	649	369
	650	368
	651	368
	652	368
	653	368
	654	368
	655	368
	655	369
.PEN_UP
.PEN_DOWN
	659	390
	660	389
	660	388
	661	387
	661	386
	661	385
	661	384
	661	383
	661	382
	661	381
	661	380
	661	379
	661	378
	661	377
	661	376
	661	375
	661	373
	661	372
	661	371
	661	370
	661	369
	661	368
	661	367
	662	367
.PEN_UP
.PEN_DOWN
	667	388
	667	387
	667	386
	666	385
	665	384
	665	383
	665	382
	664	381
	664	380
	663	379
	663	378
	663	377
	664	377
	664	376
	665	376
	666	376
	667	376
	667	375
	668	374
	669	373
	669	372
	670	371
	671	370
	672	370
	672	369
	673	369
	674	369
.PEN_UP
.PEN_DOWN
	684	370
	685	370
	684	370
	684	369
	685	369
.PEN_UP
