
.WRITER_ID BillRivard
.STYLE PRINTED
.PEN_DOWN
	90	388
	91	389
	91	390
	91	391
	91	392
	90	392
	90	391
	89	391
	89	390
	88	389
	87	385
	87	383
	87	381
	86	379
	86	377
	85	375
	85	374
	85	372
	85	371
	85	370
	85	369
	85	368
	86	367
	86	366
	86	365
	87	365
	88	365
	89	365
.PEN_UP
.PEN_DOWN
	75	377
	76	377
	77	377
	78	377
	80	377
	81	377
	82	378
	83	378
	84	378
	86	378
	87	378
	88	379
	89	379
	90	379
	91	379
.PEN_UP
.PEN_DOWN
	105	401
	105	400
	105	399
	105	398
	105	397
	105	396
	105	395
	105	393
	104	390
	104	388
	104	386
	104	384
	104	382
	103	381
	103	379
	103	377
	103	376
	103	375
	103	374
	103	372
	103	371
	104	371
	104	372
	104	373
	104	374
	105	375
	106	376
	106	377
	108	379
	108	380
	109	382
	110	384
	112	386
	113	387
	114	388
	115	389
	116	390
	117	390
	118	389
	118	388
	118	387
	118	386
	119	385
	119	384
	120	383
	120	382
	120	381
	121	380
	121	379
	121	377
	121	376
	121	375
	121	374
	121	373
	120	373
	120	372
.PEN_UP
.PEN_DOWN
	133	382
	134	382
	135	382
	136	382
	137	382
	138	383
	139	384
	140	385
	141	386
	142	386
	142	387
	142	388
	142	389
	142	390
	141	390
	140	391
	139	391
	138	391
	138	390
	137	390
	136	390
	135	389
	133	388
	132	387
	132	386
	131	385
	130	384
	130	383
	130	382
	130	381
	130	380
	130	379
	130	378
	132	376
	133	376
	134	375
	135	375
	137	374
	138	374
	139	374
	140	373
	141	373
	142	373
	143	374
	144	374
	145	374
.PEN_UP
.PEN_DOWN
	173	388
	174	388
	174	387
	174	385
	175	384
	175	383
	175	381
	175	380
	175	379
	176	378
	176	377
	176	376
	176	375
	176	374
	176	373
	176	372
	177	373
	178	374
	178	376
	179	376
	179	377
	180	379
	181	380
	182	381
	182	382
	183	384
	184	385
	184	386
	185	387
	186	388
	187	388
	187	387
	187	386
	187	385
	187	384
	187	383
	187	382
	188	380
	188	378
	188	377
	188	376
	189	375
	190	375
	191	376
	192	377
	193	378
	193	379
	194	380
	194	381
	195	382
	196	383
	197	384
	197	385
	200	388
	201	389
	202	390
	203	390
	204	390
	204	389
	204	388
	204	387
	204	385
	204	384
	204	383
	204	382
	204	381
	204	380
	204	379
	204	377
	204	376
	204	375
	204	374
	205	374
.PEN_UP
.PEN_DOWN
	219	385
	219	386
	219	387
	219	388
	219	389
	218	389
	217	388
	216	387
	215	386
	215	385
	214	384
	214	383
	213	382
	213	381
	213	380
	213	379
	213	376
	214	375
	215	374
	215	373
	216	373
	217	373
	218	373
	219	373
	221	374
	222	375
	223	376
	223	377
	223	378
	223	379
	223	380
	223	381
	223	382
	222	383
	222	384
	221	386
	221	387
.PEN_UP
.PEN_DOWN
	235	389
	236	389
	236	390
	235	390
	235	389
	234	389
	234	388
	233	388
	232	386
	232	385
	231	384
	231	383
	230	382
	230	381
	230	380
	230	379
	231	378
	232	377
	232	376
	233	376
	234	375
	236	374
	237	374
	238	374
	239	374
	240	374
	241	374
	242	375
	243	375
	244	376
.PEN_UP
.PEN_DOWN
	253	396
	253	395
	252	395
	252	394
	252	392
	253	391
	253	390
	253	389
	253	387
	253	386
	253	385
	253	382
	253	380
	252	379
	252	378
	252	376
	251	375
	251	374
	251	373
	252	372
.PEN_UP
.PEN_DOWN
	266	391
	266	392
	265	392
	264	392
	263	391
	262	391
	262	390
	261	390
	260	389
	258	388
	258	387
	257	387
	257	386
	257	385
	257	384
	257	383
	257	382
	258	381
	259	380
	260	379
	261	379
	261	378
	262	378
	262	377
	263	376
	264	375
	265	375
	266	375
	266	374
	267	374
	267	373
	268	373
.PEN_UP
.PEN_DOWN
	305	386
	306	386
	306	387
	306	386
	307	385
	307	383
	308	381
	308	380
	308	378
	308	377
	308	376
	308	374
	307	373
	307	372
	306	371
	306	370
	305	370
	304	369
	303	369
	302	369
	301	369
	300	369
	299	369
	298	369
	297	369
	296	369
	296	370
.PEN_UP
.PEN_DOWN
	307	393
	308	393
	308	394
	307	394
	307	395
	307	394
	308	393
.PEN_UP
.PEN_DOWN
	317	380
	317	381
	317	380
	317	379
	317	378
	316	377
	316	376
	315	376
	315	375
	315	374
	315	373
	314	372
	314	371
	314	370
	314	369
	314	368
	314	367
	314	368
	315	368
	316	369
	317	370
	319	372
	320	373
	321	374
	321	376
	322	377
	323	378
	324	380
	325	381
	325	383
	326	384
	326	385
	327	386
	327	385
	327	384
	327	383
	327	382
	327	381
	327	380
	327	377
	327	376
	327	375
	327	374
	327	373
	327	372
	328	371
	328	370
	328	369
	329	369
.PEN_UP
.PEN_DOWN
	342	381
	342	382
	343	382
	343	383
	343	382
	343	381
	343	380
	342	379
	342	377
	342	376
	342	375
	342	374
	342	373
	341	372
	341	371
	341	370
	341	369
	340	369
	340	370
	340	371
	340	372
	341	372
	341	373
	341	374
	341	375
	342	378
	343	379
	343	380
	345	381
	346	382
	347	383
	348	384
	349	385
	351	385
	352	385
	354	385
	355	385
	355	384
	356	384
	356	383
	357	382
.PEN_UP
.PEN_DOWN
	367	382
	366	382
	365	381
	365	380
	365	379
	365	377
	365	376
	365	375
	365	373
	365	372
	366	372
	367	372
	368	373
	370	374
	371	375
	371	376
	372	377
	373	378
	374	379
	375	380
	375	381
	376	382
	377	382
	378	382
	378	381
	378	380
	378	378
	378	377
	379	375
	379	373
	379	371
	379	369
	379	367
	379	364
	379	362
	379	358
	379	355
	379	353
	379	351
	379	349
	379	347
	378	345
	378	344
	378	343
	377	343
	376	343
	375	345
	374	346
	374	347
	374	348
	374	350
	374	351
	374	353
	374	354
	374	356
	375	358
	377	361
	379	363
	381	364
	382	366
	384	367
	385	368
	387	368
	388	369
	390	370
	391	370
	392	371
	395	371
	396	371
.PEN_UP
.PEN_DOWN
	416	392
	417	393
	417	394
	417	393
	417	392
	416	391
	416	390
	416	389
	416	385
	416	383
	416	381
	416	379
	416	377
	415	375
	415	373
	415	372
	415	371
	414	370
	414	369
	414	370
	414	371
	415	372
	415	373
	416	374
	417	377
	418	379
	419	380
	420	382
	421	383
	422	384
	424	385
	425	385
	426	385
	427	385
	429	384
	429	383
	430	382
	430	381
	431	380
	431	379
	431	378
	431	377
	431	376
	431	375
	430	374
	428	372
	427	372
	426	372
	424	371
	423	371
	422	371
	420	371
	419	371
	418	371
	418	372
	419	372
.PEN_UP
.PEN_DOWN
	447	381
	448	381
	448	382
	448	383
	447	383
	446	383
	445	383
	444	382
	443	381
	442	381
	441	380
	440	378
	439	377
	439	376
	438	375
	438	374
	437	373
	437	372
	437	371
	437	369
	438	369
	438	368
	439	368
	440	368
	441	368
	442	369
	443	370
	444	371
	445	373
	446	374
	446	375
	447	376
	447	378
	447	379
	447	380
	447	381
.PEN_UP
.PEN_DOWN
	458	382
	459	382
	460	382
	460	381
	461	381
	462	380
	462	379
	463	378
	464	377
	464	376
	464	375
	465	374
	465	373
	465	372
	466	371
	466	370
	466	368
	466	367
	466	366
	467	366
.PEN_UP
.PEN_DOWN
	475	382
	474	382
	473	382
	470	381
	469	381
	467	381
	466	380
	464	379
	463	378
	461	377
	460	376
	458	375
	457	374
	456	372
	455	372
	454	370
	454	369
	454	368
.PEN_UP
