
.WRITER_ID BeckyHammaker
.STYLE PRINTED
.PEN_DOWN
	146	380
	145	381
	144	381
	143	381
	143	380
	142	380
	142	379
	142	378
	141	378
	140	377
	140	376
	140	375
	139	373
	139	372
	139	371
	139	370
	139	369
	140	369
	141	368
	142	367
	143	367
	144	367
	147	367
	148	367
	149	367
	150	367
	151	368
	151	369
	151	370
	151	371
	151	372
	150	373
	150	374
	149	374
	149	375
	148	375
	147	376
	146	377
	145	378
	145	379
	145	380
	145	381
	145	382
.PEN_UP
.PEN_DOWN
	160	370
	160	371
	160	372
	160	373
	159	374
	159	375
	159	377
	158	377
	158	378
	157	379
	157	380
	156	381
	156	382
	155	383
	155	384
	155	385
	156	386
	156	387
	157	387
	157	388
	158	388
	158	389
	159	389
	160	390
	161	391
	162	391
	163	391
	163	390
	164	390
	164	389
.PEN_UP
.PEN_DOWN
	160	376
	161	376
	162	376
	163	376
	164	376
.PEN_UP
.PEN_DOWN
	198	388
	199	388
	199	387
	199	386
	199	385
	199	384
	200	383
	200	382
	200	381
	201	379
	202	379
	202	378
	203	377
	203	376
	203	375
	204	374
	204	373
	205	373
	205	372
	205	371
	206	370
.PEN_UP
.PEN_DOWN
	195	379
	196	379
	197	378
	198	378
	199	378
	200	378
	201	378
	202	378
	203	378
	204	378
	205	378
	206	378
	206	377
	207	377
.PEN_UP
.PEN_DOWN
	211	393
	211	392
	212	390
	212	389
	212	388
	213	388
	213	387
	214	386
	214	384
	214	382
	215	381
	215	380
	215	378
	215	377
	216	375
	216	374
	216	373
	216	372
	216	371
	216	370
	217	370
	217	371
	217	372
	217	373
	217	374
	217	375
	218	375
	218	377
	219	378
	220	378
	221	378
	222	377
	223	376
	223	375
	224	375
	224	374
	225	373
	225	372
	225	371
	225	370
	226	370
	226	371
.PEN_UP
.PEN_DOWN
	233	374
	234	374
	235	374
	236	375
	237	376
	237	377
	237	378
	237	379
	237	380
	236	380
	236	381
	235	381
	234	380
	233	380
	232	379
	232	378
	231	378
	231	377
	231	376
	231	375
	231	374
	232	373
	233	372
	234	372
	234	371
	235	371
	236	371
	237	371
	238	371
	239	370
	241	370
	242	370
	243	370
.PEN_UP
.PEN_DOWN
	275	393
	275	392
	276	392
	276	391
	276	389
	277	388
	277	387
	277	386
	277	385
	278	384
	278	383
	279	382
	279	381
	280	379
	280	378
	280	377
	280	376
	281	375
	281	374
	281	373
	281	372
	281	371
	281	370
	282	370
	282	369
	282	370
.PEN_UP
.PEN_DOWN
	290	375
	292	373
	292	372
	292	371
	293	371
	293	370
	293	369
	294	369
.PEN_UP
.PEN_DOWN
	293	384
	292	384
.PEN_UP
.PEN_DOWN
	302	386
	302	385
	302	384
	302	383
	302	382
	302	381
	302	380
	302	379
	302	378
	302	377
	302	376
	303	375
	303	374
	303	373
	303	372
	304	372
.PEN_UP
.PEN_DOWN
	296	379
	297	378
	298	378
	299	378
	300	378
	301	378
	302	379
	303	379
	304	379
	305	379
	306	379
.PEN_UP
.PEN_DOWN
	316	386
	316	385
	316	384
	316	383
	317	382
	317	380
	317	379
	317	377
	318	376
	318	375
	318	374
	318	373
	319	372
	319	371
	320	371
	320	370
.PEN_UP
.PEN_DOWN
	311	379
	311	378
	312	378
	314	378
	315	377
	316	377
	317	377
	319	377
	320	377
	321	377
	322	377
.PEN_UP
.PEN_DOWN
	329	392
	329	391
	330	391
	330	390
	330	389
	330	388
	331	387
	332	386
	332	385
	332	383
	332	382
	333	381
	333	380
	333	379
	333	378
	333	376
	333	375
	333	374
	333	373
	333	372
	333	371
	333	369
	333	368
	334	367
	334	366
.PEN_UP
.PEN_DOWN
	340	374
	341	373
	342	373
	344	372
	345	372
	346	373
	347	373
	347	374
	348	374
	349	374
	349	375
	349	376
	349	377
	349	378
	348	378
	347	378
	346	378
	345	378
	344	378
	344	377
	343	377
	343	376
	342	376
	342	375
	342	374
	342	372
	343	371
	343	370
	344	370
	345	369
	346	369
	346	368
	347	368
	348	368
	349	368
	350	367
	351	367
	352	367
.PEN_UP
.PEN_DOWN
	381	392
	382	392
	382	391
	382	390
	382	389
	383	387
	383	386
	383	385
	383	384
	383	383
	383	382
	384	381
	384	380
	384	379
	384	378
	384	377
	384	375
	384	374
	384	373
	384	372
	384	373
	384	374
	385	375
	385	376
	385	377
	386	378
	386	379
	387	379
	387	380
	387	381
	388	381
	389	381
	389	382
	390	382
	391	382
	392	382
	393	381
	394	381
	395	380
	396	380
	396	379
	397	378
	397	377
	397	375
	397	374
	396	373
	396	372
	395	371
	394	370
	393	370
	392	370
	391	369
	390	369
	389	369
	389	370
	388	370
	387	370
	387	371
	386	372
	386	373
	386	374
	385	375
	385	376
.PEN_UP
.PEN_DOWN
	400	380
	401	380
	401	379
	401	378
	400	378
	400	377
	400	376
	400	375
	400	374
	400	373
	401	372
	402	371
	403	370
	404	370
	405	370
	406	370
	407	370
	408	370
	408	371
	408	372
	408	373
	408	374
	408	375
	408	376
	407	376
	406	377
	405	378
	404	378
	403	378
	402	378
	401	378
	401	377
.PEN_UP
.PEN_DOWN
	414	375
	415	375
	416	375
	416	374
	417	374
	417	373
	418	373
	419	372
	420	371
	422	370
	423	370
	424	370
	425	369
	426	368
	425	368
.PEN_UP
.PEN_DOWN
	424	377
	424	376
	423	376
	423	375
	422	375
	422	374
	421	373
	421	372
	420	371
	420	370
	419	368
	419	367
	419	366
	419	365
.PEN_UP
.PEN_DOWN
	457	388
	457	387
	457	386
	457	385
	458	384
	458	383
	458	382
	458	381
	458	380
	459	378
	459	377
	460	375
	460	374
	461	373
	461	372
	461	371
	462	370
	462	369
	462	368
	462	369
	462	370
	463	372
	463	373
	464	374
	464	375
	465	375
	466	376
	467	376
	468	376
	469	375
	470	375
	471	374
	471	373
	471	372
	471	371
	471	370
	471	369
	471	368
	471	367
	471	366
	472	366
	473	366
	474	366
	474	367
.PEN_UP
.PEN_DOWN
	480	372
	481	372
	481	371
	482	371
	483	371
	483	372
	484	372
	484	373
	484	374
	484	375
	484	376
	484	377
	484	378
	483	378
	483	379
	482	379
	481	379
	480	378
	479	378
	479	377
	478	376
	478	375
	478	374
	478	373
	478	372
	479	372
	479	371
	479	370
	480	370
	481	369
	482	369
	484	368
	485	368
	486	368
	487	368
	488	368
	489	367
	490	367
	491	367
	492	366
	493	366
	495	366
.PEN_UP
