
.WRITER_ID BillRivard
.STYLE PRINTED
.PEN_DOWN
	86	392
	86	393
	86	394
	85	394
	84	392
	84	390
	84	389
	84	386
	83	384
	83	382
	83	380
	83	377
	82	375
	82	374
	82	372
	82	371
	82	369
	82	368
	82	369
	82	370
	83	373
	83	374
	84	376
	85	377
	86	378
	86	380
	87	381
	88	382
	89	383
	90	383
	91	383
	92	383
	92	382
	93	382
	93	381
	93	380
	94	379
	94	378
	94	377
	93	376
	93	374
	92	373
	92	372
	91	372
	90	371
	88	370
	87	370
	86	369
	85	369
	84	369
	83	369
	84	369
.PEN_UP
.PEN_DOWN
	102	384
	102	385
	102	384
	102	382
	102	381
	102	380
	102	378
	102	377
	102	376
	102	375
	102	374
	102	373
	102	372
	101	372
	101	370
	101	369
	101	368
	101	367
.PEN_UP
.PEN_DOWN
	101	390
	101	391
	101	392
	101	393
	101	392
	101	391
	101	390
	101	389
.PEN_UP
.PEN_DOWN
	120	381
	121	381
	121	382
	120	383
	120	384
	119	384
	118	384
	117	384
	116	384
	115	384
	114	384
	114	383
	113	383
	112	382
	112	381
	111	380
	111	379
	110	376
	110	375
	110	374
	110	373
	111	372
	111	371
	112	371
	113	371
	115	372
	116	373
	117	374
	117	375
	118	376
	119	377
	120	378
	120	379
	120	380
	121	381
	121	382
	121	383
	122	384
	122	383
	122	382
	122	381
	122	379
	122	377
	123	376
	123	373
	123	371
	124	367
	125	365
	125	363
	126	361
	126	359
	126	358
	126	356
	126	354
	126	353
	126	352
	125	351
	125	350
	124	349
	123	349
	122	349
	121	350
	121	351
	121	352
	120	353
	120	354
	120	357
	120	358
	121	360
	121	362
	122	363
	124	365
	125	367
	126	368
	127	370
	129	371
	130	372
	131	373
	134	374
	135	375
	136	375
	137	375
	138	375
	138	374
	139	374
	138	374
.PEN_UP
.PEN_DOWN
	160	386
	160	387
	161	387
	161	388
	161	387
	161	386
	161	384
	161	383
	161	381
	161	380
	160	379
	160	378
	160	376
	160	375
	160	374
	160	372
	160	371
	160	370
	160	369
.PEN_UP
.PEN_DOWN
	161	398
	161	399
	160	399
	160	400
	160	399
	161	399
	162	399
	162	398
	163	398
	163	397
.PEN_UP
.PEN_DOWN
	174	387
	175	387
	175	386
	175	385
	175	384
	175	383
	175	382
	175	380
	176	379
	176	376
	176	374
	176	373
	176	372
	176	371
	176	370
	176	371
	176	372
	176	373
	177	374
	177	375
	178	376
	178	378
	179	379
	180	381
	180	382
	181	384
	183	387
	183	388
	183	389
	185	389
	185	388
	186	388
	186	387
	186	385
	186	383
	186	382
	187	381
	187	380
	187	379
	187	378
	187	377
	187	376
	187	375
	187	374
	187	373
	188	373
.PEN_UP
.PEN_DOWN
	201	392
	202	392
	202	393
	202	392
	203	392
	203	391
	204	390
	204	389
	204	387
	204	386
	204	385
	205	383
	205	382
	205	380
	205	377
	204	376
	204	375
	204	374
	204	372
	204	371
	204	370
.PEN_UP
.PEN_DOWN
	218	391
	217	391
	216	391
	215	390
	214	390
	213	389
	212	389
	211	388
	211	387
	209	386
	208	385
	206	383
	205	382
	204	381
	203	380
	203	379
	204	379
	204	378
	205	378
	207	378
	208	378
	210	377
	211	377
	212	377
	213	377
	214	376
	215	376
	216	376
	217	375
.PEN_UP
.PEN_DOWN
	228	384
	228	383
	228	382
	228	381
	227	379
	227	378
	227	376
	228	374
	228	373
	228	372
	228	371
	229	370
	230	370
	231	370
	232	370
	233	370
	234	371
	235	372
	236	372
	237	373
	238	374
	239	375
	239	376
	240	377
	241	379
	242	381
	242	382
	242	383
	243	384
	244	383
	244	382
	244	379
	244	377
	244	376
	244	374
	245	373
	245	371
	245	369
	245	368
	245	366
	245	364
	245	363
	246	361
	246	359
	246	358
	246	357
	246	356
	246	355
	246	354
	245	354
	244	354
	243	354
	243	355
	242	356
	242	357
	242	358
	243	359
	243	360
	243	361
	244	362
	245	363
	246	366
	247	367
	248	368
	249	368
	250	369
	251	370
	252	371
	253	371
	254	372
	255	372
	256	372
	257	372
	257	373
	258	373
	259	373
.PEN_UP
.PEN_DOWN
	284	394
	284	393
	284	392
	284	391
	284	390
	284	389
	284	387
	284	385
	284	382
	284	380
	285	378
	285	377
	285	376
	285	375
	285	374
	285	373
	285	372
	285	373
	285	374
	285	375
	285	376
	285	377
	285	378
	285	379
	285	381
	284	381
	284	382
	283	382
	282	382
	281	382
	280	382
	279	381
	278	380
	277	379
	276	378
	275	377
	275	375
	275	374
	275	373
	275	372
	275	371
	276	370
	277	370
	278	370
	279	370
	280	370
	283	370
	283	371
	285	371
	286	372
	287	372
	288	373
	289	373
	289	374
	290	374
	291	375
.PEN_UP
.PEN_DOWN
	300	379
	301	379
	302	379
	303	379
	304	380
	305	380
	306	381
	307	381
	307	382
	308	383
	309	384
	309	385
	310	385
	310	387
	310	388
	309	389
	309	390
	308	390
	307	390
	306	390
	306	389
	305	388
	303	386
	303	385
	302	384
	301	383
	301	382
	301	381
	300	380
	300	379
	300	378
	300	377
	301	376
	301	375
	302	374
	303	373
	304	373
	305	372
	306	372
	307	372
	308	372
	309	372
	311	372
.PEN_UP
.PEN_DOWN
	323	386
	322	386
	322	385
	322	384
	322	383
	322	382
	322	381
	322	380
	322	379
	322	377
	322	376
	322	375
	323	374
	323	373
	323	372
	324	372
	324	371
	325	371
	326	371
	327	371
	328	371
	329	371
	330	371
	332	373
	333	373
	334	374
	335	376
	336	378
	337	379
	337	380
	337	381
	337	383
	337	384
	337	385
	336	386
.PEN_UP
.PEN_DOWN
	346	385
	346	384
	345	384
	345	383
	345	382
	344	381
	344	380
	344	379
	343	378
	343	377
	343	376
	343	375
	343	373
	343	372
	343	371
	343	370
	343	369
	344	369
.PEN_UP
.PEN_DOWN
	348	397
	348	398
	348	399
	349	399
	349	398
.PEN_UP
.PEN_DOWN
	363	402
	363	401
	362	400
	362	399
	361	399
	360	398
	360	397
	359	395
	358	394
	358	393
	357	390
	356	388
	356	386
	355	385
	355	383
	354	382
	354	380
	354	379
	354	378
	353	377
	353	376
	353	375
	354	374
	354	373
	355	373
	356	372
.PEN_UP
.PEN_DOWN
	379	390
	379	391
	377	391
	376	391
	375	391
	374	391
	373	391
	373	390
	372	390
	371	390
	371	389
	371	388
	371	387
	372	387
	372	386
	373	386
	373	385
	374	385
	374	384
	375	384
	375	383
	376	383
	376	382
	377	382
	378	381
	379	380
	380	379
	380	378
	379	377
	378	376
	377	376
	375	375
	374	375
	373	374
	372	374
	371	374
.PEN_UP
.PEN_DOWN
	415	381
	415	382
	415	383
	415	382
	414	382
	414	381
	414	379
	413	378
	413	377
	413	376
	413	375
	413	374
	413	373
	414	372
	415	371
	416	371
	417	372
	418	372
	419	373
	420	374
	420	375
	421	376
	421	377
	422	378
	423	380
	423	381
	423	382
	423	381
	422	381
	422	380
	422	378
	422	377
	422	376
	422	375
	423	374
	424	373
	424	372
	425	372
	425	371
	426	371
	427	371
	428	371
	428	372
	429	372
	430	373
	430	374
	430	375
	431	376
	431	377
	431	378
	432	381
	432	382
	432	383
	432	384
	432	385
	432	386
.PEN_UP
.PEN_DOWN
	450	379
	450	380
	449	380
	448	381
	447	381
	446	381
	445	380
	444	380
	444	379
	443	378
	442	377
	442	376
	442	375
	442	374
	442	373
	442	372
	442	371
	443	371
	443	370
	444	370
	445	370
	447	370
	448	370
	449	371
	450	372
	451	373
	451	374
	451	375
	452	376
	452	377
	452	378
	452	379
	452	380
	452	381
	452	382
	453	382
	453	381
	453	380
	454	379
	455	378
	455	377
	456	376
	458	375
	458	374
	459	373
	459	372
	460	371
	461	371
	461	370
	462	370
	462	369
	464	369
.PEN_UP
.PEN_DOWN
	472	385
	472	384
	473	384
	473	383
	474	382
	475	381
	476	380
	476	379
	477	378
	478	377
	478	376
	479	375
	479	374
	479	373
	479	372
	480	371
	480	369
	480	368
	481	367
	481	366
.PEN_UP
.PEN_DOWN
	487	384
	487	383
	486	383
	483	382
	482	381
	481	381
	479	380
	478	379
	477	378
	476	377
	475	376
	473	375
	472	374
	471	373
	470	372
	469	371
	468	370
	467	369
	467	368
.PEN_UP
.PEN_DOWN
	508	379
	509	379
	509	378
	510	377
	510	376
	510	374
	510	373
	510	372
	511	371
	511	370
	511	369
	511	368
	511	367
	512	367
	513	368
	514	369
	514	370
	515	372
	516	373
	516	374
	517	375
	517	376
	517	378
	518	379
	518	380
	519	381
	519	382
	520	383
	520	382
	520	381
	520	380
	520	379
	520	377
	520	376
	520	374
	520	373
	520	372
	520	371
	520	369
	521	369
	521	370
	522	370
	522	371
	523	372
	524	373
	525	374
	526	375
	527	376
	528	377
	529	379
	530	380
	531	381
	532	382
	532	383
	533	384
	533	382
	533	381
	534	379
	534	378
	534	377
	534	376
	534	374
	534	372
	534	371
	534	370
	535	370
	535	369
	535	368
	536	368
	536	367
.PEN_UP
.PEN_DOWN
	549	379
	550	379
	551	379
	551	380
	552	380
	553	380
	553	381
	554	381
	554	382
	554	383
	554	384
	554	385
	554	386
	553	386
	552	387
	552	388
	551	388
	550	388
	549	388
	548	387
	547	385
	546	384
	545	382
	545	381
	545	380
	544	378
	544	377
	544	376
	544	375
	544	373
	544	372
	545	372
	545	370
	546	370
	546	369
	547	369
	548	369
	549	369
.PEN_UP
.PEN_DOWN
	563	383
	564	383
	564	382
	564	381
	564	380
	564	379
	564	378
	564	377
	564	376
	564	374
	564	373
	564	372
	564	371
	564	370
	563	370
	563	371
	563	372
	563	373
	563	374
	563	375
	563	376
	564	377
	565	378
	566	379
	568	381
	569	382
	571	382
	572	383
	573	383
	574	384
	575	384
	576	384
	577	384
	578	384
	579	384
.PEN_UP
.PEN_DOWN
	589	385
	588	385
	587	385
	586	385
	585	385
	584	384
	582	382
	582	381
	581	380
	580	379
	580	378
	580	377
	580	376
	580	375
	580	374
	580	373
	580	372
	580	371
	581	370
	582	370
	582	369
	583	369
	584	368
	585	368
	586	368
	587	368
	588	368
.PEN_UP
.PEN_DOWN
	601	378
	601	377
	600	377
	600	376
	600	375
	600	374
	599	372
	599	371
	598	369
	598	368
	598	367
	598	366
.PEN_UP
.PEN_DOWN
	603	396
	602	396
	603	396
.PEN_UP
.PEN_DOWN
	627	395
	626	396
	625	397
	624	397
	623	396
	622	395
	621	394
	619	392
	618	390
	618	389
	617	387
	617	386
	616	384
	616	382
	616	380
	616	378
	615	377
	615	375
	615	374
	615	372
	615	370
	615	369
	614	368
	614	367
.PEN_UP
.PEN_DOWN
	608	381
	609	381
	610	381
	611	380
	612	380
	613	380
	614	380
	615	379
	616	379
	617	378
	618	378
	619	378
	621	377
	622	377
.PEN_UP
.PEN_DOWN
	640	383
	640	382
	639	382
	639	381
	638	380
	637	379
	637	378
	636	376
	635	375
	635	374
	634	373
	634	372
	634	371
	634	370
	634	369
	635	368
	636	367
	637	367
	638	367
	639	368
	640	368
	641	369
	642	369
	642	370
	644	371
	644	372
	645	373
	646	374
	647	376
	648	377
	648	378
	649	379
	649	380
	649	379
	649	378
	648	376
	648	375
	648	374
	647	373
	647	372
	646	370
	646	369
	646	368
	646	367
	645	366
	645	365
	645	364
	646	364
.PEN_UP
.PEN_DOWN
	667	392
	667	393
	667	394
	666	394
	665	393
	664	392
	663	391
	662	390
	661	389
	661	388
	660	387
	659	386
	658	385
	657	384
	656	381
	656	380
	655	379
	654	378
	654	377
	654	376
	653	376
	653	375
	653	374
	653	373
	652	373
	652	372
	652	371
	652	370
	651	370
	651	369
	652	368
.PEN_UP
