
.WRITER_ID BillRivard
.STYLE PRINTED
.PEN_DOWN
	84	390
	84	391
	84	392
	84	391
	85	391
	85	390
	86	389
	86	388
	86	387
	86	385
	86	382
	86	381
	86	379
	86	377
	86	376
	86	375
	86	373
	86	372
	85	372
	85	371
	84	370
	84	369
	83	368
	82	368
	82	367
	81	367
	80	367
	79	367
	78	367
	77	367
	76	367
	76	368
	75	368
.PEN_UP
.PEN_DOWN
	87	398
	87	399
	86	399
	86	400
	85	400
	86	399
.PEN_UP
.PEN_DOWN
	101	386
	101	387
	101	388
	100	388
	99	388
	99	387
	98	387
	98	386
	97	386
	96	385
	95	385
	95	384
	95	383
	94	382
	94	381
	94	380
	94	378
	94	376
	95	375
	95	374
	95	373
	96	372
	97	372
	98	372
	99	372
	100	373
	100	374
	101	374
	101	375
	101	376
	102	377
	102	379
	102	380
	101	381
	101	382
	101	383
	101	385
	101	386
	100	386
	100	387
.PEN_UP
.PEN_DOWN
	115	387
	115	388
	115	387
	115	386
	114	386
	114	385
	114	384
	114	383
	114	380
	114	379
	114	378
	114	376
	114	375
	114	374
	114	373
	115	372
	115	371
	117	371
	118	371
	119	372
	120	372
	121	373
	121	374
	122	375
	123	376
	123	377
	124	378
	125	381
	125	382
	125	383
	125	385
	126	386
	126	388
	126	389
	126	390
	125	390
	126	390
	126	389
	126	388
	127	387
	127	386
	127	385
	128	385
	128	384
	129	382
	129	381
	130	380
	130	379
	130	378
	131	378
	131	377
	132	376
.PEN_UP
.PEN_DOWN
	139	389
	139	388
	140	388
	140	387
	140	386
	141	384
	141	383
	141	382
	142	381
	142	380
	142	379
	142	378
	142	377
	142	376
	143	376
	143	375
	143	374
	143	373
	142	373
	141	373
	141	374
	140	374
	140	375
	140	376
	139	377
	139	378
	139	380
	139	381
	139	383
	139	384
	140	385
	140	387
	141	388
	142	389
	143	391
	144	391
	145	392
	146	392
	147	392
	148	392
	149	392
	150	392
	151	392
	152	391
	153	390
	153	389
.PEN_UP
.PEN_DOWN
	163	391
	164	391
	165	391
	165	390
	166	389
	167	386
	167	385
	168	384
	168	382
	168	381
	169	380
	169	378
	169	377
	169	376
	170	375
	170	374
	170	373
	170	372
	170	373
	169	373
	169	374
	169	376
	169	377
	169	378
	169	380
	169	381
	169	383
	170	384
	170	386
	170	388
	171	389
	171	391
	172	392
	172	393
	173	394
	174	394
	174	395
	175	395
	176	395
	177	394
	178	393
	178	392
	179	391
	180	390
	180	389
	181	387
	181	386
	181	385
	181	384
	181	382
	181	381
	181	380
	181	378
	181	377
	182	377
	182	376
.PEN_UP
.PEN_DOWN
	197	385
	198	385
	199	385
	199	386
	200	386
	201	387
	202	388
	202	389
	203	390
	204	391
	204	392
	204	393
	204	394
	203	394
	203	395
	202	395
	201	396
	200	396
	199	396
	198	396
	197	396
	195	395
	194	394
	193	393
	193	392
	192	392
	191	391
	191	390
	191	389
	191	388
	191	387
	191	386
	191	384
	192	383
	193	382
	193	381
	194	381
	195	380
	195	379
	196	379
	197	378
	198	378
	199	378
	200	378
	201	378
	202	378
.PEN_UP
.PEN_DOWN
	215	392
	215	393
	215	392
	215	391
	215	390
	215	388
	215	386
	215	385
	215	383
	215	382
	216	381
	216	380
	216	379
	217	378
	217	377
	217	376
	218	376
	219	376
	220	377
	221	378
	222	379
	222	381
	223	383
	223	384
	224	385
	224	387
	225	390
	225	391
	226	392
	226	393
	226	392
	227	391
	227	388
	227	386
	227	385
	227	383
	228	381
	228	379
	228	377
	228	375
	228	373
	228	371
	228	369
	228	367
	228	363
	228	362
	228	360
	228	358
	227	357
	227	355
	227	354
	226	354
	226	353
	226	352
	225	352
	224	352
	224	353
	224	354
	224	355
	224	356
.PEN_UP
.PEN_DOWN
	252	393
	253	393
	253	394
	253	395
	253	396
	252	396
	251	396
	250	396
	249	396
	249	395
	247	395
	246	394
	245	393
	245	392
	245	391
	245	390
	245	389
	246	388
	247	388
	248	387
	249	387
	250	387
	250	386
	251	385
	252	385
	252	384
	252	383
	252	382
	252	381
	251	381
	249	380
	247	379
	246	379
	245	378
	244	378
	243	378
	242	378
	241	378
	240	377
.PEN_UP
.PEN_DOWN
	278	408
	278	409
	278	408
	278	407
	278	405
	278	403
	278	402
	278	400
	278	398
	278	395
	278	393
	278	390
	278	388
	278	385
	278	382
	278	380
	279	377
	279	376
	279	375
	279	374
	279	373
	279	375
	279	376
	280	377
	280	378
	280	379
	281	381
	282	383
	283	385
	283	387
	284	388
	284	390
	285	391
	286	393
	287	393
	288	393
	288	392
	289	391
	289	390
	289	389
	289	388
	290	387
	290	384
	290	383
	290	382
	290	381
	290	380
	291	379
	291	378
	291	377
	291	376
	291	375
	291	374
.PEN_UP
.PEN_DOWN
	307	389
	308	388
	308	387
	308	386
	308	385
	308	384
	308	383
	309	382
	309	381
	309	380
	309	379
	309	378
	309	377
	309	376
	308	375
	308	374
	308	373
.PEN_UP
.PEN_DOWN
	311	403
	310	403
	310	404
	310	403
.PEN_UP
.PEN_DOWN
	332	407
	332	405
	332	404
	331	403
	331	402
	331	400
	331	399
	331	397
	332	396
	332	394
	332	393
	332	391
	333	390
	333	387
	333	385
	333	384
	334	383
	334	382
	334	381
	334	380
	334	381
	333	381
	333	382
	332	383
	332	384
	331	385
	330	386
	329	387
	328	387
	327	387
	326	387
	325	387
	324	387
	323	387
	322	386
	322	385
	321	385
	321	383
	321	382
	321	381
	321	380
	321	379
	322	378
	323	378
	323	377
	324	377
	325	376
	327	376
	328	376
	329	376
	330	376
	331	377
	332	377
	333	377
	334	377
.PEN_UP
.PEN_DOWN
	357	400
	357	401
	357	400
	357	399
	357	398
	357	397
	356	395
	356	394
	356	393
	357	390
	357	389
	357	388
	357	386
	358	385
	358	384
	358	383
	358	382
	358	381
	358	380
	358	379
	358	378
	358	377
	357	377
	357	378
	356	378
	356	379
	355	380
	355	381
	354	383
	353	384
	353	385
	352	385
	351	386
	351	387
	350	388
	349	388
	348	388
	347	388
	345	387
	344	386
	343	385
	343	384
	342	383
	342	381
	342	380
	343	379
	344	379
	345	378
	347	377
	348	377
	349	377
	350	377
	351	377
	352	377
	353	378
	354	378
	355	379
	357	379
	359	379
.PEN_UP
.PEN_DOWN
	373	382
	374	382
	375	382
	376	382
	377	382
	378	382
	379	383
	380	383
	380	384
	381	384
	381	385
	382	386
	382	387
	382	388
	382	389
	381	390
	380	390
	380	391
	379	391
	378	391
	377	391
	376	390
	375	390
	374	390
	373	389
	373	388
	372	387
	371	386
	370	385
	370	383
	370	382
	370	381
	370	380
	371	379
	372	378
	373	378
	373	377
	375	376
	377	376
	379	376
	381	376
	382	376
	383	376
	385	376
	386	376
	387	376
.PEN_UP
.PEN_DOWN
	395	393
	396	393
	396	392
	397	391
	397	390
	397	389
	397	388
	397	387
	397	386
	397	385
	398	384
	398	382
	398	380
	398	379
	398	378
	398	377
	398	376
	398	377
	399	378
	399	379
	399	380
	400	381
	401	383
	402	384
	403	385
	403	387
	405	389
	406	390
	407	390
	408	390
	409	389
	409	388
	409	387
	409	386
	409	385
	409	384
	409	383
	409	381
	409	380
	409	379
	409	377
	410	376
	410	375
	410	372
	410	371
	410	370
	410	369
	411	368
	412	367
.PEN_UP
.PEN_DOWN
	437	406
	437	407
	437	406
	437	405
	437	403
	437	402
	437	400
	437	399
	437	397
	437	394
	437	390
	438	389
	438	387
	438	385
	438	383
	438	382
	438	381
	438	380
	438	379
	438	378
	438	379
	438	380
	438	381
	438	382
	439	383
	439	384
	439	385
	440	386
	441	388
	442	388
	442	389
	443	389
	444	389
	445	388
	445	387
	446	386
	446	385
	446	384
	446	383
	446	382
	446	381
	445	381
	445	380
	444	380
	443	379
	442	379
	440	378
	439	377
	438	377
	437	377
	437	376
.PEN_UP
.PEN_DOWN
	455	389
	455	388
	455	387
	455	386
	455	385
	454	384
	454	383
	454	382
	454	381
	454	380
	454	379
	454	378
	454	377
	455	376
	455	375
	456	374
	457	373
	458	373
	459	373
	460	374
	462	376
	463	377
	464	378
	464	379
	465	380
	466	381
	466	382
	467	383
	467	384
	467	385
	468	386
	468	387
	468	388
	467	388
	467	389
	467	388
	467	389
	467	388
	467	387
	467	386
	467	385
	467	384
	467	383
	467	381
	467	379
	467	378
	466	376
	466	375
	466	370
	465	368
	465	366
	465	365
	464	363
	464	362
	464	361
	464	360
	464	359
	463	358
	463	357
	462	357
	461	357
.PEN_UP
.PEN_DOWN
	499	384
	500	384
	500	385
	500	387
	500	388
	499	388
	499	389
	498	389
	498	390
	497	390
	496	390
	495	390
	494	389
	493	389
	492	388
	490	388
	490	387
	489	385
	488	384
	488	382
	488	381
	488	379
	488	378
	489	377
	489	376
	492	376
	493	376
	494	376
	495	376
	497	376
	497	377
	498	378
	499	379
	500	379
	500	380
	501	381
	501	382
	501	383
	500	383
	500	381
	499	380
	498	379
	497	377
	497	375
	496	371
	495	369
	495	367
	495	364
	494	362
	494	360
	494	358
	494	356
	494	354
	494	353
	494	352
	495	351
	495	350
	495	351
	496	351
	497	352
	497	353
	498	354
	499	355
	499	356
	500	357
	500	360
	501	361
	501	363
	501	364
	501	366
	501	367
.PEN_UP
.PEN_DOWN
	515	390
	515	391
	515	390
	514	388
	514	387
	514	385
	514	384
	513	382
	513	381
	513	380
	513	378
	513	377
	513	376
	513	375
	514	373
	515	373
	516	373
	517	374
	518	374
	519	375
	520	376
	521	377
	523	379
	523	380
	524	381
	525	382
	526	384
	526	385
	527	386
	527	388
	527	389
	527	390
	527	389
	527	388
	526	387
	526	386
	526	385
	526	383
	526	382
	526	381
	527	380
	527	377
	528	376
	528	375
	528	374
	529	374
	529	373
	529	372
	530	372
.PEN_UP
.PEN_DOWN
	545	391
	545	390
	545	389
	544	387
	544	386
	544	385
	544	384
	544	383
	544	381
	544	380
	543	379
	543	378
	543	377
	543	376
	543	375
	543	373
	543	372
	543	371
.PEN_UP
.PEN_DOWN
	548	403
	547	404
	547	405
	546	404
	546	403
	546	402
	546	401
.PEN_UP
.PEN_DOWN
	557	382
	558	382
	559	383
	560	383
	560	384
	561	384
	562	384
	562	385
	563	385
	563	386
	563	387
	564	388
	564	389
	564	390
	563	391
	563	392
	562	392
	561	392
	560	392
	559	392
	556	391
	556	390
	555	390
	554	389
	554	388
	553	387
	552	386
	552	385
	552	384
	552	383
	552	382
	552	380
	552	379
	554	378
	555	377
	556	376
	557	375
	559	375
	561	374
	562	374
	564	374
	565	374
	566	374
	568	374
	569	375
	570	375
.PEN_UP
.PEN_DOWN
	585	403
	586	403
	587	403
	587	404
	586	403
	586	401
	586	400
	585	399
	585	397
	584	396
	584	394
	583	391
	583	390
	583	388
	582	386
	582	385
	582	384
	582	382
	581	381
	581	380
	581	379
	581	378
	581	376
	581	375
	582	374
	582	373
	583	373
	584	373
.PEN_UP
.PEN_DOWN
	572	392
	573	392
	573	391
	574	391
	574	390
	575	390
	576	390
	577	390
	578	390
	579	390
	580	390
	582	389
	584	389
	585	389
	586	389
	587	389
	589	389
	590	389
.PEN_UP
.PEN_DOWN
	627	390
	628	390
	628	391
	629	391
	630	391
	631	392
	632	392
	635	392
	636	392
	638	392
	639	392
	640	392
	641	392
	641	391
	640	390
	639	389
	638	387
	637	386
	636	384
	635	383
	634	381
	633	380
	633	378
	632	377
	632	376
	632	375
	632	373
	632	372
	633	372
	633	371
	634	371
	635	370
	636	370
	637	370
	638	370
	639	370
	640	370
.PEN_UP
.PEN_DOWN
	657	386
	657	385
	658	385
	659	385
	660	385
	661	386
	663	387
	664	387
	664	388
	665	389
	666	389
	667	390
	667	391
	667	392
	667	393
	667	394
	666	394
	665	394
	664	394
	663	394
	662	394
	661	394
	659	393
	658	393
	657	392
	656	390
	655	389
	655	388
	654	386
	654	385
	654	384
	654	383
	655	382
	655	381
	656	380
	657	379
	658	378
	659	376
	660	376
	661	376
	662	375
	663	375
	664	375
	665	375
	666	375
	667	375
	668	376
.PEN_UP
.PEN_DOWN
	686	390
	686	391
	686	392
	685	393
	685	394
	684	394
	683	394
	681	394
	680	394
	679	394
	679	393
	678	392
	677	391
	676	390
	676	389
	675	387
	675	385
	674	384
	674	383
	674	381
	674	380
	675	379
	675	378
	676	378
	677	378
	678	378
	679	378
	679	379
	680	379
	681	380
	681	381
	682	381
	683	382
	684	383
	684	384
	685	385
	686	387
	686	388
	686	389
	687	390
	686	390
	686	389
	686	387
	686	386
	686	385
	686	384
	686	382
	686	381
	687	381
	687	379
	687	378
	688	376
.PEN_UP
.PEN_DOWN
	706	404
	706	403
	705	402
	704	401
	704	399
	703	397
	703	395
	702	394
	702	392
	701	388
	701	386
	701	384
	701	382
	701	381
	701	379
	701	378
	702	377
	702	376
	702	375
	703	375
.PEN_UP
