
.WRITER_ID BillRivard
.STYLE PRINTED
.PEN_DOWN
	65	400
	66	400
	65	400
	65	401
	65	400
	65	399
	65	398
	65	397
	64	396
	64	395
	64	394
	64	393
	64	392
	64	391
	63	390
	63	389
	63	388
	63	387
	64	387
	64	386
.PEN_UP
.PEN_DOWN
	61	376
	61	377
.PEN_UP
.PEN_DOWN
	89	393
	89	394
	88	394
	87	394
	86	394
	86	393
	85	393
	85	392
	84	392
	84	391
	83	391
	83	390
	83	389
	83	388
	83	387
	83	386
	83	385
	84	385
	85	385
	86	385
	87	385
	87	386
	88	387
	88	388
	88	389
	88	390
	88	391
	88	390
	87	390
	87	389
	87	388
	87	387
	87	386
	87	385
	88	385
	89	384
	90	384
	90	385
	91	385
	91	386
	92	387
	93	387
	93	388
	93	389
	94	390
	94	391
	94	392
	95	393
	95	394
	95	395
	95	396
	95	398
	94	399
	94	400
	93	401
	93	402
	92	403
	91	403
	90	403
	89	403
	88	403
	88	402
	87	402
	87	401
	86	400
	85	400
	85	399
	84	398
	83	397
	82	395
	82	394
	81	393
	81	392
	80	391
	80	390
	79	389
	79	388
	79	387
	79	386
	79	385
	79	384
	79	383
	79	382
	79	381
	80	381
	80	380
	80	379
	80	378
	80	377
	81	377
	81	376
	82	376
	82	375
	83	375
	84	375
	85	375
	86	375
	87	375
	87	376
	88	376
	89	376
.PEN_UP
.PEN_DOWN
	111	399
	112	399
	112	398
	111	397
	111	396
	111	395
	111	394
	110	394
	110	391
	110	390
	109	389
	109	388
	109	387
	108	386
	108	385
	108	384
	108	383
	108	382
	108	381
	108	380
.PEN_UP
.PEN_DOWN
	121	400
	120	400
	120	399
	119	399
	118	398
	118	397
	118	396
	117	395
	117	394
	117	392
	116	392
	116	391
	116	390
	116	389
	116	388
	115	387
	115	386
	115	385
	115	384
	115	383
	114	382
	114	381
	114	380
	114	379
.PEN_UP
.PEN_DOWN
	103	393
	103	392
	104	392
	105	392
	105	391
	106	391
	107	391
	108	391
	109	391
	110	391
	111	391
	112	390
	113	390
	114	390
	116	390
	117	390
	118	389
	119	389
	119	388
	120	388
.PEN_UP
.PEN_DOWN
	103	384
	104	383
	105	383
	106	383
	107	383
	108	383
	109	383
	110	383
	111	383
	112	382
	113	382
	114	382
	115	382
	116	381
	117	381
	118	381
	119	381
	120	381
	120	380
	121	380
	122	380
	122	379
.PEN_UP
.PEN_DOWN
	139	396
	140	396
	140	397
	140	398
	140	399
	139	399
	138	399
	138	398
	137	398
	136	397
	135	397
	134	397
	134	396
	133	395
	133	394
	133	393
	133	392
	134	392
	134	391
	135	391
	136	391
	137	390
	138	390
	139	389
	139	388
	140	388
	140	387
	140	386
	140	385
	140	384
	140	383
	139	383
	139	382
	138	381
	137	381
	136	381
	135	380
	134	380
	133	380
	132	380
	131	380
.PEN_UP
.PEN_DOWN
	138	404
	138	403
	137	403
	137	402
	137	401
	137	400
	137	399
	137	398
	137	397
	137	396
	137	394
	137	393
	137	392
	136	391
	136	390
	136	389
	136	388
	136	387
	136	386
	136	385
	136	383
	135	383
	135	382
	135	381
	135	380
	135	379
	135	378
	135	377
	135	376
	135	375
	135	374
	134	374
	134	373
	135	373
	136	373
.PEN_UP
.PEN_DOWN
	160	398
	159	398
	159	399
	158	399
	157	399
	157	398
	156	398
	155	397
	154	397
	154	396
	154	395
	153	395
	153	394
	153	393
	154	392
	154	391
	155	391
	155	390
	156	390
	157	390
	157	391
	158	391
	159	392
	159	393
	160	393
	160	394
	160	395
	159	395
	159	396
	158	397
	157	397
	158	398
	159	398
	159	397
	160	397
	161	397
	161	398
	162	398
	163	398
.PEN_UP
.PEN_DOWN
	170	401
	171	401
	171	402
	172	402
	172	403
	173	403
	172	402
	172	401
	172	400
	171	399
	171	398
	170	397
	170	396
	169	395
	168	392
	167	391
	166	389
	165	388
	164	387
	163	386
	163	385
	162	384
	162	383
	161	382
	161	381
	160	380
	160	379
	161	379
.PEN_UP
.PEN_DOWN
	170	385
	169	384
	168	384
	168	383
	168	382
	167	381
	167	380
	166	379
	166	378
	166	377
	166	376
	167	375
	168	375
	169	376
	170	376
	171	377
	171	378
	172	379
	173	380
	173	381
	173	382
	173	383
	173	384
	173	385
	172	385
.PEN_UP
.PEN_DOWN
	187	388
	187	387
	186	387
	186	388
	186	389
	187	389
	187	390
	188	390
	189	391
	190	391
	190	392
	191	392
	191	393
	192	393
	192	394
	193	394
	194	394
	194	395
	194	394
	195	394
	195	393
	196	393
	196	392
	197	392
	197	391
	198	391
	198	390
	199	390
	199	389
.PEN_UP
.PEN_DOWN
	221	407
	222	407
	222	408
	221	408
	221	407
	221	406
	221	405
	221	403
	221	402
	221	401
	222	400
	222	399
	222	398
	222	397
	222	396
	222	395
	222	394
	221	394
	220	394
	219	394
	218	394
	217	394
	216	394
	216	393
	215	393
	215	392
	215	391
	216	391
	217	391
	218	391
	219	391
	220	391
	221	391
	221	390
	220	390
	219	390
	218	389
	217	389
	217	388
	216	388
	215	387
	214	387
	214	386
	215	386
	216	386
	217	386
	218	386
	218	385
	217	384
	217	383
	217	382
	217	381
	217	380
	216	379
	216	378
	216	376
	216	375
	215	374
	215	373
	215	372
	216	372
.PEN_UP
.PEN_DOWN
	240	395
	240	394
	239	394
	239	393
	238	392
	238	391
	237	391
	236	390
	235	389
	234	387
	233	386
	233	385
	232	384
	232	383
	232	382
	232	383
	232	384
	233	385
	234	385
	234	386
	234	387
	235	388
	235	389
	236	390
	236	392
	237	393
	237	394
	238	394
	238	395
	238	396
	239	396
	239	395
	239	394
	240	394
	240	393
	240	392
	241	391
	241	390
	241	389
	241	388
	241	387
	241	386
	240	386
	239	386
	239	387
	238	387
	237	387
	236	388
	235	388
	235	389
	234	389
	234	390
	233	390
	234	390
	235	390
	236	389
	237	389
	238	388
	239	388
	240	388
	239	389
	238	389
	237	389
	236	390
	235	390
	234	390
	234	391
	233	391
	233	392
	232	392
	232	393
	233	393
	234	392
	235	392
	236	391
	237	390
	238	390
	239	390
	239	389
	240	388
	241	388
	242	387
	243	387
	244	386
.PEN_UP
.PEN_DOWN
	257	401
	258	401
	258	402
	257	402
	256	402
	256	401
	255	400
	255	399
	254	399
	254	398
	253	397
	253	396
	252	395
	252	394
	252	393
	252	392
	252	391
	252	389
	252	388
	252	386
	252	385
	252	384
	252	383
	252	382
	252	381
	253	381
	253	379
	253	378
	254	378
	254	376
	255	376
	255	375
	255	374
	256	374
	256	373
.PEN_UP
.PEN_DOWN
	266	403
	266	404
	265	403
	265	402
	265	401
	266	400
	266	399
	266	397
	267	397
	267	395
	267	394
	268	393
	268	392
	268	391
	268	390
	268	389
	268	388
	269	388
	269	387
	269	386
	269	385
	268	385
	268	383
	268	382
	268	381
	267	381
	267	380
	266	379
	266	378
	265	377
	265	376
	264	376
	263	375
	263	374
	264	374
.PEN_UP
.PEN_DOWN
	279	403
	280	403
	280	402
	281	401
	282	400
	282	399
	283	398
	283	397
	284	397
	284	396
	285	395
	285	394
.PEN_UP
.PEN_DOWN
	291	395
	291	394
	291	395
	291	396
	292	397
	292	398
	293	398
	294	399
	295	399
	296	400
	297	400
	297	399
	297	398
	297	397
	298	396
	298	395
	299	394
	300	394
	300	395
	301	395
	301	396
	302	396
	302	397
	303	397
	303	398
	304	399
	304	400
	305	401
	305	402
	305	401
.PEN_UP
.PEN_DOWN
	311	386
	311	385
	311	386
	312	386
	313	386
	314	386
	316	387
	317	387
	318	387
	319	387
	319	386
	320	386
	320	385
.PEN_UP
.PEN_DOWN
	327	371
	327	372
	327	373
	328	373
	329	373
	329	372
	330	372
	331	372
	332	372
	334	373
	335	373
	336	373
	337	373
	338	374
	339	374
	340	374
	341	374
	342	374
	342	373
	343	373
.PEN_UP
.PEN_DOWN
	353	393
	353	394
	353	393
	353	392
	353	391
	353	390
	353	388
	353	387
	353	386
	354	385
	354	384
	354	383
	354	382
	354	381
	355	381
.PEN_UP
.PEN_DOWN
	348	387
	349	387
	350	387
	351	387
	352	387
	353	387
	354	387
	355	387
	356	387
	357	387
	358	387
	359	387
	360	387
	361	387
	362	387
	362	386
	363	386
.PEN_UP
.PEN_DOWN
	372	391
	373	391
	374	391
	375	391
	376	391
	377	391
	378	392
	379	392
	380	392
	381	392
	381	391
	382	391
	383	391
.PEN_UP
.PEN_DOWN
	373	383
	373	382
	374	382
	375	382
	376	382
	377	382
	378	382
	379	382
	380	382
	381	382
.PEN_UP
.PEN_DOWN
	403	403
	402	403
	401	403
	400	403
	399	403
	398	403
	397	403
	396	402
	395	402
	395	403
	395	402
	395	401
	395	400
	395	399
	394	399
	394	398
	394	397
	394	396
	394	395
	394	394
	393	393
	393	392
	393	391
	393	390
	393	389
	393	388
	393	387
	393	386
	392	386
	392	385
	392	384
	392	383
	392	382
	392	381
	392	380
	392	379
	393	378
	394	378
	395	378
	396	378
	397	378
	398	377
.PEN_UP
.PEN_DOWN
	411	403
	412	403
	413	403
	414	403
	415	403
	416	403
	417	403
	418	403
	418	402
	418	401
	418	400
	418	399
	418	398
	417	398
	417	397
	417	396
	416	395
	416	394
	416	393
	415	392
	415	391
	415	390
	415	389
	414	388
	414	387
	414	386
	414	385
	414	384
	413	384
	413	383
	413	382
	413	381
	413	380
	412	380
	412	379
	411	379
	410	378
	409	378
	408	378
	407	378
	406	378
	405	378
	406	377
.PEN_UP
.PEN_DOWN
	437	404
	436	404
	435	404
	434	403
	433	403
	432	403
	431	402
	431	401
	430	401
	430	400
	429	399
	430	399
	430	398
	431	398
	431	397
	432	396
	432	395
	433	395
	433	394
	433	393
	433	392
	432	392
	432	391
	431	391
	430	390
	429	390
	428	390
	428	389
	427	389
	428	389
	429	389
	430	389
	431	389
	431	388
	431	387
	431	386
	430	386
	430	385
	429	384
	429	383
	428	383
	428	382
	428	381
	428	380
	428	379
	428	378
	428	377
	429	376
	430	376
	431	376
	432	376
	433	376
	434	376
.PEN_UP
.PEN_DOWN
	444	404
	445	404
	445	403
	446	403
	447	403
	448	403
	448	402
	448	401
	448	400
	448	399
	448	398
	447	397
	447	396
	446	395
	445	394
	445	393
	444	393
	444	392
	444	391
	443	390
	443	389
	443	388
	444	388
	444	387
	445	387
	445	386
	446	386
	447	386
	447	387
	447	386
	446	386
	445	386
	445	385
	445	384
	445	383
	444	383
	444	382
	444	381
	444	380
	444	379
	444	377
	444	376
	444	375
	444	374
	444	373
	443	373
	443	372
	442	372
	441	372
	440	372
	441	372
.PEN_UP
.PEN_DOWN
	456	404
	456	405
	455	406
	456	405
	457	404
	458	403
	459	402
	459	401
	460	401
	460	400
	460	399
	461	399
	461	398
	462	397
	462	396
	462	394
	462	393
	462	392
	463	392
	463	391
	463	390
	464	389
	464	388
	464	387
	465	386
	465	385
	465	384
	466	384
	466	383
	466	382
	467	382
.PEN_UP
.PEN_DOWN
	476	383
	476	382
	476	381
	476	380
	476	379
	475	378
	475	377
	475	376
	475	375
	474	375
	474	374
	473	374
	473	373
	473	372
	472	372
.PEN_UP
.PEN_DOWN
	495	403
	495	404
	495	403
	494	403
	494	402
	493	401
	493	400
	492	400
	492	399
	491	398
	490	397
	490	395
	489	394
	488	393
	487	391
	487	390
	487	389
	486	388
	486	387
	485	386
	484	385
	484	384
	484	383
	484	382
	484	381
.PEN_UP
.PEN_DOWN
	505	405
	505	406
	506	406
	507	406
	508	406
	509	406
	510	406
	511	405
	512	405
	513	404
	514	404
	514	403
	514	402
	514	401
	513	399
	512	399
	512	398
	511	397
	510	397
	510	396
	509	395
	508	394
	507	394
	507	393
	507	392
	506	392
	506	391
	507	391
	507	390
	508	390
	509	389
	509	388
.PEN_UP
.PEN_DOWN
	509	378
	509	379
	509	380
	509	381
	509	380
.PEN_UP
.PEN_DOWN
	527	409
	527	410
	527	409
	526	409
	526	408
	525	407
	525	406
	524	406
	524	405
	524	404
	524	403
	524	402
.PEN_UP
.PEN_DOWN
	542	407
	543	407
	542	406
	542	405
	542	404
	541	404
	541	403
	540	402
	540	401
	540	400
.PEN_UP
.PEN_DOWN
	546	406
	546	405
	546	404
	545	404
	545	403
	545	402
	544	402
	544	401
	544	400
	543	399
.PEN_UP
.PEN_DOWN
	560	397
	561	397
	561	398
	560	398
	560	397
	559	397
	558	396
	557	396
	556	395
	555	394
	554	394
	553	393
	551	392
	550	391
	549	391
	549	390
	548	390
	547	389
	548	388
	549	387
	550	387
	550	386
	551	386
	551	385
	552	384
	553	383
	553	382
	554	381
	555	380
	555	379
	555	378
	556	378
.PEN_UP
.PEN_DOWN
	577	402
	576	402
	576	401
	576	400
	576	399
	576	398
	576	397
	576	396
	575	394
	575	393
	575	392
	574	391
	574	390
	574	389
	574	388
	574	387
	573	386
	573	385
	573	383
	573	382
	574	382
.PEN_UP
.PEN_DOWN
	586	399
	586	400
	586	399
	587	399
	588	398
	589	398
	590	397
	591	396
	592	395
	593	395
	593	394
	594	394
	594	393
	595	393
	596	392
	596	391
	596	390
	595	389
	594	389
	593	388
	592	387
	590	387
	590	386
	589	385
	588	385
	587	384
	586	383
	585	382
	584	382
	584	381
	584	380
.PEN_UP
.PEN_DOWN
	611	406
	611	405
	610	405
	610	404
	610	403
	610	402
	609	401
	609	400
	610	399
.PEN_UP
.PEN_DOWN
	616	406
	616	405
	616	404
	616	403
	615	403
	615	402
	615	401
	615	400
.PEN_UP
.PEN_DOWN
	626	395
	626	396
	626	397
	627	397
	628	397
	628	396
.PEN_UP
.PEN_DOWN
	625	381
	625	380
	625	379
	625	377
	624	376
	624	375
	623	375
	623	374
	622	374
	622	373
.PEN_UP
.PEN_DOWN
	644	395
	645	395
	645	396
	646	396
	645	395
	645	394
	644	394
.PEN_UP
.PEN_DOWN
	643	381
	643	380
	644	380
	644	381
	643	381
	643	382
.PEN_UP
.PEN_DOWN
	667	379
	666	380
	666	381
	666	382
	666	381
	666	380
	666	379
	667	378
.PEN_UP
