
.WRITER_ID BeckyHammaker
.STYLE PRINTED
.PEN_DOWN
	118	388
	118	387
	119	387
	120	387
	120	386
	120	385
	120	384
	120	383
	120	382
	121	381
	121	380
	121	379
	122	378
	122	377
	122	376
	122	375
	122	374
	123	373
	123	372
	123	371
	123	372
	123	373
	123	374
	123	375
	123	376
	124	377
	124	378
	124	379
	125	379
	125	380
	126	380
	127	380
	127	381
	128	381
	129	381
	130	380
	130	379
	131	379
	131	378
	131	377
	131	376
	131	375
	131	374
	131	373
	130	372
	129	372
	128	371
	127	371
	126	371
	125	371
	124	371
	124	372
	123	372
	123	373
	122	373
	121	374
.PEN_UP
.PEN_DOWN
	137	375
	137	374
	138	374
	139	374
	140	375
	141	375
	141	376
	142	376
	142	377
	142	378
	141	378
	140	378
	139	378
	139	377
	138	377
	137	376
	137	375
	137	374
	137	373
	138	372
	139	371
	140	371
	140	370
	141	370
	142	370
	143	370
	144	370
	144	371
	145	371
	146	371
.PEN_UP
.PEN_DOWN
	149	377
	149	376
	149	375
	150	375
	150	374
	150	373
	150	372
	151	371
	152	370
	153	369
	154	369
	154	370
	155	370
	155	371
	156	371
	156	372
	156	373
	157	374
	157	375
	157	376
	157	377
	157	376
	157	375
	157	374
	157	373
	157	372
	157	371
	158	371
	159	371
	160	371
	161	371
	162	371
	163	371
	163	372
	163	373
	164	374
	164	375
	164	376
	163	376
	163	377
	163	378
	162	378
	162	379
.PEN_UP
.PEN_DOWN
	171	375
	171	374
	171	373
	171	372
	171	371
	172	371
	172	370
	173	370
	173	369
.PEN_UP
.PEN_DOWN
	170	385
	170	384
.PEN_UP
.PEN_DOWN
	177	387
	178	387
	178	386
	179	386
	179	385
	179	384
	179	383
	179	382
	179	381
	180	380
	180	379
	180	378
	180	377
	180	376
	180	375
	181	374
	181	372
	181	371
	181	370
	181	369
	182	369
	182	370
.PEN_UP
.PEN_DOWN
	192	375
	191	375
	190	375
	189	375
	188	374
	187	374
	187	373
	186	373
	186	372
	186	371
	187	371
	187	370
	188	370
	189	370
	190	369
	191	369
	192	369
	193	369
	193	370
.PEN_UP
.PEN_DOWN
	191	390
	191	389
	192	388
	192	387
	192	386
	192	385
	193	385
	193	384
	193	383
	193	382
	194	381
	194	380
	194	378
	194	377
	194	376
	195	375
	195	374
	195	373
	195	372
	195	371
	195	370
	195	369
	195	368
	195	367
.PEN_UP
.PEN_DOWN
	202	373
	203	373
	204	374
	204	375
	205	375
	205	376
	205	377
	204	377
	203	376
	202	376
	201	375
	201	374
	201	373
	201	372
	201	371
	202	370
	203	370
	203	369
	204	369
	205	369
	206	369
	207	369
	208	369
	208	370
	209	370
	209	371
.PEN_UP
.PEN_DOWN
	215	375
	215	374
	215	373
	216	372
	216	371
	216	370
	216	369
	217	369
	217	368
	218	368
	218	369
	218	370
	217	371
	217	372
	217	373
	217	374
	217	375
	217	376
	218	377
	219	378
	220	378
	220	379
	221	379
.PEN_UP
.PEN_DOWN
	228	374
	228	373
	229	373
	230	374
	231	374
	232	375
	233	376
	233	377
	233	378
	232	378
	231	378
	230	378
	229	377
	228	377
	228	376
	228	375
	228	374
	228	373
	228	372
	229	371
	230	371
	230	370
	231	370
	232	369
	233	369
	234	369
	235	369
	235	370
	236	370
	237	371
.PEN_UP
.PEN_DOWN
	246	377
	245	377
	244	376
	243	376
	242	376
	241	375
	241	374
	240	374
	240	373
	240	372
	241	371
	241	370
	242	369
	243	369
	243	368
	244	368
	245	368
	246	368
	246	369
	247	369
	247	370
.PEN_UP
.PEN_DOWN
	244	394
	244	393
	244	392
	244	391
	244	390
	244	389
	244	388
	245	387
	245	385
	245	384
	246	381
	246	380
	246	379
	246	378
	246	376
	247	376
	247	375
	247	374
	247	373
	248	372
	248	371
	249	371
	249	370
	249	369
	250	369
.PEN_UP
.PEN_DOWN
	281	379
	281	380
	280	380
	279	380
	278	380
	277	380
	277	379
	276	379
	275	378
	274	377
	273	376
	273	375
	274	374
	274	373
	275	373
	276	372
	277	371
	278	371
	279	370
	280	370
	281	370
	282	370
	283	370
.PEN_UP
.PEN_DOWN
	283	390
	284	390
	284	389
	284	388
	285	387
	285	386
	285	385
	285	384
	285	383
	285	382
	286	381
	286	380
	286	379
	286	377
	287	376
	287	375
	287	374
	287	373
	287	372
	287	371
	287	370
	287	369
	287	368
	287	369
	288	369
	288	370
	288	371
	288	372
	288	373
	288	374
	289	375
	289	376
	290	376
	290	377
	290	378
	291	378
	292	378
	293	378
	294	378
	294	377
	295	377
	295	376
	296	375
	296	374
	297	374
	297	373
	297	372
	297	371
	297	370
	297	369
	298	369
	298	370
	298	371
.PEN_UP
.PEN_DOWN
	308	377
	308	378
	307	378
	306	378
	305	378
	304	377
	303	377
	303	376
	302	376
	302	375
	302	374
	302	373
	303	373
	304	373
	304	372
	305	372
	306	372
	306	373
	307	373
	307	374
	307	375
	308	375
	308	376
	309	376
	310	376
	310	375
	311	375
	311	374
	311	373
	311	372
	312	372
	312	371
	312	370
	313	370
	314	370
	314	371
.PEN_UP
.PEN_DOWN
	317	378
	317	377
	318	377
	318	376
	318	375
	318	374
	319	374
	319	373
	319	372
	319	371
	320	371
	320	370
	321	370
	321	371
	321	372
	321	373
	321	374
	321	376
	321	377
	321	378
	322	379
	323	379
	324	379
.PEN_UP
.PEN_DOWN
	331	375
	331	374
	331	373
	332	373
	332	372
	332	371
	332	370
	332	369
	333	369
	333	370
	333	371
	333	372
	333	373
	333	374
	333	375
	333	376
	333	377
	334	377
	334	378
	335	378
	336	378
	337	378
	337	377
	338	376
	338	375
	339	374
	339	373
	339	372
	339	371
	339	370
	339	369
	339	370
	340	371
	340	372
	340	373
	340	374
	340	375
	341	376
	341	377
	342	377
	342	378
	343	378
	344	378
	345	378
	346	378
	346	377
	347	377
	347	376
	348	376
	348	375
	348	374
	348	373
	348	372
	348	371
	348	370
	348	369
	349	369
.PEN_UP
.PEN_DOWN
	358	377
	359	377
	360	377
	361	377
	361	376
	362	376
	363	377
	364	377
	365	377
	366	377
.PEN_UP
.PEN_DOWN
	385	383
	384	383
	384	382
	383	382
	382	382
	381	381
	380	381
	379	381
	378	380
	377	379
	376	379
	376	378
	376	377
	377	377
	378	377
	379	377
	380	377
	381	377
	382	377
	383	377
	384	377
	385	377
	386	377
	387	376
	388	376
	389	375
	389	374
	390	374
	390	373
	390	372
	390	371
	390	370
	389	370
	389	369
	388	369
	387	369
	387	368
	385	368
	384	368
	383	369
	382	369
	381	370
	380	370
	380	371
.PEN_UP
.PEN_DOWN
	396	372
	397	373
	398	373
	398	374
	399	374
	399	375
	400	375
	400	376
	401	376
	401	377
	400	377
	400	378
	399	378
	398	378
	398	377
	397	377
	396	376
	395	376
	395	375
	395	374
	395	373
	395	372
	396	372
	396	371
	397	370
	398	370
	398	369
	399	369
	400	369
	401	368
	402	368
	403	368
	405	368
	406	368
	407	368
	408	368
	408	369
.PEN_UP
.PEN_DOWN
	408	387
	409	387
	409	386
	410	386
	410	385
	410	384
	411	383
	411	382
	411	381
	411	380
	412	379
	412	378
	412	377
	412	376
	412	375
	412	374
	412	373
	413	372
	413	371
	413	370
	414	369
	414	370
.PEN_UP
.PEN_DOWN
	417	391
	418	390
	418	389
	418	388
	418	387
	418	386
	418	384
	419	383
	419	382
	419	381
	419	380
	420	378
	420	377
	420	376
	421	376
	421	375
	421	374
	422	372
	422	371
	422	370
	423	370
	423	369
	423	370
.PEN_UP
.PEN_DOWN
	430	373
	431	373
	431	374
	432	375
	433	376
	433	377
	433	378
	432	378
	431	377
	430	377
	429	377
	429	376
	428	376
	428	375
	428	374
	428	373
	428	372
	429	372
	429	371
	430	371
	430	370
	431	370
	432	370
	433	369
	434	369
	435	369
	436	369
	437	369
.PEN_UP
.PEN_DOWN
	442	375
	442	374
	442	373
	442	372
	442	371
	443	370
	443	369
	444	369
	444	368
	444	367
	445	367
	445	366
	445	367
	445	368
	445	369
	445	370
	444	371
	444	372
	444	373
	444	374
	443	374
	443	375
	443	376
	444	377
	444	378
	445	378
	446	379
	447	379
	448	379
	449	379
	450	380
	451	380
.PEN_UP
.PEN_DOWN
	463	368
	463	367
	464	366
	464	365
	464	364
.PEN_UP
.PEN_DOWN
	486	391
	486	390
	487	390
	487	389
	487	388
	487	387
	487	386
	487	385
	487	384
	487	383
	487	382
	487	381
	487	380
	487	379
	488	378
	488	376
	488	375
	488	374
	488	373
	489	373
.PEN_UP
.PEN_DOWN
	478	391
	479	391
	480	391
	481	392
	482	392
	483	392
	484	393
	485	394
	486	394
	487	394
	488	394
	489	395
	490	395
	491	395
	492	395
	493	395
	494	395
	495	395
	495	394
	496	394
	497	393
	497	392
	498	392
	498	391
	498	390
	498	389
	497	389
	497	388
	497	387
	496	386
	496	385
	495	385
	495	384
	494	384
	493	383
	492	383
	491	382
	490	382
	491	382
	492	382
	493	382
	493	381
	494	381
	495	380
	496	379
	496	378
	496	377
	497	377
	497	376
	497	375
	497	374
	498	374
	498	373
	498	372
	498	371
	499	371
	500	371
	500	372
.PEN_UP
.PEN_DOWN
	504	376
	505	376
	505	375
	505	374
	506	373
	506	372
	506	371
	506	372
.PEN_UP
.PEN_DOWN
	503	386
	503	385
.PEN_UP
.PEN_DOWN
	514	376
	514	375
	514	374
	514	373
	514	372
	515	372
	515	371
	515	370
	516	370
	516	369
	515	369
	515	370
	515	371
	515	372
	515	373
	515	374
	515	375
	515	376
	515	377
	516	378
	517	378
	517	379
	518	379
	519	379
	520	379
	520	378
	521	378
	521	377
	521	376
	522	376
	522	375
	522	374
	522	373
	523	372
	523	371
	523	370
	523	369
	524	369
.PEN_UP
.PEN_DOWN
	532	377
	531	377
	531	376
	530	376
	530	375
	529	375
	529	374
	529	373
	529	372
	530	371
	531	370
	532	370
	532	369
	533	369
	534	369
	535	369
	536	369
	536	370
	537	370
.PEN_UP
.PEN_DOWN
	543	374
	543	373
	544	373
	545	373
	546	373
	547	373
	548	373
	548	374
	549	374
	550	374
	550	375
	551	375
	551	376
	550	377
	549	377
	548	377
	547	377
	546	377
	545	376
	545	375
	544	375
	544	374
	544	373
	544	372
	544	371
	545	371
	545	370
	546	369
	547	368
	548	368
	549	368
	550	368
	551	368
	552	368
	553	368
	554	368
	555	368
.PEN_UP
.PEN_DOWN
	559	379
	560	379
	560	378
	559	378
	559	377
	559	376
	559	375
	559	374
	559	373
	559	372
	559	371
	560	371
	561	370
	562	370
	563	371
	564	371
	564	372
	565	372
	565	373
	565	374
	565	375
	565	376
	564	376
	564	375
	564	374
	565	374
	565	373
	565	372
	566	371
	567	370
	568	370
	569	369
	570	369
	571	369
	572	369
	572	370
	572	371
	572	372
	572	373
	573	374
	573	375
	573	376
	573	377
	573	378
	572	378
	572	379
	572	378
	573	378
.PEN_UP
.PEN_DOWN
	581	372
	581	371
	581	370
	582	370
	582	369
	583	369
	583	368
.PEN_UP
.PEN_DOWN
	577	383
	577	382
	578	382
	579	382
	579	381
.PEN_UP
.PEN_DOWN
	589	374
	590	373
	590	372
	590	371
	591	370
	591	369
	591	368
	592	368
	591	369
	591	370
	591	371
	592	371
	592	372
	592	373
	592	374
	592	375
	593	375
	593	376
	594	376
	595	376
	596	376
	597	376
	598	376
	599	376
	600	375
	601	374
	601	373
	601	371
	602	370
	602	369
	602	368
	601	367
	601	366
	602	366
	603	367
.PEN_UP
.PEN_DOWN
	610	375
	609	375
	608	375
	607	375
	606	374
	605	374
	604	374
	603	374
	603	373
	602	372
	602	371
	603	371
	603	370
	604	370
	604	369
	605	369
	606	368
	607	367
	608	367
	609	367
	610	367
.PEN_UP
.PEN_DOWN
	607	396
	608	396
	608	395
	608	394
	608	393
	609	392
	609	391
	609	389
	609	388
	609	387
	609	386
	609	384
	609	383
	609	381
	609	380
	609	379
	609	377
	609	376
	609	375
	609	373
	609	372
	609	371
	610	370
	610	369
	610	368
	611	368
	611	367
.PEN_UP
.PEN_DOWN
	643	372
	644	372
	645	372
	645	373
	646	373
	646	374
	646	375
	646	376
	645	377
	645	378
	644	378
	644	379
	643	380
	642	380
	641	380
	640	379
	639	378
	639	377
	638	377
	638	376
	638	375
	638	374
	638	373
	638	372
	639	372
	639	371
	640	371
	641	371
	642	371
	643	371
	644	371
	644	372
	645	372
	645	373
	645	374
	645	375
	646	375
	646	374
	646	373
	647	372
	647	371
	647	370
	647	368
	647	367
	648	367
	648	366
	648	365
	648	364
	648	363
	648	362
	648	361
	648	360
	648	358
	648	357
	647	357
	646	356
	645	356
	644	356
	643	356
	642	356
	641	356
	640	356
	639	356
	638	356
	637	356
	637	357
.PEN_UP
.PEN_DOWN
	657	376
	656	376
	656	375
	655	375
	655	374
	654	373
	654	372
	654	371
	654	370
	654	369
	655	368
	656	367
	657	367
	658	366
	659	366
	660	366
	661	367
	662	367
	663	368
	664	368
	664	369
	664	370
	664	371
	664	372
	664	373
	663	374
	662	375
	661	375
	661	376
	660	376
	659	376
	658	376
	657	376
	656	376
.PEN_UP
.PEN_DOWN
	671	388
	671	387
	671	386
	671	385
	672	385
	672	384
	672	383
	672	381
	672	380
	672	379
	673	378
	673	377
	673	376
	673	375
	673	374
	674	373
	674	372
	675	370
	675	369
	675	368
	675	367
.PEN_UP
.PEN_DOWN
	664	378
	665	378
	666	377
	667	377
	669	376
	670	376
	671	376
	672	376
	673	376
	675	376
	676	376
	677	376
	678	376
	679	376
.PEN_UP
.PEN_DOWN
	710	376
	709	375
	708	375
	707	375
	706	375
	705	374
	704	373
	703	372
	702	371
	701	370
	701	369
	701	368
	702	368
	702	367
	703	367
	705	366
	706	366
	707	365
	708	365
	709	365
	710	365
	711	366
	712	366
.PEN_UP
.PEN_DOWN
	708	392
	708	391
	708	390
	709	390
	709	389
	709	388
	709	387
	709	385
	709	384
	709	383
	709	382
	709	381
	709	380
	709	379
	709	378
	709	377
	709	376
	709	375
	709	373
	709	371
	709	369
	709	368
	709	367
	709	366
	709	365
	709	364
	710	364
	711	365
.PEN_UP
.PEN_DOWN
	717	376
	716	376
	715	375
	714	375
	714	374
	713	374
	713	373
	713	372
	713	371
	714	370
	715	369
	716	369
	716	368
	717	368
	718	368
	719	368
	720	368
	721	368
	721	369
	721	370
	721	371
	722	372
	722	373
	722	374
	722	375
	721	376
	721	377
	720	377
	719	377
	718	377
	717	377
	716	377
	716	376
.PEN_UP
.PEN_DOWN
	725	376
	725	375
	725	374
	725	373
	725	372
	726	371
	726	370
	727	369
	728	369
	729	369
	730	369
	731	370
	731	371
	732	371
	732	372
	732	373
	733	374
	733	375
	733	376
	732	376
	732	374
	732	373
	732	372
	732	371
	732	370
	733	370
	734	369
	735	369
	736	369
	737	369
	737	370
	738	370
	738	371
	738	372
	738	373
	738	374
	738	375
	738	376
	738	377
	738	378
	737	379
.PEN_UP
.PEN_DOWN
	745	374
	745	373
	745	372
	745	371
	745	370
	745	369
	745	368
	745	367
	746	367
	746	368
	746	369
	747	370
	747	371
	747	372
	747	373
	748	375
	748	376
	748	377
	749	378
	749	379
	750	379
	751	379
	752	378
	753	377
	754	377
	754	376
	755	375
	756	375
	756	374
	756	373
	757	372
	758	371
	758	370
	758	369
	758	368
	759	368
	759	367
.PEN_UP
