
.WRITER_ID BeckyHammaker
.STYLE PRINTED
.PEN_DOWN
	120	388
	120	387
	120	388
	120	387
	120	386
	120	385
	120	384
	120	383
	120	382
	121	381
	121	380
	121	379
	121	378
	121	377
	122	375
	122	374
	122	373
	122	372
	122	371
	122	370
	122	369
	123	369
	123	368
.PEN_UP
.PEN_DOWN
	112	381
	113	380
	114	380
	115	380
	116	380
	117	380
	118	380
	120	380
	121	380
	122	380
	123	381
	124	381
	125	381
	126	382
	127	382
	128	382
	129	382
.PEN_UP
.PEN_DOWN
	131	382
	131	381
	131	380
	130	379
	130	378
	129	378
	129	377
	128	376
	128	375
	128	374
	129	373
	130	372
	131	372
	132	372
	133	372
	134	372
	136	372
	137	372
	138	372
	139	372
	140	373
	140	374
	140	375
	140	376
	140	377
	139	377
	139	378
	138	378
	137	379
	136	380
	135	380
	134	380
	133	380
	133	381
	132	381
	131	381
.PEN_UP
.PEN_DOWN
	179	378
	179	379
	179	380
	178	380
	178	381
	177	381
	176	381
	175	381
	174	381
	173	381
	172	380
	171	380
	170	379
	170	378
	169	378
	169	377
	169	376
	169	375
	169	374
	169	373
	169	372
	170	371
	171	371
	172	371
	173	371
	174	371
	175	371
	176	371
	177	371
	178	371
	179	372
	179	373
	179	374
	179	375
	179	376
	178	376
	178	377
	179	377
	179	378
	180	378
	181	378
	182	377
	182	376
	182	375
	183	375
	183	374
	183	373
	184	373
	184	372
	184	371
	185	371
.PEN_UP
.PEN_DOWN
	189	380
	190	379
	190	378
	191	377
	191	376
	192	375
	192	374
	193	374
	193	373
	193	372
	194	372
	194	373
	194	374
	194	375
	194	376
	194	377
	194	378
	194	379
	194	380
	195	380
	196	380
	196	381
	197	381
	198	381
	199	382
	200	382
	201	382
	201	381
.PEN_UP
.PEN_DOWN
	206	376
	207	375
	207	374
	207	373
	208	372
	208	371
	208	372
	208	373
	208	374
	208	375
	208	376
	208	377
	208	378
	208	379
	209	380
	210	380
	210	381
	211	381
	212	381
	212	382
.PEN_UP
.PEN_DOWN
	222	379
	221	379
	220	379
	219	379
	217	378
	216	377
	215	376
	215	375
	215	374
	215	373
	216	373
	217	372
	218	372
	219	372
	220	373
	221	373
	221	374
	221	375
	221	376
	221	377
	221	378
	222	378
	223	377
	224	377
	224	376
	224	375
	224	374
	225	373
	225	372
	226	372
.PEN_UP
.PEN_DOWN
	232	379
	232	378
	232	377
	232	376
	233	375
	233	374
	233	373
	234	372
	235	371
	235	372
	235	373
	235	374
	235	375
	235	376
	235	377
	235	378
	235	379
	235	380
	236	380
	237	380
	238	380
	239	380
	240	380
	241	380
	242	380
	243	380
	244	379
	244	378
	244	377
	244	376
	244	375
	243	374
	243	373
	243	372
	244	372
	244	371
	245	371
	245	372
.PEN_UP
.PEN_DOWN
	256	380
	255	380
	254	380
	253	379
	252	379
	251	379
	250	378
	249	377
	249	376
	249	375
	249	374
	250	374
	251	373
	252	373
	253	373
	254	373
	254	374
	255	374
	256	375
	256	376
	255	377
	255	378
	256	378
	256	377
	257	376
	257	375
	258	375
	258	374
	258	373
	258	372
	258	371
	258	370
	258	367
	259	367
	260	365
	260	364
	260	363
	260	362
	260	361
	260	360
	260	359
	260	358
	259	357
	259	356
	258	356
	257	356
	256	356
	255	356
	254	357
	253	357
	252	358
	251	358
	251	359
	250	359
	250	360
	250	361
	250	362
.PEN_UP
.PEN_DOWN
	263	373
	264	373
	265	373
	265	374
	266	374
	266	375
	266	376
	267	376
	267	377
	267	378
	267	379
	267	380
	266	380
	265	380
	264	379
	263	379
	263	378
	262	378
	262	377
	261	377
	261	376
	261	375
	261	374
	262	374
	263	373
	264	372
	265	372
	266	372
	266	371
	267	371
	268	371
	269	371
	270	371
	271	371
	272	371
.PEN_UP
.PEN_DOWN
	308	388
	308	387
	308	386
	308	385
	308	384
	308	383
	308	382
	308	381
	309	380
	309	379
	309	377
	310	376
	310	375
	310	374
	310	373
	310	372
	311	371
	311	370
	311	369
.PEN_UP
.PEN_DOWN
	304	376
	305	375
	306	375
	307	374
	309	374
	310	374
	311	374
	312	374
	313	374
	314	374
	315	374
.PEN_UP
.PEN_DOWN
	320	392
	320	391
	319	391
	319	390
	319	389
	319	388
	319	387
	319	386
	319	385
	319	384
	320	383
	320	381
	320	380
	320	379
	321	377
	321	376
	321	375
	321	374
	321	372
	321	371
	322	370
	322	369
	322	368
	322	369
	322	370
	322	371
	322	372
	322	373
	323	374
	323	375
	324	375
	324	376
	325	376
	326	376
	327	376
	328	376
	328	375
	329	375
	329	374
	330	374
	330	373
	330	372
	331	371
	331	370
	331	369
	332	369
	333	369
.PEN_UP
.PEN_DOWN
	337	374
	338	374
	339	374
	339	375
	340	376
	340	377
	341	377
	341	378
	340	378
	339	378
	338	378
	338	377
	337	377
	336	376
	335	375
	335	374
	336	373
	337	373
	337	372
	338	371
	339	371
	340	371
	341	371
	342	371
	343	370
	345	370
	347	370
	348	370
	349	370
.PEN_UP
.PEN_DOWN
	369	371
	370	371
	370	372
	371	371
	371	370
	372	369
	372	368
	372	367
	372	366
	372	365
	373	364
	373	363
	373	362
	373	361
	374	360
	374	359
	374	358
	374	357
	374	356
	374	355
	374	356
	374	357
	374	358
	374	359
	374	360
	374	361
	373	362
	373	363
	373	364
	373	365
	372	366
	372	367
	372	368
	372	369
	372	370
	372	371
	372	372
	372	373
	372	374
	372	375
	372	376
	373	376
	373	377
	374	377
	374	378
	375	378
	376	378
	377	378
	378	378
	379	378
	380	378
	381	378
	381	377
	381	376
	382	376
	382	375
	382	374
	382	373
	381	372
	381	371
	380	371
	380	370
	379	370
	378	369
	377	369
	376	369
	375	369
	375	370
	374	370
	373	371
	373	372
	373	373
.PEN_UP
.PEN_DOWN
	388	375
	389	374
	389	373
	390	372
	390	371
	390	370
	390	369
.PEN_UP
.PEN_DOWN
	385	385
	386	385
	386	384
.PEN_UP
.PEN_DOWN
	400	378
	399	378
	399	377
	398	377
	397	377
	397	376
	396	376
	395	376
	395	375
	395	374
	395	373
	396	373
	397	372
	397	371
	398	371
	399	371
	400	371
	401	370
	402	370
	403	370
	404	370
	404	369
	405	369
	406	370
.PEN_UP
.PEN_DOWN
	409	385
	410	385
	410	384
	410	383
	411	383
	411	382
	411	381
	411	380
	412	380
	412	379
	412	378
	412	377
	413	376
	413	375
	413	374
	414	373
	414	372
	414	371
	414	370
	414	369
	414	370
.PEN_UP
.PEN_DOWN
	407	378
	409	377
	410	377
	411	377
	411	376
	412	376
	413	376
	414	376
	415	376
	416	376
	417	376
	418	376
	419	376
.PEN_UP
.PEN_DOWN
	421	377
	421	376
	421	375
	421	374
	421	373
	421	372
	421	371
	422	371
	422	370
	423	370
	424	370
	425	370
	426	370
	427	371
	428	372
	429	373
	429	374
	429	375
	429	376
	429	375
	429	374
	429	373
	430	373
	430	372
	431	371
	432	370
	433	370
	434	369
	435	370
.PEN_UP
.PEN_DOWN
	437	377
	437	376
	438	375
	438	374
	439	373
	439	372
	439	371
	440	370
	440	369
	441	369
	441	370
	440	371
	440	372
	440	373
	440	374
	440	375
	440	376
	440	377
	441	377
	442	378
	443	378
	444	379
	445	379
	446	379
	447	379
	447	380
.PEN_UP
.PEN_DOWN
	455	376
	455	377
	455	378
	455	379
	454	379
	453	379
	452	379
	452	378
	451	378
	451	377
	450	376
	450	375
	450	374
	450	373
	450	372
	451	371
	451	370
	452	369
	453	369
	453	368
	454	368
	455	368
	456	368
	457	368
	458	368
	459	368
	460	368
	461	368
	462	368
	462	369
.PEN_UP
.PEN_DOWN
	474	368
	474	367
	474	366
	474	365
	475	364
	475	363
	475	362
	475	361
.PEN_UP
.PEN_DOWN
	493	371
	494	371
	495	371
	495	372
	496	372
	496	373
	496	374
	495	374
	495	375
	495	376
	494	376
	493	376
	492	376
	491	376
	490	376
	490	375
	489	375
	489	374
	489	373
	489	372
	489	371
	489	370
	490	370
	490	369
	491	369
	492	369
	493	370
	494	371
	495	371
	495	372
	495	373
	496	373
	497	373
	497	372
	498	372
	498	371
.PEN_UP
.PEN_DOWN
	502	377
	502	376
	502	375
	502	374
	502	373
	502	372
	503	371
	503	370
	503	371
	504	371
	504	372
	504	373
	504	374
	504	375
	504	376
	505	376
	506	377
	507	377
	508	377
	509	377
	509	376
	510	376
	511	376
	511	375
	511	374
	510	373
	510	372
	510	371
	511	371
	512	371
	513	372
.PEN_UP
.PEN_DOWN
	521	378
	521	377
	520	377
	520	376
	519	376
	518	376
	517	376
	515	375
	514	375
	514	374
	514	373
	514	372
	515	372
	516	371
	517	371
	518	371
	519	370
	520	370
	521	370
.PEN_UP
.PEN_DOWN
	519	393
	520	393
	520	392
	520	391
	520	390
	520	389
	520	388
	520	387
	520	386
	520	385
	520	384
	521	382
	521	381
	521	380
	521	379
	521	378
	522	377
	522	376
	522	375
	523	374
	523	373
.PEN_UP
