
.WRITER_ID BillRivard
.STYLE PRINTED
.PEN_DOWN
	85	388
	86	388
	86	389
	85	389
	85	388
	84	387
	84	386
	84	385
	84	384
	83	383
	83	382
	83	381
	82	381
	82	380
	82	379
	82	378
	81	377
	81	376
	81	375
.PEN_UP
.PEN_DOWN
	98	385
	98	386
	98	387
	97	387
	96	387
	95	386
	94	386
	94	385
	93	385
	93	384
	92	383
	92	382
	92	381
	92	380
	92	379
	92	378
	92	376
	93	375
	94	374
	95	374
	96	374
	97	374
	98	374
	98	375
	99	375
	100	376
	101	376
	101	377
	102	378
	102	379
	103	380
	103	381
	103	382
	103	383
	103	384
	103	385
	103	386
	103	387
	102	387
.PEN_UP
.PEN_DOWN
	106	390
	106	389
	105	389
	105	388
	104	388
	103	386
	102	386
	101	385
	101	384
	100	383
	99	382
	98	381
	97	380
	96	378
	95	377
	94	376
	93	375
	93	374
	92	373
	92	372
	93	372
.PEN_UP
.PEN_DOWN
	118	389
	117	389
	116	389
	115	389
	115	388
	114	388
	114	387
	113	387
	112	386
	111	385
	111	384
	110	383
	110	382
	110	381
	110	380
	110	379
	110	378
	110	377
	111	376
	113	375
	114	375
	115	375
	116	376
	117	376
	118	376
	119	377
	120	378
	120	379
	121	380
	122	382
	122	383
	122	384
	122	385
	122	386
	122	387
	121	388
.PEN_UP
.PEN_DOWN
	125	392
	124	392
	124	391
	123	391
	123	390
	122	390
	121	389
	120	388
	119	386
	117	385
	116	383
	115	382
	114	381
	113	379
	112	378
	111	377
	110	376
	109	375
	109	374
	109	373
.PEN_UP
.PEN_DOWN
	136	389
	136	390
	135	390
	134	390
	133	389
	132	389
	132	388
	131	388
	131	387
	130	386
	130	385
	130	384
	131	384
	132	384
	133	384
	134	384
	135	384
	135	385
	136	385
	136	386
	137	386
	137	387
	138	388
.PEN_UP
.PEN_DOWN
	145	392
	145	391
	145	390
	144	390
	143	388
	143	387
	142	386
	141	385
	140	384
	139	383
	138	381
	137	380
	136	379
	135	377
	134	376
	133	375
	132	373
	131	373
	131	372
.PEN_UP
.PEN_DOWN
	143	380
	143	379
	142	378
	141	377
	140	377
	140	376
	140	375
	139	375
	139	374
	139	373
	140	373
	141	373
	142	373
	142	374
	143	374
	144	375
	144	376
	145	377
	145	378
	144	378
	144	379
.PEN_UP
.PEN_DOWN
	167	384
	166	384
	166	383
	165	383
	165	382
	164	381
	164	379
	164	378
	164	377
	164	376
	165	376
	166	376
	167	376
	168	376
	168	377
	169	377
	170	378
	170	379
	170	380
	171	381
	171	382
	171	383
	171	384
	170	384
	169	385
	168	385
.PEN_UP
.PEN_DOWN
	183	394
	184	394
	184	395
	183	396
	182	396
	182	395
	181	395
	180	394
	179	394
	179	393
	179	392
	179	391
	178	391
	178	390
	178	389
	178	387
	178	386
	178	385
	177	382
	177	381
	177	380
	177	379
	177	378
	177	377
	177	376
	177	375
	177	374
.PEN_UP
.PEN_DOWN
	173	383
	174	382
	175	382
	176	382
	177	382
	178	382
	179	382
	180	382
	181	382
	182	382
	183	383
	184	383
.PEN_UP
.PEN_DOWN
	209	389
	210	389
	210	390
	209	390
	209	389
	208	389
	208	388
	207	387
	207	386
	206	385
	206	384
	205	383
	205	382
	205	381
	203	379
	203	378
	202	378
	202	377
	202	376
	201	376
	201	375
.PEN_UP
.PEN_DOWN
	217	391
	217	390
	216	390
	216	389
	215	388
	215	387
	214	386
	213	385
	213	384
	212	383
	212	382
	212	381
	211	380
	211	379
	210	378
	210	377
	208	376
	208	375
	208	374
	207	374
.PEN_UP
.PEN_DOWN
	200	387
	201	387
	201	386
	202	386
	203	386
	204	386
	207	385
	208	385
	210	385
	211	384
	212	384
	213	383
	214	383
	215	383
	216	382
	217	382
.PEN_UP
.PEN_DOWN
	197	383
	197	382
	198	382
	199	381
	200	381
	201	381
	202	381
	202	380
	204	380
	205	380
	207	379
	208	379
	209	379
	210	379
	210	378
	211	378
	212	378
.PEN_UP
.PEN_DOWN
	226	390
	227	390
	226	389
	226	388
	225	387
	225	386
	225	385
.PEN_UP
.PEN_DOWN
	237	383
	237	384
	236	384
	236	385
	235	385
	234	385
	233	384
	232	384
	232	383
	231	383
	231	382
	231	381
	232	381
	232	380
	232	379
	233	379
	234	379
	234	378
	235	378
	236	378
	236	377
	237	377
	237	376
	237	375
	236	374
	235	374
	234	374
	233	374
	232	374
	231	373
	230	373
	229	373
.PEN_UP
.PEN_DOWN
	271	393
	272	393
	272	394
	271	394
	271	393
	270	393
	270	392
	269	392
	269	391
	268	390
	266	388
	265	387
	264	386
	263	385
	262	384
	261	382
	261	381
	260	380
	259	379
	259	378
	258	377
	257	375
	256	374
	256	373
	256	372
	257	372
.PEN_UP
.PEN_DOWN
	299	379
	299	380
	299	381
	299	382
	299	383
	298	384
	297	384
	297	385
	296	385
	295	385
	294	385
	293	385
	292	385
	292	384
	291	384
	290	382
	290	381
	289	379
	289	378
	289	377
	289	376
	290	374
	290	373
	291	372
	292	372
	292	371
	294	370
	295	370
	296	370
	297	370
	298	370
	299	370
	300	371
	301	372
	302	372
	303	373
	303	374
	304	376
	304	377
	305	378
	305	379
	305	380
	305	381
	305	382
	304	383
	304	384
	304	385
	303	385
.PEN_UP
.PEN_DOWN
	306	388
	305	388
	305	387
	304	387
	303	386
	302	385
	301	385
	300	384
	299	383
	297	381
	296	381
	293	378
	291	376
	290	375
	289	374
	288	373
	287	372
	287	371
	286	371
	286	370
	286	369
	286	368
	287	368
.PEN_UP
.PEN_DOWN
	335	375
	335	376
	335	377
	334	378
	334	379
	333	379
	332	379
	331	379
	330	379
	329	378
	328	378
	328	377
	327	376
	327	375
	327	374
	327	373
	327	372
	328	372
	329	372
	330	372
	331	372
	332	372
	333	372
	333	373
	334	374
	335	375
	335	376
	336	376
	336	377
	336	378
	336	377
	336	376
	336	375
	336	374
	337	373
	337	372
	337	371
	337	370
	338	370
.PEN_UP
.PEN_DOWN
	346	380
	346	379
	346	378
	346	377
	346	376
	346	375
	346	374
	346	373
	346	372
	346	371
	346	372
	346	373
	346	374
	346	375
	347	376
	347	377
	347	378
	348	379
	349	380
	350	381
	351	381
	352	381
	353	381
.PEN_UP
.PEN_DOWN
	359	378
	360	378
	361	377
	362	377
	362	378
	363	378
	364	378
	364	379
	365	379
	365	380
	365	381
	365	382
	365	383
	364	383
	363	383
	362	383
	361	383
	360	382
	359	382
	359	381
	358	381
	357	380
	356	380
	356	379
	355	378
	355	377
	355	376
	355	375
	356	375
	356	374
	357	374
	357	373
	358	373
	359	373
	360	372
	362	372
	364	372
	365	372
	366	372
	367	372
	368	372
.PEN_UP
.PEN_DOWN
	392	383
	393	383
	393	384
	394	385
	395	386
	396	387
	397	388
	397	389
	398	390
	399	390
	399	391
	399	390
	399	389
	400	389
	400	388
	400	387
	400	386
	400	385
	401	384
	401	383
.PEN_UP
.PEN_DOWN
	406	383
	407	383
	407	382
	407	381
	407	380
	407	379
	407	378
	407	377
	407	376
	407	375
	407	374
	407	373
	408	373
	408	372
	409	372
	410	372
	411	372
	412	372
	412	373
	413	373
	413	374
	414	374
	414	375
	415	376
	415	377
	416	377
	416	378
	416	380
	416	381
	417	381
	417	380
	417	379
	417	378
	418	378
	418	377
	418	376
	418	375
	419	374
	419	373
	420	373
	420	372
.PEN_UP
.PEN_DOWN
	427	383
	427	382
	427	381
	427	380
	427	379
	427	378
	427	377
	427	376
	427	375
	427	374
	427	373
	428	373
	428	374
	429	374
	429	375
	430	375
	430	376
	431	377
	432	379
	432	380
	433	381
	433	382
	434	383
	435	383
	435	382
	435	381
	435	380
	436	379
	436	378
	436	377
	436	376
	436	375
	436	373
	436	372
	437	372
.PEN_UP
.PEN_DOWN
	448	394
	448	393
	448	392
	448	391
	448	390
	448	389
	448	387
	448	386
	448	385
	447	384
	447	383
	447	382
	447	381
	447	380
	447	379
	447	378
	447	377
	447	376
	447	375
	447	376
	448	376
	448	377
	449	377
	449	378
	449	379
	449	380
	449	381
	448	382
	448	383
	448	384
	447	384
	446	384
	445	384
	444	384
	443	384
	442	383
	441	382
	440	381
	439	380
	439	379
	439	378
	439	377
	439	376
	440	376
	440	375
	441	375
	441	374
	442	373
	443	373
	444	373
	445	373
	446	373
	447	373
	448	373
	448	374
.PEN_UP
.PEN_DOWN
	456	379
	456	378
	457	378
	458	377
	459	377
	460	378
	461	378
	462	379
	463	379
	464	380
	464	381
	465	381
	465	382
	465	383
	465	384
	464	385
	464	386
	464	387
	463	387
	462	388
	461	388
	460	387
	458	386
	458	385
	457	384
	457	383
	457	382
	457	381
	457	380
	457	379
	457	378
	457	377
	458	376
	459	375
	460	374
	461	374
.PEN_UP
.PEN_DOWN
	484	402
	484	403
	483	404
	482	404
	481	404
	480	404
	479	403
	478	401
	478	400
	477	399
	477	398
	476	397
	476	395
	476	394
	475	392
	475	390
	475	389
	475	387
	475	383
	475	382
	475	380
	474	379
	474	378
	474	376
	473	375
	473	374
	473	373
	473	372
	472	372
.PEN_UP
.PEN_DOWN
	463	384
	463	383
	464	382
	465	381
	466	381
	467	381
	468	380
	469	380
	470	380
	473	379
	474	379
	475	379
	476	379
.PEN_UP
.PEN_DOWN
	487	386
	488	386
	488	385
	487	385
	486	384
	486	383
	485	382
	484	381
	484	380
	484	379
	484	378
	484	377
	484	376
	485	376
	486	376
	487	376
	488	376
	489	376
.PEN_UP
.PEN_DOWN
	494	392
	494	393
	494	394
	494	393
.PEN_UP
.PEN_DOWN
	500	384
	501	384
	501	383
	501	382
	500	381
	500	380
	500	379
	500	378
	499	378
	499	377
	499	376
	499	375
	499	376
	500	376
	500	377
	501	377
	501	378
	502	378
	502	379
	504	380
	505	381
	506	381
	506	382
	507	382
	507	383
	508	383
	509	383
	509	382
	509	381
	509	380
	509	379
	509	378
	509	377
	508	376
	508	375
	508	374
	509	374
.PEN_UP
.PEN_DOWN
	522	377
	523	376
	524	376
	525	376
	526	377
	527	377
	528	378
	529	378
	529	379
	530	379
	530	380
	531	380
	531	381
	531	382
	530	382
	530	383
	529	383
	528	383
	527	383
	526	383
	525	383
	524	383
	523	382
	522	381
	521	381
	521	380
	520	379
	520	378
	520	377
	520	376
	521	375
	521	374
	522	373
	524	372
	525	371
	526	371
	527	371
	528	371
	528	370
	529	370
	530	370
	531	370
.PEN_UP
.PEN_DOWN
	549	390
	549	389
	549	388
	549	387
	549	386
	549	385
	549	384
	548	383
	548	382
	548	381
	547	380
	547	378
	546	378
	546	377
	546	376
	546	377
	547	377
	547	378
	547	379
	547	380
	547	381
	546	382
	545	383
	544	383
	543	383
	542	383
	541	383
	540	382
	539	382
	539	381
	538	380
	537	380
	537	379
	537	378
	537	377
	537	376
	538	376
	540	375
	541	375
	542	375
	543	375
	544	375
	545	375
	546	375
	547	375
	548	375
.PEN_UP
.PEN_DOWN
	562	386
	562	387
	562	388
	563	388
	563	389
	564	389
	564	390
	565	390
	566	390
	567	391
	568	391
	568	392
	569	392
	569	391
	569	390
	569	389
	569	388
	569	386
	569	385
	569	384
	569	383
	570	383
.PEN_UP
