
.WRITER_ID BillRivard
.STYLE PRINTED
.PEN_DOWN
	76	379
	77	379
	77	380
	76	380
	75	379
	74	379
	74	378
	73	377
	73	376
	72	376
	72	375
	72	374
	72	373
	72	372
	72	371
	72	370
	73	370
	73	369
	74	369
	74	368
	75	368
	76	368
	77	368
	78	368
	79	368
	80	368
	81	369
	82	370
	82	371
	83	372
	83	373
	83	374
	82	375
	82	376
	81	377
	80	378
	79	378
.PEN_UP
.PEN_DOWN
	91	381
	91	380
	92	379
	92	378
	92	377
	92	376
	93	376
	93	375
	93	374
	93	373
	93	372
	94	372
	94	371
	94	370
	95	370
	94	371
	94	372
	94	373
	93	374
	93	375
	93	376
	93	377
	94	378
	94	379
	95	379
	95	380
	96	380
	96	381
	97	381
	98	382
	99	383
	100	383
	101	383
	101	384
	102	384
	103	384
	103	383
	104	383
	104	382
.PEN_UP
.PEN_DOWN
	133	387
	134	387
	135	387
	135	388
	136	388
	136	389
	136	388
	135	388
	135	387
	134	387
	133	385
	132	384
	131	383
	130	381
	129	380
	128	378
	127	376
	126	375
	125	373
	124	372
	124	371
	123	370
	122	369
	122	368
	122	369
	122	370
	122	371
	122	372
	123	374
	123	375
	123	376
	124	378
	124	380
	124	381
	125	383
	125	385
	125	387
	126	389
	126	390
	126	391
	127	391
	127	390
	128	389
	128	388
	129	387
	129	385
	130	384
	131	384
	131	383
	132	382
	132	381
	133	380
	134	380
	134	379
	134	380
	133	380
	132	381
	131	381
	130	381
	127	382
	127	383
	126	383
	125	384
	124	384
	123	384
	122	384
	121	385
	121	384
	121	383
	121	382
	122	382
	123	381
	124	380
	125	380
	126	379
	127	378
	129	378
	130	377
	131	377
	132	377
	133	377
	134	377
	135	377
	136	377
	135	377
	134	377
	133	376
	132	376
	131	376
	130	376
	129	376
	128	377
	127	377
	126	377
	125	378
	126	378
	128	379
	129	379
	130	379
	131	379
	132	379
	133	379
	134	379
	135	379
	136	379
.PEN_UP
.PEN_DOWN
	147	393
	147	394
	146	395
	146	396
	146	397
	147	397
	148	397
	149	397
	150	397
	151	397
	152	397
	155	398
	156	398
	157	397
	158	397
	159	397
	159	396
	159	395
	158	395
	158	394
	157	394
	157	393
	156	392
	156	391
	155	390
	154	389
	154	388
	153	387
	152	385
	152	384
	151	383
	151	381
	150	381
	150	379
	150	378
	150	377
	150	376
	151	375
	152	374
	153	374
	154	374
	156	374
	157	374
	159	374
	160	374
	161	374
	163	374
	165	375
	166	375
	167	376
	168	376
	167	376
.PEN_UP
.PEN_DOWN
	148	388
	149	389
	150	389
	151	389
	152	389
	153	389
	154	389
	155	389
	156	389
	157	389
	158	389
	159	389
	159	388
	161	388
.PEN_UP
.PEN_DOWN
	171	377
	171	378
	171	379
	171	380
	171	381
	171	382
	171	383
	171	384
	171	385
	172	386
	172	387
	172	388
	172	389
	172	390
	172	391
	172	392
	172	393
	172	394
	172	395
	172	396
	172	397
	173	397
	174	398
	175	398
	176	398
	177	398
	177	397
	178	396
	178	395
	179	394
	179	393
	180	392
	180	390
	180	389
	180	388
	181	387
	181	386
	181	385
	181	384
	181	383
	181	382
	181	381
	181	380
	182	380
	182	379
	182	378
.PEN_UP
.PEN_DOWN
	172	386
	173	386
	174	386
	175	386
	176	386
	177	386
	179	386
	180	386
	181	386
	182	386
	183	386
.PEN_UP
.PEN_DOWN
	193	397
	193	396
	193	395
	193	394
	193	393
	193	392
	193	391
	193	390
	193	389
	193	388
	193	387
	193	386
	193	385
	193	383
	193	382
	193	381
	193	380
	193	379
	193	378
	193	377
.PEN_UP
.PEN_DOWN
	188	396
	188	397
	188	398
	189	398
	189	399
	190	399
	191	399
	192	399
	193	400
	194	400
	195	400
	196	400
	197	400
	197	399
	198	399
	199	399
	200	399
	201	399
	201	398
	202	398
	202	397
	203	397
	203	396
	204	396
	204	395
	204	394
	203	394
	203	393
	202	393
	202	392
	201	391
	201	390
	200	390
	199	390
	197	389
	196	388
	195	388
	194	388
	193	388
	192	389
.PEN_UP
.PEN_DOWN
	215	390
	216	390
	217	390
	217	391
	218	391
	218	392
	218	393
	217	392
	216	391
	215	390
	214	390
	213	389
	212	388
	211	387
	210	386
	209	385
	208	384
	207	383
	206	382
	206	381
	206	382
	206	383
	206	384
	206	385
	207	387
	207	388
	208	389
	208	390
	209	391
	210	392
	210	393
	211	394
	212	394
	213	394
	214	394
	215	394
	215	393
	216	392
	217	391
	217	390
	217	389
	218	388
	218	387
	219	387
	219	385
	218	385
	217	386
	216	387
	215	388
	214	389
	213	389
	212	390
	211	390
	210	390
	209	391
	208	392
	207	392
	207	391
	208	390
	209	390
	209	389
	210	388
	211	388
	212	387
	213	387
	214	386
	216	386
	217	385
	218	385
	219	385
	219	384
	220	384
.PEN_UP
.PEN_DOWN
	227	378
	228	377
	229	377
	229	376
	229	375
	229	374
	228	373
	228	372
	227	372
	227	371
	225	370
.PEN_UP
.PEN_DOWN
	253	381
	253	382
	253	383
	252	382
	252	381
	251	380
	250	380
	249	379
	249	377
	247	375
	247	374
	246	373
	246	372
	245	372
	244	371
	244	372
	245	373
	245	374
	245	376
	245	377
	245	378
	246	379
	246	381
	247	382
	247	384
	248	385
	248	387
	249	387
	249	388
	249	387
	249	386
	250	385
	250	384
	251	383
	251	382
	252	381
	253	380
	253	379
	254	379
	253	379
	252	379
	251	379
	249	380
	248	380
	247	380
	246	380
	244	380
	243	381
	242	381
	241	381
	241	380
	241	379
	242	379
	242	378
	243	378
	244	377
	245	377
	246	377
	247	376
	248	376
	249	376
	250	376
	251	376
	252	376
	253	376
.PEN_UP
.PEN_DOWN
	264	391
	264	392
	264	393
	265	393
	265	392
	265	391
	266	390
	266	389
	266	388
	266	387
	266	386
	267	385
	267	383
	267	381
	267	380
	267	379
	267	378
	267	377
	267	376
	267	375
	267	374
	267	373
	266	372
.PEN_UP
.PEN_DOWN
	276	390
	275	389
	274	389
	273	388
	272	388
	271	388
	270	387
	269	387
	268	386
	267	386
	266	385
	265	385
	264	385
	264	384
	265	384
	265	383
	266	383
	267	383
	267	382
	268	382
	269	381
	270	381
	271	380
	273	379
	274	379
	274	378
	275	378
	276	377
	276	376
	277	376
.PEN_UP
.PEN_DOWN
	285	372
	285	373
	285	374
	285	375
	285	376
	285	377
	285	378
	285	379
	285	380
	285	381
	285	382
	285	384
	285	386
	285	388
	285	390
	285	391
	285	392
	285	393
	286	394
	286	395
	286	396
	287	396
	288	396
	289	396
	290	396
	290	395
	291	395
	292	394
	292	393
	293	392
	293	391
	294	390
	294	389
	294	388
	294	387
	295	386
	295	385
	295	384
	295	383
	295	382
	295	381
	295	380
	295	379
	294	378
	294	377
	294	376
	295	376
.PEN_UP
.PEN_DOWN
	284	384
	285	384
	286	384
	287	384
	289	384
	290	384
	291	384
	292	384
	293	383
	294	383
	295	383
	296	383
	297	383
.PEN_UP
.PEN_DOWN
	301	389
	302	389
	302	390
	302	391
	302	390
	303	390
	303	389
	303	388
	303	386
	303	385
	303	384
	303	383
	303	381
	303	380
	303	379
	303	378
	303	377
	303	376
	302	375
	303	374
.PEN_UP
.PEN_DOWN
	299	392
	300	392
	300	393
	301	393
	302	394
	303	394
	304	395
	305	395
	306	395
	306	396
	307	396
	309	396
	310	396
	311	396
	311	395
	312	395
	313	394
	313	393
	313	392
	313	391
	313	390
	313	389
	313	388
	312	387
	311	386
	310	386
	309	385
	307	385
	306	385
	305	385
	304	384
	303	384
	302	384
.PEN_UP
.PEN_DOWN
	324	389
	324	390
	323	391
	322	391
	321	391
	321	390
	320	390
	319	390
	318	389
	318	388
	317	388
	317	387
	316	386
	316	385
	315	384
	315	383
	315	382
	315	381
	315	380
	316	379
	316	378
	317	378
	317	377
	318	377
	318	376
	319	376
	320	376
	321	376
	322	376
	323	376
	324	376
	326	377
	326	378
	327	379
	328	379
	328	380
	328	381
	328	382
	328	383
	328	384
	327	385
	327	386
	325	388
	325	389
	324	389
	323	390
.PEN_UP
.PEN_DOWN
	332	389
	333	389
	332	389
	332	388
	332	387
	331	386
	331	385
	331	384
	331	382
	331	381
	332	380
	332	379
	332	378
	333	377
	334	377
	335	377
	336	378
	337	378
	337	379
	338	379
	339	380
	340	381
	341	382
	341	383
	342	384
	342	385
	342	386
	342	387
	342	386
	341	385
	341	384
	341	383
	341	382
	341	381
	341	380
	341	379
	342	377
	343	377
	344	377
	345	376
	346	376
	347	376
	348	376
	349	376
	350	376
	351	378
	352	379
	352	380
	352	381
	352	382
	352	383
	352	384
	351	385
	351	386
	351	387
	350	388
	349	390
	349	391
	348	392
.PEN_UP
.PEN_DOWN
	371	387
	372	388
	371	387
	370	387
	368	386
	366	385
	365	384
	364	384
	364	383
	363	382
	362	382
	362	381
	362	382
	363	383
	363	384
	364	385
	364	386
	365	387
	366	388
	367	389
	367	390
	369	392
	369	393
	370	393
	370	392
	371	391
	371	390
	371	389
	372	386
	372	385
	372	384
	373	382
	373	381
	373	380
	373	379
	372	380
	371	381
	371	382
	370	384
	369	385
	369	386
	368	387
	368	388
	366	390
	366	391
	365	391
	365	390
	366	389
	366	388
	367	387
	368	386
	369	385
	370	384
	370	383
	371	383
	371	382
	372	381
	373	381
	375	380
.PEN_UP
.PEN_DOWN
	387	373
	387	372
	388	372
	388	371
	387	370
	387	369
	386	368
	385	367
	384	367
	383	366
.PEN_UP
.PEN_DOWN
	416	388
	417	389
	418	389
	418	390
	418	391
	418	390
	417	389
	416	388
	416	387
	415	386
	414	384
	412	382
	411	380
	411	379
	410	378
	410	377
	409	376
	408	376
	408	378
	408	379
	408	380
	409	382
	409	383
	410	385
	410	386
	410	388
	411	389
	411	391
	412	392
	413	393
	414	393
	415	392
	415	391
	416	390
	416	389
	417	388
	417	386
	418	384
	418	383
	418	382
	418	381
	418	380
	417	380
	416	380
	415	381
	414	382
	414	383
	413	384
	413	385
	412	386
	411	387
	411	388
	410	388
	410	389
	410	388
	410	387
	410	386
	410	385
	411	385
	411	384
	412	383
	413	382
	413	381
	415	380
	416	380
	417	379
	418	379
	418	378
	419	378
	420	378
.PEN_UP
.PEN_DOWN
	437	394
	437	395
	437	396
	438	396
	438	395
	438	394
	439	393
	439	392
	439	391
	439	390
	440	388
	440	386
	440	385
	440	384
	440	383
	440	382
	440	381
	440	380
	440	379
	440	378
	439	378
	439	377
	439	376
	440	376
.PEN_UP
.PEN_DOWN
	453	393
	453	394
	452	393
	451	393
	450	393
	449	392
	448	392
	448	391
	447	391
	445	391
	444	390
	443	390
	442	390
	442	389
	441	389
	442	389
	442	388
	443	388
	443	387
	444	387
	446	386
	446	385
	447	385
	448	385
	448	384
	449	384
	449	383
	450	382
	450	381
	451	381
	451	380
	452	379
.PEN_UP
.PEN_DOWN
	463	392
	464	392
	463	392
	462	392
	462	391
	462	390
	461	390
	461	389
	460	388
	460	387
	460	386
	460	385
	460	384
	460	383
	460	382
	460	381
	461	381
	462	380
	463	380
	464	379
	465	379
	466	379
	467	380
	468	380
	469	380
	470	381
	471	381
	471	382
.PEN_UP
.PEN_DOWN
	461	388
	462	388
	462	387
	463	387
	464	387
	465	387
	466	387
	467	387
	468	387
	469	387
.PEN_UP
.PEN_DOWN
	462	395
	462	394
	463	394
	464	394
	465	394
	466	394
	467	394
	468	394
	469	394
	470	394
	471	394
	472	394
	473	394
.PEN_UP
.PEN_DOWN
	482	394
	482	395
	481	395
	481	394
	480	393
	480	392
	479	391
	479	390
	479	389
	479	387
	479	386
	479	385
	479	383
	479	382
	479	381
	479	380
	479	379
	479	378
	478	377
	479	377
.PEN_UP
.PEN_DOWN
	482	392
	482	393
	483	393
	483	394
	484	395
	485	395
	486	395
	487	395
	488	395
	489	395
	490	395
	491	395
	492	395
	494	395
	494	394
	493	393
	491	392
	490	392
	489	392
	488	391
	487	391
	486	390
	485	390
	484	390
	483	390
	483	389
	482	388
	482	387
	483	387
	483	386
	483	385
	484	384
	485	384
	485	383
	486	383
	487	381
	488	381
	489	380
	490	379
	490	378
.PEN_UP
.PEN_DOWN
	504	394
	505	394
	505	393
	504	392
	504	391
	504	390
	504	389
	504	388
	503	387
	503	386
	503	384
	502	382
	502	381
	501	380
	501	379
	501	378
	501	377
.PEN_UP
.PEN_DOWN
	501	395
	501	396
	501	397
	502	397
	503	397
	504	397
	505	397
	506	396
	507	396
	509	396
	509	395
	510	395
	511	394
	512	394
	512	393
	512	392
	512	391
	511	390
	511	389
	509	388
	508	388
	507	388
	506	387
	505	387
	504	387
	503	386
	502	386
	501	386
.PEN_UP
.PEN_DOWN
	517	395
	518	396
	517	397
	517	396
	516	396
	516	395
	516	394
	515	393
	515	392
	515	391
	515	390
	514	389
	514	388
	514	387
	514	385
	514	384
	515	382
	515	381
	516	380
	517	379
	518	379
	520	378
	521	378
	522	379
	523	379
	524	380
	525	380
.PEN_UP
.PEN_DOWN
	532	394
	532	395
	532	394
	531	394
	530	392
	530	391
	529	390
	529	389
	529	388
	529	387
	529	386
	529	385
	529	384
	529	383
	529	382
	529	381
	530	380
	531	380
	532	380
	533	381
	534	381
	534	382
	535	382
	536	383
	537	384
	537	387
	538	388
	538	389
	539	390
	539	391
	539	392
	540	393
	540	394
	540	395
	539	395
	539	394
	539	393
	539	392
	539	391
	539	390
	539	388
	539	387
	539	386
	539	385
	540	384
	540	383
	540	382
	540	381
	540	380
.PEN_UP
.PEN_DOWN
	548	378
	548	377
	549	377
	549	378
	549	379
	549	380
	549	381
	549	382
	549	383
	550	384
	550	385
	551	386
	551	387
	552	389
	552	390
	553	391
	553	392
	554	393
	554	394
	554	395
	554	394
	554	393
	554	392
	554	391
	554	390
	554	388
	554	387
	554	385
	555	383
	555	382
	556	381
	556	380
	557	380
	558	379
	560	379
	561	379
	562	379
	562	380
	563	380
	564	381
	565	382
	565	384
	565	385
	566	386
	566	387
	566	389
	566	392
	566	394
	565	395
	565	396
	565	397
	564	397
	563	397
	563	396
.PEN_UP
.PEN_DOWN
	572	396
	572	397
	573	397
	573	396
	573	395
	573	393
	573	392
	573	391
	573	390
	572	388
	572	387
	572	385
	572	384
	571	383
	571	381
	571	380
	570	379
	570	377
	570	376
	570	375
.PEN_UP
.PEN_DOWN
	585	390
	585	391
	584	391
	584	392
	583	392
	582	392
	581	392
	580	392
	579	392
	578	392
	577	392
	576	392
	575	391
	574	391
	573	390
	572	390
	572	389
	572	388
	572	387
	572	386
	573	385
	573	384
	574	384
	575	383
	576	382
	577	382
	578	381
	579	381
	579	380
	580	380
	581	379
.PEN_UP
.PEN_DOWN
	604	382
	604	383
	604	384
	603	384
	602	383
	600	382
	599	381
	597	381
	596	381
	595	380
	595	379
	594	378
	593	378
	593	377
	592	377
	591	377
	592	378
	592	379
	592	380
	593	380
	594	381
	594	382
	596	383
	596	384
	598	385
	599	386
	600	387
	601	387
	602	387
	603	387
	604	386
	604	385
	604	384
	604	383
	604	382
	604	381
	603	381
	602	381
	601	382
	600	382
	599	383
	598	384
	597	385
	596	385
	596	386
	595	387
	594	388
	593	389
	593	390
	593	389
	593	388
	594	387
	594	386
	595	385
	596	383
	597	382
	598	381
	599	380
	600	379
	600	378
	601	378
	602	377
	603	376
	605	376
	605	375
	607	375
.PEN_UP
.PEN_DOWN
	616	372
	615	372
	614	373
	614	374
	615	374
.PEN_UP
