
.WRITER_ID BillRivard
.STYLE PRINTED
.PEN_DOWN
	101	390
	101	391
	101	392
	100	392
	99	392
	98	392
	97	392
	96	392
	95	392
	95	391
	94	391
	93	390
	92	390
	91	389
	91	388
	91	387
	91	386
	91	385
	91	384
	92	383
	94	382
	95	382
	97	382
	98	382
	99	381
	100	381
	101	381
	102	381
	102	380
	103	380
	103	379
	103	378
	103	377
	102	376
	101	375
	100	375
	100	374
	98	373
	97	373
	97	372
	95	372
	94	372
	93	372
	93	373
	93	374
.PEN_UP
.PEN_DOWN
	117	388
	117	389
	117	390
	116	390
	115	390
	114	390
	113	390
	112	390
	111	389
	110	388
	109	386
	109	385
	108	384
	108	383
	107	381
	107	380
	107	379
	107	378
	107	377
	108	376
	109	375
	110	374
	111	374
	112	374
	112	375
	113	375
	114	376
	115	376
	116	377
	116	378
	117	379
	118	381
	118	383
	118	384
	118	385
	118	386
	118	387
	118	388
	118	389
.PEN_UP
.PEN_DOWN
	125	375
	126	375
	126	376
	127	376
	127	377
	127	378
	127	379
	128	380
	128	381
	128	382
	128	383
	129	384
	129	387
	129	388
	129	389
	129	390
	129	391
	130	392
	130	391
	130	390
	130	389
	130	388
	131	387
	131	386
	131	385
	132	383
	132	382
	133	382
	133	381
	134	380
	135	379
	136	379
	137	379
	138	379
	139	380
	140	381
	141	382
	142	383
	142	384
	143	385
	143	386
	143	388
	143	389
	143	390
	143	391
	143	392
	143	393
	142	394
	142	395
	141	395
.PEN_UP
.PEN_DOWN
	158	391
	159	391
	159	392
	159	393
	158	393
	157	393
	156	392
	155	392
	154	391
	153	390
	152	390
	152	389
	151	388
	150	387
	150	386
	150	385
	150	384
	150	383
	150	381
	150	380
	151	379
	153	378
	155	378
	155	377
	157	377
	159	377
	161	377
	162	377
	163	378
	165	378
.PEN_UP
.PEN_DOWN
	156	384
	157	384
	157	385
	158	385
	159	385
	160	386
	161	387
	162	387
	163	388
	165	388
	165	389
	167	389
	168	389
	168	388
	168	387
	168	386
	168	384
	168	383
	168	382
	168	381
	168	380
	168	379
	168	378
	168	377
	168	376
	168	375
	168	374
	169	374
.PEN_UP
.PEN_DOWN
	200	373
	200	372
	201	372
	201	373
	201	374
	201	375
	201	376
	201	377
	201	378
	202	379
	202	381
	202	382
	202	385
	202	386
	203	387
	203	388
	204	389
	204	390
	204	391
	205	391
	205	392
	206	392
	207	392
	208	391
	209	390
	209	389
	210	388
	210	386
	211	385
	211	384
	211	382
	211	381
	211	380
	211	379
	212	378
	212	377
	212	376
	212	375
	213	375
.PEN_UP
.PEN_DOWN
	202	383
	203	382
	204	382
	205	382
	206	382
	207	382
	208	382
	209	382
	210	383
	211	383
	212	383
	213	383
	214	384
.PEN_UP
.PEN_DOWN
	226	394
	226	393
	226	392
	225	392
	225	390
	225	389
	225	388
	225	387
	225	386
	225	385
	225	383
	225	382
	225	381
	225	380
.PEN_UP
.PEN_DOWN
	224	392
	225	392
	226	393
	227	393
	228	394
	229	394
	230	394
	231	394
	232	395
	233	395
	234	395
	235	395
	236	395
	237	395
	238	395
	239	395
	239	394
	238	393
	238	392
	237	391
	236	391
	236	390
	235	389
	234	388
	233	387
	232	386
	231	386
	231	385
	231	386
	232	386
	232	387
	233	387
	234	387
	234	386
	235	386
	235	385
	236	385
	237	384
	237	383
	238	383
	238	382
	238	381
	238	380
	237	380
	236	379
	235	378
	234	378
	233	378
	232	378
	231	377
	230	377
	229	377
	228	377
	228	378
	227	378
	226	378
.PEN_UP
.PEN_DOWN
	253	392
	253	393
	252	393
	252	394
	251	394
	250	394
	249	394
	248	393
	247	392
	246	391
	246	390
	245	390
	245	389
	244	388
	244	386
	244	385
	244	383
	244	382
	245	381
	245	380
	246	380
	246	379
	247	378
	248	378
	249	378
	250	378
	252	378
	253	378
	254	379
	255	380
	256	381
	256	382
	256	383
	256	384
	256	385
	256	386
	256	387
	256	389
	255	390
.PEN_UP
.PEN_DOWN
	266	390
	266	388
	266	387
	266	386
	266	385
	266	384
	266	383
	266	382
	267	381
	267	380
	268	379
	269	378
	270	378
	271	378
	272	379
	273	380
	274	381
	275	383
	275	384
	276	385
	277	386
	277	388
	277	389
	277	390
	278	391
	278	392
	278	393
	278	394
	278	395
	278	394
	278	393
	278	392
	278	391
	278	390
	279	388
	279	387
	279	385
	279	384
	279	383
	280	382
	280	381
	280	380
	281	380
	281	379
.PEN_UP
.PEN_DOWN
	298	397
	299	397
	299	396
	299	395
	299	394
	299	393
	299	392
	299	390
	299	389
	298	388
	298	386
	298	385
	298	384
	297	383
	297	382
	297	381
	297	380
	297	379
	297	378
.PEN_UP
.PEN_DOWN
	288	396
	289	396
	290	396
	291	396
	292	396
	294	396
	294	395
	295	395
	297	395
	298	395
	299	395
	300	395
	301	394
	302	394
	303	394
	304	394
	305	394
	306	394
.PEN_UP
.PEN_DOWN
	343	388
	343	387
	343	385
	343	384
	343	383
	343	382
	343	381
	343	379
	343	378
	343	377
	343	376
	343	375
	343	374
	343	373
	343	372
.PEN_UP
.PEN_DOWN
	334	387
	335	387
	336	387
	337	387
	338	387
	339	387
	340	387
	341	387
	342	387
	344	387
	345	388
	347	388
	348	388
	349	388
	350	389
.PEN_UP
.PEN_DOWN
	359	393
	359	392
	360	392
	360	391
	359	390
	359	389
	359	387
	359	385
	359	384
	359	383
	359	381
	358	380
	358	378
	358	377
	357	376
	357	375
	357	374
	357	373
	357	372
.PEN_UP
.PEN_DOWN
	372	392
	372	391
	373	391
	373	390
	372	389
	372	388
	372	387
	372	384
	372	383
	372	382
	372	381
	372	379
	371	378
	371	377
	371	376
	370	376
	370	375
	370	374
.PEN_UP
.PEN_DOWN
	360	382
	361	382
	362	381
	363	381
	364	381
	365	381
	367	381
.PEN_UP
.PEN_DOWN
	383	390
	383	389
	382	388
	381	387
	381	386
	380	385
	380	384
	380	383
	379	382
	379	381
	379	379
	379	378
	379	376
	379	375
	380	374
	380	373
	381	373
	381	372
	382	372
	383	372
	384	372
	386	372
.PEN_UP
.PEN_DOWN
	380	382
	381	381
	382	381
	383	381
	385	381
	386	381
	387	381
	388	381
.PEN_UP
.PEN_DOWN
	385	390
	386	390
	387	390
	388	390
	389	390
	391	390
.PEN_UP
.PEN_DOWN
	433	390
	432	390
	431	390
	430	390
	429	390
	428	389
	427	388
	426	388
	426	387
	425	385
	424	384
	424	382
	424	381
	424	380
	424	379
	424	378
	425	377
	425	376
	425	375
	426	375
	427	374
	427	373
	428	373
	429	373
	430	373
	431	374
.PEN_UP
.PEN_DOWN
	426	381
	427	381
	428	381
	429	381
	430	381
	431	381
	432	382
	433	382
	435	382
	436	383
	437	383
	438	384
	441	384
	441	385
	442	385
	443	385
	444	385
	443	384
	443	383
	443	382
	443	381
	442	381
	442	380
	442	379
	442	378
	441	377
	441	376
	441	375
	441	374
.PEN_UP
.PEN_DOWN
	453	387
	454	387
	454	386
	454	385
	454	384
	454	383
	454	381
	454	380
	454	379
	454	378
	453	377
	453	376
	453	375
	453	374
	452	373
	452	372
	452	371
.PEN_UP
.PEN_DOWN
	453	387
	454	387
	454	388
	454	389
	454	390
	454	391
	455	392
	456	392
	457	392
	458	392
	459	392
	460	392
	461	392
	462	392
	463	391
	464	391
	465	391
	466	390
	465	389
	465	388
	464	387
	463	387
	462	386
	461	385
	460	385
	459	384
	458	383
	457	383
	456	382
	456	381
	456	380
	456	379
	456	378
	457	378
	458	377
	459	376
	460	376
	461	375
	462	375
	463	374
	464	374
	465	374
.PEN_UP
.PEN_DOWN
	481	387
	482	387
	481	387
	481	386
	481	385
	481	384
	481	383
	481	382
	480	381
	480	380
	479	379
	479	378
	479	377
	479	376
	478	376
	478	375
.PEN_UP
.PEN_DOWN
	476	390
	477	390
	478	390
	479	390
	480	390
	481	390
	482	390
	484	390
	485	390
	486	390
	487	390
	488	390
	489	390
.PEN_UP
.PEN_DOWN
	470	376
	471	375
	472	375
	473	375
	475	376
	476	376
	478	376
	479	376
	480	376
	481	376
	482	376
	483	376
.PEN_UP
.PEN_DOWN
	506	388
	506	389
	506	390
	505	390
	504	390
	504	389
	503	389
	502	389
	501	388
	500	388
	500	387
	499	387
	499	386
	498	386
	498	385
	498	384
	499	384
	500	383
	500	382
	501	382
	501	381
	502	381
	503	381
	503	380
	504	380
	504	379
	505	379
	505	378
	506	378
	506	377
	506	376
	505	376
	503	375
	502	375
	501	375
	499	375
	498	374
	497	374
	496	374
	495	374
	494	374
	494	375
	493	375
	493	376
.PEN_UP
.PEN_DOWN
	522	390
	522	391
	522	392
	522	391
	521	390
	520	390
	520	389
	520	388
	519	387
	518	385
	518	383
	518	382
	517	381
	517	380
	517	379
	517	377
	517	376
	517	375
	517	374
	517	373
	518	373
	518	372
	519	372
	521	372
	522	372
	523	372
	524	372
	525	372
	526	372
	527	372
.PEN_UP
.PEN_DOWN
	541	393
	540	393
	540	392
	539	392
	539	391
	539	390
	539	389
	539	388
	539	387
	539	386
	539	385
	539	384
	540	384
	540	383
	541	382
	542	382
	543	382
	545	382
	546	383
	547	384
	548	384
	549	385
	550	386
	551	387
	551	388
	552	389
	553	390
	554	391
	554	392
.PEN_UP
.PEN_DOWN
	545	385
	545	384
	545	383
	545	382
	545	381
	545	380
	545	379
	544	378
	544	377
	543	376
	543	375
	543	374
	543	373
.PEN_UP
.PEN_DOWN
	592	386
	592	387
	592	388
	592	389
	592	390
	592	389
	593	388
	593	387
	593	386
	594	385
	594	382
	595	380
	595	379
	595	377
	595	376
	595	375
	595	374
	595	373
	595	372
	595	371
	596	371
	596	370
	597	370
	597	371
	598	371
	599	372
	600	373
	601	374
	601	375
	602	376
	602	377
	603	378
	603	379
	604	380
	604	381
	605	382
	605	383
	605	384
	606	385
.PEN_UP
.PEN_DOWN
	623	385
	624	385
	624	384
	624	383
	623	382
	623	381
	623	379
	622	378
	622	377
	622	376
	621	376
	621	375
	621	374
	621	373
	620	373
	620	372
.PEN_UP
.PEN_DOWN
	619	390
	620	390
	621	390
	622	390
	623	390
	624	389
	625	389
	627	389
	628	389
	629	389
	630	389
	631	389
	632	389
.PEN_UP
.PEN_DOWN
	612	373
	612	372
	613	372
	614	372
	616	373
	617	373
	618	373
	619	373
	621	374
	622	374
	623	374
	624	374
.PEN_UP
.PEN_DOWN
	644	387
	644	386
	644	385
	644	384
	644	383
	644	382
	644	381
	644	379
	644	378
	643	377
	643	374
	642	373
	642	372
	641	372
	641	371
	641	370
.PEN_UP
.PEN_DOWN
	656	385
	655	385
	654	385
	653	385
	652	385
	652	384
	651	384
	650	384
	649	383
	648	383
	646	382
	646	381
	645	381
	644	380
	644	379
	644	378
	645	378
	645	377
	646	376
	647	376
	648	376
	649	375
	650	375
	650	374
	651	374
	652	374
.PEN_UP
.PEN_DOWN
	670	383
	670	382
	669	382
	669	381
	669	380
	668	378
	667	376
	666	375
	666	374
	666	373
	665	372
	665	371
	665	370
.PEN_UP
.PEN_DOWN
	669	385
	671	385
	672	385
	673	385
	674	385
	676	385
	677	385
.PEN_UP
.PEN_DOWN
	662	372
	663	372
	664	372
	665	372
	666	372
	667	372
	668	372
	670	372
	671	373
	673	373
.PEN_UP
.PEN_DOWN
	680	369
	681	369
	682	369
	683	369
	683	370
	684	370
	684	371
	685	372
	686	373
	687	374
	688	375
	689	376
	690	377
	691	379
	691	380
	692	381
	693	383
	693	384
	694	385
	695	386
	695	385
	695	384
	695	383
	694	382
	694	380
	694	379
	694	377
	694	376
	695	375
	695	374
	695	373
	696	373
	696	372
	697	372
	698	372
	699	372
	700	372
	701	372
	702	373
	703	373
	703	374
	704	375
	705	376
	705	377
	706	378
	706	379
	707	381
	707	383
	707	384
	707	385
	708	386
	708	387
	708	388
.PEN_UP
.PEN_DOWN
	723	385
	722	385
	721	385
	720	385
	719	385
	719	384
	718	384
	717	383
	717	382
	716	381
	714	380
	714	379
	714	378
	713	376
	713	375
	713	374
	713	373
	714	373
	714	372
	714	371
	716	370
	717	370
	717	369
	718	369
	719	369
	720	369
	721	369
.PEN_UP
.PEN_DOWN
	715	376
	716	376
	717	376
	718	376
	719	376
	720	376
	721	376
	724	376
	725	376
	726	376
	727	376
	728	376
	729	376
	731	376
	732	376
	732	375
	731	375
	731	374
	731	373
	730	372
	729	371
	729	370
	728	369
	727	367
	727	366
	727	365
	726	364
	726	363
.PEN_UP
