
.WRITER_ID BeckyHammaker
.STYLE PRINTED
.PEN_DOWN
	125	391
	125	390
	125	391
	125	390
	125	389
	126	388
	126	387
	126	386
	126	385
	127	384
	127	383
	127	382
	128	381
	128	380
	128	379
	128	378
	129	378
	129	377
	129	376
	129	375
	129	374
	129	373
	129	374
	129	375
	129	376
	128	376
	128	377
	128	378
	129	378
	129	379
	129	380
	130	380
	130	381
	131	381
	132	382
	133	383
	134	383
	135	383
	136	383
	137	383
	137	382
	137	381
	138	381
	138	380
	138	379
	138	378
	138	377
	138	376
	138	375
	138	374
	137	374
	137	373
	136	373
	135	372
	134	372
	133	372
	133	373
	132	373
	131	373
	131	374
	130	374
.PEN_UP
.PEN_DOWN
	152	379
	151	379
	151	380
	150	380
	149	380
	149	379
	148	379
	147	379
	146	378
	146	377
	145	377
	145	376
	145	375
	145	374
	145	373
	145	372
	145	371
	146	371
	146	370
	147	370
	148	369
	149	369
	150	369
	151	369
	152	369
	153	370
	153	371
	153	372
	153	373
	153	374
	153	375
	152	376
	152	377
	152	378
	151	379
	151	380
	150	380
	150	381
	149	381
	149	382
	148	382
	147	381
	146	380
.PEN_UP
.PEN_DOWN
	157	379
	158	379
	159	379
	160	379
	160	378
	161	378
	162	378
	163	377
	164	377
	164	376
	165	376
	165	375
	166	375
	166	374
	167	374
	168	374
	168	373
	169	373
.PEN_UP
.PEN_DOWN
	165	383
	165	382
	165	381
	165	380
	164	380
	164	379
	164	378
	164	377
	163	376
	163	375
	163	374
	163	372
	163	371
.PEN_UP
.PEN_DOWN
	214	386
	213	385
	212	385
	211	385
	210	384
	209	384
	209	383
	208	383
	207	382
	206	382
	206	381
	205	381
	206	381
	207	381
	208	381
	209	380
	210	380
	211	380
	212	380
	213	380
	214	380
	215	380
	216	380
	216	379
	217	379
	217	378
	218	378
	218	377
	219	376
	219	375
	219	374
	218	373
	218	372
	217	372
	216	372
	215	371
	214	371
	213	371
	212	371
	211	371
	210	372
	210	373
	209	373
.PEN_UP
.PEN_DOWN
	228	377
	228	378
	227	378
	227	379
	226	379
	225	379
	224	379
	224	378
	223	378
	222	378
	222	377
	221	377
	221	376
	221	375
	221	374
	221	373
	222	373
	223	373
	224	373
	225	373
	226	373
	227	374
	228	374
	228	375
	229	375
	229	376
	229	377
	230	377
	231	377
	231	376
	231	375
	231	374
	231	373
	231	372
	232	372
	232	371
.PEN_UP
.PEN_DOWN
	236	375
	237	374
	237	373
	237	372
	238	371
	238	370
	239	370
.PEN_UP
.PEN_DOWN
	234	385
	235	385
.PEN_UP
.PEN_DOWN
	249	380
	249	379
	248	379
	246	378
	245	377
	244	377
	243	376
	242	375
	242	374
	243	374
	244	373
	245	372
	246	372
	247	372
	248	372
	249	371
	250	371
	251	371
	252	372
.PEN_UP
.PEN_DOWN
	249	394
	250	394
	250	393
	250	392
	250	391
	251	391
	251	390
	251	389
	252	388
	252	386
	252	385
	252	384
	252	383
	252	382
	253	380
	253	378
	253	377
	253	376
	253	374
	253	373
	254	373
	254	372
	255	372
.PEN_UP
.PEN_DOWN
	267	371
	268	371
	269	371
	269	370
	270	369
	270	368
	270	367
	270	366
	270	365
	270	364
	270	363
.PEN_UP
.PEN_DOWN
	287	394
	287	393
	287	392
	286	392
	286	391
	286	390
	286	389
.PEN_UP
.PEN_DOWN
	296	394
	296	393
	296	391
	295	390
	295	389
	295	388
.PEN_UP
.PEN_DOWN
	309	389
	309	388
	309	387
	309	386
	309	385
	309	384
	309	383
	309	382
	309	381
	309	380
	309	379
	309	378
	309	377
	310	377
	310	376
	310	375
	310	374
	311	374
.PEN_UP
.PEN_DOWN
	320	389
	321	389
	321	388
	321	387
	321	386
	321	384
	321	383
	321	382
	321	381
	321	380
	322	379
	322	378
	322	377
	322	376
	322	375
	322	374
	322	373
.PEN_UP
.PEN_DOWN
	317	384
	318	384
	319	383
	320	383
	321	383
	322	383
	323	383
	324	382
	325	382
	326	382
	327	382
	328	382
.PEN_UP
.PEN_DOWN
	335	394
	335	393
	335	392
	334	391
	334	390
	334	389
.PEN_UP
.PEN_DOWN
	342	384
	341	383
	340	382
	339	382
	338	381
	338	380
	338	379
	339	379
	340	379
	341	379
	342	379
	343	379
	344	379
	344	378
	345	378
	345	377
	345	376
	345	375
	345	374
	344	374
	344	373
	343	373
	342	372
	341	372
	340	372
.PEN_UP
.PEN_DOWN
	370	376
	370	375
	370	374
	370	373
	370	372
	370	371
	370	370
	370	369
	371	369
	371	368
	372	369
	372	370
	372	371
	373	372
	373	373
	373	374
	374	375
	374	376
	374	377
	374	378
	375	378
	376	379
	377	379
	378	379
	378	378
	379	378
	379	377
	379	376
	379	375
	379	374
	379	373
	379	372
	379	371
	379	370
	379	369
	380	369
	381	369
.PEN_UP
.PEN_DOWN
	386	377
	386	376
	385	376
	385	375
	384	375
	384	374
	383	374
	383	373
	383	372
	383	371
	384	371
	384	370
	385	370
	386	370
	387	370
	388	370
	389	370
	390	370
	390	371
	391	371
	391	372
	391	373
	391	374
	391	375
	390	376
	389	376
	389	377
	388	377
	387	377
	387	378
	386	378
	385	378
.PEN_UP
.PEN_DOWN
	416	376
	416	377
	415	378
	414	378
	413	378
	412	378
	411	378
	410	378
	409	378
	407	377
	406	377
	406	376
	405	376
	405	375
	405	374
	405	373
	406	373
	407	372
	408	372
	409	371
	410	371
	411	371
	412	371
	412	372
	413	372
	414	372
	414	373
	414	374
	413	374
	413	375
	414	375
	415	375
	415	374
	416	373
	416	372
	416	371
	416	370
	416	369
	416	368
	416	367
	416	366
	416	365
	416	364
	416	363
	416	362
	415	361
	414	360
	414	359
	413	359
	412	359
	411	359
	410	359
	410	360
	410	361
	409	361
	409	362
.PEN_UP
.PEN_DOWN
	423	375
	422	374
	421	374
	420	373
	419	373
	419	372
	419	371
	419	370
	420	370
	421	369
	422	369
	423	368
	424	368
	425	368
	426	368
	427	368
	428	369
	429	369
	429	370
	429	371
	429	372
	428	372
	428	373
	427	373
	426	374
	425	375
	424	376
.PEN_UP
.PEN_DOWN
	433	374
	432	373
	431	373
	431	372
	431	371
	432	371
	433	370
	434	370
	435	369
	436	369
	437	369
	438	369
	438	370
	439	371
	439	372
	439	373
	439	374
	439	375
	438	375
	438	376
	437	376
	436	377
	435	377
	434	377
.PEN_UP
.PEN_DOWN
	446	376
	445	376
	444	376
	442	375
	441	375
	440	374
	440	373
	440	372
	441	371
	442	371
	442	370
	443	370
	444	369
	445	369
	446	369
.PEN_UP
.PEN_DOWN
	445	394
	446	393
	447	392
	447	391
	447	390
	447	389
	447	388
	447	387
	447	385
	447	384
	447	382
	447	381
	447	380
	447	379
	447	378
	447	377
	447	376
	447	375
	447	374
	447	373
	447	372
	447	371
	447	370
	447	369
	447	368
	448	368
.PEN_UP
.PEN_DOWN
	462	373
	463	372
	463	371
	462	371
	462	370
	463	370
.PEN_UP
