
.WRITER_ID BillRivard
.STYLE PRINTED
.PEN_DOWN
	68	387
	68	388
	68	389
	68	388
	68	387
	69	387
	69	386
	69	385
	70	385
	70	384
	70	383
	71	382
	71	381
	72	380
	73	379
	73	378
	74	378
	74	377
	75	376
	76	375
	77	375
	77	374
	77	373
	78	372
	78	371
	79	371
	79	370
	80	370
	80	369
	81	369
.PEN_UP
.PEN_DOWN
	83	390
	82	390
	82	389
	82	388
	81	388
	81	387
	80	385
	79	385
	78	384
	77	383
	76	382
	76	381
	75	380
	74	378
	73	377
	72	376
	71	375
	71	374
	69	372
	69	371
	69	370
	68	370
	68	369
	68	368
	68	367
.PEN_UP
.PEN_DOWN
	91	371
	90	372
	90	373
	90	374
	90	375
	90	376
	90	378
	90	379
	90	380
	91	381
	91	382
	91	383
	91	384
	91	385
	91	386
	92	387
	92	388
	93	389
	93	390
	94	390
	95	391
	95	392
	96	392
	96	391
	97	391
	97	390
	98	390
	98	389
	99	388
	100	387
	100	386
	100	385
	101	385
	101	384
	101	382
	102	381
	103	380
	103	379
	103	378
	104	377
	104	376
	104	375
	104	374
	104	373
	105	372
	105	371
.PEN_UP
.PEN_DOWN
	92	379
	93	379
	94	378
	96	378
	97	379
	98	379
	99	379
	99	380
	100	380
	101	380
	102	380
	103	381
.PEN_UP
.PEN_DOWN
	107	391
	108	391
	109	391
	109	390
	110	390
	110	389
	111	388
	111	387
	111	386
	112	386
	112	385
	112	384
	112	383
	113	383
	113	382
	114	381
	114	380
	114	379
	115	378
	115	377
	115	376
	116	376
	116	375
	116	374
	117	374
	117	373
	117	374
	117	375
	118	376
	118	377
	118	378
	119	380
	119	381
	119	382
	120	383
	120	386
	120	387
	121	388
	121	389
	121	390
	122	390
	122	391
	122	392
	122	393
	123	394
	123	395
	124	396
	124	397
	125	396
.PEN_UP
.PEN_DOWN
	133	390
	133	389
	133	388
	133	387
	133	386
	133	385
	133	384
	133	383
	132	381
	132	380
	132	379
	132	378
	132	377
	132	376
	132	375
.PEN_UP
.PEN_DOWN
	126	391
	127	391
	128	391
	129	391
	130	391
	131	391
	132	392
	133	392
	134	392
	135	392
	136	392
	137	392
	138	392
	139	392
	140	392
.PEN_UP
.PEN_DOWN
	129	372
	129	373
	130	373
	131	373
	132	373
	132	374
	133	374
	134	374
	134	375
	136	375
	137	375
	138	375
	138	376
	139	376
	140	376
	141	376
	142	376
.PEN_UP
.PEN_DOWN
	149	390
	149	389
	148	388
	148	387
	148	386
	147	385
	147	384
	147	383
	146	382
	146	381
	146	380
	146	379
	147	378
	147	377
	148	376
	149	376
	150	376
	151	376
	152	376
	153	376
	154	376
	155	376
	156	376
	156	377
.PEN_UP
.PEN_DOWN
	148	387
	148	386
	149	386
	150	386
	150	385
	151	385
	152	385
	153	385
	154	385
	155	385
	156	385
.PEN_UP
.PEN_DOWN
	146	393
	146	392
	147	392
	148	392
	149	392
	150	392
	150	393
	151	393
	153	393
	154	393
	155	394
	156	394
	157	394
	158	394
	159	393
.PEN_UP
.PEN_DOWN
	170	393
	170	392
	170	391
	170	390
	170	389
	170	388
	170	387
	170	385
	170	384
	170	383
	169	382
	169	381
	169	380
	168	379
	168	378
	168	377
	168	376
	168	375
.PEN_UP
.PEN_DOWN
	169	394
	169	395
	170	395
	170	396
	171	396
	172	396
	173	396
	174	396
	175	396
	176	396
	177	395
	178	395
	179	395
	179	394
	180	393
	180	392
	179	392
	179	391
	178	390
	177	390
	177	389
	176	389
	176	388
	175	388
	174	388
	173	387
	172	387
	172	386
	172	385
	173	384
	173	383
	174	383
	174	382
	175	381
	175	380
	176	380
	176	379
	177	379
	178	378
	178	377
	179	376
	180	376
	180	375
.PEN_UP
.PEN_DOWN
	194	400
	194	401
	195	401
	194	401
	194	400
	193	399
	193	398
	192	397
	192	396
	192	395
	192	394
.PEN_UP
.PEN_DOWN
	201	383
	202	384
	202	385
	202	386
	201	386
	201	387
	200	387
	199	387
	199	386
	198	386
	198	385
	198	384
	199	384
	199	383
	199	382
	200	382
	201	382
	202	381
	203	381
	204	381
	205	381
	205	380
	206	380
	206	379
	206	378
	206	377
	206	376
	205	376
	204	376
	203	375
	202	375
	201	375
	200	375
	199	375
.PEN_UP
.PEN_DOWN
	235	402
	236	402
	235	402
	234	401
	233	400
	232	399
	231	399
	230	398
	230	397
	230	396
	230	395
	231	395
	232	395
	233	394
	234	394
	235	394
	235	393
	235	392
	235	391
	234	390
	234	389
	233	389
	233	388
	232	388
	232	387
	231	387
	230	387
	231	387
	232	387
	233	386
	233	385
	233	384
	233	383
	233	382
	232	382
	232	381
	232	380
	231	380
	231	379
	230	378
	230	377
	231	376
	231	375
	232	375
	233	374
	234	374
	235	374
	236	374
	237	374
	238	374
.PEN_UP
.PEN_DOWN
	248	396
	249	396
	249	395
	249	394
	249	393
	249	392
	249	391
	248	390
	248	389
	247	388
	247	385
	246	384
	246	383
	246	382
	246	381
	245	380
	245	379
	245	378
	245	377
.PEN_UP
.PEN_DOWN
	254	395
	254	394
	254	393
	254	392
	254	391
	253	391
	253	390
	253	389
	253	388
	252	387
	252	385
	252	384
	251	383
	251	382
	251	381
	251	380
	250	380
	250	379
.PEN_UP
.PEN_DOWN
	241	391
	242	390
	243	390
	244	390
	245	390
	246	390
	247	390
	250	389
	251	389
	252	388
	253	388
	254	388
	255	388
	256	388
.PEN_UP
.PEN_DOWN
	239	385
	239	384
	240	384
	241	383
	242	383
	243	383
	244	383
	245	383
	246	383
	247	383
	249	383
	250	383
	251	383
	252	383
	253	383
	254	383
	254	382
.PEN_UP
.PEN_DOWN
	267	400
	267	399
	267	398
	267	397
	267	396
	267	395
.PEN_UP
.PEN_DOWN
	279	392
	278	392
	278	393
	277	392
	276	392
	275	392
	275	391
	274	391
	274	390
	273	390
	273	389
	273	388
	274	388
	274	387
	275	387
	276	387
	277	386
	278	386
	278	385
	279	385
	279	384
	279	383
	280	383
	280	382
	279	381
	279	380
	278	380
	278	379
	277	379
	277	378
	276	378
	275	378
	274	377
	273	377
	272	377
	271	377
	270	378
.PEN_UP
.PEN_DOWN
	283	404
	284	404
	284	403
	285	403
	285	402
	286	402
	286	401
	287	401
	287	400
	288	400
	288	399
	289	399
	289	398
	289	397
	289	396
	288	395
	287	394
	286	394
	286	393
	286	392
	285	392
	285	391
	285	390
	286	390
	286	389
	287	389
	287	388
	288	388
	289	388
	288	388
	288	387
	287	387
	286	387
	286	386
	285	386
	285	385
	285	384
	286	383
	286	382
	287	382
	287	381
	288	381
	289	381
	289	380
	289	379
	289	378
	288	377
	287	376
	286	375
	285	375
	284	374
	283	374
	282	374
	282	373
	281	373
.PEN_UP
.PEN_DOWN
	313	395
	314	395
	315	395
	315	396
	316	396
	316	397
	317	397
	317	398
	317	397
	317	396
	318	395
	318	394
	319	394
	319	393
	320	393
	321	393
	321	394
	322	394
	322	395
	323	395
	323	396
	323	397
.PEN_UP
.PEN_DOWN
	332	396
	332	397
	331	397
	331	398
	332	398
	333	398
	334	398
	335	398
	336	397
	337	397
	338	397
	339	397
	339	396
	340	396
	340	395
	340	394
	339	394
	339	393
	338	392
	337	390
	336	390
	336	389
	335	388
	334	387
	333	386
	332	385
	332	384
	332	382
	332	381
	332	380
	332	379
	333	379
	334	379
	334	378
	335	378
	336	378
	337	378
	338	378
	339	378
	340	378
	341	378
	342	378
.PEN_UP
.PEN_DOWN
	327	390
	328	390
	329	390
	330	390
	331	390
	332	390
	334	390
	335	390
	336	390
	337	390
	338	390
	339	390
	341	390
	341	389
	342	389
	343	389
.PEN_UP
.PEN_DOWN
	347	377
	347	378
	347	379
	347	380
	347	382
	347	383
	347	384
	347	385
	347	387
	347	388
	347	389
	347	390
	347	391
	347	392
	348	393
	348	395
	349	395
	349	396
	349	397
	350	397
	351	398
	352	399
	353	399
	354	399
	354	398
	355	398
	355	397
	356	396
	356	395
	357	394
	357	393
	357	392
	357	391
	358	390
	358	389
	359	388
	359	387
	359	386
	359	385
	360	384
	360	383
	360	382
	360	381
	360	380
	360	379
.PEN_UP
.PEN_DOWN
	350	388
	351	388
	352	388
	353	388
	354	388
	355	388
	356	388
	357	388
	358	388
	359	388
	360	388
.PEN_UP
.PEN_DOWN
	368	395
	368	394
	368	393
	368	392
	368	391
	368	390
	368	389
	368	387
	367	386
	367	385
	367	384
	367	383
	366	383
	366	382
	366	381
.PEN_UP
.PEN_DOWN
	361	397
	362	397
	362	398
	363	399
	364	399
	365	399
	366	399
	366	400
	367	400
	368	400
	369	400
	371	400
	372	400
	372	399
	373	399
	374	398
	375	397
	375	396
	375	395
	375	394
	374	394
	374	393
	373	392
	373	391
	372	391
	371	390
	370	390
	369	390
	368	390
	366	390
	366	389
.PEN_UP
.PEN_DOWN
	382	397
	382	398
	383	398
	383	399
	384	399
	385	399
	385	398
	385	397
	385	396
	385	395
	386	395
	387	396
	387	397
	388	397
	388	398
	388	399
	389	399
.PEN_UP
.PEN_DOWN
	396	394
	397	394
	397	395
	398	395
.PEN_UP
.PEN_DOWN
	397	381
	398	381
	398	380
	398	379
	397	378
	397	377
	396	377
	396	376
.PEN_UP
.PEN_DOWN
	423	395
	422	395
	421	396
	420	396
	419	396
	418	396
	417	396
	416	395
	415	395
	414	395
	414	394
	414	393
	414	392
	415	392
	416	391
	417	390
	418	390
	419	390
	419	389
	420	389
	420	388
	421	388
	421	387
	421	386
	421	385
	421	384
	420	384
	420	383
	419	383
	419	382
	418	382
	417	382
	415	382
	414	382
	413	382
	412	382
	411	382
.PEN_UP
.PEN_DOWN
	421	401
	420	400
	420	399
	420	398
	420	397
	419	397
	419	396
	419	395
	419	394
	419	393
	419	392
	418	390
	418	389
	418	388
	417	387
	417	386
	416	385
	416	384
	416	383
	415	382
	415	380
	415	379
	415	378
	415	377
.PEN_UP
.PEN_DOWN
	433	398
	432	398
	432	397
	431	397
	431	396
	430	395
	430	394
.PEN_UP
.PEN_DOWN
	439	391
	438	391
	437	391
	436	391
	436	390
	435	390
	435	389
	435	388
	436	388
	437	388
	437	387
	438	387
	439	387
	439	386
	439	385
	439	384
	439	383
	439	382
	438	381
	437	381
	437	380
	436	380
	435	380
	434	380
	433	380
	432	380
.PEN_UP
.PEN_DOWN
	472	396
	472	397
	472	396
	471	395
	471	394
	470	393
	470	391
	469	390
	469	389
	469	388
	469	387
	468	386
	468	385
	468	384
	467	383
	467	382
	467	381
	467	380
	467	379
	467	378
	468	378
	469	377
	470	377
	472	377
	472	378
	473	378
	474	378
	475	378
	476	379
	476	380
.PEN_UP
.PEN_DOWN
	466	388
	467	388
	467	387
	468	387
	469	387
	470	387
	471	387
	472	387
	474	387
	475	387
	476	387
	477	387
.PEN_UP
.PEN_DOWN
	470	396
	471	396
	472	396
	473	396
	474	396
	475	396
	476	396
	477	396
	478	396
	478	397
	479	397
	480	397
	481	397
.PEN_UP
.PEN_DOWN
	485	394
	486	394
	486	393
	487	393
	487	392
	488	391
	488	390
	489	389
	490	387
	490	386
	490	385
	491	385
	491	384
	492	383
	492	382
	493	381
.PEN_UP
.PEN_DOWN
	496	395
	496	394
	495	394
	494	393
	493	392
	492	391
	491	390
	490	390
	489	389
	487	388
	486	387
	485	386
	484	385
	483	384
	482	383
	481	382
	480	381
	479	380
	479	379
	479	378
.PEN_UP
.PEN_DOWN
	507	392
	508	392
	508	391
	508	390
	507	388
	507	387
	507	386
	507	385
	506	384
	506	383
	506	382
	505	381
	505	380
	504	379
	504	378
	503	376
	503	375
.PEN_UP
.PEN_DOWN
	503	394
	503	395
	504	395
	505	396
	506	396
	506	397
	507	397
	508	397
	509	397
	510	397
	511	397
	512	397
	513	397
	514	396
	515	396
	515	395
	516	394
	517	393
	517	392
	517	391
	517	390
	517	389
	516	389
	516	388
	515	388
	514	387
	513	387
	512	386
	510	386
	509	385
	508	385
	506	385
	505	385
	504	385
.PEN_UP
.PEN_DOWN
	531	393
	531	392
	531	391
	531	390
	530	390
	530	389
	529	388
	529	387
	529	386
	528	386
	528	385
	527	384
	527	383
	526	383
	525	382
	525	381
	524	381
	524	380
.PEN_UP
.PEN_DOWN
	524	395
	525	395
	526	395
	527	395
	527	394
	528	394
	529	394
	531	394
	533	394
	534	394
	535	394
	536	394
	537	394
	538	394
.PEN_UP
.PEN_DOWN
	517	379
	518	378
	519	378
	520	378
	521	378
	522	378
	523	378
	524	378
	525	378
	526	378
	527	378
	528	378
	529	378
	530	378
	531	378
.PEN_UP
.PEN_DOWN
	546	394
	545	393
	545	392
	545	391
	545	390
	545	389
	544	388
	544	387
	543	385
	543	384
	542	383
	541	381
	541	380
	541	379
	541	378
	540	378
	540	377
.PEN_UP
.PEN_DOWN
	544	394
	545	394
	545	395
	546	396
	547	396
	548	397
	549	397
	550	397
	551	397
	552	397
	553	397
	554	397
	555	397
	556	396
	557	396
	557	395
	557	394
	557	393
	556	393
	555	392
	554	392
	552	391
	551	391
	550	391
	549	390
	548	390
	547	390
	547	389
	546	389
	546	388
	546	387
	547	386
	547	385
	548	384
	548	383
	549	382
	550	381
	550	380
	551	380
	551	379
	552	379
	552	378
	553	378
.PEN_UP
.PEN_DOWN
	570	394
	570	393
	570	392
	569	392
	568	391
	568	390
	567	389
	567	388
	566	388
	566	387
	566	386
	565	385
	565	384
	565	383
	565	382
	565	381
	565	380
	566	380
	566	379
	567	379
	568	379
	569	379
	570	379
	571	379
.PEN_UP
.PEN_DOWN
	565	389
	566	389
	566	388
	567	388
	567	387
	568	387
	569	386
	570	386
	571	386
	572	386
	573	386
	574	386
	575	386
	576	386
.PEN_UP
.PEN_DOWN
	570	397
	571	397
	572	397
	573	397
	574	397
	576	397
	577	397
	578	397
.PEN_UP
.PEN_DOWN
	600	396
	599	396
	598	396
	597	395
	597	394
	596	394
	596	393
	595	392
	594	391
	594	390
	594	389
	594	388
	595	388
	596	389
	597	390
	598	390
	598	391
	599	392
	599	393
	598	392
	597	392
	597	391
	597	390
	598	389
	599	389
	600	389
	600	390
	601	390
	602	391
	602	392
	603	394
	603	395
	603	396
	603	397
	602	398
	602	399
	601	399
	601	400
	600	401
	599	401
	598	401
	597	401
	596	401
	595	400
	594	400
	593	400
	593	399
	592	399
	590	398
	590	397
	589	396
	589	395
	589	394
	588	394
	588	393
	588	392
	588	391
	588	390
	588	389
	588	387
	589	387
	589	386
	589	385
	590	384
	591	383
	592	382
	593	382
	594	382
	595	382
	596	382
	597	382
	598	383
	599	383
	600	383
	601	383
	602	383
.PEN_UP
.PEN_DOWN
	623	398
	624	398
	625	398
	626	398
	627	398
	628	398
	629	398
	630	398
	631	398
	632	397
	633	397
	634	397
	634	396
	633	396
	633	395
	632	395
	631	394
	630	394
	629	394
	629	393
	628	393
	627	392
	626	391
	625	391
	625	390
	626	390
	626	389
	627	389
	627	388
	628	388
	628	387
	629	386
	630	385
	630	384
	630	383
	630	382
	629	382
	629	381
	628	381
	627	381
	625	381
	623	381
	621	381
	620	381
	619	381
.PEN_UP
.PEN_DOWN
	642	392
	642	393
	643	393
	644	393
.PEN_UP
.PEN_DOWN
	640	381
	640	382
	641	382
.PEN_UP
.PEN_DOWN
	659	398
	658	397
	658	396
	658	395
	657	394
	657	393
	656	392
	656	391
	655	390
	655	389
	655	388
	654	387
	653	386
	653	385
	653	384
	652	384
	652	382
	651	381
	651	380
	651	379
.PEN_UP
.PEN_DOWN
	662	379
	662	380
	661	380
	662	380
	662	379
	663	379
.PEN_UP
