
.WRITER_ID BillRivard
.STYLE PRINTED
.PEN_DOWN
	59	373
	59	372
	59	373
	59	374
	59	375
	59	376
	59	377
	59	378
	59	379
	59	380
	60	381
	60	384
	60	385
	61	387
	61	388
	61	389
	62	390
	62	391
	62	392
	63	393
	63	394
	63	395
	64	395
	65	395
	65	394
	65	393
	66	392
	66	391
	66	390
	66	389
	66	388
	67	386
	67	385
	67	384
	67	383
	67	380
	67	379
	67	378
	68	377
	68	376
	68	375
	69	374
.PEN_UP
.PEN_DOWN
	62	381
	62	382
	63	383
	64	383
	65	383
	66	383
	67	383
	68	383
	69	383
.PEN_UP
.PEN_DOWN
	87	394
	88	395
	88	396
	89	396
	89	397
	88	398
	87	398
	86	397
	85	396
	84	395
	83	394
	83	392
	83	391
	82	390
	82	388
	82	387
	82	385
	82	384
	82	383
	82	381
	83	380
	83	379
	84	377
	85	376
	86	375
	87	375
	88	375
	89	375
	89	376
	90	377
	92	379
	92	381
	93	382
	93	384
	93	385
	93	387
	93	389
	93	390
	93	392
	93	394
	92	395
	92	396
	91	396
	91	395
.PEN_UP
.PEN_DOWN
	88	385
	89	385
	89	384
	89	383
	89	382
	89	381
	89	380
	89	379
	90	378
	91	377
	91	376
	92	375
	92	374
	93	373
.PEN_UP
.PEN_DOWN
	102	395
	102	396
	102	395
	101	395
	101	394
	101	393
	101	392
	101	391
	101	390
	101	389
	101	388
	101	386
	101	384
	101	383
	101	381
	101	380
	101	379
	102	378
	102	377
	103	377
	104	377
	104	378
	105	378
	106	379
	106	380
	106	381
	107	382
	108	383
	108	384
	109	386
	110	387
	110	388
	111	391
	111	392
	111	393
	111	394
	111	396
	111	397
	111	398
	111	399
	110	399
	110	400
	110	399
	110	398
	111	397
	111	396
	111	395
	111	394
	111	393
	112	390
	112	389
	112	388
	113	387
	114	386
	114	385
	115	385
.PEN_UP
.PEN_DOWN
	120	399
	120	398
	120	397
	120	396
	120	395
	120	394
	120	392
	120	391
	120	390
	120	389
	120	386
	120	385
	120	383
	120	382
	120	381
	120	380
	120	379
	120	378
	119	378
	119	377
	119	376
.PEN_UP
.PEN_DOWN
	117	399
	118	399
	119	400
	120	400
	121	400
	123	400
	124	400
	125	400
	126	400
.PEN_UP
.PEN_DOWN
	113	377
	114	377
	115	377
	116	378
	117	378
	118	378
	119	378
	120	378
	121	378
	122	378
	123	378
.PEN_UP
.PEN_DOWN
	140	399
	140	400
	140	401
	139	401
	138	401
	137	401
	137	400
	136	400
	135	399
	134	399
	133	398
	133	397
	132	396
	132	394
	131	393
	131	391
	131	390
	131	388
	131	387
	131	386
	131	385
	131	384
	132	383
	132	382
	133	382
	134	381
	135	381
	136	381
	137	381
	138	381
	139	381
	140	381
	141	381
	142	382
.PEN_UP
.PEN_DOWN
	150	404
	151	404
	151	403
	151	402
	151	401
	152	400
	152	399
	152	398
	152	396
	152	395
	151	394
	151	392
	151	391
	151	390
	151	388
	150	387
	150	386
	150	385
	150	384
	150	383
	150	382
	150	381
	150	380
	151	380
.PEN_UP
.PEN_DOWN
	160	398
	159	398
	159	397
	158	397
	157	397
	156	396
	156	395
	155	395
	154	394
	153	393
	152	393
	151	392
	151	391
	151	390
	151	389
	151	388
	151	387
	152	387
	153	386
	153	385
	154	385
	154	384
	155	383
	156	383
	156	382
	157	382
	157	381
	158	381
	159	380
	160	379
	161	379
.PEN_UP
.PEN_DOWN
	178	393
	178	392
	178	391
	178	390
	178	389
	178	388
	178	386
	178	385
	178	384
	178	382
	178	381
	178	379
	178	378
	178	377
	178	376
	178	375
	178	374
	178	373
.PEN_UP
.PEN_DOWN
	179	393
	179	394
	180	394
	180	395
	181	395
	181	396
	182	396
	183	398
	184	398
	185	399
	186	399
	187	399
	188	399
	189	400
	190	400
	191	400
	192	400
	192	399
	192	398
	191	397
	191	396
	190	395
	189	394
	188	392
	187	392
	187	391
	186	390
	185	390
	185	389
	185	390
	186	390
	187	390
	188	390
	189	390
	190	390
	190	389
	191	389
	192	389
	193	388
	194	387
	195	386
	195	385
	195	384
	195	383
	194	382
	193	381
	192	380
	191	380
	190	379
	189	378
	188	378
	187	377
	186	377
	185	377
	184	377
	183	377
	182	377
	181	378
	180	378
.PEN_UP
.PEN_DOWN
	204	398
	204	397
	204	395
	204	394
	204	393
	204	392
	204	390
	204	389
	204	387
	204	385
	204	384
	204	382
	204	381
	204	380
	204	377
	204	376
	204	375
	204	374
.PEN_UP
.PEN_DOWN
	201	390
	201	391
	202	392
	202	393
	202	394
	203	394
	204	395
	205	395
	205	396
	206	396
	206	397
	207	397
	209	398
	210	398
	211	398
	212	398
	213	397
	213	396
	213	395
	213	394
	213	393
	212	392
	211	391
	210	390
	209	389
	208	388
	208	387
	207	386
	206	385
	206	384
	206	383
	206	382
	206	381
	207	380
	207	379
	208	378
	209	377
	210	376
	211	375
	212	374
	212	373
	213	373
	213	372
	214	371
	215	371
.PEN_UP
.PEN_DOWN
	228	393
	228	394
	228	395
	227	395
	227	396
	226	396
	226	397
	225	397
	224	397
	224	396
	223	396
	222	396
	222	395
	221	394
	220	393
	219	391
	218	389
	218	387
	218	386
	218	384
	218	383
	218	381
	218	380
	218	379
	219	378
	219	377
	220	376
	221	375
	223	375
	224	375
	225	375
	227	375
	228	376
	229	376
	231	377
	232	378
	232	379
	233	380
	233	381
	234	384
	234	385
	234	386
	233	388
	233	389
	233	390
	232	391
	231	392
.PEN_UP
.PEN_DOWN
	239	394
	239	393
	239	392
	239	391
	239	390
	239	389
	239	388
	239	387
	239	385
	239	384
	239	382
	239	381
	239	379
	239	377
	239	376
	239	375
	239	374
	239	373
	240	373
	241	373
	242	373
	244	375
	244	376
	245	377
	246	378
	246	379
	247	381
	247	383
	248	384
	248	385
	248	386
	248	389
	248	390
	248	391
	248	390
	247	389
	247	388
	247	387
	247	386
	247	385
	247	384
	248	383
	248	382
	248	381
	249	380
	249	379
	250	377
	251	377
	252	377
	253	377
	254	377
	254	378
	255	379
	255	380
	256	381
	256	382
	257	384
	257	385
	257	387
	257	388
	257	389
	257	390
	256	392
	256	393
	256	394
	255	394
.PEN_UP
.PEN_DOWN
	263	372
	264	372
	264	373
	264	374
	264	375
	265	376
	265	378
	266	379
	266	380
	266	381
	266	382
	267	383
	267	384
	268	385
	268	386
	268	387
	268	388
	269	388
	269	389
	269	390
	269	389
	269	388
	269	387
	269	384
	269	383
	270	382
	270	381
	270	380
	270	378
	270	377
	270	376
	270	375
	271	374
	271	372
	272	372
	272	371
	273	371
	274	371
	274	372
	275	373
	275	374
	276	375
	277	376
	277	377
	278	379
	278	380
	278	382
	279	384
	279	385
	279	388
	279	389
	280	392
	280	393
	280	394
	280	395
	280	396
	280	395
	281	395
.PEN_UP
.PEN_DOWN
	308	390
	309	390
	309	391
	308	391
	308	392
	308	393
	307	392
	307	390
	307	389
	307	388
	307	386
	306	385
	306	383
	306	382
	306	380
	306	379
	305	377
	305	376
	304	374
	304	373
	304	372
	303	371
	303	370
.PEN_UP
.PEN_DOWN
	308	393
	308	394
	309	394
	310	394
	311	394
	312	394
	313	395
	314	395
	315	395
	317	395
	318	395
	319	395
	320	395
	321	395
	322	395
.PEN_UP
.PEN_DOWN
	305	381
	306	380
	307	380
	307	381
	308	381
	309	381
	309	382
	310	382
	311	382
	312	383
	313	383
	314	383
	315	383
	316	383
.PEN_UP
.PEN_DOWN
	332	384
	332	385
	331	386
	330	386
	329	385
	328	385
	327	385
	326	384
	325	383
	325	382
	324	381
	323	379
	323	378
	323	377
	323	376
	323	375
	323	374
	324	373
	325	372
	326	372
	327	372
	328	372
	329	372
	330	373
	331	373
	331	374
	333	375
	334	376
	334	377
	335	378
	335	379
	335	380
	335	381
	335	382
	334	382
	334	383
	333	383
.PEN_UP
.PEN_DOWN
	345	388
	346	389
	347	389
	347	388
	348	387
	348	386
	349	385
	350	383
	351	381
	352	379
	352	378
	352	377
	352	376
	352	375
	353	375
	353	374
	353	373
	353	372
	354	372
.PEN_UP
.PEN_DOWN
	360	390
	359	389
	358	388
	357	388
	356	387
	355	387
	354	386
	353	385
	352	384
	350	382
	349	381
	347	380
	345	378
	344	377
	343	376
	342	375
	342	374
.PEN_UP
.PEN_DOWN
	403	400
	403	399
	403	398
	403	397
	403	396
	403	394
	403	393
	402	392
	402	390
	402	389
	402	387
	401	385
	401	383
	400	381
	399	378
	399	377
	399	376
	399	375
	398	374
	398	373
	397	373
	397	372
	396	372
	394	373
	393	374
	392	374
	392	375
	391	375
	391	376
	390	376
.PEN_UP
.PEN_DOWN
	396	399
	395	399
	395	400
	396	400
	396	401
	397	401
	398	401
	400	401
	402	401
	403	401
	405	401
	406	401
	408	401
	409	401
	410	401
	411	402
	412	402
	413	402
	414	401
	415	400
.PEN_UP
.PEN_DOWN
	410	387
	410	388
	410	387
	410	386
	410	385
	409	383
	409	382
	409	381
	409	379
	408	378
	408	377
	408	376
	408	375
	408	374
	408	373
	409	372
	409	371
	410	371
	411	371
	412	372
	413	372
	414	373
	415	374
	416	375
	416	376
	418	377
	419	379
	420	380
	420	381
	420	383
	421	384
	421	385
	421	386
	422	387
	422	388
	422	389
	422	388
	422	387
	423	386
	423	385
	423	384
	425	382
	425	381
	425	379
	426	378
	426	377
	427	376
	427	375
	427	374
	428	373
	428	372
	429	372
	429	371
	430	371
.PEN_UP
.PEN_DOWN
	437	388
	438	388
	438	389
	439	389
	439	388
	439	387
	439	386
	439	385
	439	384
	439	381
	439	380
	439	379
	439	377
	439	376
	439	375
	440	374
	440	373
	440	374
	441	374
	441	375
	442	376
	443	377
	444	378
	444	380
	445	382
	446	383
	447	384
	447	385
	448	386
	448	387
	448	386
	448	385
	448	384
	448	383
	448	381
	449	379
	449	378
	449	377
	450	376
	450	375
	451	374
	452	374
	452	375
	453	375
	453	376
	454	376
	454	377
	455	378
	455	379
	456	380
	458	382
	458	383
	459	384
	460	385
	461	386
	461	387
	461	388
	462	388
	462	387
	462	386
	463	385
	463	384
	463	383
	463	382
	463	381
	463	380
	464	379
	464	378
	464	377
	464	376
	465	375
	466	374
.PEN_UP
.PEN_DOWN
	477	385
	477	384
	477	383
	478	383
	478	381
	478	380
	478	379
	478	377
	478	376
	478	375
	478	372
	477	370
	477	369
	477	368
	477	367
	476	366
	476	365
	476	364
	476	363
	475	363
.PEN_UP
.PEN_DOWN
	473	384
	473	385
	474	385
	474	386
	475	387
	476	388
	477	388
	477	389
	478	389
	479	390
	480	390
	481	390
	483	391
	484	391
	485	391
	486	391
	487	391
	488	391
	489	390
	490	390
	490	389
	491	387
	491	386
	491	385
	491	383
	491	382
	490	381
	489	380
	488	379
	487	378
	486	377
	485	377
	483	376
	482	376
	481	376
	479	376
	478	376
	478	375
	478	376
.PEN_UP
.PEN_DOWN
	515	389
	515	390
	514	391
	514	392
	513	392
	512	392
	511	392
	510	392
	509	392
	508	392
	508	391
	507	391
	507	390
	506	390
	506	389
	506	388
	506	387
	506	386
	507	385
	507	384
	508	383
	509	382
	510	381
	511	381
	512	381
	513	380
	514	379
	514	378
	515	378
	515	377
	516	377
	516	376
	516	375
	515	375
	514	374
	513	374
	511	374
	510	374
	509	374
	507	374
	504	374
	502	374
	501	374
	502	374
.PEN_UP
