
.WRITER_ID BillRivard
.STYLE PRINTED
.PEN_DOWN
	75	397
	74	397
	73	397
	73	398
	72	398
	71	398
	70	398
	69	398
	68	398
	67	398
	66	398
	66	397
	65	397
	64	396
	64	395
	63	394
	63	393
	62	393
	62	392
	61	391
	61	390
	60	389
	60	388
	60	387
	60	386
	60	385
	60	384
	60	383
	60	382
	61	381
	61	380
	61	379
	61	378
	62	378
	62	377
	63	377
	63	376
	64	376
	64	375
	65	375
	65	374
	66	374
	66	373
	67	372
	68	372
	69	372
	69	373
	70	373
	70	374
	71	374
	71	375
	71	376
	72	376
	72	377
	73	378
	73	379
	74	380
	74	381
	74	382
	74	383
	74	384
	74	385
	74	386
	74	387
	74	388
	74	389
	74	390
	74	391
	74	392
	74	393
	74	394
	74	395
	74	396
	74	395
	74	394
	74	393
	74	392
	74	391
	74	390
	74	389
	74	388
	74	387
	74	386
	75	385
	75	384
	76	383
	76	382
	77	382
	78	381
	79	380
	80	380
	81	380
	82	379
	83	379
	84	379
	85	379
	86	379
	87	379
.PEN_UP
.PEN_DOWN
	107	414
	107	415
	107	414
	107	413
	107	412
	107	411
	107	410
	107	409
	107	408
	107	407
	108	406
	108	405
	108	404
	108	403
	108	402
	108	401
	108	400
	108	399
	108	398
	108	397
	108	396
	108	394
	109	393
	109	392
	109	391
	109	390
	109	389
	109	388
	109	387
	109	386
	109	385
	109	384
	110	382
	110	381
	110	380
	110	379
	110	378
	110	377
	110	376
	110	375
	110	374
	110	373
	110	372
	110	371
.PEN_UP
.PEN_DOWN
	113	395
	113	396
	114	397
	115	397
	115	398
	116	398
	116	399
	117	399
	118	399
	118	400
	119	400
	120	400
	121	400
	122	400
	123	400
	124	399
	125	399
	126	399
	127	398
	128	397
	128	396
	129	395
	129	394
	129	393
	129	392
	129	391
	129	390
	129	389
	129	388
	129	387
	129	386
	128	385
	127	384
	127	383
	127	382
	126	382
	126	381
	125	381
	125	380
	125	379
	124	379
	124	378
	123	378
	123	377
	122	377
	121	376
	120	376
	119	376
	119	375
	118	375
	117	375
	116	375
	115	375
	114	375
	113	375
.PEN_UP
.PEN_DOWN
	167	393
	167	394
	167	395
	166	396
	165	396
	164	396
	163	397
	162	397
	162	396
	161	396
	160	396
	160	395
	159	395
	159	394
	158	394
	158	393
	157	392
	157	391
	157	390
	157	389
	156	388
	156	387
	156	386
	156	385
	155	385
	155	384
	155	383
	155	382
	155	381
	155	380
	155	379
	155	378
	155	377
	156	377
	156	376
	156	375
	157	375
	157	374
	158	373
	159	372
	160	372
	161	371
	162	371
	163	371
	164	371
	165	371
	166	372
	167	372
	168	372
	169	373
	170	374
	171	374
	171	375
	172	375
	172	376
	173	376
.PEN_UP
.PEN_DOWN
	205	412
	205	411
	204	410
	204	409
	204	408
	204	407
	204	406
	205	405
	205	404
	205	403
	205	402
	205	401
	205	400
	205	399
	205	398
	205	397
	205	396
	205	395
	206	394
	206	393
	206	392
	206	391
	206	390
	206	389
	207	389
	207	388
	207	387
	207	385
	207	384
	207	383
	208	383
	208	382
	208	381
	208	380
	208	379
	208	377
	208	376
	209	376
	209	375
	209	374
	209	373
	209	372
	209	373
	209	374
	209	375
	208	375
	208	376
	207	377
	207	379
	206	380
	206	381
	205	382
	205	383
	204	384
	204	385
	203	386
	203	387
	202	387
	202	388
	201	389
	201	390
	200	390
	199	390
	199	391
	198	391
	197	391
	196	391
	195	391
	194	390
	193	390
	193	389
	193	388
	193	387
	193	386
	193	385
	193	384
	193	382
	193	381
	193	380
	194	379
	194	378
	194	377
	194	376
	195	375
	195	374
	196	373
	197	372
	198	372
	199	372
	200	372
	201	372
	202	372
	203	372
	203	373
	204	373
	205	373
	205	374
	206	374
	206	375
	207	375
	207	376
	208	376
	209	376
.PEN_UP
.PEN_DOWN
	227	386
	228	386
	229	386
	230	386
	230	387
	232	387
	233	388
	234	388
	235	389
	236	389
	237	389
	238	389
	238	390
	239	390
	240	390
	241	390
	242	391
	243	391
	244	391
	245	391
	246	391
	245	391
	245	392
	244	392
	244	393
	244	394
	243	394
	242	394
	241	395
	240	396
	239	396
	239	397
	238	397
	237	397
	236	397
	235	397
	234	397
	233	397
	232	397
	232	396
	231	396
	230	396
	230	395
	229	395
	229	394
	228	394
	228	393
	227	393
	227	392
	226	391
	226	390
	226	389
	226	388
	225	387
	225	386
	225	385
	225	384
	225	383
	225	382
	225	381
	226	381
	226	380
	227	379
	227	378
	228	378
	228	377
	229	377
	230	376
	231	376
	232	376
	233	375
	234	375
	235	375
	236	375
	237	375
	238	375
	239	375
	240	375
	241	376
	242	376
	244	376
	245	377
	246	377
	247	378
	248	378
	249	378
	250	379
	251	379
.PEN_UP
.PEN_DOWN
	314	410
	313	410
	312	410
	311	409
	310	409
	309	408
	308	408
	308	407
	307	407
	307	406
	306	406
	306	405
	305	405
	305	404
	304	404
	304	403
	304	402
	304	401
	304	400
	304	399
	304	398
	304	397
	304	396
	304	395
	304	394
	305	394
	305	393
	305	392
	306	390
	306	389
	306	388
	306	386
	306	385
	307	384
	307	383
	307	382
	307	381
	307	379
	307	378
	307	377
	307	376
	307	375
	307	374
	307	373
	306	372
	306	371
	306	370
	306	369
	305	369
	305	368
	305	367
.PEN_UP
.PEN_DOWN
	297	387
	297	388
	298	388
	299	388
	300	388
	301	388
	302	388
	303	388
	303	389
	304	389
	305	389
	306	390
	308	390
	309	390
	310	390
	311	390
	312	390
	313	390
	314	391
	315	391
	316	391
	317	391
	318	391
	319	391
	319	390
.PEN_UP
.PEN_DOWN
	335	388
	335	389
	334	389
	334	390
	333	390
	332	390
	331	390
	330	390
	329	390
	328	390
	327	389
	325	388
	324	388
	324	387
	323	387
	323	386
	322	386
	322	385
	321	385
	321	384
	321	382
	320	382
	320	381
	320	380
	320	379
	320	378
	320	377
	321	377
	321	376
	322	375
	323	375
	324	374
	325	374
	326	374
	327	375
	328	375
	329	376
	330	377
	331	378
	331	379
	332	380
	332	381
	333	382
	333	383
	334	384
	334	385
	334	386
	334	388
	334	389
	334	390
	334	389
	334	388
	334	387
	334	386
	334	385
	334	383
	334	382
	334	381
	334	379
	335	376
	335	375
	335	374
	336	373
	336	372
	336	371
	337	370
	337	368
	338	367
	338	366
	338	365
	338	364
	338	363
	338	362
	338	361
	338	360
	337	360
	336	359
	335	359
	334	359
	333	359
	332	359
	332	360
	331	361
	331	362
	331	364
	331	365
	331	366
	332	367
	332	368
	333	369
	333	370
	334	371
	335	372
	335	373
	336	373
	337	374
	339	376
	340	377
	341	378
	342	379
	343	379
	343	380
	344	380
	345	380
	346	380
.PEN_UP
.PEN_DOWN
	353	414
	354	414
	354	413
	354	412
	353	409
	353	408
	353	407
	353	405
	354	404
	354	402
	354	401
	354	399
	354	398
	355	396
	355	394
	355	393
	356	390
	357	389
	357	387
	357	386
	358	385
	358	384
	358	383
	359	382
	359	381
	359	380
	360	378
	360	377
	360	376
	360	375
	360	374
	360	373
	360	372
	360	373
	360	374
	361	374
	361	375
	361	376
	362	377
	363	378
	363	379
	363	380
	363	381
	364	382
	364	383
	364	384
	364	385
	365	386
	365	387
	366	389
	366	390
	366	391
	367	391
	367	392
	367	393
	368	393
	369	393
	369	392
	369	391
	370	390
	370	388
	371	387
	371	386
	371	385
	371	384
	372	383
	372	382
	372	381
	373	381
	373	380
	373	379
	373	378
	373	376
	374	376
	374	375
	374	374
	374	373
	375	373
	375	372
	376	372
.PEN_UP
.PEN_DOWN
	391	391
	391	392
	392	392
	391	392
	391	391
	391	390
	391	389
	391	388
	391	387
	391	386
	391	385
	391	384
	391	382
	391	381
	392	380
	392	379
	392	378
	393	377
	393	376
	394	376
	394	375
	395	375
	395	374
	396	374
	396	373
.PEN_UP
.PEN_DOWN
	389	407
	389	408
	388	408
	389	407
.PEN_UP
.PEN_DOWN
	417	400
	417	399
	418	399
	418	397
	419	396
	419	395
	419	394
	419	393
	420	392
	420	391
	420	390
	420	389
	420	388
	420	387
	420	385
	420	383
	420	382
	420	381
	420	380
	420	379
	419	378
	419	377
	419	376
	418	375
	417	374
	416	373
	415	373
	414	373
	413	373
	412	373
	411	373
.PEN_UP
.PEN_DOWN
	417	410
	416	411
	416	412
	415	411
	415	410
.PEN_UP
.PEN_DOWN
	463	402
	463	401
	463	400
	462	399
	462	398
	462	397
	462	395
	462	394
	462	393
	462	392
	462	391
	462	390
	462	389
	462	387
	462	386
	462	383
	462	382
	462	381
	462	380
	463	379
	463	378
	463	377
	463	376
	463	375
	463	374
	463	373
	463	372
	463	371
.PEN_UP
.PEN_DOWN
	480	405
	481	405
	481	404
	480	404
	480	403
	479	403
	479	402
	478	401
	478	400
	477	400
	476	399
	476	398
	475	397
	474	396
	473	396
	473	395
	472	394
	471	393
	470	392
	470	391
	469	391
	469	390
	468	390
	468	389
	467	389
	467	388
	466	388
	466	387
	465	386
	466	386
	467	386
	468	385
	469	384
	470	384
	470	383
	471	382
	472	381
	473	380
	474	379
	475	378
	475	377
	476	377
	477	376
	478	375
	478	374
	478	373
	479	373
	480	373
	481	373
	481	372
.PEN_UP
.PEN_DOWN
	491	371
	492	371
	492	372
	493	372
	493	373
	494	373
	494	374
	495	375
	496	376
	497	377
	497	378
	498	379
	498	380
	499	381
	499	383
	500	384
	500	385
	500	386
	501	387
	501	388
	501	389
	502	390
	502	391
	503	391
	503	393
	504	394
	504	395
	504	396
	505	396
	505	397
	505	398
	505	399
	506	399
	506	401
	506	402
	506	403
	506	404
	506	405
	505	405
	505	406
	505	407
	505	408
	504	408
	504	409
	503	409
	502	409
	501	409
	501	408
	500	408
	499	407
	499	406
	498	405
	497	405
	497	404
	497	403
	496	403
	496	402
	496	401
	495	401
	495	399
	495	398
	495	397
	496	397
	496	396
	496	395
	496	394
	496	393
	496	392
	496	391
	496	390
	496	389
	497	388
	497	387
	497	386
	497	385
	497	384
	497	383
	498	382
	498	381
	499	380
	500	378
	501	377
	501	376
	502	376
	503	376
	503	375
	504	375
	505	374
	506	374
	506	373
	507	373
	507	372
	508	372
	509	372
.PEN_UP
.PEN_DOWN
	524	394
	524	393
	524	392
	525	391
	525	390
	525	389
	526	388
	526	387
	526	386
	526	385
	527	384
	527	383
	527	382
	528	380
	528	379
	528	378
	528	377
	528	376
	528	375
	528	374
	528	375
	528	376
	528	377
	528	378
	529	379
	529	380
	529	381
	529	383
	529	384
	529	386
	529	387
	529	389
	529	390
	530	392
	530	393
	530	394
	531	394
	531	395
	531	396
	532	396
	532	395
	533	394
	533	393
	533	392
	534	391
	534	390
	534	389
	535	387
	535	386
	535	385
	535	384
	535	383
	536	382
	536	381
	536	380
	537	379
	537	380
	538	381
	538	382
	538	384
	538	385
	538	387
	539	388
	539	389
	539	390
	540	391
	540	392
	540	393
	540	394
	541	394
	541	396
	542	397
	542	398
	543	398
	543	399
	544	399
	545	399
	545	398
	545	397
	546	396
	546	395
	546	394
	547	394
	547	392
	547	391
	548	390
	548	389
	548	388
	548	387
	549	386
	549	385
	549	384
	549	383
	550	383
	550	381
	551	381
	551	380
	552	380
.PEN_UP
.PEN_DOWN
	569	402
	569	401
	570	401
	570	400
	570	399
	571	399
	571	398
	571	397
	572	396
	572	394
	572	393
	572	392
	573	389
	573	388
	573	386
	573	385
	574	384
	574	383
	574	382
	574	381
	574	380
	574	381
	575	382
	575	383
	575	384
	575	385
	575	386
	576	388
	576	391
	576	392
	576	394
	576	395
	576	396
	577	397
	577	398
	578	399
	579	399
	579	400
	580	401
	582	402
	583	402
	584	402
	585	402
	586	402
	586	401
	587	400
	588	399
	588	398
	588	397
	588	396
	588	395
	588	394
	588	393
	588	392
	588	390
	588	389
	588	388
	588	387
	588	386
	588	385
	588	384
	589	383
	589	382
	589	381
	589	380
	589	379
.PEN_UP
.PEN_DOWN
	608	400
	607	400
	606	399
	605	399
	604	398
	603	398
	603	397
	602	396
	602	395
	602	394
	601	393
	601	392
	601	391
	600	390
	600	389
	600	388
	600	387
	601	386
	601	385
	601	383
	601	382
	601	381
	602	380
	602	379
	603	378
	603	377
	604	377
	605	377
	605	376
	606	376
	607	376
	608	375
	609	375
	610	375
	611	375
	612	375
	613	376
	614	376
	615	376
	616	376
	617	377
	618	377
	618	378
	619	378
	619	379
	619	380
	620	381
	621	382
	621	383
	622	384
	622	385
	622	386
	622	387
	622	388
	622	389
	621	390
	621	391
	621	392
	620	392
	620	393
	619	394
	618	395
	618	396
	617	396
	616	397
	615	397
	613	398
	612	398
	611	398
	610	398
	609	398
	609	397
	609	396
.PEN_UP
.PEN_DOWN
	663	351
	663	350
	663	349
	662	349
	662	350
	662	351
	662	352
	662	353
	662	354
	662	355
	662	356
	662	358
	662	359
	662	360
	662	362
	662	363
	662	365
	661	366
	661	367
	661	368
	661	371
	661	372
	661	373
	661	374
	661	375
	661	376
	661	377
	661	378
	661	379
	661	380
	661	381
	661	382
	661	383
	661	384
	661	385
	662	385
	662	386
	662	387
	662	388
	663	388
	663	389
	664	390
	665	390
	665	391
	666	391
	667	392
	668	393
	669	394
	670	394
	671	394
	672	393
	673	393
	674	392
	674	391
	675	391
	676	390
	677	389
	677	388
	678	387
	678	385
	678	384
	678	383
	678	382
	677	381
	677	380
	676	379
	676	378
	675	377
	674	376
	673	376
	672	375
	670	374
	668	374
	667	373
	666	373
	665	373
	664	373
	663	373
	662	374
	661	374
.PEN_UP
.PEN_DOWN
	705	391
	705	392
	704	392
	703	393
	702	393
	701	393
	700	393
	699	393
	698	393
	697	393
	696	392
	695	392
	694	392
	693	391
	692	390
	691	389
	690	388
	690	387
	689	386
	689	385
	689	384
	689	383
	689	382
	690	381
	690	380
	690	379
	691	379
	691	378
	692	378
	692	377
	693	377
	694	377
	695	377
	696	378
	697	379
	698	379
	699	380
	700	381
	700	382
	701	383
	702	384
	703	385
	703	386
	705	388
	706	389
	707	390
	707	391
	707	392
	707	391
	706	390
	706	389
	705	388
	704	386
	703	385
	703	384
	702	382
	701	381
	701	379
	699	375
	699	373
	698	372
	697	370
	697	368
	697	367
	697	366
	697	365
	697	363
	697	362
	697	360
	697	359
	697	358
	698	358
	699	358
	700	358
	702	359
	703	360
	703	361
	704	362
	705	363
	706	364
	706	365
	707	366
	707	367
	707	368
	707	369
	707	370
	707	371
	706	372
	706	373
	705	374
	705	375
	704	376
	704	377
	704	378
	705	378
	706	378
	707	378
	708	379
	710	381
	712	381
	713	382
	714	382
	715	383
	716	383
	717	384
	718	385
.PEN_UP
.PEN_DOWN
	729	393
	729	392
	730	392
	730	391
	730	390
	731	390
	731	389
	731	388
	731	387
	732	386
	732	384
	732	383
	732	382
	733	381
	733	380
	733	379
	733	378
	733	377
	734	376
	734	375
	734	374
	733	375
	733	376
	733	377
	733	378
	733	379
	733	381
	733	382
	733	383
	733	384
	733	385
	733	386
	734	387
	735	389
	735	390
	736	391
	736	392
	737	392
	738	393
	739	394
	740	394
	741	395
	742	395
	743	395
	744	396
	745	396
	746	395
	746	394
	747	393
	747	392
.PEN_UP
.PEN_DOWN
	769	394
	769	395
	769	396
	769	397
	768	397
	768	398
	767	398
	766	399
	765	399
	764	399
	763	399
	762	399
	761	399
	760	399
	759	399
	759	398
	758	398
	758	397
	757	397
	757	396
	757	395
	757	394
	757	393
	757	392
	757	391
	758	390
	759	390
	760	389
	761	389
	762	388
	763	388
	764	388
	765	387
	766	387
	767	386
	768	386
	769	384
	770	384
	770	383
	770	382
	771	382
	771	381
	771	380
	771	379
	771	378
	771	377
	771	376
	770	376
	769	375
	768	374
	767	374
	766	373
	765	373
	764	373
	763	372
	762	372
	760	372
	759	372
	758	372
	757	372
	756	372
	756	373
.PEN_UP
.PEN_DOWN
	804	407
	804	408
	803	407
	803	406
	801	404
	801	403
	800	403
	799	402
	799	400
	798	399
	798	398
	797	397
	796	395
	795	394
	794	392
	794	391
	793	389
	793	387
	793	386
	793	385
	793	384
	793	383
	793	382
	793	381
	794	380
	794	379
	794	378
	794	377
	795	376
	796	376
	797	376
	797	375
	798	375
	799	375
.PEN_UP
.PEN_DOWN
	780	399
	781	399
	782	399
	783	398
	784	398
	787	398
	788	398
	790	398
	792	398
	794	398
	796	397
	798	397
	800	397
	802	397
	804	397
	806	397
	807	397
	810	397
	812	397
	814	397
.PEN_UP
.PEN_DOWN
	78	290
	79	290
	79	291
	78	291
	78	290
	78	289
	78	288
	78	287
	78	286
	78	285
	78	283
	78	282
	78	281
	78	280
	78	279
	79	278
	79	277
	79	276
	79	275
	80	274
	81	273
	81	272
	82	271
	83	271
	84	271
	86	272
	87	273
	88	273
	88	274
	89	275
	90	276
	91	277
	91	278
	92	279
	92	280
	92	282
	92	283
	92	284
	92	285
	92	286
	92	287
	92	288
	92	289
	92	290
	92	291
	92	290
	92	289
	92	288
	92	287
	92	286
	93	285
	93	284
	93	283
	93	282
	94	281
	94	280
	95	280
	96	279
	96	278
	97	278
	97	277
	98	277
	99	277
	100	276
	101	276
	102	276
	103	276
	104	276
.PEN_UP
.PEN_DOWN
	118	291
	118	292
	118	293
	119	292
	120	292
	120	291
	121	290
	121	289
	122	288
	122	287
	123	287
	123	286
	124	284
	125	284
	125	283
	125	282
	126	282
	126	281
	127	280
	127	279
	128	278
	128	277
	128	276
	129	275
	130	274
	130	273
	131	272
	131	271
	132	270
	132	269
	132	268
	133	268
	133	269
	133	270
	134	271
	135	272
	135	273
	136	274
	136	276
	137	277
	137	279
	138	281
	139	282
	139	284
	140	286
	141	287
	142	290
	142	291
	143	292
	143	293
	143	294
	143	295
	144	296
	143	296
	143	295
	144	294
.PEN_UP
.PEN_DOWN
	166	292
	166	291
	166	290
	166	289
	166	288
	166	287
	166	286
	166	284
	166	283
	166	282
	167	281
	167	280
	167	279
	167	278
	167	277
	168	276
	169	275
	169	274
	170	273
	171	272
	172	271
	173	271
	174	271
	175	271
	176	271
	177	272
	178	273
	178	274
	179	275
	179	276
	179	277
	180	278
	180	279
	180	280
	180	281
	180	282
	180	283
	181	284
	181	285
	181	286
	181	285
	182	285
	182	284
	182	283
	183	282
	183	281
	183	280
	184	280
	184	279
	185	278
	185	277
	187	276
	187	275
	188	275
	189	274
	190	274
	191	274
	192	274
	193	274
	194	274
	195	275
	196	276
	197	277
	198	278
	199	278
	199	280
	199	281
	200	282
	200	283
	200	285
	200	286
	200	288
	200	290
	200	291
	199	292
	199	293
	199	294
	198	295
	197	295
	197	296
	196	297
	195	297
.PEN_UP
.PEN_DOWN
	214	289
	215	289
	216	289
	217	289
	218	289
	219	289
	219	288
	220	288
	221	287
	222	287
	224	285
	226	284
	227	283
	228	282
	229	281
	230	279
	231	278
	232	277
	233	276
	234	275
	235	273
	236	273
	236	272
	236	271
.PEN_UP
.PEN_DOWN
	237	294
	236	294
	236	293
	235	293
	235	292
	234	291
	233	290
	232	289
	231	287
	230	286
	229	285
	228	284
	227	281
	225	280
	224	278
	223	277
	222	275
	221	274
	220	272
	219	271
	219	270
	218	269
	218	268
	218	267
	218	266
	218	265
	219	265
.PEN_UP
.PEN_DOWN
	260	288
	260	287
	259	287
	259	286
	259	285
	259	284
	259	283
	259	282
	259	281
	260	280
	260	279
	261	278
	261	277
	262	276
	263	276
	263	275
	264	275
	265	275
	266	275
	267	275
	268	276
	270	277
	271	278
	272	279
	272	280
	273	281
	273	282
	274	283
	274	284
	274	285
	275	286
	275	287
	275	288
	275	289
	275	290
	275	289
	275	288
	275	287
	276	285
	277	283
	277	282
	278	281
	278	279
	279	278
	279	276
	280	274
	280	273
	280	271
	281	268
	281	266
	281	262
	281	260
	281	259
	281	257
	281	255
	281	254
	281	252
	281	251
	281	250
	281	249
	281	248
	280	247
	280	246
	279	246
	278	246
	277	246
	276	247
	276	248
	275	250
	274	252
	274	254
	274	256
	274	258
	274	260
	275	262
	276	264
	277	266
	278	268
	279	269
	280	271
	284	274
	286	275
	287	276
	289	277
	291	278
	292	279
	293	279
	294	279
	295	279
	296	279
	297	279
.PEN_UP
.PEN_DOWN
	315	293
	315	294
	314	294
	314	295
	314	296
	314	297
	314	298
	315	298
	315	299
	316	299
	317	300
	319	300
	321	300
	323	300
	324	300
	326	300
	327	300
	328	300
	329	300
	329	299
	330	298
	330	297
	330	296
	329	295
	329	293
	328	292
	327	291
	326	289
	325	288
	324	286
	322	285
	321	283
	320	282
	317	278
	316	276
	315	274
	314	273
	313	272
	313	271
	313	270
	314	269
	315	268
	318	268
	320	268
	322	269
	324	269
	326	270
	327	271
	329	271
	331	272
	332	273
	334	273
	335	273
	336	274
	338	274
.PEN_UP
