
.WRITER_ID ArloReeves
.STYLE PRINTED
.PEN_DOWN
	102	383
	103	383
	104	383
	107	385
	108	385
	110	386
	111	387
	113	388
	114	389
	116	390
	117	391
	118	392
	119	394
	120	395
	121	396
	122	399
	122	400
	122	401
	122	403
	122	405
	122	406
	121	407
	121	409
	120	410
	120	411
	119	412
	116	413
	115	413
	114	413
	113	412
	112	412
	111	411
	109	411
	109	410
	108	409
	107	408
	106	407
	106	406
	106	404
	106	403
	106	402
	107	402
	107	401
	108	401
	109	400
	110	400
	111	400
	112	400
	114	401
	116	402
	118	402
.PEN_UP
.PEN_DOWN
	142	414
	141	414
	140	414
	139	414
	138	414
	137	414
	136	413
	135	411
	134	410
	134	409
	134	408
	134	407
	134	406
	135	405
	136	404
	137	403
	138	403
	139	403
	141	403
	144	403
	146	404
	147	405
	148	405
	148	406
	149	408
	149	409
	150	410
	150	411
	150	412
	150	414
	150	415
	149	417
	148	418
	147	418
	146	418
	145	418
	143	418
	142	418
	141	418
	140	418
	139	417
.PEN_UP
.PEN_DOWN
	139	400
	138	400
	137	399
	136	399
	136	398
	135	398
	134	397
	134	396
	134	395
	134	394
	134	393
	135	393
	136	392
	137	391
	138	391
	139	390
	141	390
	143	390
	147	390
	148	390
	150	390
	151	390
	153	391
	154	392
	154	393
	154	394
	154	395
	154	396
	153	397
	151	400
	150	401
	149	402
	148	403
	148	404
.PEN_UP
.PEN_DOWN
	163	414
	164	414
	164	415
	165	415
	166	416
	167	416
	168	416
	169	417
	171	417
	172	417
	174	417
	176	418
	177	418
	178	418
	179	418
	180	418
	180	417
	180	416
	179	415
	178	413
	178	412
	177	411
	177	409
	176	408
	176	406
	176	405
	175	403
	175	402
	175	400
	175	399
	175	397
	175	394
	174	392
	174	391
	174	390
	174	388
	174	387
	174	386
	174	385
	174	384
	174	383
	175	383
.PEN_UP
.PEN_DOWN
	167	401
	168	401
	169	401
	170	401
	170	402
	173	402
	174	402
	176	402
	177	402
	179	402
	181	403
.PEN_UP
.PEN_DOWN
	200	416
	199	416
	198	415
	197	415
	196	414
	195	414
	194	413
	193	411
	192	410
	192	409
	190	406
	189	404
	189	402
	189	400
	189	399
	189	397
	190	396
	191	394
	191	393
	192	392
	193	391
	194	391
	197	390
	198	390
	200	390
	201	390
	203	391
	204	391
	205	392
	205	393
	206	394
	206	395
	206	396
	206	397
	206	398
	205	399
	199	399
	198	399
	197	398
	196	398
	196	397
	196	396
	196	395
	197	394
	198	393
.PEN_UP
.PEN_DOWN
	220	415
	219	415
	219	414
	219	413
	220	413
	220	412
	221	411
	222	411
	222	410
	223	410
	224	409
	225	409
	226	408
	227	408
	227	407
	228	407
	228	406
	229	405
	230	404
	231	403
	231	402
	231	401
	231	400
	232	400
	232	399
	232	398
	233	397
	233	396
	233	395
	233	394
	232	394
	231	393
	230	393
	229	393
	228	393
	227	392
	226	392
	225	392
	224	392
	223	392
	223	393
	222	393
	221	393
	220	393
.PEN_UP
.PEN_DOWN
	222	417
	223	416
	224	416
	225	416
	226	416
	227	416
	228	416
	229	416
	230	417
	232	417
	233	417
	234	417
	235	417
	236	417
.PEN_UP
.PEN_DOWN
	251	418
	251	417
	250	417
	249	417
	248	417
	247	416
	246	416
	245	415
	244	415
	244	414
	243	413
	242	412
	241	411
	239	409
	239	408
	238	406
	238	405
	238	404
	238	403
	238	402
	239	402
	240	402
	240	403
	241	403
	242	403
	243	403
	244	403
	245	404
	246	404
	249	405
	250	405
	251	405
	252	405
	253	405
	254	405
	255	405
	256	405
	257	405
	258	405
	259	405
	260	405
.PEN_UP
.PEN_DOWN
	251	420
	251	419
	251	418
	251	417
	250	416
	250	415
	250	414
	249	413
	249	411
	249	409
	249	407
	249	405
	249	404
	249	400
	249	398
	250	397
	250	396
	250	394
	251	393
.PEN_UP
.PEN_DOWN
	273	420
	272	420
	272	421
	273	421
	274	421
	275	421
	277	421
	278	421
	279	421
	280	421
	281	421
	282	421
	284	421
	285	420
	285	419
	285	418
	284	418
	283	418
	283	417
	281	416
	280	416
	279	415
	278	414
	277	414
	276	414
	275	413
	274	412
	273	412
	272	411
	273	411
	274	411
	276	411
	277	411
	278	411
	279	411
	280	411
	283	410
	284	409
	286	409
	287	408
	288	407
	288	406
	288	405
	288	404
	288	403
	288	402
	286	401
	285	400
	284	400
	282	400
	281	400
	279	400
	277	399
	276	399
	274	399
	273	399
	272	399
	271	399
	270	399
	269	399
.PEN_UP
.PEN_DOWN
	302	418
	302	419
	302	420
	302	421
	303	421
	305	422
	306	422
	306	423
	307	423
	308	423
	309	423
	310	423
	310	422
	310	421
	310	420
	310	419
	310	418
	310	417
	310	416
	310	415
	310	414
	310	413
	309	411
	309	410
	308	409
	308	408
	308	407
	307	406
	306	405
	306	404
	305	403
	304	402
	303	401
	302	399
	301	398
	301	397
	300	397
	300	396
	299	396
	300	396
	301	396
	302	396
	303	397
	304	397
	305	397
	306	397
	307	397
	309	397
	310	397
	311	397
	312	397
	313	397
	314	397
	315	397
.PEN_UP
.PEN_DOWN
	325	415
	326	415
	327	416
	327	418
	327	419
	327	420
	328	421
	328	422
	328	423
	329	423
	330	424
	330	423
	330	421
	329	419
	329	418
	329	416
	329	414
	329	412
	329	410
	329	408
	329	406
	329	404
	329	402
	329	398
	330	397
	331	396
.PEN_UP
.PEN_DOWN
	358	416
	359	416
	359	417
	359	418
	359	419
	358	419
	357	419
	356	419
	355	418
	353	417
	352	416
	351	414
	350	413
	348	411
	346	408
	346	406
	346	404
	346	403
	346	401
	346	400
	347	399
	347	398
	349	397
	350	396
	351	396
	353	396
	357	397
	359	397
	361	398
	361	399
	362	400
	363	401
	363	403
	363	405
	363	407
	362	409
	361	411
	359	415
	358	416
	357	417
	357	418
	356	418
.PEN_UP
.PEN_DOWN
	396	386
	397	386
	398	386
	398	387
	399	388
	400	389
	400	390
	402	392
	403	393
	403	394
	404	395
	405	396
	405	397
	406	398
	406	399
	406	400
	406	402
	406	403
	406	405
	406	407
	406	409
	405	410
	404	411
	404	413
	403	414
	402	414
	402	415
	401	415
	400	415
	398	415
	397	414
	396	414
	395	414
	395	413
	394	413
	393	412
	393	411
	392	411
	392	410
	392	409
	392	407
	392	406
	393	405
	394	405
	395	405
	396	405
	398	405
	399	405
	400	405
	401	406
	404	407
	405	407
	406	408
	407	408
.PEN_UP
.PEN_DOWN
	426	412
	426	413
	426	414
	425	415
	424	415
	423	415
	421	415
	420	414
	419	414
	418	413
	418	412
	417	411
	416	410
	416	409
	416	408
	416	407
	416	406
	417	406
	419	405
	419	404
	421	404
	422	404
	424	404
	425	404
	426	405
	428	405
	428	406
	429	407
	429	408
	430	409
	431	411
	431	413
	431	414
	431	415
	431	416
	431	418
	431	419
	430	419
	430	420
	429	420
	428	420
	427	420
.PEN_UP
.PEN_DOWN
	421	401
	421	400
	420	400
	420	399
	420	398
	419	397
	419	396
	419	395
	419	394
	419	393
	419	392
	419	391
	419	390
	420	389
	421	388
	422	388
	423	388
	424	388
	425	388
	426	388
	428	388
	429	389
	430	390
	431	390
	432	391
	433	393
	433	394
	433	395
	433	396
	433	398
	433	399
	432	400
	431	401
	430	402
	429	403
	428	404
	427	404
	426	404
.PEN_UP
.PEN_DOWN
	448	414
	448	415
	447	415
	446	415
	446	416
	447	416
	448	416
	449	416
	451	416
	452	416
	453	416
	454	416
	456	417
	458	417
	459	417
	460	417
	460	416
	459	415
	459	414
	458	413
	458	412
	458	411
	458	410
	458	409
	457	408
	457	406
	457	405
	457	404
	457	401
	457	399
	456	398
	456	396
	456	395
	456	393
	456	392
	455	391
	455	390
	455	388
	455	387
	455	386
	455	385
.PEN_UP
.PEN_DOWN
	451	402
	452	402
	452	403
	453	403
	455	404
	456	404
	457	404
	458	404
	460	404
	461	404
.PEN_UP
.PEN_DOWN
	480	415
	481	415
	481	416
	481	417
	480	417
	479	417
	479	416
	478	416
	477	415
	476	413
	475	412
	475	411
	474	409
	473	408
	473	406
	472	405
	472	403
	472	401
	472	400
	472	398
	472	396
	473	394
	473	393
	474	392
	475	391
	476	391
	477	391
	478	391
	479	391
	480	391
	481	391
	481	392
	482	393
	483	394
	483	395
	483	396
	483	397
	482	398
	482	399
	482	400
	481	400
	480	400
	479	400
	477	400
	475	399
	475	398
	474	397
	474	396
	474	395
	474	394
	474	393
	475	393
.PEN_UP
.PEN_DOWN
	501	412
	500	412
	499	412
	498	412
	498	411
	498	410
	498	409
	499	409
	500	408
	501	408
	501	407
	502	407
	503	407
	503	406
	504	406
	504	405
	505	405
	505	404
	506	403
	507	403
	507	402
	508	401
	509	400
	509	399
	510	398
	510	397
	510	396
	510	395
	510	394
	510	393
	510	392
	509	392
	509	391
	508	391
	507	391
	506	391
	505	391
	504	391
	502	391
	500	391
	499	391
	498	392
	497	392
	496	393
	496	394
.PEN_UP
.PEN_DOWN
	500	412
	501	412
	502	412
	503	412
	504	413
	506	413
	508	414
	509	414
	510	414
	511	414
	513	414
	514	414
.PEN_UP
.PEN_DOWN
	535	412
	534	412
	533	412
	532	412
	532	411
	530	411
	530	410
	529	410
	528	409
	527	409
	526	408
	525	407
	524	406
	523	405
	522	404
	520	403
	519	402
	518	401
	518	400
	519	400
	520	400
	521	400
	522	400
	523	400
	524	400
	525	400
	526	400
	527	401
	528	401
	529	401
	531	401
	532	401
	533	402
	534	402
	535	402
	536	402
	537	402
	538	402
	539	402
	540	402
.PEN_UP
.PEN_DOWN
	535	415
	535	414
	535	413
	534	413
	534	412
	533	411
	533	409
	532	408
	532	407
	532	404
	532	402
	532	400
	532	398
	532	397
	532	395
	532	394
	533	392
	533	391
	533	390
	533	389
	534	388
	534	386
.PEN_UP
.PEN_DOWN
	555	409
	554	409
	554	410
	554	411
	553	412
	553	414
	554	414
	555	415
	556	415
	557	415
	558	415
	559	415
	560	415
	561	415
	561	414
	561	413
	560	412
	560	411
	560	410
	560	409
	560	408
	560	407
	559	407
	559	406
	559	405
	559	404
	559	403
	559	402
	559	401
	559	400
	558	400
	557	400
	558	400
	558	399
	559	399
	560	399
	561	399
	562	398
	563	398
	563	397
	563	396
	563	395
	563	394
	563	393
	563	392
	563	391
	562	390
	561	389
	560	389
	560	388
	559	388
	558	388
	557	388
	556	387
	555	387
	553	387
	551	387
	550	387
	548	387
	546	387
.PEN_UP
.PEN_DOWN
	578	405
	577	405
	576	406
	576	407
	575	407
	575	408
	575	409
	575	410
	575	411
	576	411
	577	411
	578	411
	579	411
	580	411
	581	412
	582	412
	583	412
	584	411
	584	410
	584	409
	584	407
	584	406
	584	404
	583	403
	583	401
	582	400
	582	399
	581	398
	581	396
	580	395
	579	394
	579	393
	578	392
	577	390
	576	389
	575	388
	576	388
	577	388
	578	388
	579	388
	580	388
	581	388
	583	388
	584	388
	586	388
	587	388
.PEN_UP
.PEN_DOWN
	599	401
	600	401
	600	402
	600	403
	600	404
	601	405
	601	406
	601	407
	603	410
	603	411
	604	412
	605	413
	605	414
	606	414
	606	415
	607	415
	607	416
	608	416
	608	415
	607	414
	607	413
	607	412
	606	410
	606	409
	606	407
	605	405
	605	402
	605	401
	605	399
	605	398
	605	397
	605	396
	605	394
	605	393
	605	392
	605	391
	605	390
	605	389
.PEN_UP
.PEN_DOWN
	624	411
	625	411
	625	412
	624	412
	623	411
	622	411
	621	410
	621	409
	620	409
	619	408
	618	406
	617	405
	617	404
	617	402
	616	400
	616	399
	616	396
	617	395
	618	393
	618	392
	620	391
	621	390
	622	390
	623	389
	624	389
	625	389
	626	389
	627	390
	629	391
	629	392
	630	393
	630	394
	630	396
	630	397
	629	399
	629	401
	628	403
	627	405
	627	407
	627	410
	627	411
.PEN_UP
