
.WRITER_ID ArloReeves
.STYLE PRINTED
.PEN_DOWN
	72	423
	72	424
	73	424
	73	425
	73	424
	73	423
	73	421
	73	419
	73	418
	73	417
	73	415
	74	414
	74	413
	74	412
	74	411
	75	410
	75	409
.PEN_UP
.PEN_DOWN
	78	427
	78	426
	78	425
	78	424
	78	422
	78	421
	78	419
	78	418
	78	417
	79	416
	79	415
	79	414
	80	413
	80	412
.PEN_UP
.PEN_DOWN
	117	410
	118	410
	119	411
	119	412
	119	413
	119	414
	119	415
	119	416
	118	417
	117	418
	116	418
	115	418
	114	418
	112	418
	111	417
	110	416
	109	415
	108	414
	108	413
	107	412
	106	410
	105	409
	105	408
	105	406
	105	405
	105	403
	106	402
	106	401
	107	401
	108	400
	109	400
	110	400
	111	400
	112	400
	113	401
	114	402
	115	403
	115	404
	116	405
	116	406
	116	408
	116	409
	116	410
	116	409
	116	408
	116	407
	117	406
	118	405
	119	405
	120	405
	122	405
	123	405
	124	406
	125	407
	126	408
	126	409
	127	411
	127	412
	127	414
	127	415
	127	417
	126	418
	125	422
	124	424
	124	426
	123	427
	122	428
	121	429
	120	430
	119	431
	118	431
	116	431
	115	431
	114	430
	111	429
	109	428
	108	427
	106	426
	105	425
	103	424
	102	423
	101	421
	100	420
	99	419
	99	417
	98	413
	98	411
	98	409
	98	407
	99	405
	100	404
	101	402
	103	400
	104	400
	106	399
	109	398
	111	398
	116	398
	118	398
	120	399
	123	399
	125	400
	127	401
	129	402
.PEN_UP
.PEN_DOWN
	140	421
	141	421
	142	421
	143	422
	144	423
	145	423
	145	424
	146	424
	146	425
	146	426
	146	425
	146	424
	146	423
	147	422
	147	421
	148	421
	149	421
	150	421
	151	421
	152	421
	153	421
	154	422
	155	422
	155	423
	156	423
	157	424
	157	425
	157	426
.PEN_UP
.PEN_DOWN
	164	406
	165	406
	166	406
	167	407
	169	407
	171	408
	173	408
	175	409
	176	409
	178	409
	179	409
	180	409
.PEN_UP
.PEN_DOWN
	199	420
	199	421
	200	422
	200	423
	201	423
	201	424
	202	424
	202	425
	203	426
	203	427
	204	428
	204	429
	205	430
	205	429
	204	428
	204	427
	204	426
	204	424
	205	423
	205	422
	205	421
	205	420
	206	419
	207	418
	208	417
.PEN_UP
.PEN_DOWN
	217	403
	218	402
	218	401
	218	400
	218	399
	217	398
	217	396
	216	395
	216	394
	216	393
	215	391
	215	389
	214	388
.PEN_UP
.PEN_DOWN
	231	445
	231	444
	231	443
	231	442
	231	441
	231	439
	231	438
	231	437
	231	436
.PEN_UP
.PEN_DOWN
	235	448
	236	448
	236	447
	236	446
	236	445
	236	444
	236	443
	236	442
	236	441
	237	439
.PEN_UP
.PEN_DOWN
	261	399
	261	398
	261	397
	262	396
	262	395
	263	394
	263	395
	263	396
	262	396
	262	397
	262	398
	262	400
	262	402
	262	403
	262	404
	263	406
	263	407
	264	408
	265	409
	266	410
	266	411
	267	412
	270	414
	271	414
	272	414
	274	415
.PEN_UP
.PEN_DOWN
	276	404
	277	404
	278	404
	279	406
	280	406
	281	407
	282	408
	283	409
	283	410
	283	411
	283	412
	282	412
	281	412
	280	412
	279	412
	278	411
	277	410
	276	410
	275	409
	274	408
	273	406
	272	405
	272	404
	272	403
	272	402
	272	401
	272	400
	273	399
	274	398
	275	398
	277	397
	279	397
	280	397
	281	397
.PEN_UP
.PEN_DOWN
	294	417
	295	416
	295	415
	295	414
	294	413
	294	411
	294	408
	294	406
	294	405
	294	403
	294	401
	294	399
	294	398
	295	396
	295	395
	295	394
	296	393
	296	391
	296	390
	296	389
.PEN_UP
.PEN_DOWN
	289	414
	289	415
	289	417
	290	418
	291	418
	292	418
	293	418
	295	418
	296	418
	297	418
	299	418
	301	417
	302	416
	302	415
	302	413
	302	412
	302	410
	302	409
	302	408
	301	406
	300	406
	299	405
	298	404
	296	403
	295	402
	294	402
.PEN_UP
.PEN_DOWN
	309	427
	309	426
	308	425
	308	424
	308	423
	308	421
	308	420
	308	418
	308	417
	308	415
	308	414
	308	413
	309	411
	310	409
	310	408
	310	406
	310	405
	310	404
	310	403
	309	402
	309	401
	310	401
	311	401
	312	401
	313	401
	314	401
	315	401
	316	401
	317	401
	317	402
	318	402
.PEN_UP
.PEN_DOWN
	324	417
	325	416
	325	415
	325	414
	325	413
	325	412
	325	410
	325	409
	325	408
	326	406
	326	405
	326	404
	327	404
	327	403
	328	402
	328	403
	329	403
	330	404
	330	405
.PEN_UP
.PEN_DOWN
	325	425
	325	426
	324	426
	324	427
	324	428
.PEN_UP
.PEN_DOWN
	340	413
	341	413
	341	414
	342	414
	342	415
	343	415
	344	415
	345	416
	347	417
	347	418
	347	419
	346	419
	345	419
	344	419
	343	419
	342	418
	341	418
	340	418
	339	417
	338	416
	337	416
	336	415
	336	414
	335	413
	334	412
	334	411
	334	410
	334	409
	334	407
	334	406
	334	405
	335	404
	336	403
	337	402
	338	402
	341	401
	343	400
	344	400
	346	400
.PEN_UP
.PEN_DOWN
	358	416
	359	416
	359	417
	359	418
	358	418
	358	417
	357	417
	357	416
	356	416
	356	415
	355	414
	354	413
	354	412
	354	410
	354	409
	354	408
	354	407
	355	407
	356	407
	357	407
	359	408
	359	409
	360	409
	361	410
	361	411
	361	412
	362	414
	362	415
	362	416
	363	417
	363	418
	363	420
	363	423
	363	425
	363	427
	364	428
	364	429
	364	430
	364	431
	364	432
	363	432
	363	431
	362	430
	362	429
	362	428
	361	427
	361	426
	361	424
	361	422
	361	421
	361	419
	361	417
	361	414
	361	413
	361	411
	362	409
	363	408
	365	405
	365	404
	367	403
	368	403
	369	403
.PEN_UP
.PEN_DOWN
	403	430
	403	429
	402	428
	402	425
	402	424
	402	422
	402	420
	402	418
	402	415
	402	413
	402	411
	403	409
	403	407
	403	405
	403	403
	404	401
	404	400
	404	399
	403	399
.PEN_UP
.PEN_DOWN
	415	432
	415	431
	414	430
	414	429
	414	428
	414	427
	414	426
	414	423
	414	421
	414	419
	415	418
	415	416
	415	414
	416	413
	416	412
	417	410
	417	409
	417	408
	417	407
	418	405
.PEN_UP
.PEN_DOWN
	400	414
	401	414
	402	414
	404	414
	405	414
	406	414
	408	414
	410	414
	411	414
	413	414
.PEN_UP
.PEN_DOWN
	429	416
	429	415
	428	415
	427	415
	426	414
	425	413
	424	412
	424	411
	423	410
	423	409
	423	408
	423	407
	423	406
	424	404
	425	404
	426	403
	427	403
	428	403
	429	403
	430	403
	431	404
	431	405
	431	407
	431	408
	431	409
	430	410
	430	412
	429	414
	429	415
	428	416
	428	417
	428	418
.PEN_UP
.PEN_DOWN
	440	431
	440	430
	440	429
	440	428
	440	427
	440	426
	439	424
	439	423
	439	422
	439	420
	439	418
	439	417
	439	414
	439	413
	439	411
	439	410
	439	409
	439	408
	439	409
	439	410
	440	411
	440	412
	441	413
	441	414
	442	414
	443	414
	444	414
	445	414
	446	414
	446	413
	446	412
	446	411
	446	410
	446	409
	446	408
	446	407
	445	405
	444	404
	443	404
	442	403
	440	403
	439	403
	438	403
	437	403
	436	403
	435	403
.PEN_UP
.PEN_DOWN
	453	430
	453	429
	453	428
	453	427
	453	426
	453	425
	453	424
	453	422
	453	421
	453	418
	453	416
	453	414
	453	413
	453	412
	453	410
	453	409
	453	408
	453	407
	453	406
	453	405
	453	406
	453	407
	453	408
	453	409
	453	410
	454	412
	454	413
	455	414
	456	415
	457	416
	458	416
	459	415
	459	414
	459	412
	459	410
	459	409
	459	408
	459	407
	458	406
	458	405
	457	404
	455	404
	454	404
.PEN_UP
.PEN_DOWN
	463	410
	464	410
	464	409
	465	409
	467	410
	468	410
	469	410
	470	411
	471	411
	472	412
	473	412
	474	413
	475	414
	476	415
	476	416
	476	417
	475	417
	474	418
	473	418
	472	418
	471	418
	471	417
	469	416
	468	415
	467	414
	466	414
	466	413
	465	412
	465	411
	465	410
	465	409
	465	408
	466	406
	466	405
	467	404
	468	403
	468	402
	469	402
	470	401
	471	400
	472	400
	473	400
	474	400
.PEN_UP
.PEN_DOWN
	489	420
	488	420
	487	420
	486	420
	484	420
	483	419
	482	419
	482	418
	482	417
	483	417
	483	416
	484	415
	485	414
	486	413
	487	412
	488	411
	489	409
	490	408
	490	407
	491	405
	491	404
	491	403
	491	402
	490	401
	489	401
	488	401
	487	401
	486	401
	485	401
	484	401
	483	403
	482	403
	482	404
	482	405
.PEN_UP
.PEN_DOWN
	508	410
	508	411
.PEN_UP
