
.WRITER_ID ArloReeves
.STYLE PRINTED
.PEN_DOWN
	92	380
	94	379
	95	379
	95	380
	96	380
	97	381
	98	382
	99	382
	100	383
	101	384
	102	386
	104	388
	105	389
	107	390
	107	391
	108	392
	109	393
	109	394
	110	396
	110	397
	110	398
	110	399
	110	401
	110	403
	109	404
	109	405
	109	406
	108	407
	107	408
	106	409
	105	410
	104	411
	103	411
	102	412
	101	412
	100	412
	99	412
	98	412
	97	411
	96	411
	96	410
	95	409
	95	408
	94	408
	94	407
	94	405
	94	404
	95	403
	96	402
	96	401
	97	401
	98	401
	99	401
	100	401
	101	401
	102	401
	103	401
.PEN_UP
.PEN_DOWN
	130	409
	130	410
	130	411
	129	411
	128	411
	127	411
	126	411
	125	411
	124	410
	123	409
	121	407
	120	406
	119	405
	119	404
	119	403
	119	402
	119	400
	120	399
	120	398
	121	397
	122	397
	124	397
	125	397
	126	397
	127	397
	129	398
	130	400
	131	400
	131	401
	132	403
	132	404
	132	405
	132	408
	132	410
	132	411
	132	413
	131	414
	130	414
.PEN_UP
.PEN_DOWN
	128	398
	127	398
	126	397
	125	396
	125	395
	124	394
	123	393
	123	392
	123	391
	123	390
	123	388
	123	387
	124	387
	124	386
	125	385
	126	384
	127	384
	129	384
	130	384
	132	384
	133	384
	134	385
	135	385
	136	386
	136	387
	136	388
	136	389
	136	391
	136	392
	135	395
	135	396
	135	397
	135	398
	135	399
	132	399
	132	400
	131	400
.PEN_UP
.PEN_DOWN
	145	411
	145	410
	144	410
	144	411
	145	411
	146	411
	147	411
	148	411
	150	412
	152	412
	153	412
	155	412
	158	413
	159	413
	160	413
	161	413
	162	413
	162	412
	163	412
	163	411
	162	410
	162	409
	161	408
	161	407
	160	406
	160	405
	160	403
	159	402
	159	400
	158	398
	158	397
	158	395
	157	392
	157	390
	157	389
	157	388
	157	387
	158	385
	158	384
	158	383
	158	382
	159	382
	159	381
.PEN_UP
.PEN_DOWN
	148	400
	150	400
	152	400
	153	400
	155	400
	157	400
	159	400
.PEN_UP
.PEN_DOWN
	180	414
	179	414
	178	414
	177	413
	175	411
	175	410
	174	409
	173	408
	172	407
	172	405
	171	404
	171	402
	171	400
	171	398
	171	397
	171	395
	172	392
	173	391
	174	389
	175	388
	176	387
	178	387
	179	386
	181	386
	182	386
	183	386
	184	386
	185	386
	187	387
	188	388
	188	389
	188	390
	188	391
	188	392
	188	393
	187	393
	186	393
	184	393
	181	393
	180	392
	179	392
	178	391
	178	390
	178	389
	178	388
.PEN_UP
.PEN_DOWN
	201	412
	201	413
	200	413
	200	412
	199	412
	199	411
	199	410
	199	409
	200	409
	200	408
	200	407
	201	407
	202	406
	203	406
	204	405
	205	405
	206	405
	208	405
	208	404
	209	404
	209	403
	209	402
	210	402
	210	401
	210	400
	211	400
	211	399
	212	397
	212	396
	212	395
	212	394
	212	393
	212	392
	212	391
	211	391
	210	390
	209	390
	208	389
	207	389
	206	389
	205	389
	204	389
	202	389
	201	389
	200	390
	199	390
	197	391
	195	391
	195	392
	194	393
.PEN_UP
.PEN_DOWN
	198	411
	199	411
	200	411
	200	412
	201	412
	202	413
	203	413
	204	413
	205	413
	207	414
	208	414
	211	414
	213	413
	214	413
.PEN_UP
.PEN_DOWN
	232	414
	232	413
	231	413
	231	412
	229	411
	228	410
	227	409
	226	408
	225	407
	224	406
	224	405
	223	405
	222	404
	222	403
	221	402
	221	401
	220	400
	220	399
	221	399
	222	399
	223	399
	224	400
	225	400
	226	400
	227	400
	228	400
	229	400
	230	401
	231	401
	233	401
	234	402
	235	402
	236	402
	237	402
.PEN_UP
.PEN_DOWN
	233	414
	233	413
	233	412
	233	411
	233	410
	232	409
	232	407
	232	406
	233	405
	233	403
	233	401
	233	400
	234	398
	234	396
	234	395
	234	393
	234	392
	235	390
	235	389
	235	387
	235	386
	235	385
	235	384
.PEN_UP
.PEN_DOWN
	250	409
	249	409
	249	410
	249	411
	248	411
	248	412
	249	412
	250	412
	251	412
	252	412
	253	412
	254	412
	256	412
	257	411
	258	411
	259	411
	260	411
	261	410
	262	410
	262	409
	261	409
	261	408
	260	408
	260	407
	259	407
	259	406
	258	406
	257	405
	256	404
	256	403
	256	402
	256	401
	257	400
	258	399
	259	399
	259	398
	260	397
	261	397
	261	396
	262	396
	263	395
	263	393
	263	392
	263	391
	263	390
	263	389
	263	388
	262	387
	261	387
	260	386
	259	386
	257	385
	256	385
	255	385
	253	385
	252	385
	251	385
	250	385
	250	386
.PEN_UP
.PEN_DOWN
	278	406
	278	407
	278	408
	278	409
	279	409
	279	410
	280	411
	281	411
	282	411
	283	411
	284	411
	285	411
	286	411
	287	411
	287	410
	287	409
	287	408
	287	407
	287	406
	287	405
	287	404
	287	403
	287	402
	286	400
	286	399
	285	398
	285	397
	284	396
	283	394
	283	393
	281	391
	280	390
	279	388
	278	387
	278	386
	277	384
	277	383
	277	382
	278	382
	279	382
	281	382
	282	382
	283	382
	284	382
	285	382
	286	383
	287	383
	288	383
	289	384
	291	384
.PEN_UP
.PEN_DOWN
	302	406
	303	406
	303	407
	303	408
	304	408
	304	409
	304	410
	304	411
	304	412
	305	412
	305	413
	305	412
	305	411
	305	409
	304	408
	304	406
	304	404
	303	402
	303	401
	303	399
	303	397
	303	396
	303	394
	303	393
	303	391
	303	390
	303	388
	303	387
	303	385
	303	384
	303	383
.PEN_UP
.PEN_DOWN
	322	409
	323	409
	323	410
	322	410
	321	410
	320	409
	319	409
	319	408
	318	407
	318	406
	317	405
	317	404
	316	403
	316	401
	316	399
	316	398
	316	395
	316	393
	317	391
	317	390
	318	388
	319	387
	320	386
	321	385
	322	384
	323	383
	324	383
	325	383
	327	383
	328	383
	328	384
	329	385
	329	386
	330	387
	330	389
	330	390
	330	392
	329	394
	329	396
	328	400
	327	401
	327	403
	327	404
	326	404
	326	405
	325	405
.PEN_UP
.PEN_DOWN
	357	383
	358	382
	359	382
	360	382
	361	382
	361	383
	362	383
	363	384
	364	384
	365	385
	366	386
	367	387
	369	389
	370	390
	370	391
	371	392
	371	394
	372	396
	372	398
	372	400
	372	402
	371	404
	371	405
	371	407
	370	410
	369	412
	369	413
	368	413
	368	414
	367	414
	366	414
	365	414
	364	414
	363	413
	362	412
	361	410
	360	409
	359	407
	359	406
	359	405
	359	404
	359	403
	360	402
	361	402
	361	401
	363	400
	364	399
	365	399
	366	399
	368	399
	369	399
	371	399
.PEN_UP
.PEN_DOWN
	390	409
	390	410
	390	412
	390	413
	390	414
	389	415
	388	415
	387	415
	386	414
	384	413
	384	412
	383	411
	382	410
	382	409
	382	407
	382	406
	382	405
	383	403
	384	402
	386	402
	388	401
	390	401
	391	401
	392	401
	394	401
	395	401
	395	402
	396	403
	397	404
	398	405
	398	406
	398	407
	398	409
	397	411
	397	412
	396	413
	396	414
	395	414
.PEN_UP
.PEN_DOWN
	384	399
	384	398
	384	397
	384	396
	383	396
	383	395
	383	393
	382	391
	382	390
	382	389
	382	388
	382	387
	383	386
	383	385
	384	384
	385	384
	386	383
	388	383
	389	383
	391	384
	393	385
	394	386
	395	387
	395	388
	396	389
	396	391
	396	392
	396	393
	395	395
	395	396
	394	399
	393	400
	393	401
.PEN_UP
.PEN_DOWN
	407	411
	407	412
	408	412
	409	413
	410	413
	411	413
	412	413
	413	413
	415	412
	416	412
	417	412
	418	412
	419	412
	420	412
	421	411
	420	411
	419	410
	419	409
	418	408
	418	407
	417	406
	417	405
	417	403
	417	402
	416	400
	416	399
	416	398
	416	396
	416	395
	415	393
	415	391
	415	390
	415	388
	415	387
	415	386
	414	385
	414	384
	414	383
	414	382
	414	381
	414	380
	414	379
	415	379
.PEN_UP
.PEN_DOWN
	407	396
	408	396
	408	397
	409	397
	411	397
	412	397
	413	397
	414	397
	415	397
	416	397
	417	397
.PEN_UP
.PEN_DOWN
	443	414
	442	414
	441	414
	440	414
	439	413
	438	412
	437	411
	437	410
	436	409
	435	407
	434	404
	433	402
	433	400
	432	398
	432	396
	432	394
	432	392
	433	390
	433	389
	433	387
	434	386
	434	385
	435	383
	436	383
	437	383
	438	383
	439	383
	440	384
	441	385
	441	386
	442	387
	442	388
	442	389
	442	392
	442	393
	441	393
	440	393
	439	393
	438	393
	438	392
	437	391
	436	390
	436	389
	436	388
.PEN_UP
.PEN_DOWN
	463	413
	464	412
	463	412
	462	412
	462	411
	461	411
	460	410
	460	409
	459	408
	459	407
	459	406
	459	405
	460	404
	461	404
	462	404
	462	403
	463	403
	464	403
	465	403
	466	403
	467	404
	468	404
	469	404
	470	404
	471	404
	471	403
	472	403
	472	402
	472	401
	472	400
	472	399
	472	397
	472	396
	472	394
	472	392
	472	391
	472	390
	472	389
	471	388
	471	387
	471	386
	470	386
	469	386
	468	386
	467	387
	466	387
	465	387
	464	388
	463	389
	461	390
	460	391
	458	393
	457	394
.PEN_UP
.PEN_DOWN
	471	412
	473	413
	474	414
	475	414
	476	414
.PEN_UP
.PEN_DOWN
	493	413
	493	412
	492	411
	491	411
	490	410
	490	409
	488	409
	488	408
	486	407
	486	406
	485	405
	483	405
	482	404
	482	403
	481	402
	481	401
	482	401
	483	401
	484	401
	486	401
	487	401
	488	401
	489	401
	490	402
	491	402
	492	402
	493	402
	494	402
	495	403
	496	403
	497	403
	499	403
	500	403
	501	403
	502	403
	503	403
.PEN_UP
.PEN_DOWN
	496	414
	496	413
	496	412
	496	411
	494	410
	494	409
	494	407
	494	406
	494	404
	493	403
	493	401
	493	399
	493	397
	493	396
	493	395
	493	393
	494	391
	494	389
	494	388
	494	387
	494	386
	494	385
.PEN_UP
.PEN_DOWN
	514	411
	515	411
	516	411
	517	411
	519	411
	520	411
	521	411
	522	410
	524	410
	526	409
	527	409
	527	408
	527	407
	526	407
	526	406
	524	405
	522	404
	521	404
	520	403
	519	403
	519	402
	518	401
	517	401
	517	400
	517	399
	518	399
	519	399
	520	399
	521	398
	522	398
	524	396
	525	396
	526	395
	526	394
	527	393
	527	391
	527	390
	527	389
	527	388
	527	387
	526	386
	524	385
	522	385
	521	384
	520	384
	519	384
	517	384
	516	385
	515	385
	514	385
	514	386
.PEN_UP
.PEN_DOWN
	542	405
	542	406
	542	407
	542	408
	542	409
	543	409
	544	409
	545	409
	546	409
	547	409
	548	409
	549	409
	550	409
	551	408
	552	408
	553	407
	553	406
	553	405
	553	404
	553	403
	552	401
	552	400
	551	399
	551	397
	550	396
	549	395
	548	393
	547	392
	546	391
	545	390
	544	389
	543	388
	542	386
	541	385
	541	384
	542	384
	543	384
	544	384
	545	384
	546	384
	547	384
	549	385
	551	385
	552	385
	555	385
.PEN_UP
.PEN_DOWN
	565	401
	565	402
	565	403
	566	403
	566	404
	566	405
	566	406
	567	406
	567	407
	568	407
	569	408
	570	408
	570	407
	569	405
	569	404
	569	403
	569	401
	569	400
	569	399
	569	397
	568	396
	568	394
	568	392
	568	391
	568	390
	568	387
	568	386
	568	384
	568	383
	568	382
.PEN_UP
.PEN_DOWN
	589	408
	590	408
	590	409
	590	410
	589	410
	588	410
	587	409
	586	408
	585	406
	584	405
	584	404
	584	402
	583	400
	583	399
	583	397
	583	396
	583	394
	583	392
	584	390
	585	389
	587	386
	588	384
	589	383
	590	382
	592	381
	593	381
	594	381
	595	381
	597	381
	597	382
	598	383
	599	385
	599	387
	599	389
	599	391
	599	394
	598	396
	598	399
	597	401
	596	403
	594	405
	594	406
	593	408
	593	409
	593	410
.PEN_UP
