
.WRITER_ID ArloReeves
.STYLE PRINTED
.PEN_DOWN
	123	431
	123	432
	122	431
	122	430
	122	428
	120	424
	120	422
	119	419
	118	416
	117	413
	116	410
	115	407
	114	404
	114	402
	113	399
	113	397
	112	395
	111	393
	111	392
	111	391
	111	392
	112	393
.PEN_UP
.PEN_DOWN
	122	432
	122	433
	123	433
	124	434
	125	434
	126	433
	127	432
	127	431
	127	429
	127	426
	128	424
	128	422
	128	419
	128	417
	129	414
	129	412
	130	410
	130	407
	131	405
	131	403
	132	401
	133	398
	134	396
	135	396
	135	395
	135	394
	135	393
.PEN_UP
.PEN_DOWN
	115	405
	116	405
	116	406
	116	407
	118	407
	119	408
	120	408
	122	409
	124	409
	128	410
	130	410
	131	410
	133	410
.PEN_UP
.PEN_DOWN
	182	415
	181	415
	180	415
	179	415
	178	415
	176	414
	175	414
	173	413
	172	412
	171	412
	171	411
	171	410
	171	409
	171	408
	172	408
	173	407
	174	407
	175	406
	176	405
	177	405
	178	405
	179	404
	181	403
	182	402
	182	401
	182	400
	182	399
	182	398
	182	397
	181	396
	180	395
	178	395
	177	395
	176	395
	175	395
	173	395
	172	395
	171	396
	170	396
	170	397
.PEN_UP
.PEN_DOWN
	189	416
	189	415
	189	414
	189	412
	189	411
	189	410
	189	409
	189	407
	189	406
	189	405
	189	403
	189	402
	189	401
	190	400
	190	398
	191	397
	191	396
	191	397
	191	399
	191	400
	192	400
	192	401
	192	402
	192	403
	193	405
	194	406
	194	407
	194	408
	195	409
	196	410
	197	411
	198	412
	199	412
	199	413
	200	413
	201	413
	202	413
	202	412
	201	412
	201	411
	201	409
	200	409
	200	407
	200	406
	200	405
	199	404
	199	401
	199	400
	199	399
	199	398
	200	397
	200	396
	201	396
	201	397
	202	398
	202	399
	202	400
	202	401
	203	402
	203	403
	204	404
	204	405
	205	408
	206	409
	207	410
	208	411
	209	411
	209	412
	210	412
	211	412
	212	412
	212	411
	212	409
	212	407
	211	406
	211	405
	211	403
	211	402
	211	400
	211	399
	211	398
	212	397
	213	396
.PEN_UP
.PEN_DOWN
	218	413
	218	414
	218	415
	218	416
	219	416
	220	416
	221	416
	222	416
	223	416
	224	416
	225	416
	226	416
	226	415
	227	414
	227	413
	227	412
	227	411
	227	410
	226	409
	226	408
	225	407
	225	405
	224	405
	224	404
	223	403
	222	401
	222	400
	221	400
	221	399
	221	398
	221	397
	221	396
	222	396
	223	395
	224	395
	225	396
	226	396
	227	397
	228	398
	228	399
	228	400
	228	402
	228	404
	228	405
	228	406
.PEN_UP
.PEN_DOWN
	238	431
	238	430
	238	429
	238	428
	237	427
	237	424
	237	423
	237	422
	237	420
	237	418
	237	416
	237	414
	237	412
	237	410
	238	408
	238	407
	238	404
	239	403
	239	401
	239	400
	239	399
	238	399
	239	399
	240	400
	241	400
	242	400
	243	400
	243	401
.PEN_UP
.PEN_DOWN
	248	433
	248	432
	248	431
	248	430
	247	429
	247	428
	247	426
	247	423
	247	421
	247	419
	247	417
	247	415
	247	413
	247	410
	248	408
	248	406
	248	405
	248	403
	248	402
	248	400
	248	399
	248	398
	249	398
	249	399
	250	399
	251	400
	252	400
	253	401
	254	401
	255	402
	256	402
.PEN_UP
.PEN_DOWN
	261	400
	261	399
	261	398
	261	397
	260	396
	260	395
	260	394
	259	393
	259	391
.PEN_UP
.PEN_DOWN
	314	418
	314	419
	314	420
	314	421
	313	422
	312	423
	311	423
	310	423
	308	422
	307	422
	307	421
	306	420
	305	418
	305	417
	304	416
	303	414
	303	413
	303	412
	303	410
	304	408
	304	407
	305	406
	306	405
	307	405
	308	405
	309	405
	310	405
	310	406
	311	407
	312	408
	313	410
	313	411
	313	412
	313	413
	314	414
	314	415
	314	416
	315	417
	315	418
	315	419
	315	418
	316	418
	316	417
	316	416
	317	413
	317	412
	317	410
	317	409
	317	406
	318	404
	318	402
	318	400
	318	398
	318	396
	318	393
	318	391
	317	388
	317	386
	317	385
	316	384
	315	383
	315	382
	314	382
	313	382
	312	382
	311	382
	308	382
	307	383
	306	383
	306	384
	305	385
	305	386
	305	387
.PEN_UP
.PEN_DOWN
	330	422
	330	421
	330	420
	330	419
	329	418
	329	417
	329	415
	329	414
	329	412
	329	410
	329	409
	330	407
	330	405
	331	402
	331	400
	331	399
	331	398
	331	397
	330	399
	330	400
	330	401
	330	402
	330	403
	331	404
	331	405
	331	406
	332	407
	332	408
	333	409
	334	411
	336	413
	337	414
	339	415
	340	416
	341	417
	343	417
	344	418
	345	418
.PEN_UP
.PEN_DOWN
	348	413
	349	413
	349	414
	350	414
	351	414
	352	415
	353	416
	354	416
	355	417
	355	418
	355	419
	354	420
	353	420
	352	420
	351	420
	350	420
	349	419
	348	418
	347	417
	346	416
	346	415
	345	414
	344	412
	344	411
	344	410
	344	409
	344	407
	345	406
	345	405
	346	404
	346	403
	347	402
	349	402
	349	401
	351	401
	352	401
.PEN_UP
.PEN_DOWN
	366	412
	367	412
	367	413
	367	414
	368	414
	369	415
	370	416
	370	417
	371	417
	372	418
	373	419
	374	419
	375	420
	375	421
	376	421
	376	422
	376	423
	375	424
	374	424
	373	424
	372	424
	370	424
	370	423
	369	423
	368	422
	367	421
	366	420
	366	419
	365	418
	364	417
	363	416
	362	414
	362	412
	362	410
	362	409
	362	408
	363	407
	363	406
	364	405
	365	404
	366	403
	367	403
	369	402
	371	402
	372	402
.PEN_UP
.PEN_DOWN
	386	426
	386	425
	385	425
	385	424
	384	423
	384	422
	384	421
	384	418
	384	417
	384	415
	384	414
	384	413
	384	411
	384	409
	384	408
	384	407
	384	406
	384	405
	385	405
	385	404
	385	405
	386	406
	386	407
	386	408
	386	409
	386	411
	386	412
	387	414
	387	415
	387	416
	388	417
	389	418
	389	419
	390	419
	390	420
	391	420
	392	420
	394	420
	395	420
	395	419
	396	419
	396	418
	396	417
	397	416
	397	415
	398	414
	398	412
	399	410
	400	409
	401	408
.PEN_UP
.PEN_DOWN
	429	421
	430	421
	430	422
	430	423
	431	423
	432	423
	433	423
	434	423
	436	423
	437	423
	438	423
	439	423
	440	423
	441	422
	442	422
	442	421
	442	420
	442	419
	441	418
	441	417
	440	416
	439	415
	438	414
	437	414
	436	412
	435	411
	434	410
	433	409
	432	406
	432	405
	432	404
	432	403
	433	403
	434	402
	435	402
	436	402
	438	403
	440	404
	441	405
	442	406
	442	408
	442	409
	442	410
	442	411
	442	413
	442	414
	442	415
	441	416
	441	418
.PEN_UP
.PEN_DOWN
	453	421
	453	420
	453	419
	453	418
	453	417
	453	416
	453	415
	453	414
	453	412
	453	411
	453	410
	453	409
	452	405
	453	404
	453	403
	453	404
	454	404
	454	406
	455	406
	455	407
	455	409
	455	410
	456	411
	457	412
	457	414
	457	415
	458	416
	458	417
	459	418
	460	419
	461	420
	462	420
	463	420
	464	420
	464	419
	465	418
	465	417
	465	415
	465	414
	464	413
	464	412
	464	411
	464	409
	464	408
	464	407
	464	406
	465	405
.PEN_UP
.PEN_DOWN
	488	418
	488	419
	488	420
	488	421
	488	422
	488	423
	487	424
	487	425
	486	425
	484	425
	483	424
	482	424
	481	424
	480	423
	480	422
	478	422
	477	421
	476	419
	476	418
	475	417
	474	415
	473	412
	473	410
	473	409
	473	408
	474	407
	474	406
	475	405
	476	405
	477	405
	478	405
	479	405
	481	406
	482	407
	482	408
	483	409
	483	410
	484	411
	485	413
	485	414
	486	416
	486	418
	487	420
	488	424
	488	426
	489	428
	489	429
	490	431
	490	432
	490	433
	491	435
	491	436
	491	437
	491	436
	490	435
	490	434
	490	433
	489	432
	488	431
	488	427
	488	426
	488	424
	488	422
	488	420
	488	419
	488	418
	489	416
	490	415
	490	414
	491	413
	493	412
	495	412
.PEN_UP
.PEN_DOWN
	517	443
	516	442
	516	441
	516	439
	515	438
	514	436
	514	434
	514	432
	514	430
	513	428
	513	423
	513	422
	513	420
	513	418
	514	417
	514	415
	514	414
	514	413
	514	412
	514	411
	514	410
	514	411
	514	412
	514	413
	515	415
	515	416
	516	417
	516	418
	517	419
	517	420
	518	421
	519	422
	520	423
	520	424
	521	425
	521	426
	522	427
	523	428
	524	428
	525	428
	525	427
	525	426
	525	425
	525	424
	524	423
	524	422
	524	420
	524	418
	524	417
	524	415
	524	412
	524	410
	524	409
	524	408
	525	406
	525	405
	526	404
	527	404
.PEN_UP
.PEN_DOWN
	537	428
	536	427
	536	426
	535	424
	535	423
	535	422
	535	420
	535	419
	535	418
	535	417
	535	416
	535	415
	535	414
	535	413
	536	411
	536	410
	537	409
	538	409
	539	409
	539	410
	540	411
	541	411
	541	412
.PEN_UP
.PEN_DOWN
	536	436
	535	437
	534	437
	534	438
.PEN_UP
.PEN_DOWN
	559	428
	559	429
	559	430
	558	431
	557	432
	556	432
	555	432
	554	432
	553	432
	553	431
	552	431
	551	430
	550	429
	549	428
	548	428
	547	427
	547	426
	546	426
	545	425
	545	424
	544	422
	544	421
	544	420
	544	419
	545	418
	546	418
	547	418
	548	418
	549	418
	550	418
	551	419
	552	420
	553	421
	554	422
	554	423
	555	424
	555	426
	556	427
	556	428
	557	430
	558	433
	559	435
	559	437
	560	439
	560	441
	561	442
	561	444
	562	445
	562	446
	562	447
	562	448
	562	449
	562	450
	562	449
	561	448
	561	447
	561	446
	560	445
	560	444
	559	442
	559	441
	559	440
	558	438
	558	437
	558	435
	558	433
	558	430
	558	428
	558	427
	558	425
	558	424
	559	423
	560	422
	560	421
	561	420
	562	419
	563	419
.PEN_UP
.PEN_DOWN
	573	426
	574	426
	574	427
	575	427
	575	428
	576	428
	577	428
	578	428
	578	429
	579	429
	580	429
	581	430
	581	431
	581	432
	581	433
	580	434
	579	434
	578	433
	577	433
	576	433
	576	432
	575	432
	575	431
	574	430
	573	429
	573	428
	573	427
	573	425
	573	423
	573	421
	573	420
	574	419
	575	418
	576	417
	576	416
	577	416
	578	415
	579	415
.PEN_UP
.PEN_DOWN
	595	431
	595	432
	594	432
	593	432
	592	432
	591	431
	590	430
	589	429
	588	428
	587	427
	587	425
	587	424
	587	423
	587	422
	587	421
	588	420
	589	419
	590	418
	592	418
	593	418
	595	418
	596	418
	597	419
	598	420
	599	421
	599	422
	599	423
	600	424
	600	425
	600	426
	600	428
	599	429
	598	431
	598	432
	597	433
	596	434
	596	435
.PEN_UP
.PEN_DOWN
	607	432
	607	433
	608	434
	609	434
	610	434
	611	434
	611	433
	611	432
	610	431
	610	430
	610	429
	609	429
	609	428
	608	426
	608	425
	608	424
	608	423
	608	422
	608	420
	608	419
	608	418
	608	417
	609	417
	609	416
	610	416
	611	416
	612	416
	613	417
	613	418
	614	418
	615	419
	615	420
	616	421
	616	422
	617	424
	617	425
	618	426
	618	427
	618	428
	619	429
	619	430
	619	431
	620	432
	620	431
	620	430
	619	430
	619	429
	618	428
	618	426
	618	425
	618	424
	618	423
	618	422
	618	421
	619	420
	619	418
	620	418
	621	417
	621	416
	622	416
.PEN_UP
.PEN_DOWN
	638	434
	638	435
	637	435
	636	435
	635	434
	634	434
	633	434
	633	433
	633	432
	633	431
	633	430
	634	429
	635	427
	635	426
	636	425
	637	423
	638	422
	638	421
	638	420
	638	419
	638	418
	638	417
	637	417
	637	416
	635	416
	634	416
	633	417
	632	417
	631	418
	630	418
.PEN_UP
.PEN_DOWN
	650	447
	650	446
	649	446
	649	445
	649	444
	649	443
	649	442
	649	440
	649	439
	649	437
	649	436
	649	434
	649	430
	650	428
	650	427
	650	425
	650	423
	650	421
	650	420
	649	418
	649	417
	649	416
	648	415
	647	414
.PEN_UP
.PEN_DOWN
	656	432
	657	432
	658	432
	659	433
	660	433
	661	433
	662	433
	663	433
	663	432
	664	432
	664	431
	663	431
	663	430
	663	429
	662	428
	661	427
	661	426
	661	425
	660	423
	660	422
	660	421
	660	420
	661	420
	661	419
	662	419
	663	419
	664	420
	664	421
	665	421
	665	422
	666	423
	667	424
	667	425
	667	426
	668	427
	668	428
	669	428
	669	429
	669	430
	669	429
	669	428
	669	427
	669	426
	669	425
	669	424
	669	423
	669	421
	669	418
	669	416
	669	414
	669	412
	669	410
	669	408
	669	406
	669	404
	669	402
	669	400
	669	399
	669	398
	668	396
	668	395
	667	395
	666	395
	665	395
	664	395
	663	395
	662	396
	661	397
	660	398
	659	399
.PEN_UP
