
.WRITER_ID ArloReeves
.STYLE PRINTED
.PEN_DOWN
	91	412
	92	412
	92	413
	93	414
	93	415
	94	415
	95	416
	95	417
	96	418
	95	418
	95	417
	95	416
	95	415
	93	411
	93	409
	92	407
	91	405
	91	402
	90	400
	90	397
	90	395
	89	392
	89	391
	89	388
	89	385
	89	384
	90	382
	90	381
	90	380
	90	379
	90	378
	91	378
	92	378
	93	378
	93	379
	94	379
	95	379
	96	379
	97	380
	98	380
	99	380
.PEN_UP
.PEN_DOWN
	80	397
	81	397
	82	397
	83	398
	84	398
	85	399
	86	400
	90	402
	92	403
.PEN_UP
.PEN_DOWN
	115	419
	115	420
	115	422
	115	423
	115	424
	115	425
	115	424
	115	422
	114	421
	114	419
	114	418
	113	416
	113	414
	113	411
	112	409
	112	406
	112	400
	112	398
	112	395
	112	393
	112	391
	112	389
	112	388
	112	387
	113	386
	113	385
	113	384
	114	384
	115	385
	115	386
	116	387
	117	388
	117	390
	117	391
	117	393
	118	394
	119	397
	119	398
	120	399
	120	400
	121	401
	121	402
	121	403
	122	404
	123	405
	124	405
	125	406
	126	406
	127	406
	128	406
	128	405
	129	404
	129	401
	129	400
	129	398
	129	396
	129	395
	128	393
	128	391
	128	389
	128	387
	128	386
	129	385
	129	384
	130	382
	131	382
	132	381
	133	381
	135	381
.PEN_UP
.PEN_DOWN
	145	396
	145	395
	146	395
	147	396
	148	397
	149	398
	150	399
	151	400
	153	401
	154	402
	155	403
	157	404
	158	405
	159	406
	159	407
	159	408
	158	408
	158	409
	157	409
	156	410
	155	410
	154	410
	153	409
	152	409
	151	409
	150	409
	149	409
	149	408
	148	408
	147	407
	146	406
	145	405
	145	404
	144	403
	143	401
	143	400
	143	399
	143	397
	143	396
	143	394
	143	393
	143	391
	144	389
	145	388
	145	387
	147	387
	148	386
	149	385
	150	385
	152	385
	153	385
	154	385
	156	385
	158	386
.PEN_UP
.PEN_DOWN
	184	415
	184	414
	183	414
	183	413
	183	412
	183	410
	183	409
	183	408
	183	406
	183	405
	182	403
	182	401
	182	399
	182	397
	182	396
	182	395
	182	393
	182	391
	182	390
	182	389
	183	389
	183	390
	184	392
	184	393
	184	394
	185	395
	185	396
	186	397
	186	398
	186	399
	186	400
	187	401
	188	403
	189	404
	190	405
	191	406
	192	406
	192	405
	192	404
	192	403
	192	401
	192	400
	192	399
	191	398
	191	396
	191	395
	191	394
	191	392
	191	391
	191	390
	191	389
	192	389
	192	388
	193	388
	193	389
	194	390
	194	391
	195	392
	196	393
	196	394
	196	395
	197	396
	197	397
	198	398
	199	399
	199	400
	200	401
	201	401
	201	402
	202	402
	202	403
	203	403
	204	403
	204	402
	204	400
	204	399
	204	398
	204	397
	203	396
	203	394
	203	393
	203	392
	203	391
	203	390
	203	389
	203	388
	203	387
.PEN_UP
.PEN_DOWN
	227	403
	227	404
	227	405
	227	406
	227	407
	226	407
	225	407
	224	407
	223	406
	222	405
	221	405
	220	404
	219	402
	217	401
	216	399
	216	397
	216	396
	216	395
	216	394
	216	393
	217	392
	217	391
	219	391
	220	390
	221	390
	222	390
	225	390
	226	390
	228	390
	229	391
	230	392
	231	393
	231	394
	232	395
	232	396
	232	397
	232	399
	232	400
	232	403
	231	405
	230	406
	230	407
	229	408
	228	408
.PEN_UP
.PEN_DOWN
	251	407
	251	408
	251	409
	250	409
	249	409
	248	409
	247	408
	247	407
	246	406
	245	405
	244	404
	244	403
	243	402
	243	401
	243	400
	243	397
	243	396
	243	395
	243	394
	244	393
	244	392
	245	391
	246	391
	248	391
	249	390
	250	390
	252	390
	254	390
	256	390
.PEN_UP
.PEN_DOWN
	271	426
	271	425
	270	424
	270	423
	270	422
	270	421
	269	420
	269	418
	269	417
	269	415
	269	412
	269	410
	269	408
	268	406
	268	404
	268	402
	268	400
	268	399
	268	397
	268	396
	268	395
	267	394
	267	393
	267	394
	267	395
	267	396
	268	398
	268	400
	269	401
	269	402
	270	404
	271	405
	271	407
	272	408
	273	409
	273	410
	274	411
	274	412
	276	413
	277	414
	278	414
	279	414
	280	414
	281	414
	282	414
	283	414
	283	413
	285	412
	286	412
	286	411
	286	410
	286	409
	285	409
	285	408
	284	407
	283	407
	282	407
	281	406
	280	405
	279	405
	278	405
	277	405
	276	405
	275	404
	275	403
	275	402
	275	401
	276	401
	276	400
	276	399
	277	398
	279	396
	280	395
	281	394
	282	394
	283	393
	285	392
	286	392
	287	392
	288	391
	289	391
	290	391
.PEN_UP
.PEN_DOWN
	326	392
	327	392
	327	393
	328	394
	330	396
	331	397
	331	398
	332	399
	333	400
	334	400
	334	401
	335	402
	336	403
	337	404
	337	405
	338	406
	338	407
	338	406
	338	405
	338	404
	337	403
	337	401
	337	400
	337	398
	337	396
	337	395
	337	393
	336	391
	336	389
	336	387
	336	382
	337	380
	337	378
	337	376
	337	374
	336	372
	336	370
	336	369
	336	367
	335	365
	335	364
	335	362
	335	360
	334	359
	333	359
	332	359
	331	360
	330	360
	328	361
	328	362
	327	363
	327	364
	326	365
	326	366
	326	368
	326	369
	326	370
	326	372
	326	373
	326	374
.PEN_UP
.PEN_DOWN
	336	420
	335	420
	334	421
	334	422
	333	422
.PEN_UP
.PEN_DOWN
	353	400
	354	401
	355	402
	356	402
	357	402
	359	403
	360	403
	360	404
	360	402
	359	402
	359	401
	358	400
	357	399
	357	398
	356	397
	356	396
	355	394
	355	393
	354	392
	354	390
	353	388
	353	387
	353	386
	353	385
	353	384
	354	384
	355	384
	356	385
	357	386
	358	387
	359	388
	360	389
	361	390
	362	391
	363	392
	363	393
	364	394
	365	395
	365	397
	366	398
	366	399
	366	400
	366	401
	367	401
	367	402
	367	401
	366	400
	366	399
	366	398
	366	396
	365	394
	365	393
	365	392
	364	390
	364	389
	364	388
	364	387
	364	386
	364	385
	365	384
	367	384
	368	384
	369	384
	370	385
	371	385
	372	386
	373	386
	375	387
	376	387
	377	388
.PEN_UP
.PEN_DOWN
	389	400
	390	400
	390	399
	390	398
	389	397
	389	396
	389	394
	389	393
	389	392
	388	389
	388	388
	388	387
	388	386
	388	385
	388	384
	388	383
	388	382
	388	381
	388	382
	388	383
	388	384
	389	385
	389	387
	390	388
	391	389
	391	390
	393	392
	393	393
	394	394
	395	395
	396	396
	397	397
	398	398
	399	398
	400	399
	401	400
	402	400
	404	400
	405	400
	406	400
	407	400
.PEN_UP
.PEN_DOWN
	410	397
	411	397
	412	397
	413	397
	414	398
	415	398
	416	398
	417	398
	417	397
	417	396
	416	395
	415	394
	415	393
	415	392
	414	391
	414	390
	413	389
	413	388
	413	387
	413	386
	413	385
	413	384
	413	383
	413	382
	413	381
	414	381
	415	381
	416	381
	416	382
	417	383
	418	384
	419	385
	420	386
	421	387
	422	388
	422	389
	423	390
	424	391
	424	392
	424	393
	425	394
	426	395
	426	396
	426	397
	426	396
	426	395
	426	394
	426	393
	426	392
	426	390
	426	389
	426	388
	426	384
	425	382
	425	380
	425	377
	425	374
	424	371
	424	368
	423	365
	423	362
	422	359
	422	357
	421	355
	419	351
	418	350
	417	349
	417	348
	416	348
	415	348
	414	348
	413	348
	413	349
	412	350
	411	351
	410	353
	410	354
	410	355
	410	356
	410	357
	411	358
.PEN_UP
.PEN_DOWN
	476	419
	477	419
	477	418
	477	417
	476	416
	475	414
	475	412
	474	410
	474	408
	474	405
	473	402
	473	400
	473	398
	473	395
	474	391
	474	389
	474	387
	474	386
	474	384
	474	383
	474	382
	474	381
	474	382
	474	383
	474	384
	475	385
	475	386
	476	388
	476	389
	478	390
	478	391
	479	392
	480	393
	482	394
	483	395
	485	395
	486	395
	487	395
	488	395
	489	395
	490	395
	490	394
	491	393
	491	392
	491	391
	491	390
	491	389
	490	388
	490	387
	490	386
	489	384
	488	383
	487	382
	486	382
	484	381
	483	380
	482	380
	481	380
	480	380
	479	380
	477	381
	476	381
	476	382
	476	383
	477	384
.PEN_UP
.PEN_DOWN
	511	393
	512	394
	512	395
	512	396
	511	397
	510	397
	509	397
	508	397
	508	396
	507	395
	506	395
	506	394
	505	393
	505	392
	504	390
	504	389
	504	388
	504	385
	505	384
	505	383
	506	382
	507	380
	508	380
	509	379
	510	379
	511	379
	512	379
	513	379
	514	379
	516	380
	517	382
	517	383
	517	384
	517	386
	517	388
	517	389
	517	391
	517	393
	517	394
	516	396
	515	398
.PEN_UP
.PEN_DOWN
	529	396
	529	397
	530	397
	531	398
	532	399
	533	399
	534	400
	535	400
	536	400
	537	400
	539	399
	540	398
	541	397
	542	396
	542	395
	543	394
	543	393
	543	392
	543	391
	543	389
	543	388
	543	386
	543	385
	543	383
	544	382
	544	380
	544	379
	545	378
	546	377
	546	376
	547	375
	548	375
	549	375
	550	375
	551	375
	551	376
	552	377
.PEN_UP
.PEN_DOWN
	552	398
	551	398
	550	398
	548	398
	546	398
	545	397
	543	396
	542	395
	540	394
	538	393
	537	392
	536	391
	534	390
	532	388
	531	387
	530	384
	530	383
	530	381
	530	380
.PEN_UP
