
.WRITER_ID ArloReeves
.STYLE PRINTED
.PEN_DOWN
	110	392
	111	392
	111	393
	112	393
	112	394
	112	395
	112	396
	112	397
	112	398
	111	398
	110	398
	109	398
	107	397
	106	396
	105	395
	104	394
	103	392
	102	390
	101	389
	101	387
	100	385
	100	383
	100	382
	100	380
	101	377
	101	376
	102	375
	103	375
	105	375
	106	375
	108	375
	109	376
	110	376
	111	377
	112	379
	113	380
	114	383
	114	384
	114	386
	114	388
	114	390
	114	392
	114	394
	114	395
	114	397
	113	398
	113	399
.PEN_UP
.PEN_DOWN
	139	397
	139	396
	139	395
	138	393
	137	392
	137	391
	137	389
	136	388
	136	386
	136	384
	136	382
	136	380
	135	379
	135	377
	135	376
	135	374
	135	373
	135	372
	135	371
	134	371
.PEN_UP
.PEN_DOWN
	136	393
	136	394
	136	395
	136	396
	137	396
	137	395
	137	394
	138	393
	138	392
	139	391
	139	390
	140	389
	141	388
	142	387
	143	386
	145	384
	146	384
	147	383
	148	383
	149	383
	150	383
	151	383
	152	383
	152	384
	153	384
	153	385
	153	387
	153	388
	153	389
	153	391
	153	392
	153	394
	153	395
	153	396
	153	398
	153	399
	153	400
	153	401
.PEN_UP
.PEN_DOWN
	192	400
	193	399
	193	398
	193	397
	193	396
	193	395
	193	393
	193	392
	193	390
	193	389
	193	387
	194	386
	195	384
	195	382
	195	381
	195	380
	196	379
	196	378
	196	377
.PEN_UP
.PEN_DOWN
	180	397
	181	398
	183	399
	184	399
	185	400
	187	400
	188	401
	192	402
	194	402
	196	403
	198	403
.PEN_UP
.PEN_DOWN
	205	405
	206	405
	206	404
	206	403
	206	402
	206	401
	206	398
	207	397
	207	395
	207	394
	208	392
	208	391
	208	389
	208	388
	208	387
	208	386
	208	385
	208	383
	208	382
	208	381
.PEN_UP
.PEN_DOWN
	220	409
	220	408
	220	407
	219	406
	219	405
	219	404
	219	403
	219	402
	219	401
	219	399
	219	398
	219	397
	220	394
	220	393
	220	391
	220	390
	220	389
	221	388
	221	387
	221	386
	221	385
	221	384
	221	383
.PEN_UP
.PEN_DOWN
	208	391
	207	391
	208	391
	208	392
	209	392
	210	392
	213	393
	214	393
	216	393
.PEN_UP
.PEN_DOWN
	230	398
	231	398
	231	397
	230	396
	230	395
	230	394
	229	393
	229	392
	229	391
	229	390
	229	389
	229	388
	229	387
	229	386
	229	385
	229	384
	230	383
	230	382
	230	381
	230	380
	230	379
	231	379
	231	380
	232	380
	233	380
	234	380
	235	381
	236	381
	237	381
	238	382
	239	382
	240	382
	241	382
.PEN_UP
.PEN_DOWN
	229	389
	230	390
	232	391
	233	391
	235	392
	236	392
.PEN_UP
.PEN_DOWN
	228	398
	229	398
	229	399
	230	399
	231	399
	233	400
	234	400
	238	401
	241	401
	243	402
.PEN_UP
.PEN_DOWN
	277	400
	277	399
	277	398
	277	397
	277	396
	277	395
	277	392
	277	390
	277	389
	278	387
	278	385
	279	384
	279	382
	280	381
	280	380
	281	379
	282	378
	283	378
	284	378
	284	379
	285	380
	286	382
	286	383
	287	385
	287	386
	288	388
	289	393
	290	395
	291	397
	292	399
.PEN_UP
.PEN_DOWN
	300	403
	300	401
	300	400
	300	398
	300	396
	300	395
	300	394
	300	393
	300	392
	300	391
	300	390
	301	389
	301	388
	301	387
	301	386
	302	385
	302	384
	302	383
	302	382
	301	382
	302	382
	303	382
	304	382
	305	382
	306	383
	307	383
	308	383
	310	383
	311	384
	312	384
	313	384
.PEN_UP
.PEN_DOWN
	298	391
	299	391
	300	392
	302	392
	303	393
	304	393
	306	393
	308	393
	309	393
	310	393
.PEN_UP
.PEN_DOWN
	306	405
	309	405
.PEN_UP
.PEN_DOWN
	323	407
	323	406
	322	406
	322	405
	322	404
	321	403
	321	402
	321	401
	321	399
	321	398
	321	396
	321	395
	321	393
	321	392
	321	391
	321	390
	321	389
	321	388
	321	387
	321	386
	321	384
	321	383
	321	382
	321	383
	321	384
	322	384
	322	385
	323	385
	324	385
	325	385
	326	385
	327	385
	328	385
	329	385
	330	385
	332	385
	333	385
	335	386
	338	386
	339	386
.PEN_UP
.PEN_DOWN
	342	406
	343	406
	344	405
	344	404
	344	403
	345	402
	345	400
	346	398
	346	397
	346	395
	347	394
	347	393
	347	391
	347	390
	347	389
	348	388
	348	387
	348	386
	348	385
	348	386
	349	387
	349	388
	350	389
	351	390
	351	391
	352	393
	353	395
	353	397
	354	400
	356	406
	356	408
	357	410
.PEN_UP
.PEN_DOWN
	363	404
	363	403
	362	402
	361	401
	361	400
	361	399
	361	398
	361	397
	361	396
	361	394
	361	392
	361	391
	361	389
	361	388
	361	387
	361	386
	361	385
	361	384
	362	383
	362	382
	362	381
	363	382
	364	382
	365	383
	366	383
	367	384
	368	384
	369	384
	371	384
	373	384
	374	385
	375	385
	376	385
	377	385
.PEN_UP
.PEN_DOWN
	362	393
	363	393
	364	393
	365	393
	367	394
	369	394
	370	394
	371	394
	372	394
	373	395
.PEN_UP
.PEN_DOWN
	362	403
	363	403
	364	403
	365	404
	366	404
	367	405
	368	405
	370	405
	371	405
	373	405
	374	405
.PEN_UP
.PEN_DOWN
	390	402
	390	401
	390	400
	389	399
	389	398
	389	397
	389	396
	389	395
	389	394
	390	393
	390	392
	390	390
	390	389
	390	388
	390	386
	391	384
	391	383
	391	382
	391	381
	391	380
	391	379
	390	379
.PEN_UP
.PEN_DOWN
	381	403
	382	403
	383	403
	385	404
	387	404
	388	404
	390	404
	392	404
.PEN_UP
.PEN_DOWN
	430	401
	430	402
	429	402
	428	402
	427	401
	426	400
	425	399
	423	396
	422	395
	422	393
	422	392
	422	390
	422	389
	422	388
	423	387
	423	386
	424	385
	425	384
	428	384
	429	384
	430	384
	432	384
	433	384
	434	385
	435	386
	436	387
	437	388
	438	389
	438	390
	439	392
	439	395
	439	397
	439	399
	439	400
	438	402
	438	403
	437	403
	436	404
	436	405
.PEN_UP
.PEN_DOWN
	431	393
	432	393
	432	392
	432	391
	432	390
	433	389
	433	388
	433	387
	433	386
	433	385
	434	384
	434	383
	434	382
	434	381
	434	380
	435	379
	435	377
	436	376
.PEN_UP
.PEN_DOWN
	452	398
	453	398
	453	397
	452	396
	452	395
	452	394
	452	393
	453	391
	453	390
	453	389
	453	388
	454	387
	455	386
	456	385
	458	384
	459	383
	460	383
	461	383
	463	383
	463	384
	464	384
	464	385
	464	386
	465	387
	465	388
	465	391
	465	392
	465	393
	465	395
	465	397
	465	398
	465	399
	465	400
.PEN_UP
.PEN_DOWN
	474	402
	475	401
	475	400
	475	399
	475	398
	475	397
	475	396
	475	395
	474	393
	474	392
	474	391
	474	389
	474	388
	474	387
	474	386
	474	385
	474	384
	475	383
	475	382
.PEN_UP
.PEN_DOWN
	467	401
	468	401
	469	401
	471	402
	472	402
	473	402
	474	402
	475	402
	477	402
	478	402
	480	402
.PEN_UP
.PEN_DOWN
	465	384
	464	383
	464	382
	464	381
	465	381
	467	381
	468	381
	469	381
	471	381
.PEN_UP
.PEN_DOWN
	489	400
	489	399
	489	398
	489	397
	489	396
	488	395
	488	394
	488	393
	488	392
	488	391
	488	390
	488	389
	488	388
	488	387
	488	386
	488	385
	488	384
	488	383
	488	381
	487	380
	487	379
	488	379
	489	379
	490	379
	490	380
	491	380
	492	380
	494	380
	495	380
	496	381
	498	381
	501	382
	502	382
.PEN_UP
.PEN_DOWN
	513	400
	513	399
	513	398
	512	397
	511	396
	511	395
	510	394
	510	393
	510	391
	510	389
	510	388
	510	386
	510	384
	510	383
	511	380
	511	379
	511	378
	511	377
	512	377
	512	376
.PEN_UP
.PEN_DOWN
	503	399
	504	398
	505	398
	506	398
	508	399
	510	399
	512	399
	515	399
	521	399
	525	399
	528	399
	530	398
	533	398
	535	398
.PEN_UP
