
.WRITER_ID ArloReeves
.STYLE PRINTED
.PEN_DOWN
	101	402
	102	403
	102	404
	102	405
	102	406
	101	406
	101	407
	100	407
	99	407
	98	406
	97	405
	96	404
	95	403
	94	401
	93	400
	93	398
	92	396
	92	395
	92	392
	92	391
	93	390
	94	389
	94	388
	95	388
	97	387
	98	387
	99	387
	100	387
	101	388
	103	389
	104	390
	104	391
	105	392
	105	394
	105	396
	105	397
	105	399
	105	400
	105	402
	105	404
	105	405
	104	406
	104	408
.PEN_UP
.PEN_DOWN
	113	405
	114	404
	114	403
	114	402
	114	401
	114	400
	114	398
	114	397
	114	396
	114	395
	114	392
	114	391
	115	391
	115	390
	115	389
	116	389
	116	390
	116	391
	116	392
	116	393
	117	395
	117	396
	118	397
	118	398
	119	400
	120	401
	121	402
	123	404
	124	404
	125	405
	127	405
.PEN_UP
.PEN_DOWN
	161	417
	161	416
	161	415
	162	414
	163	413
	163	412
	164	410
	165	409
	166	408
	167	406
	169	405
	170	404
	171	403
	173	401
	173	400
	174	399
	175	399
	175	398
.PEN_UP
.PEN_DOWN
	176	417
	176	416
	176	415
	175	415
	175	414
	173	411
	173	410
	172	409
	172	408
	171	407
	171	406
	171	405
	171	404
	170	403
	170	402
	170	401
.PEN_UP
.PEN_DOWN
	159	405
	160	405
	161	404
	163	404
	164	404
	166	404
	167	405
	169	405
	172	405
	174	406
	176	406
.PEN_UP
.PEN_DOWN
	195	418
	194	418
	195	418
	196	419
	197	419
	199	419
	200	419
	202	419
	205	419
	206	419
	208	418
	210	417
	211	417
	211	416
	211	415
	211	414
	210	414
	210	413
	209	412
	208	411
	207	409
	206	409
	205	407
	204	406
	204	405
	203	404
	203	403
	202	402
	202	401
	201	400
	201	399
	201	398
	201	397
	201	396
	201	395
	201	394
	201	393
	202	393
	203	393
	204	393
	205	393
	206	393
	207	393
	209	394
	211	394
	212	395
	213	395
	215	395
	216	395
	217	395
	218	395
	218	396
.PEN_UP
.PEN_DOWN
	192	408
	193	408
	194	408
	196	409
	198	409
	200	409
	202	410
	205	410
	207	411
.PEN_UP
.PEN_DOWN
	231	422
	231	421
	230	421
	230	420
	229	419
	228	418
	228	417
	227	415
	226	414
	225	410
	224	408
	223	406
	223	405
	222	403
	221	401
	221	400
	221	398
	221	397
	221	396
	221	395
.PEN_UP
.PEN_DOWN
	226	418
	227	418
	228	418
	228	419
	229	419
	230	418
	231	418
	231	417
	232	415
	232	414
	233	413
	233	411
	233	410
	234	409
	234	408
	234	406
	235	405
	235	404
	235	403
	236	402
	237	400
	237	399
	237	398
	237	397
.PEN_UP
.PEN_DOWN
	222	406
	223	406
	224	406
	225	406
	226	406
	228	407
	229	407
	230	407
	232	407
	233	407
.PEN_UP
.PEN_DOWN
	245	420
	245	419
	245	418
	245	417
	245	416
	245	415
	245	414
	245	413
	245	411
	245	409
	245	408
	245	406
	245	405
	245	404
	246	402
	246	401
	246	400
	246	398
	247	397
	247	396
	247	395
	247	394
	247	393
	247	392
.PEN_UP
.PEN_DOWN
	243	418
	243	419
	244	419
	245	420
	247	420
	248	420
	249	420
	250	419
	251	419
	252	418
	253	417
	254	416
	254	415
	254	414
	254	412
	254	411
	254	409
	254	408
	253	407
	253	406
	252	406
	250	405
	249	405
	248	405
	247	405
	246	405
.PEN_UP
.PEN_DOWN
	268	418
	269	418
	270	418
	271	418
	272	417
	273	416
	274	415
	275	414
	276	412
	277	410
	278	409
	278	408
	279	406
	279	405
	280	404
	280	403
	281	402
	281	401
	281	400
.PEN_UP
.PEN_DOWN
	282	417
	282	416
	282	415
	281	414
	280	414
	280	413
	279	411
	278	410
	278	409
	277	406
	277	405
	277	403
	277	402
	277	401
	277	400
	277	399
	277	398
.PEN_UP
.PEN_DOWN
	267	407
	268	407
	269	407
	269	408
	270	408
	271	408
	272	408
	273	409
	274	409
	275	409
	278	409
	280	409
	282	409
	284	409
	285	409
.PEN_UP
.PEN_DOWN
	297	393
	297	392
	297	391
	296	390
	296	388
	295	387
	294	386
	294	385
	293	384
	292	383
.PEN_UP
.PEN_DOWN
	329	419
	330	419
	331	419
	332	418
	333	418
	334	417
	335	416
	336	415
	337	414
	338	414
	339	412
	340	410
	341	409
	342	408
	343	407
	344	406
	344	405
.PEN_UP
.PEN_DOWN
	345	419
	345	418
	345	417
	344	416
	342	415
	342	414
	341	413
	340	412
	340	411
	339	410
	339	409
	338	409
	338	407
.PEN_UP
.PEN_DOWN
	333	410
	334	410
	335	410
	336	411
	337	411
	339	411
	340	411
	341	412
	342	412
	344	412
.PEN_UP
.PEN_DOWN
	363	424
	363	423
	362	421
	362	420
	362	418
	362	417
	362	415
	362	414
	362	412
	362	410
	362	408
	362	406
	363	405
	363	403
	363	401
	364	400
	364	399
.PEN_UP
.PEN_DOWN
	374	427
	374	426
	373	425
	372	424
	372	423
	371	423
	371	422
	370	421
	369	420
	368	419
	367	418
	366	418
	365	418
	365	417
	364	417
	363	417
	362	417
	362	416
	363	415
	363	414
	364	413
	366	411
	367	410
	368	409
	369	408
	370	407
	371	406
	372	405
	373	404
	373	403
	374	402
	375	401
	375	400
.PEN_UP
.PEN_DOWN
	390	424
	390	423
	389	423
	388	422
	387	420
	386	419
	384	418
	382	416
	381	414
	380	413
	380	411
	380	409
	380	407
	380	406
	380	405
	380	403
	380	402
	380	401
	380	400
	381	400
	382	400
	382	401
.PEN_UP
.PEN_DOWN
	387	423
	388	423
	389	423
	389	422
	390	421
	391	418
	392	417
	392	416
	393	415
	394	414
	395	412
	395	411
	396	409
	396	408
	397	406
	397	405
	398	404
	398	402
	398	401
	398	400
.PEN_UP
.PEN_DOWN
	382	412
	383	412
	383	413
	384	413
	385	413
	386	413
	388	412
	389	412
	390	412
	391	412
	392	411
	394	411
.PEN_UP
.PEN_DOWN
	406	422
	406	421
	406	420
	406	418
	405	417
	405	416
	405	415
	405	414
	405	413
	405	411
	406	409
	406	408
	406	406
	406	405
	407	403
	407	402
	408	401
	408	400
.PEN_UP
.PEN_DOWN
	402	424
	402	425
	403	425
	404	425
	404	426
	406	426
	407	426
	408	425
	409	425
	411	424
	412	424
	413	423
	414	422
	414	421
	414	420
	414	419
	414	418
	414	416
	414	415
	413	414
	412	413
	411	412
	410	412
	409	411
	408	410
	407	410
	406	410
	405	410
	404	410
.PEN_UP
.PEN_DOWN
	421	422
	421	421
	420	421
	419	421
	418	420
	416	418
	415	418
	414	416
	414	415
	413	414
	413	412
	413	411
	413	409
	414	408
	414	406
	415	405
	416	404
	418	403
	419	402
	420	402
	421	402
	423	402
	423	403
	424	403
	425	404
	425	405
	426	406
	426	408
	426	409
	426	412
	425	414
	425	416
	424	418
	424	420
	423	421
	422	423
.PEN_UP
.PEN_DOWN
	428	423
	429	423
	429	422
	429	420
	429	419
	429	418
	429	416
	429	415
	429	414
	430	413
	430	412
	430	410
	431	409
	431	407
	432	406
	432	405
	432	404
	433	403
	433	402
	433	401
	434	401
	434	402
	435	403
	435	404
	435	405
	436	405
	436	407
	437	408
	437	409
	437	411
	438	412
	438	414
	438	415
	439	417
	439	418
	439	416
	439	415
	439	414
	440	413
	440	412
	440	411
	440	410
	441	409
	441	408
	442	407
	442	406
	444	405
	444	404
	445	403
	446	403
	447	404
	447	405
	448	406
	448	407
	448	408
	448	411
	448	413
	448	415
	448	417
	449	419
	449	420
	449	422
	450	423
	450	424
.PEN_UP
.PEN_DOWN
	457	423
	457	424
	457	423
	458	422
	458	421
	459	419
	460	417
	460	415
	461	413
	462	412
	462	410
	463	409
	464	408
	464	406
	465	405
	465	404
.PEN_UP
.PEN_DOWN
	469	422
	468	422
	468	421
	466	420
	466	419
	465	419
	464	418
	464	417
	463	417
	462	414
	462	413
	462	412
	462	411
	461	410
	461	409
	461	408
.PEN_UP
.PEN_DOWN
	455	416
	455	415
	457	415
	458	415
	459	415
	460	415
	461	415
	462	415
	464	415
	465	415
	466	415
	468	415
	469	415
.PEN_UP
.PEN_DOWN
	479	397
	479	396
	478	394
	478	393
	477	392
	477	391
	476	389
.PEN_UP
.PEN_DOWN
	505	413
	506	413
	506	412
	506	411
	506	410
	507	409
	508	408
	508	407
	509	406
	510	405
	512	404
	514	402
	515	401
	516	400
	516	399
	517	399
	517	398
.PEN_UP
.PEN_DOWN
	517	414
	517	413
	516	412
	514	410
	513	409
	512	408
	511	407
	510	405
	510	404
	509	403
	509	402
	509	400
	508	399
	508	398
	508	396
.PEN_UP
.PEN_DOWN
	503	405
	504	404
	505	404
	505	403
	506	403
	507	403
	508	402
	509	402
	511	402
	513	402
	515	402
	517	402
	522	402
	524	402
.PEN_UP
.PEN_DOWN
	539	418
	539	417
	539	416
	539	414
	539	413
	539	411
	539	409
	539	408
	539	404
	539	402
	539	400
	539	399
	539	397
	539	396
	540	395
	540	394
	540	393
	540	392
.PEN_UP
.PEN_DOWN
	553	423
	553	422
	553	421
	553	420
	553	419
	552	418
	550	415
	550	414
	549	413
	548	412
	547	411
	546	410
	545	409
	544	408
	543	408
	541	408
	540	408
	540	409
	541	409
	542	408
	542	407
	543	406
	543	405
	544	404
	545	403
	545	402
	547	401
	548	400
	549	399
	549	398
	551	396
	552	395
	553	394
	554	393
	555	392
	555	391
	556	391
.PEN_UP
.PEN_DOWN
	563	414
	563	413
	563	412
	562	411
	562	410
	562	409
	561	408
	561	407
	561	406
	561	405
	561	403
	561	401
	561	400
	561	399
	562	398
	562	397
	562	396
	562	395
	563	395
	563	394
	564	394
	565	394
	566	395
	567	395
	569	395
	570	395
	573	396
	574	396
	575	396
.PEN_UP
.PEN_DOWN
	559	406
	559	405
	560	405
	561	405
	563	406
	564	406
	565	406
	567	407
	568	407
	570	407
.PEN_UP
.PEN_DOWN
	561	414
	562	414
	562	415
	563	415
	564	415
	567	416
	568	417
	570	417
	572	417
	573	417
	575	418
	576	418
	578	418
.PEN_UP
.PEN_DOWN
	584	418
	584	417
	584	416
	583	415
	583	414
	583	413
	583	412
	583	411
	583	409
	584	408
	584	405
	584	404
	584	402
	585	401
	585	400
	585	399
	585	398
	585	397
	585	396
	584	396
.PEN_UP
.PEN_DOWN
	582	420
	583	420
	584	421
	586	421
	587	421
	588	421
	589	420
	590	420
	591	419
	592	418
	593	418
	593	417
	594	416
	594	415
	594	414
	593	414
	593	413
	592	413
	590	412
	589	412
	588	411
	587	411
	585	411
	584	411
	584	410
	584	409
	584	408
	585	407
	585	406
	586	405
	587	404
	588	403
	589	402
	590	401
	591	400
	592	399
	593	398
	594	398
	595	397
.PEN_UP
.PEN_DOWN
	603	422
	603	421
	602	420
	602	418
	601	416
	601	414
	601	413
	601	411
	601	409
	602	408
	602	406
	603	405
	603	403
	603	402
	604	401
	604	400
	604	399
	603	399
	602	399
.PEN_UP
.PEN_DOWN
	598	425
	599	425
	600	425
	601	425
	603	425
	604	425
	606	425
	608	425
	610	425
	611	424
	612	424
	614	422
	615	421
	615	420
	615	419
	615	418
	614	418
	613	417
	612	416
	611	415
	609	414
	607	414
	606	414
	603	413
	602	412
	601	411
	600	411
.PEN_UP
.PEN_DOWN
	612	423
	614	422
	614	420
	614	419
	614	418
	614	417
	614	416
	614	414
	614	413
	614	411
	614	410
	614	406
	614	405
	614	403
	614	402
	614	401
	614	400
	614	399
	614	398
	613	398
	613	397
	613	398
	614	398
	615	399
	616	399
	618	400
	619	400
	620	400
	622	400
	623	401
	624	401
	625	401
	626	401
	627	401
.PEN_UP
.PEN_DOWN
	629	419
	629	418
	629	417
	629	416
	629	415
	629	414
	629	412
	629	411
	629	409
	630	408
	630	406
	631	405
	632	403
	633	401
	634	400
	635	400
	636	400
	637	400
	638	401
	638	403
	639	405
	639	406
	640	408
	640	409
	640	411
	641	413
.PEN_UP
.PEN_DOWN
	646	415
	646	414
	646	413
	646	411
	646	409
	646	408
	646	406
	645	405
	645	402
	645	401
	645	400
	645	398
	645	397
	645	396
	645	395
	644	395
	644	396
	644	397
	644	398
	644	399
.PEN_UP
.PEN_DOWN
	646	414
	647	415
	647	416
	648	415
	648	414
	648	413
	649	412
	649	411
	650	409
	650	408
	651	407
	651	405
	652	404
	652	403
	654	400
	655	399
	656	398
	656	397
	657	397
	657	398
	658	398
	658	399
	659	401
	659	402
	659	403
	659	405
	659	406
	659	408
	660	410
	660	412
	660	414
.PEN_UP
.PEN_DOWN
	667	419
	668	418
	668	417
	668	416
	668	414
	667	413
	667	411
	667	409
	667	408
	667	406
	667	405
	667	403
	667	402
	667	400
	667	399
	667	398
	667	396
	667	395
.PEN_UP
.PEN_DOWN
	678	422
	678	421
	678	419
	678	418
	678	417
	678	416
	677	415
	677	414
	677	413
	677	411
	676	410
	676	409
	675	408
	674	408
	673	406
	672	406
	671	406
	670	406
	669	407
	668	407
	667	408
	666	408
	666	409
	666	411
	666	412
	667	412
	668	412
	669	412
	669	411
	671	411
	672	410
	672	409
	673	408
	674	407
	675	405
	676	404
	677	403
	678	401
	679	400
	680	399
	681	397
	682	396
.PEN_UP
.PEN_DOWN
	691	423
	692	422
	692	421
	693	421
	693	420
	693	419
	693	418
	694	417
	694	416
	694	415
	694	414
	694	412
	695	411
	696	409
	697	408
	697	407
	698	407
.PEN_UP
.PEN_DOWN
	698	420
	698	419
	697	418
	697	417
	696	416
	695	415
	695	414
	694	413
	694	412
	694	411
	694	410
	693	409
	693	408
.PEN_UP
.PEN_DOWN
	684	415
	685	414
	686	415
	688	415
	689	415
	690	415
	691	415
	693	415
	695	415
	697	415
	699	415
	701	414
.PEN_UP
.PEN_DOWN
	708	400
	707	400
	707	399
	706	399
	706	398
	707	398
	709	398
	710	398
.PEN_UP
