
.WRITER_ID ArloReeves
.STYLE PRINTED
.PEN_DOWN
	113	424
	113	423
	112	421
	112	420
	112	418
	111	417
	110	415
	109	413
	108	410
	108	408
	107	405
	106	400
	105	398
	105	396
	104	395
	104	394
	104	392
	103	391
	103	390
	103	389
	104	389
	104	390
.PEN_UP
.PEN_DOWN
	114	426
	114	425
	114	424
	114	423
	115	423
	115	421
	116	418
	116	417
	117	415
	117	413
	118	411
	119	409
	120	407
	121	405
	121	403
	122	401
	123	399
	123	398
	124	395
	124	394
	124	393
	124	392
	124	391
.PEN_UP
.PEN_DOWN
	109	403
	110	403
	111	404
	112	404
	113	404
	114	405
	117	405
	119	406
	121	406
	122	406
	124	406
.PEN_UP
.PEN_DOWN
	161	415
	161	416
	161	417
	161	418
	161	419
	160	420
	159	420
	158	420
	158	419
	156	418
	155	418
	155	417
	154	416
	153	415
	152	414
	151	413
	150	412
	149	410
	149	408
	148	406
	148	403
	148	401
	148	400
	149	398
	150	397
	151	396
	152	396
	153	395
	154	395
	156	395
	157	395
	158	395
	161	396
	163	396
	164	397
	165	398
	166	399
	166	400
	167	401
	167	403
	167	405
	167	406
	167	408
	167	410
	166	414
	166	416
	165	417
	165	418
	164	419
.PEN_UP
.PEN_DOWN
	160	409
	161	408
	161	407
	161	406
	161	405
	161	404
	162	402
	163	400
	163	399
	163	398
	164	397
	165	396
	166	395
	166	393
	167	392
	168	392
	169	391
.PEN_UP
.PEN_DOWN
	175	407
	176	408
	177	409
	178	409
	179	410
	179	409
	178	409
	178	408
	178	407
	177	406
	177	404
	176	403
	176	401
	176	400
	176	399
	176	398
	176	397
	176	396
	177	395
	177	394
	178	394
	179	394
	180	394
	181	395
	181	396
	182	396
	182	397
	183	398
	183	399
	184	400
	185	402
	185	403
	185	405
	185	407
	185	408
	185	407
	185	406
	185	405
	185	404
	185	402
	185	401
	185	400
	185	399
	185	398
	186	397
	187	397
	188	397
	189	397
	191	398
	192	398
	193	398
	194	399
.PEN_UP
.PEN_DOWN
	198	411
	198	410
	198	409
	197	409
	197	408
	197	407
	197	406
	197	405
	197	404
	197	403
	197	402
	198	401
	198	400
	198	399
	198	398
	198	397
	199	397
	200	397
	201	397
	201	398
	202	399
.PEN_UP
.PEN_DOWN
	197	418
	197	419
	197	420
	197	421
.PEN_UP
.PEN_DOWN
	216	413
	215	413
	214	413
	213	413
	212	412
	212	411
	211	411
	211	410
	210	409
	209	408
	209	407
	209	406
	208	406
	208	405
	208	404
	208	403
	208	402
	208	401
	209	400
	210	400
	211	400
	212	399
	213	399
	214	399
	215	399
	216	399
.PEN_UP
.PEN_DOWN
	228	433
	227	431
	227	430
	226	428
	226	427
	225	425
	225	423
	225	421
	225	419
	225	417
	225	414
	225	413
	225	410
	225	407
	226	405
	226	404
	226	403
	226	402
	227	401
	227	402
	227	403
	227	404
	227	405
	227	406
	227	408
	227	409
	227	411
	228	413
	228	415
	228	416
	229	419
	230	420
	231	420
	231	421
	231	422
	232	422
	232	423
	233	423
	234	423
	235	424
	237	424
	238	424
	239	424
	240	424
	240	423
	239	423
	238	422
	237	421
	235	421
	234	420
	233	419
	232	418
	231	418
	230	417
	229	416
	228	416
	228	415
	227	415
	227	414
	228	414
	229	414
	229	413
	230	413
	231	413
	232	412
	233	411
	235	411
	236	410
	238	409
	239	409
	240	408
	240	407
	241	406
	241	405
	242	405
	242	404
	243	403
	244	403
	245	403
.PEN_UP
.PEN_DOWN
	288	432
	289	432
	289	431
	289	430
	289	429
	289	428
	289	426
	289	424
	288	423
	288	419
	288	417
	288	415
	289	414
	289	412
	289	410
	289	409
	289	407
	289	406
	290	405
	290	404
.PEN_UP
.PEN_DOWN
	281	432
	282	432
	282	433
	283	433
	283	434
	284	434
	285	435
	288	435
	289	435
	290	435
	291	435
	293	435
	294	435
	295	435
	296	435
	297	434
	297	433
	297	432
	297	431
	297	430
	296	429
	295	428
	294	428
	293	427
	292	426
	290	425
	289	424
	288	424
	286	423
	284	422
	283	422
	283	421
	284	421
	284	422
	286	422
	287	422
	289	422
	291	422
	292	422
	294	422
	295	421
	296	421
	297	420
	298	419
	299	418
	299	417
	299	415
	299	414
	299	413
	299	412
	298	411
	298	410
	297	409
	296	408
	296	407
	295	406
	294	406
	291	405
	290	404
	289	404
	288	404
	287	404
	286	404
	285	404
.PEN_UP
.PEN_DOWN
	310	424
	310	423
	310	422
	310	421
	310	420
	310	419
	310	418
	310	417
	310	415
	310	414
	310	413
	310	410
	310	409
	310	408
	310	407
	311	406
	311	405
	311	407
	311	408
	311	409
	311	410
	311	411
	311	412
	311	414
	311	415
	311	416
	312	418
	313	418
	313	419
	314	420
	315	420
	316	420
	317	421
	318	421
	319	421
	321	421
	322	421
	323	421
	325	421
.PEN_UP
.PEN_DOWN
	332	420
	332	421
	331	421
	330	420
	329	419
	327	418
	326	416
	325	415
	324	414
	324	413
	324	412
	324	411
	324	410
	324	409
	325	408
	325	407
	326	406
	328	405
	329	405
	331	405
	332	405
	333	405
	334	405
	335	406
	335	407
	335	408
	335	409
	335	412
	335	414
	335	415
	335	417
	335	418
	335	420
	332	421
	332	422
	332	423
.PEN_UP
.PEN_DOWN
	343	421
	343	422
	344	423
	345	423
	346	423
	346	422
	345	421
	345	420
	344	419
	344	418
	343	416
	343	414
	343	413
	343	412
	343	410
	344	409
	344	408
	344	407
	345	407
	345	406
	346	405
	347	405
	347	406
	348	407
	349	408
	349	409
	349	411
	350	412
	350	413
	350	414
	351	415
	351	416
	351	417
	352	417
	352	418
	352	417
	352	416
	352	415
	352	414
	352	413
	352	412
	353	411
	354	410
	355	409
	356	409
	357	409
	358	409
	359	409
	360	409
	361	410
	361	411
	362	412
	362	414
	362	415
	362	416
	362	418
	362	419
	362	420
	362	422
	362	423
	361	424
.PEN_UP
.PEN_DOWN
	371	424
	371	423
	370	423
	370	422
	370	421
	370	420
	370	419
	370	418
	370	417
	370	416
	370	415
	371	413
	371	412
	372	412
	372	411
	372	410
	372	411
	373	411
	373	412
	373	413
	373	414
	373	415
	374	416
	374	417
	375	418
	376	418
	377	419
	378	419
	379	419
	380	419
	380	418
	381	417
	381	416
	382	415
	382	414
	382	413
	383	413
	383	411
	384	409
	384	408
	385	407
	386	406
	387	405
	389	404
	391	404
.PEN_UP
.PEN_DOWN
	414	435
	415	434
	415	433
	415	432
	415	430
	415	429
	415	428
	415	426
	415	425
	415	423
	415	422
	415	420
	415	418
	416	417
	416	416
	416	415
	417	413
	417	412
	417	411
	417	410
.PEN_UP
.PEN_DOWN
	408	435
	409	435
	410	435
	411	436
	413	436
	414	436
	418	436
	420	436
	422	436
	424	436
	426	435
	428	435
	430	435
	431	434
	432	434
.PEN_UP
.PEN_DOWN
	414	423
	414	422
	415	422
	416	422
	417	422
	419	423
	420	423
	421	423
.PEN_UP
.PEN_DOWN
	434	427
	434	426
	433	426
	432	426
	431	425
	430	424
	430	423
	429	423
	429	422
	429	421
	428	420
	428	419
	428	418
	428	417
	429	416
	429	415
	430	413
	431	412
	432	412
	433	411
	434	411
	435	411
	436	411
	437	412
	438	412
	438	413
	438	414
	439	414
	439	416
	439	418
	439	420
	439	421
	439	422
	438	423
	438	424
.PEN_UP
.PEN_DOWN
	448	428
	449	428
	450	428
	451	427
	452	426
	452	425
	453	424
	454	423
	454	422
	455	421
	456	419
	457	418
	458	417
	458	416
	459	415
	459	414
	459	413
	460	412
	460	411
	460	410
.PEN_UP
.PEN_DOWN
	462	424
	461	424
	461	423
	460	423
	459	423
	457	422
	455	421
	454	420
	452	420
	451	419
	449	417
	448	415
	448	414
	448	413
	448	412
	448	411
.PEN_UP
.PEN_DOWN
	497	441
	498	441
	498	440
	498	439
	498	438
	498	437
	497	435
	497	433
	497	432
	497	430
	498	429
	498	427
	498	426
	498	424
	499	423
	499	421
	499	420
	499	417
	499	416
	499	415
	499	414
	499	413
	498	413
	497	413
	496	413
	496	414
	495	414
	494	415
	493	415
	491	416
	491	417
	490	417
	488	418
	487	419
	486	420
	486	421
.PEN_UP
.PEN_DOWN
	491	442
	492	441
	493	441
	495	441
	496	441
	498	441
	499	441
	501	441
	503	441
	505	441
	506	441
.PEN_UP
.PEN_DOWN
	510	428
	510	427
	509	426
	509	425
	509	424
	509	423
	509	422
	509	420
	510	419
	510	418
	511	417
	512	416
	512	415
	513	414
	514	414
	515	414
	516	414
	517	414
	517	415
	518	415
	518	416
	519	417
	519	418
	520	418
	520	420
	520	421
	520	422
	520	423
	520	424
	521	427
	521	428
	521	429
	521	430
	522	430
	522	429
	523	429
	523	428
	522	428
	522	427
	522	426
	522	425
	521	424
	521	423
	521	422
	521	421
	522	420
	522	419
	523	418
	525	417
	526	417
	527	416
	529	416
.PEN_UP
.PEN_DOWN
	536	431
	536	430
	536	429
	536	427
	536	426
	536	425
	536	424
	537	423
	537	422
	537	420
	537	419
	537	418
	537	417
	538	417
	538	416
	538	415
	538	414
	538	415
	538	416
	538	417
	538	418
	538	419
	538	420
	538	421
	539	421
	539	422
	539	423
	540	424
	540	425
	541	425
	541	426
	542	427
	542	428
	543	428
	544	428
	544	427
	544	426
	543	425
	543	424
	543	423
	543	422
	543	421
	543	420
	543	419
	543	418
	544	418
	544	417
	545	417
	545	418
	546	418
	546	419
	547	420
	547	422
	548	423
	548	424
	549	425
	549	426
	549	427
	550	428
	550	429
	550	430
	551	430
	552	430
	553	429
	553	428
	553	427
	553	426
	553	425
	553	424
	554	423
	554	421
	554	420
	554	419
.PEN_UP
.PEN_DOWN
	565	429
	566	428
	566	427
	566	426
	566	424
	565	423
	565	421
	565	419
	565	417
	565	415
	565	413
	565	411
	565	409
	565	407
	565	403
	566	402
	566	401
	566	400
	566	399
.PEN_UP
.PEN_DOWN
	566	431
	566	432
	567	432
	567	433
	568	433
	569	433
	569	432
	571	431
	572	430
	573	429
	574	428
	575	427
	575	425
	575	424
	575	422
	575	421
	575	420
	575	419
	574	418
	573	418
	572	417
	571	417
	570	417
	569	417
	568	417
	567	417
.PEN_UP
.PEN_DOWN
	589	431
	588	431
	587	432
	585	432
	584	432
	583	432
	583	431
	583	430
	584	429
	585	428
	586	428
	587	427
	588	426
	589	425
	589	424
	590	423
	590	421
	590	420
	590	419
	590	418
	590	417
	589	416
	588	416
	587	416
	586	416
	585	416
	584	416
	583	416
	582	417
.PEN_UP
