
.WRITER_ID ArloReeves
.STYLE PRINTED
.PEN_DOWN
	209	434
	209	433
	209	432
	209	429
	209	427
	209	425
	209	423
	209	420
	209	417
	209	414
	209	411
	209	408
	209	405
	209	403
	209	400
	209	396
	209	394
	209	392
	209	390
	209	389
	209	387
	209	386
	209	385
	209	384
	208	383
	208	382
	208	383
	208	384
	208	385
	209	385
	209	386
	209	388
	209	389
	209	390
	209	391
	209	392
	209	393
	209	394
	209	395
	209	396
	210	396
	210	397
	210	398
	211	399
	211	400
	212	401
	212	403
	213	404
	214	405
	214	407
	215	408
	216	410
	217	412
	220	414
	221	416
	222	417
	223	417
	223	418
	224	418
	225	418
	225	417
	226	415
	226	414
	226	413
	226	411
	227	410
	227	408
	228	407
	228	405
	228	404
	229	402
	229	401
	230	398
	230	397
	230	396
	230	395
	230	394
	230	393
	230	392
	230	391
	229	390
	228	389
	228	388
	226	387
	225	386
	224	385
	223	385
	222	384
	221	383
	220	382
	219	382
	217	381
	217	380
	216	380
	215	379
.PEN_UP
.PEN_DOWN
	261	403
	262	403
	263	403
	263	404
	263	405
	263	406
	263	407
	263	408
	263	409
	262	409
	262	410
	262	411
	261	411
	261	412
	261	413
	260	413
	259	414
	258	414
	258	413
	257	413
	256	413
	256	412
	255	411
	254	410
	253	409
	252	407
	251	406
	250	406
	250	405
	249	404
	249	403
	249	402
	248	401
	248	400
	248	399
	248	397
	248	396
	247	395
	247	394
	247	393
	247	391
	246	391
	246	389
	246	388
	245	388
	245	387
	245	385
	245	384
	245	383
	246	383
	246	382
	247	382
	248	381
	249	380
	250	380
	250	379
	251	379
	252	379
	252	378
	253	378
	254	378
	255	378
	256	378
	257	379
	258	379
	259	380
	260	380
	261	381
	262	382
	263	383
	263	384
.PEN_UP
.PEN_DOWN
	302	396
	302	397
	303	397
	303	398
	303	399
	303	400
	304	401
	304	402
	304	403
	304	404
	304	405
	304	406
	304	407
	303	408
	303	409
	302	409
	302	410
	301	411
	300	411
	299	411
	298	411
	297	411
	296	411
	295	410
	294	409
	293	409
	292	408
	290	405
	289	404
	288	403
	287	401
	286	400
	285	398
	284	397
	283	396
	283	394
	282	392
	282	391
	281	390
	281	387
	281	386
	281	384
	281	383
	281	382
	281	381
	281	380
	281	379
	282	378
	283	377
	284	376
	286	376
	287	376
	288	376
	288	377
	289	378
	290	378
	291	380
	292	381
	293	382
	294	384
	295	388
	296	390
	296	392
	297	394
	298	396
	298	398
	299	400
	299	402
	300	404
	300	405
	300	407
	301	408
	301	410
	301	411
	302	412
	302	414
	303	414
	303	415
	303	417
	304	417
	304	418
	304	419
	304	420
	305	421
	305	422
	305	423
	306	423
	305	423
	305	422
	305	421
	306	421
	306	420
	305	420
	305	419
	304	418
	304	417
	304	415
	303	414
	303	411
	302	409
	301	407
	301	405
	301	402
	301	400
	301	399
	301	397
	301	396
	301	394
	301	393
	301	390
	301	389
	301	388
	301	387
	301	386
	301	385
	301	384
	301	383
	301	382
	302	382
	303	381
	303	380
	304	380
	304	379
	305	379
	306	379
	307	379
	308	379
	309	379
	310	380
	311	381
	312	382
	313	383
	313	384
	312	384
.PEN_UP
.PEN_DOWN
	327	381
	328	381
	328	382
	329	383
	330	384
	331	385
	332	386
	333	387
	335	388
	336	389
	338	391
	339	392
	340	393
	341	394
	342	396
	344	398
	345	400
	345	401
	346	402
	346	403
	346	404
	346	405
	345	407
	345	408
	344	409
	343	410
	341	410
	340	410
	339	410
	338	410
	338	409
	336	409
	335	409
	335	408
	334	407
	333	407
	333	406
	332	405
	331	405
	331	404
	331	403
	330	402
	330	401
	330	400
	329	400
	329	399
	329	398
	329	397
	329	396
	328	396
	328	394
	328	393
	328	392
	327	391
	327	390
	327	388
	327	387
	327	386
	328	385
	328	384
	329	383
	329	382
	330	382
	331	381
	332	380
	334	379
	335	378
	336	378
	338	378
	339	378
	340	378
	342	378
	343	378
	345	378
	346	379
	347	380
	348	380
	349	382
	350	382
	350	383
	350	384
	349	385
	348	385
.PEN_UP
.PEN_DOWN
	383	399
	384	399
	384	400
	384	401
	385	402
	385	404
	386	405
	386	406
	386	407
	386	408
	386	409
	386	410
	386	411
	385	412
	385	413
	385	414
	384	415
	383	416
	383	417
	382	417
	380	418
	379	418
	378	418
	377	418
	377	417
	376	417
	376	416
	375	415
	375	414
	375	413
	374	412
	374	411
	374	410
	374	409
	374	406
	374	405
	374	403
	374	401
	374	400
	374	398
	374	396
	374	394
	374	392
	374	389
	374	387
	374	384
	373	378
	373	375
	373	373
	373	370
	372	367
	372	365
	372	363
	372	361
	372	359
	371	357
	371	356
	370	353
	369	352
	369	351
	368	350
	368	349
	367	348
	366	348
	365	348
	364	349
	363	349
	363	350
	363	351
	363	352
.PEN_UP
.PEN_DOWN
	366	396
	365	396
	365	395
	366	394
	368	393
	369	393
	370	393
	371	393
	373	394
	375	394
	377	395
	379	395
	381	395
	383	396
	384	396
	387	396
	388	397
	389	397
.PEN_UP
.PEN_DOWN
	422	387
	423	387
	424	387
	425	387
	425	388
	426	388
	427	389
	428	390
	428	391
	428	392
	429	393
	429	394
	429	395
	429	396
	429	397
	429	398
	428	399
	428	400
	428	401
	427	402
	426	402
	425	402
	424	402
	423	402
	422	402
	421	401
	420	401
	419	400
	418	399
	417	398
	414	395
	413	394
	412	392
	412	390
	411	389
	411	387
	411	386
	411	384
	411	382
	411	381
	411	379
	411	378
	411	376
	412	376
	413	375
	414	375
	415	375
	416	375
	417	376
	417	377
	418	378
	419	378
	420	380
	422	383
	423	384
	424	386
	424	388
	425	390
	425	391
	426	393
	426	394
	426	395
	426	396
	426	397
	426	396
	426	395
	427	394
	427	393
	427	392
	427	391
	427	390
	427	389
	427	387
	427	386
	427	383
	426	378
	425	374
	425	371
	424	366
	424	362
	423	358
	422	355
	422	351
	421	348
	420	344
	420	341
	418	339
	417	334
	416	332
	415	330
	414	329
	414	328
	413	328
	412	328
	411	329
	410	329
	409	331
	408	332
	407	334
	407	335
	406	336
	406	337
	406	338
	407	338
.PEN_UP
.PEN_DOWN
	453	449
	453	448
	453	447
	453	446
	453	445
	453	443
	452	440
	452	438
	452	435
	452	432
	452	429
	452	426
	452	423
	452	419
	451	413
	451	409
	451	406
	450	403
	450	400
	449	397
	449	395
	448	393
	448	391
	448	390
	447	388
	447	387
	447	386
	447	385
	447	386
	447	387
	447	389
	447	390
	447	391
	448	393
	448	394
	449	396
	450	397
	450	399
	451	400
	452	402
	453	404
	454	405
	456	408
	457	409
	457	410
	458	411
	459	412
	460	412
	460	413
	461	414
	462	414
	463	414
	464	414
	465	414
	465	413
	465	412
	465	411
	465	409
	464	408
	464	406
	464	405
	463	403
	462	399
	462	397
	461	395
	461	394
	461	392
	461	391
	461	390
	461	389
	461	388
	461	387
	461	386
	462	385
	463	384
	464	383
	465	383
	466	383
	467	383
	468	383
	469	383
.PEN_UP
.PEN_DOWN
	490	414
	490	415
	490	414
	490	413
	489	412
	489	410
	488	409
	487	407
	487	405
	486	404
	486	402
	486	400
	486	398
	485	396
	485	393
	485	392
	485	391
	485	390
	485	389
	485	388
	485	387
	486	387
	486	386
	487	385
	488	384
	489	384
	490	384
	491	384
	492	384
	493	385
	494	385
	495	386
	497	387
	498	388
	499	389
	499	390
.PEN_UP
.PEN_DOWN
	494	435
	493	435
	493	436
	494	436
	494	435
.PEN_UP
.PEN_DOWN
	530	400
	530	401
	531	402
	532	404
	533	405
	534	405
	535	406
	536	407
	537	408
	537	409
	538	409
	538	410
	539	410
	539	411
	539	412
	539	413
	540	413
	540	414
	539	414
	539	412
	538	410
	538	409
	537	407
	537	405
	537	403
	537	400
	537	398
	537	396
	536	393
	536	391
	535	385
	535	383
	534	380
	534	378
	534	375
	532	373
	532	371
	531	369
	531	368
	530	366
	529	365
	528	364
	527	361
	526	360
	525	358
	524	357
	523	356
	521	355
	520	354
	519	353
	519	352
	518	352
	518	351
	517	351
	516	351
	515	351
	514	351
	514	352
	513	353
	513	354
	513	355
	513	356
	513	357
	514	360
.PEN_UP
.PEN_DOWN
	545	428
	544	428
	542	428
	541	428
	542	427
.PEN_UP
.PEN_DOWN
	577	442
	576	440
	575	437
	575	435
	574	432
	574	430
	574	427
	572	420
	572	416
	571	412
	571	408
	570	404
	570	400
	569	397
	569	394
	568	392
	568	390
	568	388
	567	385
	566	384
	566	383
	565	382
	564	382
	564	383
	565	383
	565	384
	565	385
	565	386
	566	387
	566	388
	567	390
	569	393
	569	395
	570	396
	571	398
	572	400
	573	402
	574	404
	576	405
	577	407
	578	409
	580	411
	582	414
	583	415
	584	416
	585	417
	586	418
	587	419
	588	420
	589	420
	589	421
	590	421
	591	421
	592	421
	593	421
	594	421
	595	421
	596	421
	596	420
	596	419
	595	419
	595	418
	594	417
	593	417
	592	416
	591	416
	590	415
	590	414
	588	414
	588	413
	587	412
	586	411
	586	410
	585	409
	583	407
	582	406
	581	405
	581	404
	580	404
	580	403
	580	402
	579	402
	579	401
	579	402
	579	401
	579	400
	579	399
	579	398
	579	397
	579	396
	580	394
	580	393
	580	392
	581	391
	582	390
	583	389
	584	388
	585	388
	587	387
	589	387
	590	387
	591	387
	592	387
	593	388
	595	388
	596	389
	598	389
	599	390
	600	390
	600	391
	601	391
	600	391
.PEN_UP
.PEN_DOWN
	626	396
	626	397
	627	398
	628	399
	630	400
	631	401
	632	403
	634	405
	637	409
	639	412
	640	414
	641	417
	643	419
	644	421
	645	422
	645	424
	646	425
	646	426
	646	427
	646	428
	646	429
	645	429
	645	430
	645	431
	644	432
	644	433
	643	433
	643	434
	643	435
	643	436
	643	437
	643	438
	642	438
	642	437
	642	436
	641	435
	640	433
	640	432
	639	430
	639	429
	638	427
	637	425
	636	423
	636	421
	635	418
	634	416
	634	414
	633	411
	631	406
	631	404
	630	402
	630	400
	629	398
	629	397
	628	395
	628	394
	628	393
	628	391
	627	390
	627	389
	627	388
	627	387
	628	386
	628	385
	629	385
	630	385
	631	385
	632	385
	633	385
	634	385
.PEN_UP
.PEN_DOWN
	675	424
	675	423
	675	422
	675	421
	675	419
	674	418
	674	416
	674	414
	673	413
	673	410
	672	408
	672	405
	671	401
	670	399
	670	397
	669	395
	668	394
	668	392
	668	391
	667	390
	667	389
	667	388
	667	389
	668	390
	668	391
	668	392
	669	393
	669	394
	670	396
	670	397
	671	399
	672	401
	673	403
	674	404
	674	406
	675	407
	676	409
	677	410
	678	411
	678	413
	679	414
	681	415
	682	416
	684	418
	685	419
	687	420
	688	421
	689	421
	690	421
	690	420
	689	418
	689	417
	688	415
	688	413
	687	411
	686	409
	685	407
	685	405
	684	403
	683	400
	682	399
	681	396
	681	394
	681	393
	680	393
	680	392
	681	393
	682	395
	682	396
	683	397
	683	398
	684	400
	685	401
	686	402
	687	404
	687	405
	688	406
	689	408
	690	409
	693	412
	694	414
	695	415
	696	416
	697	417
	698	418
	699	419
	700	419
	700	418
	700	417
	700	416
	700	415
	700	414
	699	412
	699	410
	699	408
	698	406
	698	404
	697	401
	697	399
	696	396
	696	394
	696	393
	696	391
	697	391
	697	389
	698	389
.PEN_UP
.PEN_DOWN
	726	419
	726	418
	725	417
	725	416
	724	415
	724	414
	723	412
	723	410
	723	408
	722	406
	722	404
	722	402
	721	400
	721	398
	720	394
	720	392
	720	391
	719	390
	719	389
	719	388
	718	387
	718	386
	717	386
	717	385
	717	386
	718	387
	718	388
	718	389
	719	390
	719	391
	719	392
	720	394
	721	395
	722	398
	723	399
	723	400
	724	401
	725	402
	726	404
	727	405
	728	407
	729	408
	730	409
	731	410
	732	412
	734	414
	735	414
	736	415
	737	415
	738	416
	739	416
	738	414
	738	413
	737	411
	737	409
	736	408
	735	406
	735	404
	734	403
	733	401
	733	400
	732	399
	732	397
	731	396
	731	395
	731	394
	731	393
	732	393
	732	394
	733	394
	734	394
	735	393
	736	393
	737	393
	738	393
	739	393
	740	393
	741	393
	742	394
	743	394
	744	395
	744	396
	745	396
	746	397
.PEN_UP
.PEN_DOWN
	600	354
	601	355
	602	356
	602	357
	602	356
	602	355
	602	354
	602	352
	601	351
	601	348
	600	346
	600	339
	599	336
	599	332
	598	328
	598	324
	597	320
	597	317
	597	314
	596	311
	596	309
	596	306
	596	304
	595	301
	595	300
	595	299
	595	298
	595	297
	594	297
.PEN_UP
.PEN_DOWN
	594	356
	594	357
	595	358
	596	359
	597	359
	599	360
	600	360
	601	361
	603	361
	604	361
	606	361
	608	360
	610	358
	611	357
	611	355
	611	354
	612	352
	612	351
	612	349
	612	348
	612	346
	612	345
	612	344
	612	342
	611	342
	611	341
	610	340
	609	339
	608	338
	606	338
	605	337
	603	337
	602	337
	601	336
	598	335
	597	335
	597	334
	596	334
	596	333
.PEN_UP
.PEN_DOWN
	644	348
	645	348
	645	349
	645	350
	646	351
	647	352
	647	353
	647	354
	647	355
	647	356
	647	357
	647	358
	646	359
	645	359
	644	359
	643	359
	642	358
	641	358
	640	357
	639	356
	638	355
	637	355
	636	354
	636	353
	634	351
	634	350
	633	349
	633	347
	633	346
	632	345
	632	344
	632	343
	632	342
	632	341
	633	340
	633	338
	633	337
	634	337
	634	336
	635	336
	636	336
	637	337
	638	338
	639	339
	640	340
	641	341
	642	342
	642	344
	643	345
	644	346
	644	347
	645	347
	646	348
	646	349
	647	350
	647	351
	648	351
	648	352
	648	351
	647	350
	647	349
	647	348
	646	347
	645	344
	645	342
	645	340
	644	338
	644	335
	643	333
	643	330
	642	327
	642	324
	641	321
	640	319
	640	317
	639	314
	639	312
	639	311
	638	310
	638	309
	638	308
	638	307
	637	306
	637	305
	637	304
	637	303
	637	302
	637	301
	638	301
	638	302
	638	303
	638	304
	639	305
	639	306
	640	308
	640	310
	641	311
	642	313
	643	317
	645	319
	646	320
	647	322
	648	324
	649	325
	650	327
	651	328
	652	329
	654	330
	655	331
	656	332
	659	334
	660	335
	661	336
	663	336
	664	337
	665	337
	666	338
	666	339
.PEN_UP
.PEN_DOWN
	682	360
	682	359
	682	358
	682	357
	682	356
	682	353
	682	352
	682	350
	682	348
	682	347
	682	345
	682	343
	682	341
	681	338
	681	336
	681	334
	681	331
	681	329
	681	328
	681	327
	681	326
	681	325
	681	326
	680	328
	680	329
	680	330
	680	332
	680	333
	680	334
	680	335
	680	336
	680	337
	680	338
	680	339
	680	341
	681	342
	681	343
	681	344
	681	346
	682	346
	683	347
	684	348
	684	349
	685	350
	686	351
	687	351
	690	353
	691	353
	692	354
	694	354
	695	355
	696	355
	698	356
	699	356
	700	356
	701	357
	702	357
	703	357
	704	357
.PEN_UP
.PEN_DOWN
	733	352
	734	352
	734	353
	734	354
	733	354
	732	354
	731	354
	730	354
	729	354
	728	353
	727	353
	726	352
	724	351
	723	350
	722	350
	722	349
	721	349
	721	348
	721	347
	722	347
	723	346
	724	346
	725	345
	726	344
	727	344
	728	343
	728	342
	729	342
	730	341
	731	339
	732	338
	732	337
	732	336
	732	335
	732	334
	732	333
	732	332
	732	331
	731	330
	730	330
	729	329
	728	329
	727	329
	726	329
	725	329
	724	329
	723	329
	722	329
	720	330
	718	330
	717	330
.PEN_UP
.PEN_DOWN
	765	367
	766	367
	766	366
	766	365
	765	364
	765	362
	764	361
	764	359
	763	357
	763	355
	763	352
	762	350
	762	348
	760	344
	760	342
	759	339
	758	337
	758	335
	757	333
	757	331
	757	329
	757	327
	757	326
	757	324
	757	322
	757	321
	758	321
	758	322
	759	322
	760	322
	761	322
	761	323
	762	323
	763	323
	764	323
	765	323
	766	323
	768	324
	769	324
	770	325
	771	325
	772	326
	773	326
	773	327
	774	327
	775	327
	776	328
	777	328
	778	329
	778	330
.PEN_UP
.PEN_DOWN
	749	351
	749	350
	750	350
	751	350
	752	350
	755	350
	757	350
	758	350
	761	351
	763	351
	765	351
	767	351
	769	352
	771	352
	772	352
	774	353
	775	353
	777	353
.PEN_UP
.PEN_DOWN
	169	190
	169	191
	169	192
	169	193
	169	194
	170	195
	170	196
	171	198
	172	198
	173	200
	174	201
	175	202
	176	203
	177	204
	178	205
	179	207
	180	208
	181	209
	181	208
	181	207
	180	206
	179	202
	179	200
	179	198
	178	195
	177	193
	177	190
	177	188
	176	185
	176	182
	176	180
	176	178
	176	175
	176	172
	176	171
	176	170
	177	169
	177	168
	178	167
	179	167
	180	167
	181	167
	182	168
	183	169
	184	171
	185	173
	186	174
	188	176
	189	178
	190	180
	191	182
	193	184
	194	187
	195	188
	196	190
	197	192
	197	193
	198	194
	198	195
	198	196
	198	197
	198	198
	198	199
	198	198
	197	198
	197	197
	196	195
	196	194
	195	193
	195	191
	195	189
	194	188
	194	186
	194	184
	194	183
	195	181
	195	179
	196	178
	196	175
	197	173
	197	172
	198	171
	199	170
	200	170
	201	170
	202	171
	203	171
.PEN_UP
.PEN_DOWN
	239	186
	239	187
	239	188
	239	189
	239	190
	239	191
	240	192
	240	193
	241	194
	242	195
	243	196
	244	197
	245	198
	246	199
	247	199
	248	200
	249	201
	250	202
	251	202
	252	203
	253	204
	254	204
	254	205
	254	204
	253	203
	253	202
	252	201
	251	198
	250	197
	250	195
	249	193
	249	191
	248	189
	247	187
	247	185
	247	183
	247	181
	247	180
	247	178
	247	175
	248	173
	248	172
	249	171
	250	170
	251	169
	252	168
	252	167
	254	167
	256	167
	258	168
	259	169
	260	170
	261	171
	261	173
	262	174
	263	176
	264	177
	265	179
	265	181
	266	183
	266	185
	266	188
	266	189
	266	190
	266	191
	265	192
	265	193
	264	194
	264	195
	263	196
	263	197
	263	198
	263	199
	264	199
	265	199
	267	199
	268	200
	269	200
	271	201
	273	201
	275	202
	276	202
	278	203
	280	204
	281	204
	282	205
	283	205
	284	206
.PEN_UP
.PEN_DOWN
	307	193
	307	194
	307	195
	308	195
	308	196
	309	197
	310	198
	311	199
	312	200
	313	201
	313	202
	314	202
	314	201
	314	200
	314	199
	314	198
	313	196
	313	195
	313	193
	313	192
	313	191
	313	189
	313	188
	313	186
	313	185
	314	183
	314	182
	315	181
	315	179
	316	179
	316	178
	317	178
	317	179
	318	179
	319	180
	320	181
	321	183
	322	184
	322	186
	323	187
	323	189
	324	190
	324	191
	325	193
	325	194
	326	195
	326	196
	327	197
	327	198
	327	199
	326	198
	326	196
	326	195
	326	194
	326	193
	326	191
	326	189
	326	188
	326	187
	327	186
	327	185
	328	184
	329	182
	331	181
	332	181
	333	181
	334	182
	335	183
	336	184
	337	185
	337	186
	339	189
	340	191
	340	192
	341	194
	341	196
	341	198
	341	199
	341	200
	341	202
	340	203
	340	204
	340	205
	339	206
	338	207
.PEN_UP
.PEN_DOWN
	364	197
	364	198
	364	199
	364	201
	365	202
	366	203
	366	204
	367	205
	368	206
	369	206
	369	207
	370	207
	371	207
	372	206
	373	205
	373	204
	373	203
	374	202
	375	201
	375	199
	375	198
	376	197
	377	195
	378	192
	379	191
	380	190
	380	189
	381	187
	382	186
	382	185
	383	184
	384	183
	385	182
	386	181
	387	181
	388	181
	389	181
.PEN_UP
.PEN_DOWN
	391	212
	390	212
	390	211
	389	211
	388	210
	388	209
	387	207
	386	206
	385	204
	384	202
	383	201
	382	199
	379	195
	378	192
	377	190
	375	188
	374	185
	372	183
	371	181
	370	179
	370	178
	369	177
	369	176
	368	175
.PEN_UP
.PEN_DOWN
	410	198
	409	198
	409	199
	409	200
	410	201
	411	202
	413	204
	413	205
	414	206
	415	207
	416	208
	417	209
	418	209
	418	210
	419	209
	419	208
	419	207
	419	205
	418	204
	418	203
	418	202
	417	200
	417	198
	417	197
	417	194
	417	193
	417	192
	417	191
	417	190
	418	190
	418	189
	419	189
	420	188
	421	188
	422	189
	423	189
	424	189
	424	190
	425	191
	425	192
	426	193
	427	194
	427	195
	427	196
	428	198
	428	199
	429	202
	429	203
	429	204
	430	205
	430	206
	430	207
	430	208
	431	208
	431	207
	431	206
	431	205
	431	204
	431	203
	431	202
	431	200
	431	199
	431	198
	431	194
	431	192
	431	189
	431	187
	430	184
	430	181
	430	178
	430	175
	430	173
	429	171
	429	168
	429	166
	428	163
	428	161
	428	160
	428	159
	427	158
	427	157
	426	157
	425	157
	424	157
	423	157
	422	158
	421	158
	420	158
	419	158
	418	159
	417	159
	416	160
	416	161
.PEN_UP
.PEN_DOWN
	461	201
	461	202
	462	202
	463	203
	465	204
	467	205
	469	206
	471	207
	473	207
	475	208
	477	208
	479	208
	481	208
	482	208
	483	208
	484	208
	485	208
	485	207
	485	206
	484	206
	484	205
	482	204
	481	203
	480	201
	480	200
	479	199
	478	198
	478	197
	477	196
	477	194
	476	193
	476	192
	476	190
	475	189
	475	186
	475	184
	474	183
	474	181
	474	180
	473	178
	473	177
	473	175
	472	174
	472	172
	472	171
	471	170
	470	169
	470	168
	471	168
	471	169
	472	169
	473	169
	473	170
	475	171
	476	171
	476	172
	478	172
	479	173
	480	173
	481	174
	482	175
	484	175
	485	175
	486	176
	488	176
	489	177
	490	177
.PEN_UP
.PEN_DOWN
	465	188
	466	188
	467	189
	468	189
	469	189
	470	189
	471	190
	473	191
	475	191
	477	192
	479	193
	483	194
	485	195
	486	195
	488	196
.PEN_UP
