
.WRITER_ID ArloReeves
.STYLE PRINTED
.PEN_DOWN
	98	437
	98	436
	98	435
	98	434
	97	432
	97	429
	97	428
	97	426
	97	423
	97	422
	97	420
	97	418
	97	416
	97	414
	97	412
	97	411
	97	409
	97	407
	97	406
	97	405
	96	405
	97	405
	97	406
	97	407
	98	409
	99	410
	99	411
	100	413
	100	414
	100	415
	101	416
	102	417
	102	418
	103	418
	104	419
	105	419
	105	418
	106	418
	106	417
	106	416
	106	414
	106	413
	106	412
	106	410
	106	409
	106	407
	106	405
	106	404
	107	403
	107	402
	107	401
	108	400
	108	399
	109	399
	110	399
	111	399
	112	399
	112	400
	113	400
.PEN_UP
.PEN_DOWN
	122	421
	122	420
	122	419
	121	419
	121	418
	120	418
	120	417
	120	416
	120	414
	119	413
	119	411
	119	410
	119	409
	119	408
	119	407
	120	406
	120	405
	120	404
	120	403
	121	403
	121	404
	122	404
	122	405
	123	405
	124	405
	124	406
	125	407
	126	407
	126	408
.PEN_UP
.PEN_DOWN
	122	430
	122	431
	122	432
.PEN_UP
.PEN_DOWN
	137	426
	136	426
	136	425
	135	425
	134	424
	133	424
	132	423
	131	422
	131	421
	131	420
	132	419
	133	418
	134	418
	136	417
	137	416
	138	416
	138	415
	139	414
	140	414
	141	413
	141	412
	142	411
	142	410
	142	409
	141	408
	140	408
	139	408
	138	408
	137	407
	136	407
	135	407
	134	407
	133	407
	133	408
.PEN_UP
.PEN_DOWN
	168	432
	168	431
	168	430
	168	428
	168	427
	168	426
	169	424
	169	423
	169	421
	169	419
	170	416
	170	414
	170	413
	170	412
	170	410
	170	409
	170	408
	170	407
	170	406
	169	406
	169	407
	169	408
	169	409
	169	410
	169	411
	169	413
	169	414
	169	415
	169	417
	170	418
	171	418
	172	419
	173	419
	175	419
	176	419
	177	419
	178	419
	180	418
	180	417
	181	417
	181	416
	181	415
	181	414
	181	413
	181	412
	181	411
	180	410
	180	409
	179	408
	178	408
	178	407
	177	407
	176	406
	175	406
	173	406
	172	406
	171	406
	171	407
	170	407
	170	408
.PEN_UP
.PEN_DOWN
	187	422
	187	421
	187	420
	187	419
	187	418
	187	417
	187	416
	188	414
	188	413
	188	411
	188	410
	189	409
	189	408
	189	407
	189	406
	189	405
	188	405
	188	406
	188	407
	188	408
	188	409
	188	410
	188	411
	188	412
	188	414
	189	415
	189	416
	190	417
	191	418
	192	419
	193	419
	194	420
	195	420
	196	421
	198	422
	199	422
	200	422
	201	422
	202	423
.PEN_UP
.PEN_DOWN
	206	423
	207	423
	208	423
	209	423
	210	423
	211	422
	211	421
	211	420
	211	419
	211	418
	210	418
	210	417
	209	415
	208	414
	207	413
	206	412
	206	411
	206	410
	206	409
	206	408
	206	407
	206	406
	207	406
	208	406
	209	406
	209	407
	210	407
	210	408
	210	409
	211	409
	211	410
	211	412
	211	413
	211	414
	211	415
	211	416
	211	417
	211	418
	211	419
.PEN_UP
.PEN_DOWN
	221	424
	221	423
	221	422
	221	421
	221	420
	221	419
	221	418
	221	417
	221	416
	221	415
	221	414
	221	413
	221	412
	222	410
	222	409
	223	409
	223	408
	223	407
	224	407
	224	408
	225	408
	226	408
	226	409
	227	409
	228	410
	229	410
	229	411
	230	411
	231	411
	231	412
.PEN_UP
.PEN_DOWN
	222	434
	221	435
	221	436
	221	437
	222	437
.PEN_UP
.PEN_DOWN
	235	425
	235	424
	235	423
	235	422
	235	420
	235	419
	235	417
	236	416
	236	415
	236	414
	236	413
	236	412
	236	411
	237	410
	237	409
	237	410
	238	411
	238	412
	238	413
	238	414
	238	415
	238	417
	238	418
	239	419
	239	420
	240	421
	241	422
	242	422
	243	422
	244	421
	244	420
	245	419
	245	418
	246	417
	246	415
	246	414
	247	412
	247	411
	248	410
	248	409
	249	408
	250	408
	250	407
	251	407
.PEN_UP
.PEN_DOWN
	279	441
	279	440
	279	439
	279	438
	278	437
	278	436
	278	434
	278	432
	278	431
	278	429
	279	428
	279	424
	279	422
	279	421
	280	419
	280	418
	280	417
	280	416
	280	415
	280	414
	281	415
	281	416
	281	417
	281	418
	282	419
	282	420
	283	421
	283	422
	285	424
	286	425
	287	426
	287	427
	288	427
	288	428
	289	428
	290	428
	291	428
	291	427
	291	426
	292	425
	292	424
	292	423
	293	422
	293	421
	293	419
	293	417
	293	415
	293	414
	293	413
	293	412
	293	411
	293	410
	293	409
.PEN_UP
.PEN_DOWN
	300	419
	301	419
	302	419
	302	420
	303	420
	304	420
	304	421
	305	422
	306	422
	307	423
	307	424
	307	425
	307	426
	307	427
	306	427
	305	427
	304	427
	303	426
	302	426
	301	425
	301	424
	300	424
	299	423
	299	422
	298	420
	298	419
	298	418
	298	417
	298	416
	298	415
	299	414
	300	413
	300	412
	302	410
	303	409
	304	409
.PEN_UP
.PEN_DOWN
	342	440
	342	441
	342	440
	342	439
	342	438
	342	437
	342	436
	342	434
	342	432
	342	430
	342	428
	342	427
	342	424
	343	421
	343	419
	343	418
	343	417
	343	416
	343	415
	343	414
	343	415
	343	416
	344	417
	344	418
	345	419
	345	420
	345	422
	346	423
	346	424
	347	426
	347	427
	348	427
	349	428
	350	428
	351	429
	352	429
	353	429
	354	428
	355	428
	356	427
	356	426
	357	425
	357	424
	357	421
	357	420
	357	418
	356	416
	356	415
	355	414
	354	414
	353	413
	352	412
	351	412
	349	411
	348	411
	347	411
	346	411
	345	411
	345	412
	344	413
.PEN_UP
.PEN_DOWN
	367	421
	368	421
	369	422
	370	422
	371	423
	372	423
	373	424
	374	424
	375	425
	375	426
	376	426
	376	427
	376	428
	375	428
	374	429
	373	429
	372	429
	371	429
	370	429
	368	428
	367	428
	367	427
	366	426
	364	425
	364	424
	363	423
	363	422
	363	421
	363	420
	364	419
	365	417
	366	416
	366	414
	367	414
	368	413
	368	412
	369	411
.PEN_UP
.PEN_DOWN
	392	428
	392	429
	391	429
	390	428
	389	428
	388	428
	387	427
	386	427
	385	426
	384	426
	384	425
	383	424
	383	423
	382	423
	382	422
	382	421
	382	420
	383	420
	383	419
	384	419
	385	419
	386	419
	387	419
	388	420
	389	421
	389	422
	390	423
	390	424
	391	425
	391	426
	391	427
	391	428
	391	429
	391	428
	391	427
	391	426
	391	425
	391	424
	391	422
	391	420
	391	418
	391	417
	392	415
	392	413
	392	411
	392	409
	393	407
	393	405
	393	403
	393	400
	393	399
	393	398
	393	397
	392	396
	391	396
	390	396
	389	396
	387	397
	386	398
	384	399
	383	400
	381	401
	380	402
	380	403
	379	404
	379	405
	379	406
.PEN_UP
.PEN_DOWN
	405	431
	406	431
	407	431
	408	431
	409	431
	410	430
	411	430
	412	429
	412	428
	412	427
	411	426
	410	425
	409	425
	408	424
	406	423
	405	422
	404	421
	404	420
	403	419
	402	418
	402	417
	402	416
	402	415
	403	415
	404	415
	405	415
	406	415
	407	415
	408	416
	409	417
	409	418
	410	419
	410	421
	410	422
	410	423
	410	424
	410	425
	410	426
	410	427
.PEN_UP
.PEN_DOWN
	418	430
	419	430
	419	429
	419	428
	419	427
	418	426
	418	425
	418	423
	418	422
	418	421
	418	420
	418	419
	418	418
	418	417
	418	416
	419	417
	419	418
	419	419
	419	420
	420	421
	420	422
	421	423
	421	424
	422	425
	423	426
	424	426
	425	426
	426	426
	426	425
	427	424
	427	423
	428	423
	428	422
	428	421
	429	420
	430	419
	430	418
	431	417
	431	416
	432	415
	433	414
	434	414
.PEN_UP
.PEN_DOWN
	453	445
	453	444
	453	443
	452	442
	452	441
	452	439
	452	438
	452	437
	452	435
	452	433
	452	432
	452	430
	452	428
	452	425
	453	424
	453	422
	453	421
	453	419
	452	418
	452	416
	452	415
	452	414
	451	413
	452	413
	452	414
	453	414
	454	414
	455	414
	456	414
	457	414
	458	414
	459	414
	460	414
	461	414
	462	415
.PEN_UP
.PEN_DOWN
	450	428
	451	428
	452	428
	453	428
	454	428
	455	428
	458	428
.PEN_UP
.PEN_DOWN
	472	427
	471	427
	470	427
	469	426
	468	426
	467	425
	465	424
	465	423
	465	422
	465	421
	465	420
	465	419
	465	418
	465	417
	466	416
	467	415
	469	414
	470	414
	471	414
	472	414
	473	414
	473	415
	474	416
	474	417
	474	418
	474	419
	474	421
	473	423
	472	424
	471	425
	470	426
	469	426
.PEN_UP
