
.WRITER_ID ArloReeves
.STYLE PRINTED
.PEN_DOWN
	110	442
	110	444
	110	445
	111	445
	111	446
	111	445
	110	444
	110	442
	110	441
	110	438
	110	436
	110	434
	110	432
	110	430
	110	428
	110	425
	111	421
	111	419
	111	418
	111	416
	111	415
	111	414
	111	413
	111	412
	111	413
	111	414
	111	415
	111	416
	111	417
	111	418
	111	419
	111	420
	111	421
	112	422
	113	424
	114	425
	115	426
	116	426
	117	426
	118	426
	119	425
	120	423
	120	422
	120	421
	120	420
	120	419
	120	418
	120	417
	120	416
	119	415
	118	414
	117	414
	116	413
	116	412
	115	412
	114	412
	113	412
	112	412
	112	413
	112	414
	111	414
.PEN_UP
.PEN_DOWN
	132	420
	133	420
	133	421
	134	422
	135	422
	136	423
	137	423
	137	424
	139	425
	140	426
	141	426
	141	427
	141	428
	142	428
	142	429
	141	430
	141	431
	140	432
	139	432
	138	432
	137	432
	136	432
	135	432
	135	431
	134	430
	134	429
	133	428
	133	427
	133	426
	133	424
	133	423
	133	422
	134	419
	135	418
	136	417
	136	416
	137	414
	138	414
	138	413
	139	413
	140	413
	141	413
.PEN_UP
.PEN_DOWN
	149	430
	150	430
	150	429
	150	428
	150	427
	150	426
	150	424
	151	423
	151	422
	151	421
	152	420
	152	419
	152	418
	153	417
	153	416
	154	415
	154	414
	154	415
	155	415
	155	416
	155	417
	156	418
	156	420
	156	421
	157	422
	157	423
	158	424
	158	425
	158	426
	159	427
	160	427
	160	426
	160	425
	160	424
	160	423
	161	422
	161	421
	161	420
	161	419
	161	418
	162	418
	162	417
	163	416
	164	415
	165	415
	165	416
	166	416
	166	417
	167	418
	167	419
	168	420
	168	422
	168	423
	169	425
	169	427
	169	428
	169	429
	169	430
	170	431
	170	432
.PEN_UP
.PEN_DOWN
	178	429
	178	428
	179	428
	179	427
	179	426
	179	425
	179	424
	179	423
	179	422
	179	421
	178	420
	178	419
	178	418
	178	417
	178	416
	178	415
	179	415
	180	416
	181	417
	182	417
	182	418
	183	418
	183	419
	184	419
	184	420
	185	420
.PEN_UP
.PEN_DOWN
	179	439
	179	440
	179	441
.PEN_UP
.PEN_DOWN
	193	449
	193	448
	193	447
	193	446
	192	446
	192	445
	192	444
	192	442
	192	441
	193	440
	193	438
	193	437
	193	436
	193	433
	193	431
	193	430
	193	428
	193	427
	193	426
	193	424
	193	423
	193	422
	193	420
	193	419
	194	418
	195	418
	196	418
	197	418
	198	419
	199	419
	199	420
	200	420
	201	421
	202	421
.PEN_UP
.PEN_DOWN
	218	429
	219	429
	219	430
	219	431
	218	432
	217	433
	216	433
	215	433
	215	432
	213	432
	213	431
	212	430
	211	429
	211	428
	210	427
	210	426
	209	425
	209	424
	208	423
	208	422
	208	421
	208	420
	208	419
	209	418
	210	418
	211	418
	212	418
	212	419
	213	419
	215	421
	215	422
	216	423
	216	424
	217	426
	217	427
	218	429
	218	430
	218	432
	218	434
	219	437
	219	439
	220	443
	220	444
	220	446
	220	447
	220	448
	219	448
	219	447
	218	446
	218	445
	218	444
	217	443
	217	441
	217	440
	216	438
	216	437
	216	433
	216	432
	216	430
	216	428
	216	427
	216	425
	216	423
	217	422
	217	421
	218	420
	219	419
	220	418
	222	418
	223	418
	224	418
	225	418
	226	418
.PEN_UP
.PEN_DOWN
	232	427
	232	428
	233	428
	234	429
	235	429
	235	430
	236	430
	237	431
	238	432
	238	433
	238	434
	238	435
	237	435
	235	435
	234	435
	234	434
	233	434
	232	433
	232	432
	231	432
	231	431
	231	430
	231	429
	231	428
	231	427
	231	426
	231	425
	231	424
	232	423
	233	422
	233	421
	234	420
	234	419
	235	419
	236	419
	237	419
.PEN_UP
.PEN_DOWN
	244	434
	244	433
	244	432
	244	431
	244	430
	244	429
	244	428
	244	426
	244	424
	244	423
	244	421
	244	420
	244	419
	245	418
	245	419
	245	420
	245	421
	245	422
	245	423
	246	424
	246	425
	246	426
	246	428
	246	429
	247	429
	247	430
	248	430
	248	431
	249	431
	249	432
	250	432
	251	432
	252	433
	254	433
	255	433
	256	433
.PEN_UP
.PEN_DOWN
	260	427
	261	427
	262	427
	263	428
	264	428
	265	429
	266	429
	267	429
	267	430
	268	431
	268	432
	268	433
	268	434
	267	434
	266	434
	265	434
	265	433
	264	433
	263	432
	262	431
	261	430
	261	429
	260	428
	260	427
	260	426
	260	425
	260	424
	261	423
	262	422
	262	421
	263	421
	263	420
	264	419
	265	419
	266	419
.PEN_UP
.PEN_DOWN
	284	433
	284	434
	284	435
	283	435
	282	435
	281	435
	280	435
	279	435
	278	434
	278	433
	277	433
	276	432
	275	431
	274	430
	273	429
	273	428
	273	427
	273	426
	273	425
	273	424
	273	423
	274	422
	275	422
	276	422
	277	422
	278	422
	279	422
	280	423
	281	424
	282	425
	282	426
	282	427
	283	428
	283	429
	283	430
	284	434
	284	436
	284	437
	285	440
	285	442
	286	444
	286	445
	287	446
	287	447
	287	448
	287	449
	287	450
	287	451
	288	451
	287	451
	287	450
	287	449
	287	448
	287	447
	286	446
	286	444
	286	443
	285	441
	285	440
	285	438
	285	436
	285	435
	285	433
	286	430
	286	429
	287	428
	288	427
	288	426
	289	425
	290	424
	291	423
	291	422
	292	422
	293	421
	294	421
.PEN_UP
.PEN_DOWN
	331	445
	332	444
	332	443
	331	442
	331	441
	332	440
	333	439
	334	438
	335	438
	336	438
	336	439
	335	440
	335	441
	334	442
	333	442
	332	443
	331	443
	330	442
	329	442
	329	441
	328	441
	328	440
	326	437
	326	436
	326	435
	326	434
	326	433
	326	432
	326	431
	327	430
	327	429
	328	428
	329	427
	331	426
	332	426
	333	426
	334	426
	335	426
.PEN_UP
.PEN_DOWN
	347	462
	346	461
	346	460
	346	459
	345	457
	345	456
	345	454
	345	450
	345	448
	345	446
	345	444
	346	442
	346	441
	346	439
	346	437
	346	436
	346	434
	346	433
	346	432
	346	430
	346	429
	346	428
	346	429
	347	430
	347	431
	347	432
	348	432
	348	433
	348	434
	349	435
	350	436
	351	437
	352	437
	353	437
	353	438
	354	438
	355	438
	356	438
	357	437
	357	436
	357	435
	357	434
	357	433
	357	432
	357	431
	358	430
	358	429
	358	428
	358	427
	358	426
.PEN_UP
.PEN_DOWN
	366	442
	367	442
	367	443
	368	443
	369	443
	370	443
	371	443
	372	443
	373	443
	374	442
	374	441
	374	440
	374	439
	374	438
	373	437
	372	436
	372	435
	370	433
	370	432
	369	431
	369	430
	369	429
	369	428
	369	427
	369	426
	370	426
	372	426
	373	426
	373	427
	374	427
	374	428
	375	428
	375	429
	375	430
	375	431
	375	432
	375	434
	375	435
	374	436
	374	437
	374	438
	374	439
	374	440
.PEN_UP
.PEN_DOWN
	387	443
	387	442
	387	441
	386	441
	386	440
	386	439
	386	438
	386	437
	386	434
	387	433
	387	432
	387	431
	387	430
	387	429
	388	428
	388	427
	388	428
	387	428
	387	429
	387	430
	387	431
	387	432
	387	433
	388	434
	388	437
	389	438
	389	439
	390	440
	390	441
	390	442
	391	442
	392	443
	393	443
	394	444
	396	445
	397	445
	398	445
	399	444
	400	444
.PEN_UP
.PEN_DOWN
	405	445
	405	444
	405	443
	405	441
	405	440
	405	439
	405	438
	405	437
	405	436
	405	435
	405	434
	405	433
	406	432
	406	431
	406	429
	406	428
	406	429
	406	430
	406	431
	406	432
	407	432
	407	433
	407	434
	407	435
	408	436
	408	437
	409	437
	409	438
	411	440
	411	441
	412	441
	412	442
	413	441
	413	440
	413	439
	413	438
	413	437
	413	436
	413	435
	414	434
	414	433
	414	432
	415	433
	415	434
	416	435
	417	436
	417	437
	418	438
	418	439
	419	439
	419	440
	420	441
	421	441
	421	442
	422	442
	423	442
	424	442
	424	441
	424	440
	424	439
	424	438
	424	437
	424	436
	424	435
	424	434
	425	434
	425	433
	426	432
	427	432
.PEN_UP
.PEN_DOWN
	434	440
	435	440
	436	440
	437	440
	438	440
	440	440
.PEN_UP
.PEN_DOWN
	464	445
	464	446
	463	446
	462	447
	461	447
	460	447
	460	446
	459	446
	458	446
	457	446
	457	445
	456	445
	455	444
	455	443
	456	443
	457	442
	458	442
	458	441
	459	441
	460	440
	461	440
	461	439
	463	437
	464	436
	464	435
	464	434
	464	433
	464	432
	464	431
	463	431
	462	430
	461	430
	460	430
	459	430
	458	430
	457	430
	456	431
	455	431
	454	432
.PEN_UP
.PEN_DOWN
	474	435
	475	435
	476	435
	476	436
	477	436
	478	436
	479	437
	480	437
	481	438
	481	439
	482	440
	482	441
	482	442
	482	443
	481	444
	480	444
	479	444
	478	444
	477	444
	476	443
	475	442
	474	441
	474	440
	473	439
	473	438
	473	437
	473	436
	473	435
	473	434
	474	433
	474	432
	475	432
	476	431
	477	430
	478	429
	479	429
	480	429
	481	429
.PEN_UP
.PEN_DOWN
	491	464
	491	463
	490	461
	490	460
	490	459
	489	457
	489	455
	489	454
	489	452
	489	450
	489	448
	489	446
	489	445
	490	443
	490	440
	490	439
	490	438
	490	437
	490	436
	490	435
	490	434
	490	433
	490	432
	490	431
	491	431
	492	431
	493	431
	494	431
	495	431
	497	432
.PEN_UP
.PEN_DOWN
	501	465
	501	464
	501	463
	501	462
	501	461
	501	460
	501	457
	501	456
	501	454
	501	453
	500	451
	500	450
	500	448
	500	446
	500	445
	500	443
	499	442
	499	441
	499	438
	499	437
	499	436
	499	435
	499	434
	499	433
	499	432
	500	432
	501	432
	502	432
	503	433
	504	433
	505	433
	505	434
	506	434
	507	434
	508	435
.PEN_UP
.PEN_DOWN
	514	441
	515	442
	516	443
	517	444
	517	445
	518	445
	519	446
	519	448
	519	449
	519	450
	519	451
	518	451
	517	451
	516	451
	515	451
	514	451
	514	450
	513	450
	512	449
	512	448
	511	448
	511	447
	511	446
	511	445
	511	444
	511	443
	511	442
	511	441
	512	440
	513	438
	513	437
	514	437
	514	436
	515	435
	515	434
	516	434
	516	433
	517	433
	518	432
	519	432
.PEN_UP
.PEN_DOWN
	528	449
	528	448
	528	447
	527	446
	527	445
	527	444
	527	443
	527	441
	527	440
	527	439
	527	437
	528	436
	528	435
	528	434
	528	433
	528	432
	528	433
	528	434
	528	435
	529	436
	529	437
	529	438
	529	439
	530	440
	530	441
	531	441
	532	442
	533	443
	535	443
	536	443
	538	443
	540	443
	542	443
	545	443
.PEN_UP
.PEN_DOWN
	553	436
	553	437
	554	437
.PEN_UP
.PEN_DOWN
	575	462
	576	462
	576	461
	576	460
	576	459
	576	458
	576	457
	576	455
	576	454
	576	452
	576	449
	576	445
	576	442
	576	440
	576	438
	576	437
	576	436
	576	434
	576	433
	576	432
	576	431
	576	430
	576	429
.PEN_UP
.PEN_DOWN
	576	459
	576	460
	577	461
	578	461
	579	461
	581	461
	582	461
	583	460
	585	460
	586	459
	587	458
	588	457
	589	455
	590	454
	590	453
	590	451
	590	450
	589	449
	589	448
	588	447
	588	446
	587	446
	586	445
	585	445
	583	444
	582	444
	581	444
	580	444
	579	444
	578	444
	579	445
	580	445
	581	445
	581	444
	582	444
	582	443
	583	443
	583	442
	584	441
	584	439
	586	437
	586	436
	587	435
	588	434
	588	433
	589	432
	589	431
	590	430
	590	429
	591	428
	592	428
	592	426
	593	426
.PEN_UP
.PEN_DOWN
	601	443
	601	442
	601	441
	602	441
	602	440
	602	439
	602	437
	602	436
	602	435
	602	434
	602	433
	602	432
	602	431
	602	430
.PEN_UP
.PEN_DOWN
	601	452
	601	453
	601	454
.PEN_UP
.PEN_DOWN
	609	444
	609	443
	610	441
	610	440
	610	439
	610	438
	610	437
	610	436
	610	435
	610	434
	610	433
	610	432
	610	431
	611	431
	611	430
	611	431
	611	432
	612	432
	612	433
	612	434
	613	435
	613	436
	614	437
	614	438
	615	438
	615	439
	616	440
	617	440
	618	440
	619	440
	619	439
	620	438
	620	436
	621	436
	621	435
	621	434
	621	433
	621	432
	621	431
	621	430
	621	429
.PEN_UP
.PEN_DOWN
	633	446
	632	446
	631	445
	630	444
	629	443
	628	442
	628	441
	628	440
	627	440
	627	439
	627	437
	627	436
	627	435
	627	434
	628	433
	628	432
	628	431
	629	431
	629	430
	630	430
	631	429
	632	429
	633	429
	633	430
	634	430
	635	430
	636	431
	637	431
	637	432
.PEN_UP
.PEN_DOWN
	643	440
	644	440
	645	440
	645	441
	646	441
	646	442
	647	443
	647	444
	647	445
	647	446
	646	446
	645	446
	644	446
	643	446
	643	445
	641	444
	640	443
	640	442
	639	442
	639	441
	639	440
	639	439
	639	438
	640	437
	641	435
	641	434
	642	433
	643	432
	644	431
	645	430
	646	430
.PEN_UP
.PEN_DOWN
	654	441
	654	442
	654	443
	654	442
	654	441
	654	440
	654	439
	654	438
	654	437
	654	436
	654	435
	655	433
	655	432
	656	431
	656	430
	657	430
	658	431
	658	432
	659	432
	659	433
	659	434
	660	435
	660	436
	660	437
	661	438
	661	439
	662	440
	662	439
	661	438
	661	437
	661	436
	662	436
	662	435
	662	434
	662	433
	663	432
	664	431
	665	431
	666	432
	667	433
	667	434
	667	435
	668	436
	668	437
	668	438
	668	439
	668	441
	668	442
	668	444
	667	445
.PEN_UP
.PEN_DOWN
	676	440
	676	439
	676	438
	675	437
	675	436
	675	435
	674	434
	674	433
	674	432
	674	431
	674	430
	675	429
	675	428
	675	427
	676	427
	677	427
	678	427
	679	427
	679	428
	680	428
	681	428
	681	429
.PEN_UP
.PEN_DOWN
	677	452
	678	452
	678	453
.PEN_UP
.PEN_DOWN
	687	442
	688	442
	688	443
	688	442
	688	441
	687	441
	687	440
	687	439
	687	438
	686	437
	686	436
	686	435
	686	433
	686	432
	686	431
	686	430
	686	429
	686	428
	687	428
	688	429
	688	430
	689	430
	689	431
	689	432
	690	433
	690	434
	691	435
	691	436
	693	437
	693	438
	694	438
	695	438
	696	438
	697	437
	697	436
	697	435
	697	434
	697	433
	696	432
	696	431
	696	430
	696	429
	697	428
.PEN_UP
.PEN_DOWN
	718	437
	718	438
	718	439
	717	439
	717	440
	717	441
	716	441
	715	441
	714	440
	712	439
	711	438
	710	437
	709	436
	708	435
	707	434
	707	433
	707	432
	707	431
	708	430
	709	430
	710	430
	711	430
	711	431
	712	432
	713	433
	714	434
	715	436
	716	437
	717	438
	717	440
	717	442
	718	444
	719	446
	719	448
	719	450
	720	451
	720	453
	720	454
	720	455
	720	456
	720	455
	720	454
	719	453
	718	450
	718	448
	718	446
	718	444
	718	442
	718	440
	718	438
	718	437
	719	435
	719	434
	720	433
	721	432
	723	431
.PEN_UP
.PEN_DOWN
	747	441
	747	442
	746	443
	745	443
	744	443
	743	442
	742	442
	741	441
	740	440
	739	440
	739	439
	738	437
	738	436
	738	435
	739	434
	739	433
	740	433
	741	433
	742	433
	742	434
	743	434
	744	434
	744	435
	745	436
	745	437
	746	438
	746	439
	746	440
	746	441
	747	442
	747	443
	748	443
	748	444
	748	443
	748	442
	748	441
	748	440
	748	439
	748	438
	749	437
	749	436
	749	434
	749	432
	749	430
	749	429
	749	427
	749	426
	749	424
	749	423
	748	423
	748	422
	748	421
	747	420
	746	419
	745	419
	744	419
	743	419
	742	419
	742	420
	740	421
	740	422
.PEN_UP
.PEN_DOWN
	760	441
	759	441
	757	441
	756	440
	755	439
	754	438
	753	437
	753	436
	753	435
	753	434
	753	433
	754	432
	755	431
	756	431
	757	431
	758	431
	759	431
	760	432
	761	432
	761	433
	762	434
	762	435
	762	437
	762	438
	762	439
	762	440
	761	441
	761	442
	760	443
.PEN_UP
.PEN_DOWN
	771	459
	771	458
	771	456
	770	455
	770	454
	770	453
	769	451
	769	450
	769	448
	768	447
	768	446
	768	444
	768	443
	768	441
	767	439
	767	438
	767	437
	767	436
	767	435
	767	434
	767	433
	768	433
	769	433
	770	433
	771	433
	772	433
	773	433
.PEN_UP
.PEN_DOWN
	768	445
	768	446
	769	446
	770	446
	772	445
	773	445
.PEN_UP
.PEN_DOWN
	794	440
	793	440
	792	440
	790	440
	790	439
	789	439
	787	438
	786	437
	785	436
	784	435
	784	434
	783	433
	783	432
	783	431
	783	430
	784	429
	785	429
	786	429
	787	429
	788	430
	789	430
	790	431
	790	432
	791	432
	792	433
	792	434
	793	435
	793	436
	794	437
	794	438
	795	441
	795	443
	796	444
	796	445
	796	446
	796	447
	796	448
	796	449
	796	448
	795	447
	795	446
	794	444
	794	442
	794	441
	794	439
	793	438
	793	437
	793	435
	793	434
	793	433
	794	432
	794	431
	794	430
	795	429
	796	428
	797	428
.PEN_UP
.PEN_DOWN
	807	440
	806	440
	805	440
	804	439
	803	439
	803	438
	802	438
	801	437
	801	436
	800	435
	800	434
	800	432
	800	431
	800	430
	801	429
	801	428
	802	428
	803	428
	804	429
	805	429
	806	430
	807	431
	808	432
	808	433
	808	434
	808	436
	808	437
.PEN_UP
.PEN_DOWN
	815	443
	814	442
	814	441
	814	440
	814	439
	813	437
	813	436
	813	435
	813	434
	813	433
	813	432
	813	431
	813	430
	814	431
	815	432
	815	433
	816	434
	817	435
	817	436
	817	437
	817	436
	818	435
	818	434
	818	433
	819	432
	820	432
	821	432
	822	432
	823	432
	823	433
	824	433
	824	434
	825	435
	825	436
	825	437
	826	438
	826	439
	826	440
	826	441
	826	442
.PEN_UP
.PEN_DOWN
	829	444
	829	443
	829	442
	829	441
	829	440
	829	439
	829	437
	829	436
	829	435
	829	434
	829	433
	829	432
	828	432
	828	431
	829	432
	829	433
	830	434
	831	435
	831	436
	832	437
	833	437
	833	438
	834	438
	834	439
	835	439
	836	439
	836	438
	836	437
	836	436
	836	435
	836	434
	836	432
	837	431
	838	430
	838	429
	839	429
	840	429
	841	428
	842	428
	843	428
	844	428
.PEN_UP
