
.WRITER_ID ArloReeves
.STYLE PRINTED
.PEN_DOWN
	99	396
	99	397
	99	398
	98	398
	98	399
	97	399
	96	400
	95	399
	94	399
	93	398
	92	397
	91	396
	90	395
	89	394
	88	393
	87	392
	85	389
	85	388
	84	387
	84	385
	84	384
	84	383
	85	382
	86	380
	87	380
	88	379
	89	378
	91	378
	94	378
	95	378
	96	379
	97	380
	99	380
	100	381
	100	382
	101	383
	102	384
	102	386
	103	387
	103	390
	103	392
	103	393
	103	395
	103	397
	102	398
	102	400
	101	401
	101	402
	101	403
	100	403
.PEN_UP
.PEN_DOWN
	96	390
	96	389
	97	389
	97	388
	97	386
	97	385
	97	384
	97	382
	98	380
	99	378
	99	377
	99	375
	100	374
	100	373
	101	372
	101	371
	102	371
	102	370
.PEN_UP
.PEN_DOWN
	121	402
	121	401
	120	401
	120	400
	119	399
	119	398
	119	397
	119	396
	119	393
	119	392
	119	391
	119	389
	120	388
	120	387
	120	385
	121	384
	122	383
	122	382
	123	382
	124	382
	125	382
	126	382
	127	382
	128	383
	129	383
	130	384
	131	385
	131	386
	132	387
	133	389
	134	390
	134	393
	135	395
	135	397
	136	398
	136	400
	136	401
	136	402
	136	403
.PEN_UP
.PEN_DOWN
	150	403
	150	402
	150	401
	150	400
	149	400
	149	398
	148	398
	148	396
	148	394
	149	393
	149	392
	149	390
	150	389
	150	388
	150	387
	151	386
	151	385
	152	384
.PEN_UP
.PEN_DOWN
	144	403
	145	403
	146	403
	147	403
	148	404
	150	404
	152	404
	153	405
.PEN_UP
.PEN_DOWN
	144	386
	144	385
	145	384
	146	384
	147	384
	148	384
	149	384
	150	384
	152	385
	154	385
.PEN_UP
.PEN_DOWN
	178	407
	177	407
	176	407
	175	407
	174	406
	173	405
	171	404
	170	403
	169	402
	168	401
	166	400
	165	397
	165	396
	165	394
	165	393
	165	392
	167	391
	168	389
	169	389
	170	388
	172	387
	173	387
	175	386
	178	386
	180	386
.PEN_UP
.PEN_DOWN
	194	409
	195	409
	195	408
	195	407
	195	405
	195	404
	195	402
	195	401
	195	399
	195	397
	196	395
	196	393
	196	392
	197	388
	198	387
	198	385
	198	384
	199	383
	199	382
	199	381
.PEN_UP
.PEN_DOWN
	210	407
	211	407
	210	406
	209	405
	208	404
	207	404
	207	403
	206	402
	205	402
	204	402
	203	402
	203	401
	202	401
	201	401
	201	400
	200	400
	199	400
	199	401
	200	401
	201	401
	201	400
	202	399
	202	398
	203	397
	203	396
	204	395
	205	394
	206	393
	207	392
	208	392
	209	391
	210	390
	212	389
	213	389
	214	388
	215	388
	216	388
	217	387
.PEN_UP
.PEN_DOWN
	225	408
	225	407
	225	406
	224	405
	224	404
	224	402
	224	401
	224	399
	224	398
	224	397
	224	396
	225	395
	225	393
	225	392
	225	391
	226	390
	226	389
	226	388
	225	388
	226	388
	227	388
	229	388
	230	388
	231	389
	232	389
	233	389
	234	389
	236	389
	237	389
	238	389
	239	390
.PEN_UP
.PEN_DOWN
	243	411
	244	411
	244	410
	245	410
	246	409
	246	408
	246	407
	247	407
	248	406
	248	405
	249	404
	249	403
	250	402
	251	402
	251	401
	252	400
	253	400
	253	401
	254	401
	255	402
	256	402
	257	403
	258	404
	258	405
	259	406
	259	407
	260	408
	260	410
	260	411
	261	413
	262	414
	262	415
	263	416
	263	417
.PEN_UP
.PEN_DOWN
	252	404
	252	402
	252	400
	252	398
	252	397
	252	396
	252	394
	252	393
	252	392
	252	390
	252	389
	252	388
	252	386
	253	385
	253	384
	253	383
	254	383
	254	382
.PEN_UP
.PEN_DOWN
	296	411
	297	410
	297	409
	297	408
	296	407
	296	405
	296	403
	296	401
	296	399
	296	396
	296	394
	296	393
	297	391
	297	389
	297	388
	297	387
	298	386
	298	385
	298	384
	298	383
.PEN_UP
.PEN_DOWN
	292	409
	293	409
	294	409
	296	409
	297	409
	299	409
	300	410
	302	410
	304	410
	306	410
	308	410
	309	410
	311	410
	312	410
.PEN_UP
.PEN_DOWN
	295	398
	295	397
	296	397
	297	397
	298	397
	299	397
	300	397
	302	397
	305	398
	307	398
	309	398
	310	398
	311	398
.PEN_UP
.PEN_DOWN
	320	402
	319	401
	318	400
	317	399
	316	399
	315	398
	314	398
	313	397
	313	396
	312	395
	312	394
	312	393
	313	391
	314	390
	314	389
	315	388
	317	388
	318	387
	320	387
	321	387
	323	387
	324	387
	325	387
	327	388
	327	389
	328	389
	328	390
	328	391
	328	393
	328	394
	327	395
	327	397
	326	398
	326	400
	325	401
	324	403
.PEN_UP
.PEN_DOWN
	336	407
	336	406
	336	405
	336	404
	336	403
	335	401
	335	400
	335	399
	335	398
	335	396
	335	395
	335	394
	336	392
	336	390
	336	389
	336	388
	336	387
	336	386
	336	385
.PEN_UP
.PEN_DOWN
	336	408
	337	409
	337	410
	338	410
	339	410
	340	410
	341	410
	342	410
	343	410
	344	409
	345	409
	346	408
	347	407
	348	407
	348	406
	349	405
	349	404
	349	403
	349	402
	348	402
	347	402
	346	402
	343	402
	342	402
	341	402
	340	402
	339	402
	339	401
	339	400
	339	399
	339	398
	339	397
	340	396
	340	395
	341	394
	342	393
	343	392
	344	390
	346	389
	347	388
	348	388
	349	387
	350	387
	350	386
	351	386
.PEN_UP
.PEN_DOWN
	365	406
	365	407
	364	407
	363	407
	362	407
	361	406
	360	406
	359	405
	359	404
	358	403
	357	402
	357	400
	356	399
	356	397
	356	396
	357	395
	357	393
	358	393
	359	392
	360	391
	361	390
	362	389
	364	389
	365	388
	366	387
	368	387
	369	387
.PEN_UP
.PEN_DOWN
	363	397
	364	397
	365	397
	366	397
	367	397
	368	397
	369	397
	371	397
	371	396
	372	396
	373	396
	374	396
	375	396
	375	397
	375	396
	375	395
	374	394
	374	393
	374	391
	373	390
	373	389
	373	387
	373	385
	373	384
	373	383
	374	382
	374	381
	375	381
	375	380
	376	380
.PEN_UP
.PEN_DOWN
	387	404
	386	404
	384	404
	383	404
	382	403
	382	402
	381	402
	381	401
	381	400
	381	398
	381	397
	381	396
	381	395
	383	392
	383	391
	384	390
	385	389
	386	389
	388	389
	389	389
	390	389
	391	389
	392	389
	392	390
	392	392
	392	393
	392	395
	392	396
	392	397
	392	399
	391	400
	390	401
	389	402
	389	403
	388	404
	387	404
.PEN_UP
.PEN_DOWN
	404	402
	404	401
	403	400
	402	399
	402	398
	402	397
	402	396
	402	394
	402	393
	402	392
	402	391
	402	390
	403	389
	403	387
	403	386
	403	385
	404	384
	404	383
.PEN_UP
.PEN_DOWN
	395	407
	396	407
	397	407
	399	407
	400	407
	401	408
	403	408
	405	408
	409	408
	410	408
	412	408
	413	408
	415	407
	416	407
	417	407
.PEN_UP
.PEN_DOWN
	436	399
	436	398
	436	396
	436	395
	436	394
	436	393
	436	391
	436	390
	436	389
	437	387
	437	386
	438	384
	438	383
	438	382
	438	381
	439	381
.PEN_UP
.PEN_DOWN
	449	407
	450	406
	450	405
	450	404
	449	403
	449	402
	449	401
	448	399
	448	398
	448	396
	448	393
	448	392
	448	390
	448	389
	449	387
	449	386
	450	384
	450	383
	451	382
	451	381
	451	380
.PEN_UP
.PEN_DOWN
	439	390
	440	390
	441	390
	442	390
	443	390
	444	391
	446	391
	449	392
	450	392
	452	392
.PEN_UP
.PEN_DOWN
	464	399
	463	399
	462	399
	461	398
	460	398
	458	396
	457	395
	456	394
	455	393
	455	391
	455	390
	455	389
	456	388
	457	387
	457	386
	458	385
	460	384
	462	383
	464	383
	465	383
	466	383
	467	384
	468	385
	468	387
	468	390
	468	391
	467	392
	467	393
	467	395
	466	396
	466	398
.PEN_UP
.PEN_DOWN
	473	402
	473	401
	473	399
	474	398
	474	397
	474	396
	474	395
	474	394
	475	393
	475	392
	475	391
	476	389
	476	388
	477	388
	477	387
	478	388
	478	389
	479	390
	479	392
	480	393
	480	394
	481	395
	482	396
	482	397
	483	397
	483	398
	484	398
	484	397
	484	396
	484	395
	484	393
	484	392
	485	391
	485	390
	485	389
	486	388
	486	386
	487	385
	488	384
	489	384
	489	383
	490	381
	491	381
	491	380
	492	380
	492	381
	493	382
	493	383
	494	386
	494	387
	494	389
	495	391
	495	393
	495	394
	496	397
	496	398
.PEN_UP
.PEN_DOWN
	529	398
	530	398
	530	397
	530	396
	530	395
	530	394
	530	393
	529	392
	529	391
	529	390
	529	389
	529	388
	528	386
	528	385
	528	384
	528	382
	528	381
	528	379
	528	378
	528	377
.PEN_UP
.PEN_DOWN
	518	399
	518	400
	519	400
	520	400
	521	400
	522	400
	523	400
	526	400
	528	399
	529	399
	531	399
	533	399
.PEN_UP
.PEN_DOWN
	541	399
	541	398
	540	398
	540	397
	539	397
	539	396
	539	395
	538	394
	537	393
	537	391
	537	390
	537	388
	537	385
	537	384
	537	383
	538	382
	539	381
	539	380
	540	379
	541	379
	542	379
	543	379
	543	380
	544	381
	545	382
	545	383
	545	385
	545	386
	545	388
	545	390
	545	392
	545	393
	545	395
.PEN_UP
.PEN_DOWN
	574	400
	573	400
	573	399
	573	398
	573	397
	573	395
	573	394
	573	393
	573	392
	573	391
	573	390
	574	389
	574	388
	574	387
	574	386
	575	386
	575	385
	575	384
	576	384
	577	384
	577	385
	578	386
	578	387
	579	389
	579	390
	579	391
	580	392
	580	393
	581	394
	581	395
	581	396
	582	397
	582	398
	583	398
	583	399
	584	399
	584	398
	585	397
	585	396
	585	395
	585	394
	585	393
	585	392
	585	391
	586	390
	586	389
	586	387
	586	386
	587	385
	587	383
	588	383
	588	382
	589	382
	590	382
	591	382
	591	383
	592	384
	593	385
	593	386
	593	387
	594	388
	594	389
	594	391
	595	392
	595	393
	595	395
	596	396
	596	398
.PEN_UP
.PEN_DOWN
	606	399
	606	398
	606	397
	605	395
	604	394
	604	393
	603	392
	602	391
	601	389
	600	389
	599	387
	598	385
	597	384
	596	383
	596	382
	596	381
	596	380
	596	379
.PEN_UP
.PEN_DOWN
	605	401
	606	401
	606	400
	607	400
	607	399
	608	397
	608	396
	609	395
	609	393
	610	392
	610	391
	610	389
	611	388
	612	386
	612	385
	612	384
	613	383
	613	380
	614	380
	614	379
	615	378
	615	377
.PEN_UP
.PEN_DOWN
	599	389
	600	389
	601	389
	602	389
	603	389
	604	389
	605	389
	607	389
	608	389
	609	389
.PEN_UP
.PEN_DOWN
	623	399
	623	398
	622	397
	622	396
	621	396
	621	395
	621	394
	621	393
	621	392
	621	390
	621	389
	621	388
	621	387
	621	386
	621	385
	621	384
	621	383
	621	382
	621	381
	621	380
	621	381
	622	381
	624	381
	625	381
	626	381
	626	382
	627	382
	628	382
	629	382
	630	382
	631	383
	632	383
.PEN_UP
.PEN_DOWN
	649	396
	649	395
	649	394
	649	393
	649	392
	649	391
	649	390
	649	389
	648	388
	648	387
	648	386
	648	384
	648	383
	648	382
	648	380
	648	378
	648	377
	647	376
	647	375
	647	374
	647	373
.PEN_UP
.PEN_DOWN
	639	398
	640	397
	641	397
	642	397
	643	397
	644	397
	646	397
	647	397
	648	397
	650	397
	653	396
	655	396
.PEN_UP
.PEN_DOWN
	660	394
	661	394
	662	394
	663	394
	664	395
	665	395
	666	395
	667	395
	668	395
	669	395
	670	395
	671	395
	672	395
	671	395
	671	394
	671	393
	670	393
	670	392
	670	391
	670	390
	669	389
	669	388
	668	387
	667	386
	667	385
	666	383
	665	382
	665	381
	664	380
	664	379
	664	378
	664	377
	665	376
	666	376
	667	376
	669	376
	670	376
	671	376
	672	376
	673	376
	674	376
	675	376
	676	376
	677	376
	678	376
.PEN_UP
.PEN_DOWN
	660	391
	661	391
	662	391
	663	391
	664	391
	665	391
	666	390
	669	390
	670	390
	672	390
	674	389
	675	389
.PEN_UP
