
.WRITER_ID ArloReeves
.STYLE PRINTED
.PEN_DOWN
	97	405
	98	405
	98	406
	98	407
	98	408
	98	409
	98	410
	98	411
	97	411
	97	412
	97	413
	96	413
	95	413
	94	413
	93	412
	92	411
	91	410
	88	408
	87	406
	86	405
	85	403
	85	401
	84	400
	84	399
	84	398
	84	397
	84	396
	85	396
	85	395
	86	394
	87	394
	88	394
	89	394
	90	394
	91	395
	92	396
	93	397
	94	399
	95	401
	95	402
	96	403
	96	404
	96	405
	97	406
	97	407
	97	408
	97	407
	97	406
	97	405
	97	404
	97	403
.PEN_UP
.PEN_DOWN
	111	419
	111	418
	110	417
	110	416
	109	415
	109	414
	109	413
	108	412
	108	410
	108	409
	108	407
	108	406
	108	405
	108	404
	108	403
	108	402
	108	401
	108	402
	109	403
	109	404
	109	405
	110	406
	110	407
	110	408
	110	409
	111	410
	112	411
	112	412
	113	412
	113	413
	114	414
	114	415
	115	415
	116	416
	117	416
	117	415
	116	414
	116	413
	116	412
	116	410
	116	409
	116	408
	116	407
	116	406
	116	405
	116	404
	117	403
	117	402
	118	400
	119	400
	120	400
	121	400
	122	400
.PEN_UP
.PEN_DOWN
	166	418
	166	419
	165	419
	164	419
	163	419
	163	418
	161	418
	161	417
	160	416
	159	415
	158	414
	158	413
	157	411
	157	410
	157	408
	157	406
	157	405
	158	405
	158	404
	159	403
	160	402
	161	402
	163	402
	164	402
	165	404
	166	405
	166	406
	167	408
	167	409
	167	410
	167	411
	167	413
	166	414
	166	416
	166	418
	166	419
	166	420
.PEN_UP
.PEN_DOWN
	178	418
	177	418
	177	417
	177	416
	176	415
	176	414
	176	412
	176	411
	176	410
	176	409
	176	408
	177	407
	177	406
	177	405
	177	404
	177	403
	177	404
	177	405
	177	406
	178	408
	178	409
	179	410
	179	411
	180	412
	181	413
	181	414
	182	414
	183	415
	185	416
	185	417
	186	417
	187	417
	187	418
	187	417
	187	416
	187	415
	187	414
	187	413
	187	412
	187	411
	187	410
	187	409
	187	407
	187	406
	188	404
	188	403
	188	402
	189	402
	189	401
	190	401
	191	401
	192	401
	193	401
	194	402
	195	402
	196	403
	198	404
.PEN_UP
.PEN_DOWN
	208	409
	208	410
	209	411
	210	411
	211	411
	212	412
	213	412
	214	413
	215	413
	215	414
	215	415
	215	416
	215	417
	215	418
	214	418
	213	418
	212	418
	211	418
	210	417
	209	417
	209	416
	208	416
	208	415
	207	414
	206	413
	206	412
	206	411
	205	410
	205	409
	205	408
	206	407
	206	406
	207	405
	208	405
	209	404
	211	404
	212	403
	214	403
	215	403
	216	403
	217	403
.PEN_UP
.PEN_DOWN
	251	438
	251	437
	250	436
	250	434
	249	431
	249	430
	249	428
	249	426
	249	424
	249	422
	248	420
	248	418
	248	417
	248	415
	248	414
	248	412
	248	410
	248	409
	247	409
	247	408
	246	409
	246	410
	246	412
	247	413
	247	414
	248	414
	248	415
	249	416
	250	417
	250	418
	251	419
	253	420
	255	421
	255	422
	256	422
	257	422
	257	421
	258	421
	258	420
	257	420
	257	419
	256	419
	256	418
	255	418
	254	418
	253	418
	252	418
	252	417
	253	416
	254	415
	255	414
	256	413
	256	412
	257	412
	259	410
	259	409
	260	409
	261	408
	261	407
	262	407
.PEN_UP
.PEN_DOWN
	271	424
	271	423
	271	422
	271	421
	271	420
	271	419
	271	418
	271	416
	271	415
	271	414
	271	413
	271	412
	271	411
	270	410
	270	409
	270	410
	270	411
	271	411
	271	412
	271	413
	271	414
	272	416
	273	416
	273	417
	274	418
	275	419
	276	420
	277	421
	278	422
	279	422
	279	421
	279	420
	279	419
	279	417
	279	416
	279	415
	279	414
	279	413
	279	412
	279	411
	279	410
	280	410
	280	409
	281	409
	281	408
	282	408
.PEN_UP
.PEN_DOWN
	291	416
	292	417
	293	417
	293	418
	294	418
	295	418
	296	419
	297	419
	297	420
	298	420
	299	420
	299	421
	300	421
	300	422
	299	422
	299	423
	298	423
	297	423
	296	423
	295	423
	295	422
	294	422
	294	421
	293	421
	293	420
	292	419
	291	418
	290	418
	290	417
	290	416
	290	415
	290	414
	290	413
	290	412
	290	411
	291	410
	291	409
	293	409
	294	409
	295	409
	296	409
	297	409
.PEN_UP
.PEN_DOWN
	306	415
	307	415
	307	416
	308	417
	309	418
	310	418
	311	419
	312	419
	313	420
	314	420
	314	421
	314	422
	313	422
	313	423
	312	423
	311	423
	310	423
	309	423
	308	422
	307	422
	306	421
	306	420
	305	419
	305	418
	304	417
	304	416
	304	415
	304	414
	304	413
	304	412
	305	412
	306	411
	306	410
	308	410
	311	409
	312	409
.PEN_UP
.PEN_DOWN
	319	409
	319	408
	319	407
	319	406
	318	405
	318	404
	317	403
	316	402
	315	401
	314	399
.PEN_UP
.PEN_DOWN
	356	437
	357	437
	357	436
	356	435
	356	434
	356	432
	356	431
	355	429
	355	428
	355	426
	355	424
	355	423
	355	421
	355	419
	355	417
	355	416
	355	413
	354	412
	354	411
	354	410
	353	409
.PEN_UP
.PEN_DOWN
	348	424
	349	424
	350	424
	351	424
	354	424
	355	424
	357	425
	359	425
	361	425
	362	426
.PEN_UP
.PEN_DOWN
	365	438
	365	437
	365	436
	365	435
	365	434
	365	433
	365	432
	364	431
	364	430
	364	428
	364	427
	364	423
	364	422
	364	421
	364	419
	364	418
	364	417
	364	416
	364	415
	364	414
	364	413
	364	412
	364	413
	364	414
	364	415
	364	416
	365	418
	365	419
	365	420
	366	421
	367	422
	368	423
	369	423
	369	424
	370	424
	371	424
	372	424
	373	424
	374	424
	374	423
	373	422
	373	421
	373	420
	373	419
	373	418
	372	417
	372	416
	372	415
	372	414
	372	412
	373	411
	373	410
	374	410
	375	410
	376	411
.PEN_UP
.PEN_DOWN
	382	420
	383	420
	384	421
	385	421
	386	422
	387	423
	388	423
	389	423
	390	424
	390	425
	391	425
	391	426
	390	426
	389	426
	388	426
	387	426
	386	425
	385	425
	384	424
	384	423
	383	423
	383	422
	381	420
	381	419
	381	418
	381	417
	381	416
	381	415
	381	414
	382	413
	383	412
	384	411
	385	410
	386	410
	387	410
.PEN_UP
.PEN_DOWN
	411	441
	411	440
	411	439
	410	437
	409	435
	409	434
	409	432
	409	429
	409	428
	409	426
	409	424
	409	423
	408	421
	408	420
	408	419
	408	418
	408	417
	408	416
	408	417
	408	418
	408	419
	408	421
	408	422
	409	424
	409	425
	409	426
	410	426
	411	427
	412	427
	413	428
	414	428
	415	428
	416	428
	417	427
	417	426
	417	425
	417	424
	417	423
	417	422
	417	421
	416	420
	415	420
	414	419
	413	419
	412	419
	411	419
	410	419
	409	419
	408	420
.PEN_UP
.PEN_DOWN
	422	421
	423	421
	423	422
	424	422
	425	423
	426	423
	427	424
	427	425
	428	425
	428	426
	428	427
	428	428
	427	428
	426	428
	425	428
	424	428
	424	427
	423	426
	422	424
	422	423
	422	422
	422	421
	422	420
	422	419
	422	418
	423	418
	423	417
	424	416
	425	416
	426	415
	427	415
	428	415
.PEN_UP
.PEN_DOWN
	442	443
	442	442
	442	441
	441	440
	441	439
	440	438
	440	437
	440	436
	439	435
	439	433
	438	432
	438	430
	438	429
	438	427
	437	424
	437	423
	437	422
	437	420
	437	419
	437	418
	437	417
	437	416
	437	415
	438	416
	439	416
	440	417
	441	417
	441	418
	442	418
	443	418
.PEN_UP
.PEN_DOWN
	434	429
	434	428
	435	428
	436	428
	437	428
	438	429
	440	429
.PEN_UP
.PEN_DOWN
	454	441
	454	440
	453	439
	453	438
	453	437
	453	436
	453	435
	453	434
	453	433
	453	432
	453	431
	453	429
	452	428
	452	427
	452	426
	452	425
	452	423
	451	422
	451	421
	451	420
	451	419
	450	419
	450	418
	450	417
	451	417
	452	417
	453	417
	454	417
	454	418
	455	418
	456	418
	457	418
	458	418
	458	419
	459	419
.PEN_UP
.PEN_DOWN
	448	429
	449	429
	450	429
	451	429
	452	429
	453	429
.PEN_UP
.PEN_DOWN
	469	426
	469	425
	470	425
	470	426
	471	427
	472	427
	473	427
	473	428
	474	428
	475	428
	476	428
	476	429
	477	429
	477	430
	476	431
	476	432
	475	432
	474	432
	473	432
	473	431
	472	431
	471	430
	470	430
	470	429
	469	429
	469	428
	468	428
	468	427
	467	426
	467	425
	466	423
	466	422
	466	421
	466	420
	467	419
	468	418
	469	417
	470	416
	471	416
	473	415
	474	415
	475	415
	476	415
	477	415
.PEN_UP
.PEN_DOWN
	486	428
	485	427
	485	426
	485	425
	485	424
	485	423
	485	422
	485	420
	485	418
	486	418
	486	417
	486	416
	486	415
	486	416
	486	417
	486	418
	486	419
	486	420
	486	421
	486	422
	487	423
	488	424
	489	425
	490	425
	490	426
	491	426
	492	427
	493	427
	495	428
	496	428
	499	428
.PEN_UP
