
.WRITER_ID ArloReeves
.STYLE PRINTED
.PEN_DOWN
	87	428
	87	429
	87	430
	87	431
	87	432
	87	433
	87	432
	87	430
	87	428
	87	426
	87	423
	87	418
	86	414
	86	411
	86	408
	86	405
	86	402
	87	399
	87	397
	87	395
	88	393
	88	391
	89	390
.PEN_UP
.PEN_DOWN
	113	415
	113	416
	113	417
	112	417
	111	418
	110	418
	109	418
	108	418
	107	418
	106	418
	105	417
	103	416
	102	415
	101	414
	100	413
	98	410
	98	409
	98	408
	98	406
	98	405
	98	404
	99	403
	99	402
	100	402
	101	402
	102	402
	104	402
	104	403
	105	403
	106	404
	107	405
	108	405
	108	406
	109	407
	109	409
	110	411
	110	413
	110	414
	110	415
	110	416
	110	417
	110	418
	109	418
	109	417
	109	416
	108	416
	108	415
	108	414
	108	413
	108	411
	108	410
	109	409
	109	407
	109	405
	110	402
	111	400
	112	399
	113	398
	114	397
	115	396
	117	396
	119	395
	120	395
	122	395
.PEN_UP
.PEN_DOWN
	134	421
	134	420
	134	419
	134	417
	134	416
	134	414
	134	413
	134	411
	134	409
	134	407
	134	406
	134	404
	135	403
	135	402
	136	400
	136	399
	136	398
	136	397
.PEN_UP
.PEN_DOWN
	130	408
	131	409
	132	409
	133	410
	135	410
	136	410
	137	411
	138	411
	141	411
.PEN_UP
.PEN_DOWN
	157	431
	157	430
	157	429
	157	428
	158	427
	158	426
	158	424
	158	423
	158	421
	159	419
	159	417
	159	415
	159	411
	159	409
	159	407
	159	406
	159	405
	160	404
	160	403
	160	402
	160	403
	160	404
	161	405
	161	406
	161	407
	162	408
	162	409
	163	410
	164	411
	165	411
	166	411
	167	411
	168	411
	169	410
	170	409
	170	408
	170	407
	170	406
	170	405
	170	403
	170	402
	169	401
	169	400
	168	400
	167	399
	166	399
	165	398
	164	398
	163	398
	162	399
.PEN_UP
.PEN_DOWN
	187	437
	188	436
	188	435
	188	433
	188	432
	188	430
	188	428
	188	426
	188	424
	189	421
	189	419
	189	416
	189	414
	190	411
	190	409
	190	405
	190	403
	190	401
	190	400
	190	398
	190	397
	190	396
	190	395
.PEN_UP
.PEN_DOWN
	220	424
	220	423
	219	423
	219	422
	218	422
	218	421
	217	421
	217	420
	217	419
	216	418
	215	418
	215	417
	214	416
	213	416
	212	415
	211	415
	210	414
	209	414
	208	414
	208	413
	207	413
	206	413
	205	412
	206	412
	207	411
	208	411
	209	410
	210	409
	211	408
	212	407
	214	407
	215	406
	217	405
	218	404
	220	404
	222	402
	223	402
	224	401
	225	400
.PEN_UP
.PEN_DOWN
	223	409
	224	409
	225	409
	226	409
	227	409
	228	409
	230	409
	231	409
	233	409
	234	409
	236	409
.PEN_UP
.PEN_DOWN
	227	414
	228	414
	229	414
	229	415
	230	415
	231	415
	234	416
	236	416
	237	417
.PEN_UP
.PEN_DOWN
	268	429
	268	428
	268	427
	268	426
	268	425
	268	423
	268	422
	268	419
	268	418
	268	416
	268	414
	268	411
	268	409
	269	406
	270	404
	270	403
	271	401
.PEN_UP
.PEN_DOWN
	292	422
	292	423
	291	424
	291	425
	290	425
	288	425
	287	425
	286	425
	285	424
	284	424
	283	423
	282	422
	281	421
	280	420
	279	418
	278	415
	278	414
	278	413
	279	412
	279	411
	280	410
	281	410
	282	410
	283	410
	284	410
	285	412
	286	413
	287	414
	287	415
	288	416
	288	417
	288	418
	289	419
	289	420
	289	421
	289	420
	289	419
	289	418
	289	417
	289	416
	289	414
	290	412
	291	411
	291	410
	293	409
	294	408
	295	407
	296	407
	297	406
	299	406
	301	406
.PEN_UP
.PEN_DOWN
	309	435
	308	434
	308	433
	307	432
	307	431
	307	429
	307	427
	307	426
	307	422
	308	420
	308	418
	308	416
	309	414
	309	412
	310	411
	310	409
	311	408
	311	406
	311	405
	312	404
.PEN_UP
.PEN_DOWN
	332	430
	332	429
	332	428
	331	427
	331	426
	331	425
	331	424
	331	423
	331	421
	331	420
	331	419
	332	418
	332	416
	332	415
	332	413
	332	412
	332	411
	332	410
.PEN_UP
.PEN_DOWN
	324	420
	325	420
	326	420
	327	420
	328	420
	329	420
	332	420
	333	420
.PEN_UP
.PEN_DOWN
	354	437
	355	437
	355	436
	356	436
	356	435
	356	434
	356	433
	356	432
	356	431
	356	429
	356	428
	356	427
	356	425
	357	423
	357	421
	357	419
	357	416
	357	414
	357	412
	357	411
	357	409
	357	407
	357	406
.PEN_UP
.PEN_DOWN
	372	434
	372	433
	372	432
	372	431
	372	429
	372	428
	372	426
	372	425
	372	423
	372	421
	372	418
	372	416
	372	415
	372	414
	372	413
	373	412
	373	411
	373	410
	373	411
	373	412
	373	413
	373	414
	374	416
	374	417
	374	418
	375	418
	375	419
	376	419
	378	420
	379	420
	380	419
	381	419
	381	418
	382	417
	382	416
	382	415
	382	414
	382	413
	382	412
	381	411
	380	411
	379	411
	378	411
	377	411
	376	411
	375	411
	373	412
	372	413
.PEN_UP
.PEN_DOWN
	394	439
	394	438
	394	437
	394	436
	394	435
	393	433
	393	432
	393	430
	393	428
	393	425
	394	423
	394	421
	394	419
	394	418
	395	416
	395	414
	395	413
	395	412
	395	411
.PEN_UP
