
.WRITER_ID ArloReeves
.STYLE PRINTED
.PEN_DOWN
	102	438
	102	437
	101	436
	101	435
	101	434
	101	433
	100	431
	100	430
	100	428
	99	426
	99	423
	99	421
	98	416
	98	413
	98	411
	98	409
	98	406
	98	404
	98	403
	98	401
	98	400
	98	399
	98	398
.PEN_UP
.PEN_DOWN
	112	439
	112	438
	112	437
	111	436
	111	435
	111	433
	111	431
	111	430
	111	428
	111	426
	111	424
	111	422
	111	419
	111	415
	111	414
	111	412
	111	410
	111	408
	111	407
	111	405
	111	404
	111	403
	111	402
.PEN_UP
.PEN_DOWN
	98	415
	99	415
	100	415
	101	415
	102	415
	104	416
	105	416
	107	417
	109	417
	111	418
	112	418
.PEN_UP
.PEN_DOWN
	119	416
	120	416
	120	417
	121	417
	122	418
	123	418
	125	420
	126	421
	127	421
	127	422
	128	422
	128	423
	128	424
	127	424
	126	424
	125	424
	125	423
	124	423
	123	423
	122	423
	122	422
	121	421
	120	421
	119	420
	118	419
	118	418
	117	418
	117	417
	116	416
	116	415
	116	414
	116	412
	116	411
	117	410
	117	409
	118	408
	118	407
	119	406
	119	405
	121	405
	122	405
	123	405
	125	405
	129	405
.PEN_UP
.PEN_DOWN
	164	422
	164	421
	164	420
	164	419
	164	418
	164	417
	164	415
	164	414
	164	413
	165	410
	165	409
	165	407
	165	406
	165	405
	166	404
	166	403
	166	402
	166	401
	167	401
	167	402
	167	403
	168	404
	168	405
	169	405
	169	407
	169	408
	170	409
	170	410
	170	412
	170	413
	171	414
	171	415
	171	416
	171	417
	172	417
	172	416
	172	415
	172	414
	172	413
	173	413
	173	412
	173	411
	173	410
	174	409
	175	408
	175	407
	175	406
	175	405
	176	404
	176	403
	176	404
	177	405
	177	406
	178	407
	178	408
	178	409
	178	411
	178	412
	179	414
	179	415
	179	417
	180	418
	181	420
	181	421
	181	422
.PEN_UP
.PEN_DOWN
	186	422
	187	422
	188	422
	189	422
	191	422
	192	421
	192	420
	192	419
	192	418
	192	417
	192	416
	192	414
	192	413
	192	412
	192	411
	192	412
	191	412
	191	413
	190	413
	189	413
	189	412
	188	412
	187	411
	186	410
	186	409
	186	408
	186	407
	186	406
	187	405
	188	405
	189	405
	191	405
	192	406
	193	406
	194	406
	194	407
	194	408
	194	409
	194	411
	194	412
	194	413
	193	414
	193	415
	192	415
	192	416
.PEN_UP
.PEN_DOWN
	204	424
	204	423
	203	423
	202	423
	201	422
	201	421
	201	420
	201	419
	201	418
	202	418
	203	417
	203	416
	204	415
	204	414
	205	414
	205	413
	205	412
	206	410
	206	409
	206	408
	206	407
	206	406
	205	406
	204	405
	203	405
	201	405
	200	405
.PEN_UP
.PEN_DOWN
	239	422
	239	421
	238	420
	238	419
	238	418
	238	415
	238	414
	238	413
	238	411
	238	410
	239	409
	239	408
	240	406
	241	405
	242	404
	244	404
	245	404
	245	405
	246	405
	246	406
	247	407
	248	408
	248	409
	249	411
	249	412
	249	414
	250	417
	250	419
	250	420
	250	422
	250	423
	250	424
.PEN_UP
.PEN_DOWN
	263	424
	262	424
	261	424
	261	423
	260	423
	259	423
	258	422
	257	422
	257	421
	256	421
	256	420
	256	419
	257	418
	258	418
	259	417
	260	417
	261	416
	262	415
	263	415
	264	413
	265	413
	265	412
	266	411
	266	410
	266	409
	266	408
	265	408
	265	407
	263	406
	262	406
	261	406
	260	406
	259	406
	258	406
	257	406
	256	406
.PEN_UP
.PEN_DOWN
	276	424
	276	423
	275	423
	275	422
	275	421
	274	420
	274	418
	274	417
	274	415
	275	414
	275	413
	276	412
	276	410
	277	409
	278	408
	278	407
	280	407
	281	407
	282	407
	283	408
	283	409
	284	409
	284	410
	284	411
	284	413
	285	414
	285	415
	285	418
	285	419
	285	421
.PEN_UP
.PEN_DOWN
	294	421
	295	421
	296	421
	297	421
	298	421
	299	421
	300	421
	301	421
	301	420
	301	419
	301	418
	301	417
	300	417
	300	416
	300	415
	299	414
	299	413
	299	412
	299	411
	300	411
	301	410
	300	410
	299	410
	298	409
	297	409
	296	409
	295	409
	294	408
	294	407
	294	406
	294	405
	295	405
	296	405
	297	405
	298	405
	299	405
	300	405
	301	405
	301	406
	302	406
	302	407
	302	408
	302	409
	302	410
	302	411
	302	412
	301	413
.PEN_UP
.PEN_DOWN
	313	439
	313	438
	313	437
	313	436
	313	435
	313	431
	313	429
	313	428
	313	426
	313	423
	313	422
	312	420
	312	418
	312	416
	312	414
	312	412
	311	411
	311	408
	311	407
	311	405
	310	404
.PEN_UP
.PEN_DOWN
	320	442
	321	442
	321	441
	321	440
	321	439
	321	438
	321	437
	321	435
	321	434
	321	432
	321	430
	321	428
	321	426
	321	424
	321	420
	320	418
	320	416
	320	414
	319	413
	319	412
	319	410
	319	409
	318	408
	318	407
.PEN_UP
.PEN_DOWN
	326	425
	327	425
	328	426
	329	426
	329	425
	329	424
	328	423
	328	422
	328	421
	327	420
	327	419
	327	418
	327	417
	327	416
	327	415
	327	414
	328	413
	329	413
	330	413
	331	414
	332	415
	332	416
	333	417
	333	418
	333	419
	334	420
	334	421
	334	420
	334	419
	335	418
	335	417
	335	416
	335	415
	335	414
	335	411
	335	409
	335	408
	335	405
	335	404
	335	402
	335	400
	335	399
	335	397
	335	396
	335	395
	334	394
	333	393
	332	393
	331	393
	329	393
	328	393
	327	393
	326	394
	325	394
	324	394
	324	395
	323	396
.PEN_UP
.PEN_DOWN
	373	425
	372	425
	372	426
	371	426
	370	427
	369	427
	368	427
	368	426
	367	426
	367	425
	366	425
	366	424
	365	423
	364	422
	364	421
	363	420
	363	419
	363	418
	363	417
	363	416
	363	415
	364	414
	364	413
	365	413
	365	412
	366	412
	367	412
	368	412
	369	413
	369	414
	370	415
	371	416
	371	417
	372	419
	373	420
	373	422
	373	423
	374	425
	374	427
	374	429
	375	431
	375	432
	376	434
	377	435
	377	436
	378	438
	378	439
	378	440
	378	441
	378	442
	377	442
	377	441
	376	441
	376	440
	376	439
	376	438
	375	437
	375	434
	375	433
	374	431
	374	429
	374	427
	374	425
	374	423
	374	422
	374	420
	374	418
	375	417
	375	416
	377	414
	378	414
	379	414
.PEN_UP
.PEN_DOWN
	389	424
	388	423
	387	422
	387	421
	387	420
	387	419
	387	418
	387	416
	387	415
	387	414
	388	414
	388	413
	388	412
	389	412
	390	412
	390	413
	391	413
	392	413
	392	414
	393	414
	394	414
	395	415
	395	416
	396	416
.PEN_UP
.PEN_DOWN
	391	433
	392	433
	392	434
	392	433
.PEN_UP
.PEN_DOWN
	412	426
	413	426
	413	427
	412	428
	411	428
	410	428
	409	428
	408	428
	407	428
	406	427
	407	427
	409	426
	410	425
	411	425
	412	424
	412	423
	413	423
	414	422
	414	421
	415	420
	415	419
	415	418
	415	417
	415	416
	414	415
	413	414
	412	414
	411	413
	410	413
	409	412
	408	412
	407	412
	406	412
	405	413
	404	414
.PEN_UP
.PEN_DOWN
	428	427
	428	428
	429	428
	429	429
	430	429
	430	430
	431	430
	432	430
	433	430
	434	430
	435	429
	435	428
	434	427
	434	426
	433	425
	432	424
	432	423
	431	422
	431	421
	431	420
	431	419
	431	418
	431	417
	431	416
	432	416
	432	415
	433	415
	434	415
	434	416
	434	417
	434	418
	434	419
	434	420
	434	421
	434	422
	433	423
	433	424
	432	424
.PEN_UP
.PEN_DOWN
	450	428
	450	427
	450	426
	450	425
	450	424
	449	423
	449	421
	449	420
	449	418
	448	416
	448	414
	448	412
	447	407
	447	405
	447	403
	447	400
	447	399
	447	397
	446	395
	446	394
	446	393
	446	391
	446	390
	446	388
.PEN_UP
.PEN_DOWN
	447	425
	447	426
	448	426
	449	427
	450	427
	451	427
	453	427
	456	427
	457	427
	458	427
	459	427
	460	426
	461	426
	461	425
	461	424
	461	423
	460	422
	460	421
	459	420
	456	418
	455	418
	453	417
	452	416
	451	416
	450	415
	449	415
	448	415
.PEN_UP
.PEN_DOWN
	469	425
	468	424
	468	423
	468	422
	468	421
	467	419
	467	418
	467	414
	467	413
	467	411
	467	409
	467	407
	467	405
	467	404
	467	402
	467	401
	467	400
	467	399
	467	398
	467	397
	467	396
	466	396
.PEN_UP
.PEN_DOWN
	466	428
	467	429
	468	429
	469	429
	470	429
	471	429
	474	429
	475	429
	476	428
	476	427
	477	426
	478	425
	478	423
	478	421
	477	420
	477	419
	475	418
	474	417
	473	416
	472	415
	471	415
	470	414
	469	414
	468	414
.PEN_UP
.PEN_DOWN
	485	423
	486	424
	486	425
	486	426
	485	426
	483	425
	482	424
	482	423
	481	423
	481	422
	481	421
	481	420
	481	419
	481	418
	481	417
	481	416
	482	414
	483	414
	483	413
	484	413
	485	413
	486	413
	487	414
	488	415
	488	417
	488	418
	489	418
	489	420
	489	421
	489	422
	489	423
	489	424
	488	425
	488	426
.PEN_UP
.PEN_DOWN
	499	427
	499	426
	499	425
	499	424
	499	423
	498	422
	498	421
	498	420
	498	419
	498	418
	497	416
	497	415
	497	414
	497	413
	498	413
	499	413
	499	414
	500	414
	501	415
	502	415
	502	416
	503	416
	503	417
.PEN_UP
.PEN_DOWN
	500	434
	500	435
.PEN_UP
.PEN_DOWN
	508	430
	508	429
	508	428
	508	427
	509	425
	509	424
	509	423
	509	422
	509	421
	509	420
	509	419
	508	419
	508	418
	508	417
	508	416
	509	417
	509	418
	510	418
	510	419
	511	420
	511	421
	512	421
	512	422
	513	423
	514	424
	515	425
	516	425
	516	426
	517	426
	518	426
	519	426
	519	425
	519	424
	519	423
	519	422
	519	421
	519	420
	519	419
	519	418
	519	417
	519	415
	520	414
	520	413
.PEN_UP
.PEN_DOWN
	532	436
	532	435
	532	434
	531	433
	531	432
	531	431
	531	430
	531	429
	531	427
	531	425
	531	424
	531	423
	531	422
	531	421
	531	420
	531	419
	531	418
	531	417
	531	416
	531	414
	531	413
	531	412
	530	412
	530	411
.PEN_UP
.PEN_DOWN
	526	426
	527	426
	528	426
	529	426
	530	426
	531	426
	532	426
	533	427
.PEN_UP
.PEN_DOWN
	541	421
	542	421
	543	421
	544	422
	545	422
	545	423
	546	423
	547	423
	548	424
	548	425
	549	425
	549	426
	549	427
	548	427
	548	428
	547	428
	546	428
	545	428
	544	428
	543	427
	542	427
	541	426
	540	425
	539	425
	539	424
	539	423
	539	422
	539	421
	539	420
	541	418
	542	417
	543	416
	544	415
	545	415
	545	414
.PEN_UP
.PEN_DOWN
	566	424
	567	424
	567	425
	568	426
	568	427
	569	428
	569	429
	569	430
	568	430
	568	431
	565	431
	565	430
	564	430
	562	430
	561	430
	561	429
	560	429
	559	428
	558	427
	557	426
	557	425
	557	424
	557	423
	557	422
	558	421
	558	420
	559	420
	560	419
	561	419
	562	420
	563	421
	564	422
	565	423
	565	424
	566	425
	566	426
	567	428
	567	429
	568	430
	569	432
	569	433
	570	435
	571	437
	571	438
	572	441
	572	442
	572	443
	572	444
	572	443
	572	442
	572	441
	571	440
	571	439
	570	438
	570	437
	569	436
	569	434
	567	431
	567	429
	567	428
	567	426
	567	424
	567	423
	567	421
	568	420
	568	419
	569	418
	570	418
	571	417
	573	416
	575	416
.PEN_UP
.PEN_DOWN
	587	421
	586	421
	587	421
.PEN_UP
.PEN_DOWN
	621	446
	621	445
	621	444
	620	442
	620	441
	620	440
	620	438
	620	436
	620	434
	620	432
	620	429
	620	427
	620	426
	620	424
	620	423
	620	422
	620	420
	620	419
	620	418
.PEN_UP
.PEN_DOWN
	631	446
	631	445
	631	444
	631	443
	631	441
	631	440
	631	438
	631	437
	631	436
	631	434
	631	432
	631	431
	631	429
	631	427
	631	425
	631	423
	631	420
	631	419
	632	418
	632	417
	632	416
	632	415
	632	414
.PEN_UP
.PEN_DOWN
	621	431
	622	431
	623	431
	625	432
	626	432
	628	432
	630	432
	631	432
	632	432
.PEN_UP
.PEN_DOWN
	645	431
	645	432
	644	432
	643	432
	642	431
	641	430
	640	429
	639	428
	638	427
	638	426
	638	425
	638	424
	638	423
	638	422
	639	421
	639	420
	640	420
	641	418
	643	418
	644	418
	645	418
	646	419
	647	420
	648	421
	648	422
	648	423
	648	424
	647	426
	647	427
	647	428
	646	429
	646	430
	645	431
	645	432
.PEN_UP
.PEN_DOWN
	653	431
	653	432
	653	431
	653	430
	653	429
	653	428
	653	426
	653	425
	653	424
	654	423
	654	422
	654	421
	654	420
	654	419
	655	418
	655	417
	655	416
	656	416
	656	417
	656	418
	657	418
	657	419
	657	421
	658	422
	658	423
	658	424
	658	425
	658	426
	658	427
	659	427
	659	428
	660	428
	660	427
	660	426
	660	425
	660	424
	660	423
	661	422
	661	421
	662	420
	662	419
	663	419
	663	418
	664	418
	665	419
	665	420
	666	420
	666	421
	667	423
	667	424
	668	425
	669	426
	669	427
	669	428
	670	429
	671	430
	671	431
	671	432
.PEN_UP
.PEN_DOWN
	674	425
	675	426
	677	426
	677	427
	678	427
	678	428
	679	428
	680	428
	680	429
	680	430
	680	431
	679	431
	678	431
	678	432
	677	432
	676	432
	676	431
	675	431
	674	430
	673	429
	672	428
	672	427
	672	426
	672	425
	672	423
	672	421
	673	420
	674	418
	674	417
	675	417
	676	416
	676	415
	677	415
.PEN_UP
.PEN_DOWN
	686	430
	687	430
	687	429
	687	428
	687	427
	686	426
	686	425
	686	424
	686	423
	686	422
	686	421
	686	420
	687	418
	687	417
	687	416
	688	415
	688	414
	689	413
	690	414
	691	415
	691	416
	691	417
	691	418
	691	419
	692	420
	693	421
	693	423
	694	424
	695	425
	696	426
	697	427
	697	428
	698	429
	699	429
	699	430
.PEN_UP
.PEN_DOWN
	703	426
	704	427
	705	428
	706	428
	707	429
	707	430
	707	431
	706	431
	705	431
	705	430
	704	430
	703	430
	701	429
	700	428
	699	428
	699	427
	698	426
	698	425
	698	424
	698	423
	698	422
	699	420
	699	419
	700	418
	700	417
	701	416
	702	415
	703	415
	704	415
.PEN_UP
.PEN_DOWN
	714	429
	714	428
	714	427
	714	426
	714	425
	714	424
	714	422
	714	421
	714	420
	714	419
	714	418
	714	417
	715	416
	715	417
	715	418
	715	419
	715	420
	715	421
	715	422
	716	422
	716	423
	716	424
	716	425
	717	426
	718	427
	719	428
	720	428
	721	428
	722	428
	723	428
	724	428
.PEN_UP
.PEN_DOWN
	726	421
	727	421
	727	420
	727	419
	726	418
	724	416
	723	415
	722	414
	721	413
	720	411
	720	410
.PEN_UP
