
.WRITER_ID ArloReeves
.STYLE PRINTED
.PEN_DOWN
	97	417
	98	417
	98	418
	99	418
	99	419
	100	419
	100	418
	100	416
	100	415
	100	413
	99	410
	99	408
	98	405
	97	402
	97	399
	96	396
	95	393
	94	387
	93	384
	93	382
	92	379
	92	377
	91	375
	91	373
	90	371
	90	370
	90	369
	90	368
	91	368
.PEN_UP
.PEN_DOWN
	102	422
	102	423
	102	422
	102	421
	102	420
	103	419
	103	417
	103	416
	103	414
	104	412
	106	407
	107	405
	108	403
	110	400
	111	398
	112	396
	114	393
	115	392
	116	390
	117	388
	117	386
	118	383
	118	381
	118	380
	118	378
	118	377
.PEN_UP
.PEN_DOWN
	91	397
	92	397
	93	397
	95	397
	96	398
	98	398
	100	399
	105	400
	107	401
	109	401
.PEN_UP
.PEN_DOWN
	144	412
	145	413
	145	412
	145	411
	145	410
	144	409
	144	407
	144	405
	144	403
	144	401
	144	398
	144	396
	145	394
	146	389
	146	388
	146	385
	146	384
	147	382
	147	380
	147	379
	147	378
	148	377
	148	376
	148	375
.PEN_UP
.PEN_DOWN
	141	415
	141	416
	141	417
	141	418
	142	418
	143	418
	144	418
	145	418
	147	418
	148	418
	149	418
	153	418
	154	417
	156	416
	157	416
	158	414
	159	413
	159	412
	160	411
	160	409
	160	408
	160	407
	159	406
	158	405
	157	404
	155	403
	154	402
	152	402
	151	401
	150	400
	148	400
	147	400
	146	399
	145	399
	144	399
	143	398
	144	399
	145	399
	146	400
	147	400
	148	400
	149	400
	150	400
	151	399
	152	399
	153	399
	154	399
	155	398
	156	398
	156	397
	157	395
	158	394
	158	393
	158	392
	158	390
	158	389
	158	388
	158	386
	158	385
	158	384
	158	383
	157	380
	156	380
	155	379
	154	378
	153	378
	152	378
	151	378
	150	378
	148	378
	147	378
	145	378
	144	378
	142	378
	141	378
.PEN_UP
.PEN_DOWN
	185	415
	186	414
	186	413
	186	412
	187	411
	187	410
	187	409
	188	408
	189	407
	190	406
	191	406
	191	407
	191	408
	190	408
	190	409
	190	410
	189	411
	189	412
	188	412
	187	412
	186	412
	185	412
	185	411
	184	411
	182	409
	182	408
	181	407
	180	406
	180	405
	180	403
	179	402
	179	401
	179	399
	179	398
	179	396
	180	394
	180	391
	181	389
	181	388
	183	386
	184	385
	185	384
	186	383
	187	382
	189	381
	190	381
	191	380
	193	380
	195	380
.PEN_UP
.PEN_DOWN
	206	410
	207	410
	207	409
	207	408
	207	407
	207	406
	207	405
	207	404
	207	402
	207	401
	208	399
	208	397
	208	395
	209	391
	209	389
	209	387
	210	385
	210	384
	210	382
	210	381
	210	380
	210	379
	210	378
	211	377
.PEN_UP
.PEN_DOWN
	202	412
	203	412
	203	413
	204	413
	205	413
	206	413
	207	413
	208	413
	209	413
	211	413
	213	411
	215	410
	215	409
	217	407
	218	406
	219	404
	219	402
	220	401
	220	399
	220	397
	220	395
	220	393
	220	390
	220	389
	219	388
	218	386
	217	385
	216	384
	215	383
	213	381
	213	380
	211	380
	210	379
	209	378
	208	377
.PEN_UP
.PEN_DOWN
	227	407
	227	406
	227	405
	227	404
	227	403
	227	402
	227	400
	227	399
	227	397
	227	396
	227	394
	228	392
	229	389
	229	388
	229	386
	229	385
	230	384
	230	383
	230	381
	230	380
	230	379
	230	378
	231	379
	232	380
	233	380
	234	381
	235	381
	236	381
	237	382
	238	382
	239	382
	240	382
	241	382
	241	383
.PEN_UP
.PEN_DOWN
	229	393
	229	392
	231	393
	232	393
	233	394
	234	394
	235	394
	237	395
	238	395
	239	395
	240	396
	241	396
	242	396
.PEN_UP
.PEN_DOWN
	229	404
	229	405
	230	406
	231	407
	233	408
	234	408
	235	408
	238	409
	239	409
	241	409
	242	409
.PEN_UP
.PEN_DOWN
	254	406
	255	406
	256	405
	256	404
	256	403
	256	402
	256	401
	257	398
	257	396
	257	395
	257	393
	258	392
	258	390
	258	388
	258	387
	259	385
	259	384
	259	383
	259	381
	259	380
	259	379
	258	378
.PEN_UP
.PEN_DOWN
	254	405
	254	404
	255	404
	255	405
	256	405
	257	406
	258	406
	260	407
	261	407
	263	407
	266	408
	267	408
	269	408
	270	408
	271	408
.PEN_UP
.PEN_DOWN
	259	398
	259	397
	259	396
	260	396
	261	396
	262	396
	263	397
	264	397
	267	397
	268	397
.PEN_UP
.PEN_DOWN
	295	409
	295	411
	295	412
	294	413
	293	413
	292	412
	290	410
	289	409
	288	408
	287	407
	286	406
	285	404
	284	402
	284	401
	283	399
	283	398
	283	396
	283	395
	283	392
	284	390
	284	389
	285	388
	286	387
	287	386
	288	385
	289	384
	290	383
	291	383
	292	382
	293	382
	296	382
	297	382
	298	383
.PEN_UP
.PEN_DOWN
	293	396
	293	395
	294	395
	295	396
	296	396
	297	396
	298	397
	299	397
	300	397
	301	397
	302	398
	303	398
	302	398
	302	397
	302	396
	302	394
	301	393
	301	392
	301	390
	301	389
	301	388
	301	387
	301	385
	301	384
	301	383
	301	382
	301	380
	301	379
	302	378
	302	377
	302	376
	303	376
.PEN_UP
.PEN_DOWN
	314	414
	314	413
	314	412
	314	411
	314	409
	314	408
	314	407
	314	405
	314	404
	314	402
	314	400
	315	398
	315	397
	315	395
	315	391
	315	390
	315	388
	315	387
	315	385
	315	384
	315	383
	315	382
	315	381
.PEN_UP
.PEN_DOWN
	326	416
	326	415
	326	414
	326	413
	326	411
	326	410
	326	407
	327	405
	327	404
	327	402
	327	400
	328	399
	328	398
	328	396
	328	394
	328	393
	329	392
	329	391
	329	389
	329	388
	329	387
	329	386
	329	385
.PEN_UP
.PEN_DOWN
	313	396
	312	396
	312	397
	313	397
	314	398
	315	398
	317	398
	318	398
	320	398
	322	398
	323	398
	325	398
	327	398
.PEN_UP
.PEN_DOWN
	343	411
	344	411
	344	410
	344	409
	345	408
	345	407
	345	405
	345	404
	345	402
	345	400
	345	398
	345	397
	345	395
	345	393
	345	392
	345	390
	346	387
	346	386
	346	385
	346	384
	347	383
	347	382
.PEN_UP
.PEN_DOWN
	339	411
	340	411
	341	411
	342	411
	344	411
	345	412
	347	412
	348	412
.PEN_UP
.PEN_DOWN
	337	380
	338	378
	339	378
	339	377
	340	377
	341	378
	342	378
	343	378
	344	378
	345	379
	348	380
.PEN_UP
.PEN_DOWN
	372	414
	372	413
	372	412
	372	411
	372	410
	372	409
	372	407
	372	406
	372	404
	372	402
	372	401
	373	400
	373	398
	373	397
	373	396
	374	395
	374	394
	374	393
	374	392
	374	391
	374	389
	374	388
	374	387
	374	386
	373	385
	373	384
	373	383
	372	383
	372	382
	372	381
	372	380
	371	380
	371	379
	370	379
	369	379
	368	379
	367	379
	366	379
	365	380
	364	380
	363	380
	362	381
	361	382
.PEN_UP
.PEN_DOWN
	364	415
	365	415
	366	415
	369	416
	371	416
	373	416
	375	416
	377	417
	379	417
	381	417
	383	417
	385	417
.PEN_UP
.PEN_DOWN
	396	414
	397	414
	397	413
	397	412
	397	411
	397	410
	396	408
	396	404
	396	402
	396	400
	396	398
	396	395
	396	393
	396	391
	396	389
	397	387
	397	385
	397	383
	397	381
	398	379
	398	378
.PEN_UP
.PEN_DOWN
	411	414
	411	413
	412	413
	412	412
	412	411
	412	410
	412	408
	411	407
	411	406
	411	405
	410	404
	410	403
	409	402
	408	402
	407	401
	406	400
	405	400
	403	399
	401	398
	400	398
	399	397
	398	397
	397	397
	396	397
	397	397
	398	397
	399	397
	400	397
	401	397
	402	396
	404	394
	404	393
	405	393
	405	391
	406	390
	407	389
	407	388
	408	387
	408	385
	409	384
	410	383
	410	382
	412	380
.PEN_UP
.PEN_DOWN
	423	412
	423	411
	423	410
	423	409
	423	408
	423	407
	423	406
	424	405
	424	403
	424	402
	424	400
	424	397
	424	395
	424	393
	424	391
	424	389
	424	387
	424	385
	424	384
	424	382
	424	381
	424	379
	424	378
	424	377
	423	377
	423	376
	423	377
	424	377
	424	378
	424	379
	424	380
	424	379
	425	379
	426	379
	427	379
	428	379
	429	379
	430	380
	431	380
	433	380
	434	380
	435	380
.PEN_UP
.PEN_DOWN
	442	412
	442	411
	442	410
	442	409
	442	408
	442	405
	442	403
	442	401
	442	399
	442	397
	442	395
	442	393
	443	391
	443	389
	443	387
	443	385
	443	383
	443	380
	443	378
	443	377
	443	376
	443	375
	443	374
.PEN_UP
.PEN_DOWN
	444	409
	445	408
	445	407
	446	407
	446	406
	447	405
	448	404
	448	403
	449	402
	450	399
	450	398
	451	397
	452	396
	452	395
	453	394
	453	393
	454	393
	455	393
	455	394
	456	395
	456	396
	456	397
	456	398
	456	399
	457	401
	457	402
	457	404
	458	406
	458	407
	459	408
	459	407
	460	407
	460	406
	460	405
	460	404
	460	401
	460	400
	460	398
	460	397
	460	395
	460	393
	461	391
	461	389
	461	388
	461	386
	462	384
	463	381
	463	380
	463	379
	464	378
.PEN_UP
.PEN_DOWN
	474	407
	475	407
	475	408
	475	407
	474	406
	474	403
	473	401
	473	399
	473	398
	473	395
	473	393
	474	392
	474	389
	474	388
	474	386
	475	385
	475	382
	476	381
	476	380
	476	379
	475	379
.PEN_UP
.PEN_DOWN
	474	399
	474	400
	474	401
	474	402
	474	403
	475	403
	475	404
	476	404
	476	405
	477	405
	477	404
	477	403
	478	402
	478	401
	479	398
	480	397
	480	395
	481	393
	482	392
	483	391
	484	389
	484	388
	485	387
	485	386
	486	385
	488	383
	489	382
	490	381
	491	381
	492	381
	492	382
	492	383
	493	384
	493	386
	493	387
	493	389
	493	391
	493	393
	493	395
	493	398
	494	400
	494	402
	494	404
	494	406
	494	407
.PEN_UP
.PEN_DOWN
	509	400
	509	401
	509	402
	509	403
	508	403
	507	402
	505	400
	505	399
	504	398
	503	397
	503	395
	502	394
	502	393
	502	391
	502	389
	502	388
	502	387
	503	384
	504	383
	505	382
	506	382
	508	381
	509	381
	510	381
	511	381
	512	381
	513	382
	514	382
	515	384
	515	386
	515	388
	515	389
	515	391
	514	393
	514	395
	513	397
	513	398
	512	400
	512	401
	511	402
.PEN_UP
.PEN_DOWN
	525	403
	526	402
	527	402
	527	401
	528	401
	528	400
	528	399
	528	397
	528	396
	528	394
	529	391
	529	389
	529	387
	529	385
	529	384
	529	382
	529	380
	529	378
	529	377
	529	376
	530	376
.PEN_UP
.PEN_DOWN
	526	403
	526	405
	526	406
	526	407
	526	408
	527	409
	528	409
	528	410
	530	410
	531	411
	535	411
	536	411
	538	410
	540	409
	542	408
	543	407
	544	407
	545	405
	545	404
	545	403
	545	402
	544	401
	543	399
	541	398
	540	398
	539	397
	537	397
	536	396
	535	396
	534	396
	533	395
	532	395
.PEN_UP
.PEN_DOWN
	564	405
	564	406
	563	407
	562	407
	562	406
	560	406
	559	405
	558	404
	557	403
	556	402
	555	401
	554	399
	553	396
	552	395
	552	393
	552	392
	552	390
	552	389
	553	387
	553	386
	554	384
	555	383
	556	382
	557	381
	560	379
	562	379
	563	379
	564	379
	566	379
	567	380
	568	380
	569	381
	570	382
	571	384
	571	385
	573	389
	573	391
	573	393
	573	395
	573	398
	573	400
	573	402
	572	404
	572	405
	571	406
.PEN_UP
.PEN_DOWN
	562	393
	562	392
	562	391
	562	390
	563	390
	563	389
	563	388
	564	387
	564	386
	565	385
	565	384
	566	383
	567	382
	568	380
	568	379
	569	378
	569	377
.PEN_UP
.PEN_DOWN
	582	405
	582	404
	582	403
	583	403
	583	401
	583	400
	583	399
	583	398
	583	396
	583	394
	583	393
	583	391
	584	390
	584	388
	584	386
	584	384
	584	382
	584	380
	584	379
	584	378
	584	376
	584	375
	584	374
	584	373
.PEN_UP
.PEN_DOWN
	584	404
	584	405
	584	406
	585	406
	586	407
	587	407
	588	407
	590	407
	591	407
	593	406
	594	405
	595	404
	596	403
	597	402
	598	401
	598	400
	598	399
	597	398
	596	397
	595	396
	594	395
	593	395
	592	395
	591	394
	590	394
	589	393
	588	393
	588	392
	588	391
	588	390
	588	389
	589	387
	589	386
	590	385
	590	384
	591	382
	591	381
	592	380
	592	378
	593	377
	594	376
	595	375
	596	372
	597	371
	597	370
.PEN_UP
.PEN_DOWN
	619	405
	618	406
	617	406
	616	406
	614	406
	612	406
	610	406
	610	405
	609	405
	609	404
	609	403
	609	402
	609	401
	610	401
	611	400
	612	399
	612	398
	613	397
	614	396
	614	395
	615	394
	615	393
	616	392
	617	389
	617	388
	617	387
	617	385
	617	384
	617	383
	617	382
	616	381
	616	380
	616	379
	616	378
	615	378
	614	377
	613	377
	612	377
	611	377
	609	377
	608	378
	607	379
	605	380
	604	381
	603	381
	602	382
	602	383
.PEN_UP
.PEN_DOWN
	632	402
	633	402
	634	402
	635	402
	635	401
	635	400
	634	400
	634	398
	633	397
	633	396
	633	394
	633	392
	632	388
	632	386
	632	384
	632	382
	632	380
	632	378
	631	376
	631	375
	631	373
	631	372
	632	371
	632	370
.PEN_UP
.PEN_DOWN
	622	400
	622	399
	623	399
	624	399
	625	399
	626	400
	627	400
	628	400
	630	401
	632	401
	634	401
	636	401
	638	401
	640	401
	642	401
	643	400
	647	400
.PEN_UP
.PEN_DOWN
	647	398
	648	398
	647	398
	647	397
	647	396
	647	395
	648	393
	648	392
	648	391
	648	389
	648	387
	648	385
	649	383
	650	382
	650	380
	651	379
	652	377
	653	376
	654	375
	655	374
	656	374
	658	374
	658	375
	659	375
	660	376
	661	378
	661	379
	662	380
	663	382
	664	384
	664	385
	664	387
	665	389
	665	393
	665	394
	666	396
	666	397
	666	398
.PEN_UP
.PEN_DOWN
	670	401
	671	401
	671	402
	672	402
	672	403
	673	403
	674	402
	674	400
	674	399
	674	398
	674	396
	675	395
	675	393
	675	392
	676	391
	676	389
	677	387
	677	385
	679	381
	680	380
	680	378
	680	377
	681	375
	681	374
	681	373
	681	372
	681	371
	682	371
	682	372
	682	373
	682	374
	683	375
	683	376
	683	378
	683	380
	684	381
	686	386
	687	389
	688	391
	689	394
	690	397
	691	399
	692	401
	693	402
	693	403
	693	404
.PEN_UP
.PEN_DOWN
	694	394
	695	395
	695	396
	695	397
	696	398
	696	399
	696	400
	697	400
	697	399
	697	398
	698	398
	698	397
	698	396
	698	394
	699	393
	699	392
	699	390
	699	389
	699	388
	699	386
	700	385
	700	384
	700	382
	700	381
	701	380
	701	377
	701	376
	701	375
	701	374
	701	373
	702	374
	702	375
	702	376
	702	377
	703	378
	703	379
	703	380
	704	382
	704	383
	705	384
	705	385
	705	386
	706	388
	706	389
	707	389
	707	390
	707	391
	708	391
	708	392
	709	392
	709	391
	709	390
	709	389
	709	388
	710	386
	710	384
	710	383
	710	382
	710	380
	711	379
	711	378
	711	377
	712	375
	712	374
	713	374
	714	372
	714	371
	715	370
	715	371
	716	371
	716	372
	716	373
	716	374
	717	375
	717	376
	717	377
	717	378
	717	380
	718	381
	718	383
	718	387
	719	389
	720	391
	720	393
	720	394
	721	395
	721	396
	721	397
	721	398
.PEN_UP
.PEN_DOWN
	734	398
	734	397
	735	396
	735	394
	736	393
	737	392
	738	389
	739	388
	739	386
	740	384
	741	383
	742	381
	742	380
	743	378
	744	377
	744	375
	745	374
	745	373
	746	371
.PEN_UP
.PEN_DOWN
	749	401
	749	400
	748	399
	747	398
	747	397
	745	395
	743	393
	742	391
	741	389
	739	388
	738	386
	737	385
	737	384
	736	382
	735	380
	735	379
	734	378
.PEN_UP
.PEN_DOWN
	764	406
	765	406
	766	406
	766	405
	766	404
	767	403
	767	402
	767	401
	767	400
	768	399
	768	398
	768	397
	769	396
	769	395
	770	394
	770	393
	771	392
	771	391
	772	389
	772	388
	773	387
	773	388
	774	388
	775	389
	775	390
	776	391
	777	392
	777	393
	778	394
	779	395
	780	397
	781	398
	782	399
	782	401
	784	404
	785	405
	786	406
.PEN_UP
.PEN_DOWN
	772	392
	772	391
	772	389
	772	388
	772	387
	771	385
	771	384
	771	383
	771	381
	771	380
	770	379
	770	377
	770	376
	770	375
	770	374
	770	373
	770	372
	770	371
	770	370
	770	369
.PEN_UP
.PEN_DOWN
	792	401
	793	401
	794	401
	795	401
	796	401
	798	401
	799	401
	801	401
	802	400
	803	400
	804	400
	805	400
	805	399
	805	398
	804	398
	804	397
	804	396
	803	395
	803	394
	802	392
	802	390
	801	389
	800	387
	799	386
	799	384
	798	383
	797	381
	797	379
	796	378
	796	377
	795	374
	794	373
	794	372
	794	371
	795	371
	796	371
	797	371
	798	372
	799	372
	800	372
	802	373
	805	373
	806	373
	807	373
	808	373
	809	373
	810	373
.PEN_UP
.PEN_DOWN
	793	388
	793	387
	793	388
	794	388
	795	389
	796	389
	797	389
	798	389
	800	389
	801	389
	803	389
	807	388
	809	388
	810	388
	812	388
.PEN_UP
