
.WRITER_ID ArloReeves
.STYLE PRINTED
.PEN_DOWN
	97	428
	97	429
	98	430
	98	431
	99	432
	99	431
	98	430
	98	429
	97	427
	97	426
	97	424
	96	423
	96	421
	96	419
	96	417
	95	415
	95	413
	95	411
	95	409
	94	408
	94	405
	94	404
	94	402
	94	401
	94	400
	94	399
	95	398
	96	398
	97	399
	98	399
	99	399
	99	400
	100	400
	102	400
	103	401
	104	401
	105	402
	106	402
.PEN_UP
.PEN_DOWN
	86	415
	87	415
	88	415
	89	416
	91	416
	92	416
	96	417
.PEN_UP
.PEN_DOWN
	112	432
	112	431
	112	430
	112	429
	112	428
	111	426
	111	425
	111	423
	110	422
	110	420
	110	419
	110	417
	109	414
	109	412
	109	411
	109	409
	109	408
	109	407
	109	406
	109	405
	109	404
	109	405
	110	405
	110	406
	111	407
	111	408
	112	409
	113	411
	113	412
	114	413
	114	414
	115	415
	115	416
	116	417
	117	418
	118	418
	118	419
	119	419
	120	419
	120	418
	121	417
	121	416
	121	415
	121	414
	120	412
	120	411
	120	410
	120	409
	120	408
	120	407
	120	406
	120	405
	120	404
	121	403
	121	402
.PEN_UP
.PEN_DOWN
	129	420
	129	421
	130	421
	131	422
	132	422
	133	422
	134	422
	135	422
	136	422
	136	421
	137	421
	137	420
	137	419
	137	418
	137	417
	136	416
	135	415
	134	414
	133	413
	132	412
	132	411
	132	410
	131	409
	131	408
	131	407
	131	406
	132	405
	133	405
	134	405
	135	405
	136	406
	137	406
	137	407
	138	408
	138	409
	138	410
	138	411
	138	413
	138	414
	138	416
	138	417
.PEN_UP
.PEN_DOWN
	148	434
	148	433
	148	432
	148	431
	148	430
	148	428
	148	427
	148	426
	147	424
	147	423
	147	421
	147	419
	147	418
	147	415
	147	414
	147	412
	147	411
	147	410
	147	409
	147	408
	147	407
	147	406
	148	406
	148	407
	149	407
	150	407
	150	408
	151	408
	152	408
	153	408
	154	408
	155	409
	156	409
.PEN_UP
.PEN_DOWN
	145	419
	146	419
	147	419
	148	420
	149	420
	150	420
	152	420
.PEN_UP
.PEN_DOWN
	187	426
	187	425
	187	424
	187	423
	187	422
	187	421
	187	419
	187	418
	188	416
	188	415
	188	414
	189	413
	189	412
	189	411
	189	410
	190	410
	190	411
	190	412
	191	413
	191	414
	191	415
	191	416
	192	417
	192	418
	193	418
	193	419
	194	420
	194	421
	195	422
	195	423
	196	424
	197	424
	197	423
	197	422
	197	421
	197	420
	198	418
	198	416
	198	415
	198	414
	198	413
	198	412
	199	411
	199	410
	200	409
	201	409
	201	410
	202	411
	202	412
	203	413
	203	414
	204	415
	204	416
	204	417
	204	418
	205	419
	206	421
	206	422
	207	423
	208	425
.PEN_UP
.PEN_DOWN
	220	427
	221	427
	221	426
	221	425
	221	424
	221	423
	221	422
	221	421
	221	420
	221	419
	220	419
	219	418
	218	418
	217	418
	216	418
	215	417
	214	416
	214	415
	213	415
	212	414
	212	413
	212	412
	212	411
	213	411
	214	410
	215	410
	216	410
	218	410
	219	410
	220	411
	220	412
	221	412
	221	413
	221	414
	221	415
	221	416
	221	417
	220	419
	220	420
	220	421
	219	421
	219	422
.PEN_UP
.PEN_DOWN
	234	428
	233	427
	232	427
	231	427
	231	426
	230	426
	229	425
	229	424
	230	424
	230	423
	231	423
	231	422
	232	422
	232	421
	233	421
	234	419
	234	418
	234	417
	235	417
	235	416
	235	415
	235	414
	235	413
	235	412
	235	411
	234	410
	233	409
	232	409
	231	409
	231	410
	230	410
	229	411
	229	412
.PEN_UP
.PEN_DOWN
	269	440
	268	440
	268	439
	267	439
	267	437
	267	436
	266	434
	266	432
	266	431
	266	429
	266	427
	266	425
	267	423
	267	422
	267	420
	267	418
	267	415
	267	414
	267	413
	268	412
	268	413
	268	415
	268	417
	269	418
	269	419
	270	421
	270	423
	270	424
	271	425
	271	426
	272	426
	273	427
	274	428
	275	428
	276	428
	277	428
	278	428
	279	427
	280	426
	280	425
	281	424
	281	423
	281	422
	281	420
	281	419
	281	418
	280	418
	280	417
	279	416
	278	416
	277	415
	276	415
	274	415
	272	414
	271	414
	270	414
	269	414
	269	415
.PEN_UP
.PEN_DOWN
	290	419
	291	420
	292	421
	293	421
	293	422
	294	423
	295	424
	296	425
	296	426
	296	427
	295	427
	294	427
	293	427
	292	427
	291	427
	290	426
	289	426
	289	425
	288	425
	286	423
	285	422
	285	421
	285	420
	285	419
	285	418
	285	417
	286	416
	286	415
	287	414
	289	413
	290	412
	291	412
	292	411
	293	411
	294	411
	295	411
	296	411
.PEN_UP
.PEN_DOWN
	311	438
	311	437
	310	436
	309	435
	308	434
	308	432
	308	431
	308	429
	308	428
	308	426
	308	425
	308	423
	308	422
	308	420
	308	419
	308	418
	308	415
	308	414
	308	413
	308	412
	309	412
	310	412
	311	412
	312	413
	313	413
	314	413
	315	413
	316	413
.PEN_UP
.PEN_DOWN
	302	423
	303	424
	304	424
	305	424
	306	425
	307	425
	308	425
	310	426
	311	426
	312	426
	313	426
	314	426
.PEN_UP
.PEN_DOWN
	326	435
	326	434
	326	432
	325	432
	325	431
	325	430
	325	429
	325	428
	325	427
	325	426
	325	424
	325	423
	325	422
	325	421
	325	419
	325	418
	325	417
	325	416
	325	415
	325	414
	326	414
	327	414
	328	414
	328	415
	329	415
	330	415
	331	415
	332	415
	333	416
	334	416
	335	416
	336	416
.PEN_UP
.PEN_DOWN
	321	427
	322	427
	323	427
	324	427
	325	427
	326	427
	328	427
	329	427
	331	427
.PEN_UP
.PEN_DOWN
	346	424
	346	425
	347	425
	347	426
	348	426
	349	426
	350	427
	351	427
	352	428
	353	428
	354	429
	355	429
	355	430
	354	430
	354	431
	353	431
	352	431
	351	431
	351	430
	350	430
	350	429
	349	429
	349	428
	348	426
	348	425
	348	424
	348	423
	348	422
	349	421
	349	420
	350	419
	351	418
	352	417
	354	417
	355	417
	355	416
	356	416
	357	416
	358	416
.PEN_UP
.PEN_DOWN
	364	430
	364	429
	364	428
	364	427
	364	426
	364	425
	364	424
	364	423
	364	422
	364	421
	364	420
	364	419
	365	418
	365	417
	365	416
	366	416
	366	417
	367	418
	367	419
	367	420
	367	421
	367	422
	368	422
	368	423
	368	424
	369	425
	370	426
	371	427
	373	428
	374	428
	375	429
	376	429
	377	429
	378	430
	379	430
.PEN_UP
.PEN_DOWN
	399	441
	399	440
	399	439
	398	438
	398	437
	398	436
	398	435
	397	433
	397	432
	397	430
	397	429
	397	426
	397	424
	397	423
	397	422
	397	420
	397	419
	397	418
	397	417
	397	416
	396	415
	396	414
	397	414
	398	414
	399	414
	400	414
	401	414
	401	415
	402	415
	403	415
	404	415
	405	415
	406	415
	407	415
	408	415
.PEN_UP
.PEN_DOWN
	394	429
	395	429
	396	430
	397	430
	398	430
	399	430
	402	431
	403	431
	404	431
.PEN_UP
.PEN_DOWN
	412	445
	412	444
	413	443
	413	442
	413	441
	413	440
	413	439
	413	438
	413	436
	413	435
	413	433
	413	432
	413	429
	413	428
	413	426
	413	425
	413	423
	413	421
	413	420
	413	419
	413	418
	413	417
	413	416
	413	417
	414	418
	414	419
	415	421
	415	422
	416	423
	417	423
	417	424
	418	425
	418	426
	419	426
	419	427
	420	427
	421	427
	422	427
	422	426
	423	425
	423	424
	423	423
	424	422
	424	421
	424	420
	424	419
	424	418
	423	418
	423	417
	423	416
	423	415
.PEN_UP
.PEN_DOWN
	429	430
	430	430
	430	431
	431	431
	432	431
	433	431
	434	431
	435	431
	436	430
	437	429
	437	428
	437	427
	437	426
	436	425
	436	424
	435	424
	435	423
	434	423
	433	422
	432	421
	431	420
	431	419
	430	418
	430	417
	431	416
	431	415
	432	415
	433	415
	434	415
	435	415
	436	416
	437	417
	437	418
	438	419
	438	420
	438	421
	438	422
	437	423
	437	424
	437	425
	437	426
	436	427
.PEN_UP
.PEN_DOWN
	445	429
	445	428
	445	427
	445	426
	445	425
	444	424
	444	423
	444	422
	444	421
	444	420
	444	419
	445	418
	445	417
	445	416
	445	417
	445	418
	446	418
	446	419
	446	420
	447	420
	447	421
	447	422
	448	423
	449	424
	449	425
	450	426
	451	427
	452	427
	453	427
	453	426
	453	425
	453	424
	454	423
	454	422
	455	421
	455	420
	455	419
	456	417
	457	416
.PEN_UP
.PEN_DOWN
	497	439
	498	439
	497	439
	497	438
	497	437
	496	437
	496	436
	495	435
	495	434
	494	433
	494	432
	494	430
	493	429
	493	427
	493	425
	493	424
	493	423
	493	422
	493	421
	494	421
	494	420
	494	421
	494	422
	495	422
	496	423
	496	424
	497	425
	497	426
	497	427
	498	428
	498	429
	499	430
	499	431
	499	432
	500	432
	500	433
	500	434
	501	434
	502	434
	502	435
	502	434
	502	433
	502	432
	502	431
	502	430
	501	429
	501	428
	501	427
	501	426
	501	425
	501	424
	501	423
	502	423
	503	424
	503	425
	504	426
	505	426
	506	428
	506	429
	507	430
	508	430
	508	431
	509	432
	510	433
	511	433
	512	433
	512	432
	513	432
	513	431
	513	430
	513	429
	513	428
	513	427
	513	425
	513	424
	513	423
	513	422
	513	421
	513	420
	513	419
	513	418
	514	418
	514	417
.PEN_UP
.PEN_DOWN
	519	433
	519	434
	520	435
	520	436
	521	436
	522	436
	522	437
	523	437
	524	437
	525	437
	526	437
	526	436
	526	435
	525	434
	525	433
	524	433
	524	432
	523	431
	522	431
	522	430
	521	429
	520	427
	520	426
	520	425
	520	424
	520	423
	520	422
	520	421
	521	421
	521	420
	522	420
	523	420
	524	420
	524	421
	525	421
	525	422
	526	422
	526	423
	527	424
	527	425
	527	426
	527	427
	527	428
	527	429
	526	430
	526	431
	525	431
	525	432
.PEN_UP
.PEN_DOWN
	544	434
	544	435
	543	435
	542	435
	541	435
	540	435
	539	434
	538	434
	537	433
	537	432
	536	431
	536	430
	536	429
	537	428
	538	428
	539	428
	540	429
	541	430
	541	431
	542	432
	542	433
	542	434
	543	434
	543	433
	543	432
	543	431
	543	429
	543	428
	543	427
	543	426
	543	424
	543	423
	543	421
	543	420
	543	418
	543	416
	543	414
	543	412
	543	408
	543	406
	543	405
	543	403
	543	402
	543	401
	543	400
	543	399
	542	399
	541	400
	540	400
	539	401
	538	402
	537	403
	537	404
	536	405
	535	406
	535	407
	534	408
	534	409
	534	410
	534	411
.PEN_UP
.PEN_DOWN
	555	433
	556	433
	556	432
	557	432
	557	431
	557	429
	556	429
	556	428
	556	427
	556	426
	555	425
	555	424
	555	423
	555	422
	556	422
	556	421
	557	421
	558	422
	559	422
	560	422
	561	423
	562	423
.PEN_UP
.PEN_DOWN
	558	441
	558	442
	558	443
.PEN_UP
.PEN_DOWN
	579	432
	578	432
	578	433
	577	433
	576	433
	575	433
	574	433
	573	433
	573	432
	572	432
	571	431
	570	430
	569	429
	568	427
	568	426
	568	425
	568	424
	569	423
	569	422
	570	421
	571	420
	572	420
	573	419
	575	418
	576	418
	578	417
	580	417
	582	417
	583	417
.PEN_UP
.PEN_DOWN
	601	421
	602	421
	603	421
	603	422
	602	423
	603	423
	604	423
.PEN_UP
