
.WRITER_ID ArloReeves
.STYLE PRINTED
.PEN_DOWN
	102	434
	102	433
	101	432
	101	430
	100	429
	100	427
	100	425
	100	423
	100	421
	100	418
	100	416
	100	413
	100	410
	100	406
	101	404
	101	402
	101	400
	101	399
	101	398
	101	397
	101	396
	101	395
	101	394
	100	393
	100	392
	100	393
	100	394
	100	395
	101	397
	102	398
	102	399
	103	400
	104	401
	105	402
	106	402
	107	403
	107	404
	108	404
	110	405
	111	405
	111	404
	112	403
	112	402
	112	401
	113	400
	113	399
	113	398
	113	396
	113	394
	113	393
	113	392
	113	391
	112	390
	112	389
	111	389
	110	388
	109	387
	108	387
	107	387
	106	387
	106	388
	106	389
.PEN_UP
.PEN_DOWN
	130	404
	130	403
	130	402
	129	400
	129	399
	129	398
	129	397
	129	396
	129	394
	129	393
	130	392
	130	391
	130	390
	130	389
	130	387
	130	386
	130	385
	131	385
	132	385
	133	386
	134	387
	135	388
	136	389
	136	390
	137	391
.PEN_UP
.PEN_DOWN
	132	419
	132	420
.PEN_UP
.PEN_DOWN
	162	404
	162	405
	162	406
	161	406
	161	407
	160	408
	159	408
	158	408
	157	407
	156	407
	155	406
	154	405
	153	404
	151	402
	151	401
	150	400
	150	399
	150	398
	150	397
	150	396
	151	395
	151	394
	152	393
	153	392
	154	392
	156	392
	157	393
	158	393
	158	394
	159	395
	160	395
	160	397
	161	398
	161	399
	162	401
	162	402
	162	403
	162	404
	162	405
	162	404
	162	403
	163	402
	163	401
	163	399
	163	398
	163	397
	163	395
	163	394
	164	389
	164	387
	164	385
	164	382
	164	380
	164	377
	164	374
	164	371
	164	369
	164	366
	163	365
	162	363
	161	361
	160	361
	159	361
	158	361
	157	361
	156	361
	155	362
	153	363
	153	364
.PEN_UP
.PEN_DOWN
	206	405
	206	404
	206	403
	206	401
	205	400
	205	399
	205	398
	205	397
	205	395
	205	394
	205	393
	205	392
	206	391
	206	390
	206	389
	207	387
	207	386
	208	385
	209	385
	210	385
.PEN_UP
.PEN_DOWN
	206	417
	206	418
	206	419
.PEN_UP
.PEN_DOWN
	221	406
	221	405
	221	404
	220	403
	220	402
	220	401
	220	400
	220	399
	220	398
	220	397
	220	395
	221	394
	221	393
	221	392
	221	389
	221	388
	221	387
	222	386
	222	385
	222	384
	222	383
	222	382
	222	383
	222	384
	223	385
	223	386
	223	387
	223	389
	224	390
	224	391
	224	393
	225	395
	225	397
	226	398
	226	399
	226	400
	227	400
	227	401
	227	402
	228	402
	228	403
	229	403
	230	404
	231	404
	232	404
	233	403
	233	402
	233	401
	233	400
	233	399
	233	398
	233	394
	232	393
	232	391
	232	389
	232	388
	232	386
	232	384
	232	383
	233	382
	233	381
	234	380
	235	380
.PEN_UP
.PEN_DOWN
	247	425
	247	423
	247	421
	247	420
	247	419
	247	417
	247	415
	247	413
	247	411
	247	409
	247	407
	247	404
	247	402
	247	398
	247	396
	247	394
	247	392
	247	390
	247	389
	247	388
	247	387
	247	386
	247	385
	246	385
	246	386
	246	387
	246	388
	246	389
	246	390
	246	391
	246	393
	246	394
	246	395
	246	397
	247	399
	247	400
	247	402
	247	403
	248	404
	248	405
	249	406
	250	407
	251	407
	251	408
	252	408
	253	409
	255	409
	256	409
	257	409
	258	409
	259	409
	260	409
	260	408
	261	408
	261	407
	261	406
	261	405
	260	405
	260	404
	259	403
	258	403
	258	402
	257	401
	256	401
	256	400
	255	400
	254	399
	254	398
	254	397
	254	396
	254	395
	254	394
	255	393
	255	392
	256	391
	257	390
	258	389
	259	388
	260	387
	261	386
	262	385
	262	384
	263	384
	263	383
	264	383
.PEN_UP
.PEN_DOWN
	270	404
	271	404
	271	405
	272	406
	273	407
	274	407
	274	408
	275	408
	276	408
	277	408
	279	408
	280	408
	280	407
	279	406
	279	405
	278	404
	277	403
	276	401
	276	400
	276	399
	275	398
	275	396
	275	395
	275	394
	276	393
	276	392
	276	391
	277	390
	277	389
	278	389
	279	389
	280	389
	281	389
	282	390
	283	390
	283	391
	284	392
	285	393
	285	394
	286	397
	286	398
	286	399
	286	400
	287	401
	287	402
	287	403
	287	404
	287	405
	288	405
	288	404
	288	403
	289	402
	289	401
	289	400
	289	399
	289	398
	289	397
	289	395
	289	393
	289	392
	289	390
	290	387
	290	385
	290	380
	291	378
	291	375
	291	373
	291	371
	291	369
	291	367
	291	365
	291	364
	290	363
	290	362
	288	360
	287	360
	286	360
	285	360
	283	360
	282	360
	281	361
	280	362
	279	364
.PEN_UP
.PEN_DOWN
	323	402
	324	402
	325	403
	326	404
	326	405
	326	406
	326	407
	325	407
	324	408
	323	408
	320	408
	320	407
	319	407
	317	406
	316	404
	315	403
	314	402
	311	399
	311	398
	311	397
	311	396
	311	394
	311	393
	311	392
	312	391
	312	390
	313	389
	314	389
	315	388
	316	388
	317	388
	318	389
	319	389
	319	390
	320	391
	321	392
	321	393
	322	395
	323	396
	324	398
	324	400
	325	402
	325	404
	326	407
	326	410
	327	413
	327	416
	328	418
	330	424
	330	425
	331	427
	332	429
	332	430
	332	431
	332	432
	332	431
	332	430
	332	429
	332	428
	331	427
	331	425
	331	424
	330	422
	330	420
	330	418
	329	416
	329	413
	328	411
	328	408
	328	406
	328	404
	328	402
	328	399
	329	398
	329	395
	329	394
	330	393
	331	392
	332	392
	333	392
	334	392
	335	392
	336	392
.PEN_UP
.PEN_DOWN
	348	398
	349	398
	350	399
	351	400
	353	401
	354	402
	355	402
	356	403
	357	404
	358	404
	359	405
	359	406
	360	407
	360	409
	360	410
	360	411
	360	412
	359	412
	358	412
	357	412
	356	412
	355	410
	354	409
	353	408
	352	407
	351	406
	350	405
	350	403
	349	402
	349	401
	349	400
	349	398
	350	395
	351	394
	352	393
	352	392
	354	391
	354	390
	355	390
	356	389
	357	388
	358	388
.PEN_UP
.PEN_DOWN
	369	407
	370	407
	370	408
	370	409
	371	410
	372	410
	372	411
	373	411
	374	411
	374	412
	375	412
	376	412
	377	412
	378	412
	378	411
	378	410
	378	409
	377	408
	377	407
	376	406
	375	403
	375	402
	375	400
	375	398
	375	397
	375	396
	375	394
	375	393
	375	392
	376	391
	376	390
	377	389
	378	388
	379	388
	380	388
	381	388
	382	388
	383	389
	384	390
	384	391
	385	393
	386	395
	386	397
	387	398
	387	399
	387	400
	387	402
	386	402
	386	403
	386	404
	386	405
	386	406
	386	407
	387	407
	387	408
	388	408
	389	408
	390	408
	391	408
	392	408
	393	408
.PEN_UP
.PEN_DOWN
	402	405
	402	404
	402	403
	402	402
	402	401
	402	400
	402	398
	403	397
	403	396
	404	395
	404	394
	404	393
	404	392
	404	391
	404	390
	404	389
	405	389
	406	389
	407	389
	409	390
	410	391
	411	392
	412	392
	412	393
	413	393
.PEN_UP
.PEN_DOWN
	401	419
	400	420
	400	421
	401	421
.PEN_UP
.PEN_DOWN
	431	426
	431	427
	431	426
	431	425
	430	425
	430	423
	430	422
	429	420
	429	418
	429	416
	428	412
	428	409
	427	407
	427	405
	427	403
	427	401
	426	400
	426	398
	426	396
	426	395
	426	394
	426	393
	426	390
	426	389
	427	389
	427	388
	428	388
	429	388
	430	388
	431	388
	432	388
	433	389
	434	390
	435	390
	435	391
	436	391
	437	391
	438	392
.PEN_UP
.PEN_DOWN
	456	410
	456	411
	455	411
	454	411
	453	411
	452	411
	452	410
	450	410
	449	410
	449	409
	448	409
	448	408
	448	407
	449	407
	449	406
	449	405
	450	403
	450	402
	451	402
	451	401
	452	400
	453	399
	454	398
	454	397
	455	396
	455	395
	456	394
	456	393
	456	390
	455	389
	454	388
	453	387
	452	387
	451	387
	450	387
	449	387
	447	387
	446	388
	446	389
.PEN_UP
.PEN_DOWN
	486	407
	487	407
	487	406
	487	405
	487	404
	487	402
	487	401
	488	400
	488	398
	488	397
	488	395
	489	394
	489	391
	490	390
	490	389
	490	388
	491	387
	491	386
	491	387
	492	387
	492	388
	493	388
	494	389
	495	389
	495	390
	496	390
	496	391
	497	392
	497	393
	498	393
	498	394
	498	395
	499	395
	499	396
	499	397
	500	398
	500	399
	500	400
	499	400
	499	401
	499	402
	498	402
	498	403
	498	402
	498	401
	498	400
	498	399
	498	398
	499	396
	499	395
	499	393
	500	392
	500	391
	500	390
	500	389
	501	388
	501	387
	502	386
	503	385
	504	385
	505	385
	506	386
	506	387
	507	387
	508	389
	508	390
	509	391
	510	392
	510	394
	511	397
	511	399
	511	400
	511	402
	511	403
.PEN_UP
.PEN_DOWN
	517	404
	518	404
	518	405
	519	406
	520	406
	520	407
	521	407
	522	407
	523	407
	524	407
	525	407
	526	407
	527	407
	528	407
	528	406
	529	405
	529	404
	529	403
	529	402
	528	402
	528	401
	528	400
	527	400
	527	399
	526	398
	525	396
	524	395
	524	394
	523	394
	523	393
	522	392
	522	391
	522	390
	522	389
	523	389
	523	388
	524	388
	524	387
	525	387
	526	387
	527	387
	528	388
	528	389
	529	389
	529	391
	529	393
	529	394
	529	395
	529	396
	529	397
	529	398
	529	399
.PEN_UP
.PEN_DOWN
	540	406
	540	405
	541	404
	542	403
	543	402
	544	401
	545	400
	546	399
	546	398
	547	396
	547	395
	548	394
	549	393
	551	390
	551	389
	552	388
	553	387
	553	386
	554	386
	554	385
	554	386
.PEN_UP
.PEN_DOWN
	554	408
	554	407
	553	407
	552	407
	552	406
	551	405
	548	402
	547	401
	546	399
	544	398
	543	396
	541	395
	540	393
	539	392
	539	390
	538	389
	538	388
	538	387
	539	386
.PEN_UP
.PEN_DOWN
	584	412
	585	412
	586	412
	586	411
	586	410
	586	409
	586	407
	586	406
	586	405
	586	403
	585	402
	585	400
	585	398
	585	396
	586	395
	586	394
	586	393
	586	392
	586	391
	586	390
	586	389
	586	390
	587	390
	587	391
	587	392
	587	393
	588	393
	588	394
	588	395
	589	396
	589	397
	590	399
	591	400
	591	401
	592	402
	593	403
	594	404
	595	405
	595	406
	596	406
	597	406
	597	407
	598	407
	598	406
	598	405
	598	404
	597	403
	597	402
	597	399
	596	398
	596	397
	596	396
	596	395
	596	394
	596	393
	597	392
	597	391
	597	390
	597	391
	598	392
	598	393
	599	394
	599	395
	600	396
	601	397
	602	399
	603	401
	603	402
	604	403
	605	404
	605	405
	606	406
	607	407
	608	407
	609	407
	610	406
	610	405
	610	404
	610	403
	610	402
	610	401
	610	398
	610	396
	610	395
	610	393
	610	392
	611	390
	611	389
	611	388
.PEN_UP
.PEN_DOWN
	621	394
	622	394
	622	395
	623	395
	624	396
	625	397
	626	397
	627	398
	629	398
	630	399
	633	399
	634	400
	635	400
	636	401
	637	401
	637	402
	637	403
	637	404
	636	405
	636	406
	635	407
	634	408
	633	408
	632	408
	632	407
	631	407
	630	407
	629	406
	628	406
	627	405
	626	403
	625	402
	624	401
	624	400
	624	399
	624	398
	624	397
	624	396
	624	395
	624	393
	625	390
	625	389
	626	389
	627	388
	628	387
	629	387
	630	387
	631	386
	632	386
	633	386
	635	386
.PEN_UP
.PEN_DOWN
	650	407
	650	406
	650	405
	650	404
	650	403
	650	402
	650	400
	650	399
	650	398
	650	396
	650	395
	650	393
	650	392
	650	391
	650	390
	650	389
	650	388
	650	387
	651	386
	650	386
	650	387
	650	388
	650	389
	650	390
	650	393
	650	394
	651	395
	651	396
	651	398
	652	399
	653	400
	653	401
	654	402
	657	403
	658	403
	659	404
	660	404
	661	404
	663	404
.PEN_UP
.PEN_DOWN
	678	404
	679	404
	680	404
	681	404
	681	403
	682	403
	683	403
	684	402
	684	403
	684	404
	683	404
	682	405
	681	405
	680	405
	679	405
	678	405
	677	404
	676	403
	675	402
	674	402
	673	401
	672	400
	671	399
	670	398
	670	397
	670	396
	670	395
	671	394
	672	393
	673	392
	674	391
	675	390
	676	389
	676	388
	677	387
	678	386
	679	385
	681	384
	682	384
.PEN_UP
.PEN_DOWN
	699	401
	699	400
	699	399
	698	399
	698	398
	697	397
	697	396
	697	395
	697	394
	697	393
	698	392
	699	391
	700	390
	700	389
	701	389
	702	389
	703	389
	704	389
	705	389
	706	389
	707	390
	708	390
	708	391
.PEN_UP
.PEN_DOWN
	702	418
	701	419
	701	420
.PEN_UP
.PEN_DOWN
	733	408
	732	409
	732	410
	731	410
	731	411
	730	411
	729	411
	728	410
	728	409
	728	408
	728	407
	727	407
	727	405
	727	404
	727	403
	727	402
	727	401
	727	400
	726	398
	726	397
	726	396
	726	394
	726	392
	726	391
	726	387
	726	385
	727	383
	727	381
	727	379
	727	378
	727	376
	726	374
	726	372
	726	371
	726	369
	725	366
	725	365
	724	364
	724	363
	724	362
	723	361
.PEN_UP
.PEN_DOWN
	717	395
	718	395
	718	396
	719	396
	720	396
	721	397
	723	397
	726	397
	728	397
	729	397
	731	396
	733	396
	735	396
	737	396
	738	396
.PEN_UP
.PEN_DOWN
	743	401
	744	402
	745	403
	745	404
	746	404
	747	405
	748	405
	749	405
	749	404
	749	403
	749	402
	748	402
	748	401
	747	400
	747	399
	746	398
	746	396
	745	393
	745	392
	745	391
	745	389
	745	388
	745	387
	745	386
	746	385
	746	384
	747	384
	748	384
	748	385
	749	386
	750	387
	751	388
	751	389
	752	390
	752	391
	753	393
	754	394
	754	395
	755	396
	755	397
	755	398
	756	398
	756	399
	756	398
	756	397
	755	397
	755	396
	755	395
	755	394
	755	393
	755	392
	755	391
	756	390
	756	389
	757	388
	758	387
	760	385
	761	385
	762	384
	763	384
	765	383
	766	383
	767	383
	768	383
	769	383
.PEN_UP
.PEN_DOWN
	772	396
	773	396
	774	396
	774	397
	775	397
	776	398
	777	398
	778	399
	779	400
	780	401
	781	402
	782	404
	782	406
	783	407
	783	408
	783	409
	783	410
	783	411
	783	413
	783	414
	783	415
	783	416
	783	417
	783	418
	783	419
	783	420
	784	420
	783	420
	783	419
	782	419
	782	418
	781	417
	780	416
	780	415
	779	413
	779	412
	779	410
	778	409
	778	407
	777	405
	776	403
	776	401
	775	398
	774	396
	774	392
	773	390
	773	388
	773	386
	773	384
	773	383
	773	381
	773	380
	773	379
	773	378
	773	376
	774	375
	774	374
	775	374
	776	374
	777	374
	778	374
	779	374
	780	375
	781	375
	782	375
	783	376
	783	377
.PEN_UP
