
.WRITER_ID ArloReeves
.STYLE PRINTED
.PEN_DOWN
	89	391
	88	391
	88	392
	89	392
	89	393
	89	394
	90	395
	90	396
	91	396
	92	397
	92	398
	93	399
	94	399
	94	400
	95	400
	95	399
	95	398
	95	397
	95	396
	95	395
	95	393
	94	392
	94	390
	94	389
	94	387
	94	384
	94	383
	93	382
	93	380
	93	379
	93	378
	93	377
	93	376
	93	375
	93	374
	94	374
	95	374
	95	375
	96	375
	97	376
	97	377
	98	378
	98	379
	100	380
	101	382
	101	383
	102	384
	102	385
	103	386
	103	387
	103	388
	103	389
	104	390
	104	391
	104	392
	104	394
	104	395
	104	396
	103	396
.PEN_UP
.PEN_DOWN
	112	380
	113	380
	113	381
	113	382
	114	382
	115	382
	115	383
	116	383
	118	384
	119	385
	120	385
	121	386
	122	387
	123	387
	125	389
	126	390
	126	391
	127	391
	127	392
	127	393
	126	394
	125	395
	124	395
	123	395
	122	395
	121	395
	120	395
	119	394
	118	393
	117	392
	117	391
	116	391
	116	390
	115	389
	115	388
	115	387
	115	386
	115	385
	115	384
	115	382
	115	381
	115	379
	115	378
	116	377
	117	376
	117	375
	119	374
	120	373
.PEN_UP
.PEN_DOWN
	139	390
	139	391
	140	391
	140	392
	140	393
	141	394
	142	395
	143	396
	144	396
	145	397
	146	397
	146	398
	147	398
	147	397
	147	396
	147	395
	147	394
	147	393
	147	391
	147	390
	148	389
	148	388
	149	387
	149	386
	149	384
	150	383
	152	382
	152	380
	153	379
	153	378
	154	378
	154	377
	155	376
	155	375
	156	375
.PEN_UP
.PEN_DOWN
	160	399
	159	399
	159	398
	159	397
	158	397
	157	396
	155	395
	154	394
	151	391
	150	390
	148	389
	147	387
	146	386
	145	384
	144	382
	143	381
	143	380
	143	379
	143	378
	143	376
.PEN_UP
.PEN_DOWN
	181	396
	181	395
	180	395
	179	394
	179	393
	179	392
	179	391
	179	390
	179	388
	179	387
	179	386
	179	385
	179	384
	178	383
	178	382
	178	381
	178	380
	178	379
	178	378
	178	377
	178	376
	178	375
	178	374
	179	374
	180	374
	181	375
	182	375
	183	376
	184	376
	185	377
.PEN_UP
.PEN_DOWN
	180	408
	180	409
	180	410
.PEN_UP
.PEN_DOWN
	202	400
	203	400
	203	399
	203	398
	203	397
	203	396
	203	395
	203	394
	204	391
	204	390
	204	389
	204	388
	204	387
	204	385
	204	384
	204	383
	204	382
	204	381
	203	380
	203	379
	203	378
	202	377
	202	376
	203	377
	203	378
	204	381
	204	382
	205	383
	205	384
	206	385
	206	386
	207	387
	207	388
	208	388
	209	389
	209	390
	210	391
	212	392
	212	393
	213	394
	214	395
	215	395
	215	394
	215	393
	215	392
	215	391
	214	390
	214	389
	214	387
	213	386
	213	385
	213	384
	213	381
	213	380
	214	379
	214	378
	215	378
	215	377
	216	377
.PEN_UP
.PEN_DOWN
	234	396
	234	397
	233	398
	232	398
	231	398
	231	397
	230	396
	229	396
	228	395
	228	394
	227	393
	226	392
	226	391
	225	388
	225	387
	225	386
	225	385
	226	385
	226	384
	227	384
	228	384
	229	384
	231	385
	232	386
	232	387
	233	387
	234	388
	235	389
	236	390
	236	391
	237	392
	237	393
	237	394
	237	395
	237	396
	237	395
	237	394
	237	391
	237	390
	237	389
	237	387
	237	386
	237	384
	237	382
	237	379
	237	377
	237	374
	237	371
	237	368
	237	363
	236	360
	236	357
	235	355
	235	353
	234	351
	234	350
	234	349
	233	348
	233	347
	232	347
	231	347
	230	347
	229	347
	229	348
	229	349
	228	349
	228	350
.PEN_UP
.PEN_DOWN
	306	389
	307	389
	308	389
	308	390
	309	391
	309	392
	309	393
	309	394
	308	395
	308	396
	307	396
	305	396
	303	395
	302	395
	301	394
	300	393
	299	392
	297	390
	296	389
	295	388
	294	387
	294	386
	294	385
	294	384
	294	383
	294	382
	294	381
	295	380
	296	380
	297	380
	298	380
	299	380
	299	381
	300	381
	301	382
	302	382
	303	383
	304	385
	305	386
	306	387
	306	389
	308	390
	309	392
	310	393
	311	395
	311	396
	312	398
	313	399
	314	400
	315	403
	316	404
	317	405
	317	407
	318	408
	318	409
	319	410
	320	411
	320	412
	321	412
	321	413
	321	414
	320	414
	320	413
	320	412
	319	412
	319	411
	318	411
	318	410
	317	409
	317	408
	317	407
	316	405
	315	401
	314	400
	313	397
	312	395
	312	393
	311	391
	311	390
	310	388
	310	386
	310	385
	310	383
	310	382
	310	380
	311	379
	311	378
	311	377
	312	376
	313	375
.PEN_UP
.PEN_DOWN
	341	392
	341	393
	341	394
	341	395
	341	396
	340	396
	340	397
	339	397
	338	397
	337	397
	336	397
	335	396
	334	395
	333	394
	332	393
	332	392
	330	391
	330	390
	329	389
	329	388
	329	387
	328	387
	328	386
	328	385
	328	384
	329	383
	329	382
	330	382
	331	381
	332	381
	333	381
	334	381
	334	382
	335	382
	337	384
	338	385
	339	386
	339	387
	340	387
	340	388
	341	389
	342	391
	343	391
	343	392
	344	392
	344	393
	344	394
	344	393
	344	392
	343	391
	343	390
	343	389
	343	388
	343	387
	343	386
	343	385
	344	384
	344	383
	345	383
	345	382
	346	382
	348	382
	349	382
.PEN_UP
.PEN_DOWN
	375	395
	376	396
	376	397
	376	398
	376	399
	376	400
	375	400
	375	401
	374	401
	374	402
	373	402
	372	402
	371	402
	371	401
	369	400
	368	400
	368	399
	368	398
	367	397
	367	396
	367	395
	367	393
	367	391
	367	390
	367	389
	367	387
	367	386
	367	384
	366	382
	366	380
	366	378
	365	377
	365	375
	364	371
	363	369
	363	368
	362	366
	362	365
	361	364
	361	363
	361	362
	360	361
	359	360
	358	360
	357	361
.PEN_UP
.PEN_DOWN
	356	384
	357	384
	358	384
	359	384
	360	384
	361	384
	363	384
	364	384
	366	384
	367	384
	368	384
	369	384
	371	384
	372	384
.PEN_UP
.PEN_DOWN
	389	413
	389	412
	389	411
	389	410
	389	409
	389	407
	389	406
	389	405
	389	403
	389	401
	389	398
	388	396
	388	394
	388	392
	388	391
	388	389
	388	388
	388	387
	387	385
	387	384
	387	383
	386	382
	385	381
	385	380
	385	379
	386	379
	387	379
	388	379
	389	379
	390	380
	391	380
	392	380
	393	380
	394	380
.PEN_UP
.PEN_DOWN
	384	398
	385	398
	386	398
	387	398
	388	398
	391	398
	393	398
	394	398
	396	398
	398	398
	400	398
.PEN_UP
.PEN_DOWN
	434	391
	435	391
	436	392
	437	393
	438	394
	439	394
	440	395
	441	396
	442	397
	444	398
	444	399
	445	399
	445	400
	445	401
	445	400
	444	400
	444	399
	444	398
	443	397
	443	396
	443	395
	443	394
	442	392
	442	390
	442	388
	442	386
	442	385
	442	383
	442	381
	442	379
	442	377
	442	375
	442	373
	442	371
	442	369
	441	365
	441	363
	440	361
	440	360
	440	359
	440	358
	439	357
	438	356
	437	355
	436	354
	435	354
	435	353
	434	353
	433	353
	432	353
	432	354
	431	354
	431	356
	431	357
	431	358
	431	359
.PEN_UP
.PEN_DOWN
	455	421
	456	421
	455	421
	455	422
.PEN_UP
.PEN_DOWN
	463	398
	462	397
	462	396
	461	395
	461	394
	461	393
	461	392
	461	391
	460	391
	460	388
	460	387
	460	386
	460	385
	460	384
	460	383
	460	382
	460	381
	460	380
	461	380
	462	380
	462	381
	463	381
	464	382
	465	382
	465	383
	466	383
	467	384
	468	385
.PEN_UP
.PEN_DOWN
	465	412
	465	411
	466	411
	466	412
.PEN_UP
.PEN_DOWN
	479	397
	479	396
	479	395
	479	394
	479	393
	479	392
	479	391
	479	390
	479	389
	479	388
	479	387
	479	386
	479	385
	479	384
	479	382
	479	381
	480	382
	480	383
	481	384
	481	385
	481	386
	481	387
	482	388
	482	389
	482	390
	482	391
	483	392
	483	393
	484	394
	484	395
	485	396
	486	396
	486	397
	487	397
	488	397
	489	397
	489	396
	489	395
	489	394
	489	393
	489	392
	489	391
	488	390
	488	389
	487	387
	487	386
	487	385
	487	384
	487	383
	488	384
	489	384
	489	385
	490	386
	490	387
	491	387
	492	388
	492	389
	493	390
	494	391
	495	391
	495	392
	496	394
	497	394
	497	395
	498	395
	498	396
	499	396
	500	396
	500	395
	500	394
	500	393
	500	391
	500	389
	501	388
	501	387
	501	386
	502	385
	503	384
	505	382
	507	382
	508	381
	510	381
.PEN_UP
