
.WRITER_ID ArloReeves
.STYLE PRINTED
.PEN_DOWN
	107	406
	107	407
	107	408
	107	409
	107	410
	107	411
	106	411
	106	412
	105	412
	105	413
	104	413
	103	413
	102	412
	101	412
	101	411
	100	411
	100	410
	99	409
	99	408
	99	407
	99	406
	99	405
	99	402
	99	401
	99	399
	100	398
	100	396
	100	394
	101	392
	101	391
	101	389
	101	387
	101	385
	101	382
	101	380
	101	378
	101	377
	101	375
	101	374
	101	373
	101	372
	101	371
	101	370
	100	370
	100	369
	99	369
	98	370
	98	371
	97	372
	97	373
	97	374
.PEN_UP
.PEN_DOWN
	94	399
	95	399
	96	399
	98	399
	99	399
	101	400
	103	400
	104	400
	106	400
.PEN_UP
.PEN_DOWN
	111	405
	112	405
	112	406
	113	406
	114	407
	114	408
	115	408
	116	408
	117	408
	118	408
	119	408
	119	407
	120	407
	120	406
	120	405
	119	405
	119	404
	119	403
	118	403
	118	402
	117	401
	116	400
	115	398
	114	397
	114	396
	113	395
	113	394
	113	393
	114	392
	115	392
	116	392
	117	392
	118	393
	119	394
	119	395
	119	396
	119	397
	119	398
	119	400
	120	401
	120	402
	120	403
.PEN_UP
.PEN_DOWN
	127	407
	127	406
	127	405
	127	404
	127	403
	127	402
	127	401
	127	400
	127	398
	127	397
	127	396
	127	395
	127	394
	128	393
	128	392
	129	391
	130	392
	131	392
	132	393
	133	393
	133	394
	134	394
.PEN_UP
.PEN_DOWN
	128	418
	128	419
	128	420
.PEN_UP
.PEN_DOWN
	144	424
	144	423
	143	423
	143	422
	143	421
	143	420
	143	419
	144	418
	144	417
	144	416
	144	414
	143	411
	143	409
	143	408
	143	405
	143	404
	143	402
	144	401
	144	399
	144	398
	144	397
	144	396
	144	395
	145	393
	145	392
	145	391
	146	391
	147	390
	148	390
	149	390
	150	391
	152	391
	152	392
	153	392
	154	393
	155	393
.PEN_UP
.PEN_DOWN
	163	405
	162	405
	161	405
	161	406
	162	407
	163	407
	164	407
	165	407
	166	408
	167	408
	168	409
	169	410
	170	410
	170	411
	171	411
	171	412
	171	413
	170	413
	169	414
	168	414
	167	414
	166	414
	165	414
	164	413
	163	412
	162	412
	162	411
	161	410
	160	409
	160	408
	160	407
	159	406
	159	405
	159	404
	159	403
	159	402
	160	401
	160	400
	161	399
	163	398
	164	398
	165	398
	166	398
	167	398
	168	398
	169	398
	170	399
	171	399
	172	400
.PEN_UP
.PEN_DOWN
	192	407
	192	408
	192	409
	191	409
	191	410
	191	411
	190	411
	190	412
	189	412
	188	412
	187	411
	186	410
	185	409
	184	409
	182	407
	182	406
	181	405
	181	404
	181	403
	181	402
	181	401
	182	400
	183	400
	183	399
	185	399
	186	399
	187	399
	187	400
	188	400
	188	401
	189	401
	189	402
	190	403
	190	405
	191	407
	192	409
	192	411
	192	414
	193	416
	193	418
	193	420
	194	421
	194	423
	194	424
	194	426
	194	427
	194	426
	193	424
	193	423
	193	422
	192	421
	192	419
	192	417
	192	416
	191	414
	191	412
	191	410
	191	408
	191	406
	192	403
	193	401
	193	400
	194	400
	195	399
	196	398
.PEN_UP
.PEN_DOWN
	227	416
	227	417
	227	418
	227	419
	227	418
	227	417
	227	416
	227	415
	227	414
	227	413
	227	412
	227	409
	228	408
	228	407
	228	405
	229	404
	229	403
	229	402
	229	401
	229	400
	230	400
	230	399
	231	399
	231	400
	231	401
	231	402
	231	403
	232	405
	232	406
	233	407
	233	409
	233	410
	234	411
	234	412
	234	413
	234	414
	235	414
	236	413
	236	412
	236	411
	237	410
	237	409
	238	407
	238	406
	238	405
	238	404
	239	403
	239	402
	240	402
	240	401
	241	401
	242	402
	242	403
	242	404
	243	404
	243	405
	243	407
	244	408
	244	409
	244	411
	245	415
	245	417
	246	419
	246	420
	247	421
	247	422
	247	423
	247	422
.PEN_UP
.PEN_DOWN
	256	415
	256	414
	256	413
	256	412
	256	411
	256	410
	256	409
	256	408
	256	407
	256	406
	257	405
	257	404
	257	403
	257	402
	258	402
	258	403
	259	403
	260	404
	261	405
	262	406
	263	407
.PEN_UP
.PEN_DOWN
	259	425
	258	426
	258	427
	259	427
.PEN_UP
.PEN_DOWN
	279	416
	279	417
	279	418
	280	418
	282	418
	283	418
	284	418
	285	418
	286	418
	287	418
	288	418
	289	418
	289	417
	288	416
	288	415
	287	415
	287	414
	286	413
	285	412
	285	411
	284	410
	284	409
	284	408
	283	407
	283	406
	283	405
	283	404
	283	403
	283	402
	283	401
	283	400
	283	399
	284	399
	285	399
	286	399
	286	400
	288	400
	289	400
	290	400
	291	400
	292	400
	293	401
	294	401
	295	401
	296	402
.PEN_UP
.PEN_DOWN
	281	410
	282	410
	283	411
	284	411
	285	411
	287	411
	288	411
.PEN_UP
.PEN_DOWN
	305	418
	306	418
	306	419
	307	419
	308	419
	309	419
	310	419
	311	419
	312	418
	313	418
	314	418
	315	418
	316	417
	317	417
	317	416
	317	415
	317	414
	316	413
	315	412
	315	411
	314	411
	313	410
	312	409
	311	408
	311	407
	310	407
	310	406
	309	405
	308	404
	308	403
	308	402
	309	402
	309	401
	310	401
	311	400
	312	400
	313	401
	314	401
	315	401
	315	402
	316	402
	316	403
	317	404
	317	405
	317	406
	317	407
	317	408
	317	411
	316	413
	316	414
	316	415
	316	416
	315	417
.PEN_UP
.PEN_DOWN
	329	419
	329	418
	329	417
	329	416
	329	415
	329	414
	329	412
	330	411
	330	410
	330	408
	330	406
	330	405
	330	404
	331	403
	331	402
	331	401
	331	402
	331	403
	331	404
	331	405
	332	406
	332	407
	332	408
	332	409
	333	410
	333	411
	334	412
	334	413
	335	413
	336	414
	337	414
	338	415
	339	415
	340	415
	341	415
	342	415
.PEN_UP
.PEN_DOWN
	360	414
	360	415
	359	416
	358	416
	357	416
	356	416
	355	416
	354	415
	353	414
	352	414
	351	413
	351	412
	350	411
	350	410
	350	409
	350	408
	350	407
	350	406
	351	405
	351	404
	352	404
	354	404
	355	404
	355	405
	356	405
	356	406
	356	407
	357	408
	357	409
	358	410
	358	411
	359	413
	359	417
	360	419
	360	421
	361	423
	361	425
	362	427
	362	428
	362	429
	363	430
	363	431
	363	432
	363	431
	362	431
	362	430
	362	429
	362	428
	361	428
	361	427
	361	425
	361	423
	361	422
	361	420
	361	419
	361	417
	362	415
	362	412
	362	410
	363	409
	363	407
	364	406
	364	405
	365	405
	365	404
.PEN_UP
.PEN_DOWN
	406	434
	406	433
	405	433
	405	432
	405	431
	405	430
	405	429
	405	428
	405	426
	405	424
	405	422
	406	419
	406	417
	406	415
	406	414
	406	412
	406	410
	406	409
	406	408
	406	407
	406	406
	406	405
	406	404
	405	404
	405	405
	405	406
	405	408
	405	409
	405	410
	406	411
	406	412
	406	413
	406	414
	406	415
	407	416
	407	418
	407	419
	408	420
	408	421
	409	421
	409	422
	410	422
	410	423
	411	423
	412	423
	413	424
	414	424
	415	424
	415	423
	416	423
	417	422
	417	421
	417	420
	417	418
	416	418
	415	417
	414	417
	413	417
	413	416
	412	416
	411	416
	411	415
	411	414
	411	413
	411	412
	412	411
	413	409
	414	408
	415	407
	416	406
	417	405
	418	405
	418	404
	419	404
	420	404
.PEN_UP
.PEN_DOWN
	423	418
	422	416
	421	415
	421	414
	421	412
	421	411
	421	410
	421	409
	421	408
	422	407
	423	406
	423	405
	424	405
	424	406
	424	407
	424	408
	424	409
	424	410
	424	412
	425	412
	425	413
	425	414
	426	415
	426	416
	427	417
	428	418
	429	419
	430	419
	430	418
	430	417
	430	416
	430	415
	430	414
	430	413
	430	412
	430	410
	430	409
	430	407
	430	406
	431	406
	431	405
	432	404
	433	404
	434	403
	435	403
	436	403
	437	403
	437	404
	438	404
	439	405
.PEN_UP
.PEN_DOWN
	443	409
	442	409
	443	410
	444	411
	445	412
	446	412
	447	413
	448	413
	448	414
	449	415
	450	415
	450	416
	451	417
	451	418
	450	419
	450	420
	449	420
	448	420
	447	420
	446	420
	445	420
	445	419
	444	418
	443	417
	443	416
	443	414
	443	413
	443	412
	443	410
	443	409
	443	407
	444	405
	445	405
	445	404
	446	404
	446	403
	447	403
	448	403
	449	403
	451	403
	452	403
	454	404
.PEN_UP
.PEN_DOWN
	458	418
	458	419
	458	418
	459	417
	459	416
	459	415
	459	414
	459	413
	459	412
	459	411
	459	410
	460	408
	461	407
	461	406
	462	406
	463	407
	463	408
	463	409
	463	410
	464	411
	464	412
	464	413
	464	414
	465	415
	466	416
	466	415
	466	414
	467	414
	467	413
	467	412
	468	411
	468	410
	468	409
	469	408
	470	407
	471	407
	472	407
	473	407
	474	408
	475	409
	476	410
	476	411
	477	413
	477	414
	477	416
	477	417
	477	418
	478	418
.PEN_UP
.PEN_DOWN
	499	436
	499	437
	499	436
	499	434
	499	433
	499	431
	499	430
	499	428
	499	427
	499	426
	499	424
	499	423
	499	421
	499	420
	499	417
	499	415
	499	414
	499	413
	499	412
	499	411
	499	410
	499	409
	500	409
	501	409
	502	409
	503	409
	503	410
	504	410
	505	410
	506	410
	507	410
	508	410
	509	410
	510	410
.PEN_UP
.PEN_DOWN
	495	422
	496	422
	497	423
	498	423
	499	423
	500	423
	502	424
	505	424
.PEN_UP
.PEN_DOWN
	514	441
	514	440
	514	439
	514	438
	514	437
	514	436
	514	434
	514	432
	514	431
	514	429
	514	425
	514	423
	514	421
	514	420
	514	418
	515	417
	515	415
	515	414
	515	413
	515	412
	515	411
	515	410
	515	411
	515	412
	515	413
	515	414
	516	415
	516	416
	516	417
	517	418
	518	418
	519	419
	519	420
	520	420
	520	421
	521	421
	522	421
	522	422
	523	422
	524	422
	525	422
	525	421
	525	420
	525	419
	525	418
	525	417
	525	416
	525	415
	525	414
	525	413
	525	412
	525	411
	525	410
	526	410
	526	409
.PEN_UP
.PEN_DOWN
	532	428
	533	428
	534	428
	535	428
	536	428
	537	428
	538	428
	539	427
	540	426
	540	425
	540	424
	540	423
	539	422
	538	421
	537	421
	537	420
	536	419
	535	418
	534	417
	533	417
	533	416
	532	415
	532	414
	532	413
	532	412
	533	411
	533	410
	534	410
	535	410
	536	410
	537	410
	538	410
	539	411
	540	411
	540	412
	541	413
	541	414
	541	415
	541	416
	541	417
	541	418
	541	419
	540	420
	540	422
.PEN_UP
.PEN_DOWN
	552	438
	552	437
	551	437
	551	436
	550	435
	550	434
	550	433
	550	432
	550	430
	550	429
	550	427
	551	424
	551	423
	551	421
	552	420
	552	418
	552	417
	552	416
	552	415
	551	414
	551	413
	551	412
	552	412
	552	413
	553	413
	554	413
	555	413
	556	413
	557	413
	558	413
.PEN_UP
.PEN_DOWN
	549	423
	550	424
	551	424
	552	424
	553	424
	554	424
	555	424
	556	424
	557	424
	558	424
.PEN_UP
.PEN_DOWN
	594	425
	594	426
	594	427
	593	427
	593	428
	592	428
	589	428
	588	428
	587	428
	586	428
	585	428
	584	428
	584	427
	584	426
	584	425
	585	424
	586	423
	587	423
	587	422
	588	422
	589	420
	590	420
	591	419
	591	418
	592	418
	592	417
	592	416
	592	415
	591	414
	590	414
	590	413
	589	413
	588	413
	587	413
	586	412
	585	412
	584	413
	584	414
.PEN_UP
.PEN_DOWN
	600	423
	599	423
	599	422
	598	421
	597	420
	597	419
	597	418
	597	417
	597	416
	597	415
	597	414
	599	414
	600	414
	601	414
	601	415
	601	416
	601	417
	601	418
	601	419
	601	420
	600	421
	600	422
	600	423
	599	424
	599	425
.PEN_UP
.PEN_DOWN
	612	428
	611	428
	611	427
	611	426
	611	425
	611	423
	611	422
	611	421
	611	420
	611	419
	611	418
	611	417
	611	416
	611	415
	611	414
	611	413
	611	412
	611	411
	611	412
	611	413
	611	414
	612	415
	612	416
	613	417
	613	418
	613	419
	614	420
	614	421
	615	422
	615	423
	616	423
	616	424
	617	424
	618	424
	619	424
	619	423
	619	422
	619	421
	618	420
	618	419
	618	418
	618	417
	618	416
	618	415
	618	414
	619	415
	619	416
	620	417
	620	418
	621	418
	622	420
	623	421
	623	422
	624	422
	624	423
	625	423
	625	424
	626	424
	626	425
	626	424
	626	423
	626	422
	626	421
	626	420
	626	419
	626	418
	626	417
	626	416
	626	414
	626	413
	627	412
	627	411
	628	411
	628	410
	629	410
	630	410
	631	410
	632	411
	633	411
	634	412
	635	412
	635	413
	636	414
	637	414
	637	415
	637	416
	637	417
	636	417
.PEN_UP
.PEN_DOWN
	646	418
	647	418
	647	419
	648	419
	649	419
	650	420
	651	420
	651	421
	652	421
	652	422
	652	423
	652	424
	651	424
	651	425
	651	426
	650	426
	649	426
	648	426
	647	426
	646	426
	646	425
	645	425
	645	424
	645	423
	645	422
	645	421
	645	419
	645	418
	646	417
	646	415
	647	414
	648	414
	649	413
	650	412
	651	412
	651	411
	652	411
	654	411
	655	411
.PEN_UP
