
.WRITER_ID ArloReeves
.STYLE PRINTED
.PEN_DOWN
	97	429
	97	430
	98	431
	99	432
	99	433
	100	434
	99	433
	99	432
	99	430
	98	428
	97	424
	97	421
	96	418
	96	416
	96	413
	95	410
	95	407
	95	405
	95	403
	95	401
	95	399
	96	397
	96	396
	96	395
	97	395
.PEN_UP
.PEN_DOWN
	98	384
	98	383
	97	383
	97	384
	98	384
	98	385
.PEN_UP
.PEN_DOWN
	140	409
	141	409
	141	410
	141	409
	141	408
	141	407
	141	406
	142	405
	142	404
	142	403
	143	403
	144	403
	144	404
	144	405
	144	406
	145	407
	145	408
	145	409
	145	410
	144	411
	143	412
	142	412
	141	411
	140	410
	140	409
	140	408
	140	407
	140	406
	141	406
	142	406
	143	406
	143	407
	144	407
	144	408
	145	409
	146	410
	146	411
	147	412
	147	414
	147	417
	147	418
	147	420
	147	422
	146	423
	146	424
	146	425
	145	426
	144	426
	143	426
	142	426
	140	426
	138	425
	136	425
	135	423
	133	422
	132	421
	130	419
	129	417
	128	415
	128	414
	127	411
	127	409
	127	404
	127	401
	128	399
	129	397
	130	396
	131	394
	132	393
	133	392
	134	391
	135	391
	136	390
	138	390
	140	390
.PEN_UP
.PEN_DOWN
	183	425
	183	424
	182	423
	181	421
	181	420
	181	418
	180	416
	180	414
	180	412
	179	408
	179	406
	178	404
	178	402
	178	401
	178	400
	178	399
	178	398
	178	397
	178	396
.PEN_UP
.PEN_DOWN
	187	428
	187	427
	187	426
	187	425
	187	424
	187	423
	187	422
	187	420
	187	419
	187	416
	187	414
	188	412
	188	410
	188	408
	188	407
	188	405
	189	404
	189	403
	189	402
	189	400
	189	399
	189	398
.PEN_UP
.PEN_DOWN
	173	409
	173	410
	175	410
	175	411
	176	411
	178	412
	180	413
	181	413
	183	414
	185	415
	187	415
	192	417
	193	417
	195	417
	196	418
.PEN_UP
.PEN_DOWN
	178	404
	177	403
	176	402
	177	402
	177	403
	178	403
	179	403
	181	404
	183	404
	185	405
	187	405
	189	406
	190	406
	192	407
	194	408
	195	408
	197	408
.PEN_UP
.PEN_DOWN
	227	421
	228	421
	228	422
	228	423
	227	423
	225	423
	224	422
	222	422
	221	421
	219	420
	218	419
	215	418
	215	417
	214	417
	214	416
	214	415
	215	415
	215	414
	216	414
	217	414
	221	414
	222	414
	224	414
	226	413
	227	413
	229	413
	230	412
	231	412
	232	411
	232	410
	233	410
	233	408
	233	407
	232	406
	232	405
	231	405
	230	404
	229	403
	228	402
	227	401
	226	401
	224	400
	223	399
	221	399
	220	398
	219	398
	218	398
	218	399
.PEN_UP
.PEN_DOWN
	226	433
	226	432
	226	430
	226	428
	226	427
	226	425
	226	423
	226	420
	226	418
	226	415
	226	412
	226	410
	226	407
	226	403
	226	401
	226	399
	226	398
	226	396
	226	395
	226	394
.PEN_UP
.PEN_DOWN
	268	429
	268	430
	268	431
	268	432
	267	433
	266	433
	265	432
	264	432
	263	431
	262	430
	260	428
	259	426
	259	425
	259	424
	259	423
	259	422
	259	421
	259	420
	260	420
	261	419
	262	419
	263	419
	266	419
	267	420
	268	420
	270	421
	270	422
	271	423
	271	424
	272	425
	272	426
	272	427
	272	428
	271	430
	270	431
	270	432
	269	432
.PEN_UP
.PEN_DOWN
	281	435
	281	434
	281	433
	280	432
	279	431
	278	429
	277	428
	276	426
	275	423
	273	421
	272	419
	270	416
	269	413
	267	410
	266	405
	265	403
	265	401
	265	400
	265	399
	265	398
.PEN_UP
.PEN_DOWN
	282	417
	282	416
	281	415
	280	414
	279	413
	279	412
	279	411
	279	410
	279	409
	279	408
	281	406
	282	406
	283	406
	284	407
	285	407
	285	408
	286	408
	287	409
	287	410
	287	411
	287	412
	286	415
	285	416
	284	417
	283	418
	282	418
	282	419
	281	419
	280	419
	280	418
.PEN_UP
.PEN_DOWN
	303	420
	304	420
	304	421
	304	422
	305	423
	306	423
	307	424
	307	425
	308	426
	308	427
	309	428
	310	429
	310	430
	311	431
	312	432
	312	433
	312	432
	312	430
	312	429
	312	428
	312	427
	312	426
	313	425
	313	424
	314	423
	314	422
	314	421
	315	420
	316	420
	316	418
.PEN_UP
.PEN_DOWN
	353	396
	354	396
	354	395
	354	396
	353	396
	352	396
	351	396
	351	397
	350	397
	349	398
	349	399
	347	400
	347	402
	346	403
	345	405
	344	406
	343	409
	343	410
	342	413
	342	415
	341	416
	341	418
	340	419
	340	421
	340	422
	340	423
	341	424
	342	424
	344	425
	345	425
	347	425
	348	425
	349	425
	351	426
	352	426
	353	426
	354	426
	354	425
	355	425
	355	424
	355	423
	354	423
	353	422
	352	421
	352	420
	350	419
	350	418
	349	418
	346	415
	345	414
	344	413
	342	412
	342	411
	340	409
	339	408
	338	407
	338	406
	336	405
	336	404
	334	402
	334	401
	333	400
	333	399
	333	398
	333	397
	333	396
	334	396
	334	395
	335	395
	336	395
	337	395
	338	395
	339	395
	340	396
	341	396
	342	397
	344	398
	346	398
	348	399
	349	400
	351	402
	352	402
	352	403
	352	404
	352	405
	352	406
	351	406
	350	407
	349	408
	348	408
	347	408
	346	408
	346	409
	345	409
	345	408
.PEN_UP
.PEN_DOWN
	379	423
	380	423
	381	422
	381	421
	382	420
	383	419
	384	418
	385	418
	386	416
	387	415
	389	414
	389	413
	390	411
	391	410
	392	407
	393	406
	393	405
	394	404
	394	403
	394	402
	394	401
	394	400
.PEN_UP
.PEN_DOWN
	394	420
	393	419
	392	419
	391	418
	390	417
	389	417
	387	415
	386	414
	386	413
	385	411
	385	410
	384	409
	384	408
	384	407
	384	406
	383	405
.PEN_UP
.PEN_DOWN
	378	410
	379	410
	380	410
	381	411
	383	411
	384	412
	385	412
	387	412
	389	413
	391	413
	393	413
	395	413
.PEN_UP
.PEN_DOWN
	426	435
	425	435
	425	433
	424	432
	423	431
	423	430
	422	428
	422	426
	421	424
	421	421
	421	419
	421	416
	421	413
	421	410
	423	405
	423	402
	424	400
	425	398
	426	396
	427	394
	428	393
	429	391
	430	390
	431	389
.PEN_UP
.PEN_DOWN
	442	437
	443	437
	444	437
	444	436
	445	435
	445	433
	446	430
	447	428
	447	425
	448	423
	448	420
	449	418
	449	415
	449	412
	449	409
	448	407
	448	405
	447	402
	446	398
	445	396
	444	395
	443	394
	442	393
	442	392
.PEN_UP
.PEN_DOWN
	456	436
	457	436
	457	435
	458	435
	458	434
	459	434
	459	433
	460	432
	461	431
	464	429
	465	428
	466	427
	467	426
	468	426
.PEN_UP
.PEN_DOWN
	486	410
	486	411
	487	411
	487	412
	488	414
	489	414
	490	415
	491	415
	491	416
	492	416
	493	416
	494	417
	495	417
	496	417
	496	416
	496	415
	496	414
	496	413
	496	412
	497	411
	497	410
	498	410
	499	410
	500	410
	501	410
	502	411
	503	411
	504	412
	506	414
	507	415
	508	416
	509	417
	509	418
	510	418
	510	419
	509	419
.PEN_UP
.PEN_DOWN
	514	402
	515	401
	515	402
	516	402
	517	402
	518	403
	520	403
	521	403
	526	404
	528	405
	530	405
	532	405
	533	405
	535	404
.PEN_UP
.PEN_DOWN
	532	377
	533	377
	534	377
	535	377
	536	377
	538	377
	540	378
	542	378
	544	378
	547	378
	549	378
	554	378
	557	378
	559	378
	561	378
	564	378
	565	378
	567	378
	568	378
	569	378
	570	378
	570	379
	569	379
	568	379
	567	379
	568	379
	568	378
.PEN_UP
.PEN_DOWN
	570	418
	570	417
	570	416
	569	415
	569	414
	569	413
	569	411
	568	410
	568	409
	568	407
	567	406
	567	404
	567	402
	567	401
	567	400
	567	399
	567	398
	567	397
	567	396
.PEN_UP
.PEN_DOWN
	559	408
	560	408
	561	408
	562	408
	564	408
	565	408
	569	409
	572	409
	574	409
	576	408
	578	408
	580	408
	581	408
.PEN_UP
.PEN_DOWN
	589	397
	590	398
	591	398
	592	398
	593	398
	595	399
	596	399
	598	399
	600	399
	601	399
	603	400
	606	400
	607	400
	608	400
.PEN_UP
.PEN_DOWN
	589	405
	588	405
	588	406
	589	406
	590	406
	591	406
	593	406
	597	406
	599	406
	601	406
.PEN_UP
.PEN_DOWN
	631	418
	632	417
	632	418
	631	418
	629	418
	628	418
	627	418
	626	417
	625	417
	624	417
	623	417
	623	416
	622	416
	621	415
	621	414
	621	413
	622	412
	622	411
	623	410
	623	409
	623	408
	623	407
	623	406
	623	405
	623	403
	623	402
	623	401
	622	398
	622	397
	622	396
	622	394
	622	393
	621	391
	621	390
	621	389
	621	388
	620	387
	620	386
	620	385
	620	384
	620	383
	620	382
	619	382
	619	381
	619	380
	619	379
	618	379
	618	378
	619	378
	620	379
	621	379
	622	379
	623	379
	624	380
	626	380
	627	380
	628	380
.PEN_UP
.PEN_DOWN
	638	417
	639	418
	640	418
	641	418
	642	418
	644	418
	645	418
	646	418
	647	418
	648	418
	649	418
	648	418
	648	417
	647	417
	647	416
	647	415
	647	414
	648	414
	648	413
	648	411
	648	410
	648	409
	648	408
	648	406
	648	405
	647	403
	647	400
	646	398
	646	396
	646	395
	645	394
	645	392
	645	391
	644	390
	644	389
	644	388
	644	387
	644	386
	644	384
	644	383
	644	382
	644	381
	644	380
	644	379
	644	378
	645	378
	645	377
	644	377
	644	376
	643	376
	642	376
	641	377
	640	377
	638	378
.PEN_UP
.PEN_DOWN
	674	417
	673	417
	672	417
	671	417
	670	417
	669	417
	668	417
	667	417
	667	416
	666	416
	665	415
	665	414
	665	413
	665	412
	665	411
	666	411
	666	410
	667	409
	668	409
	669	408
	670	408
	670	407
	671	406
	671	405
	671	404
	671	403
	670	403
	670	402
	669	401
	669	400
	668	400
	667	399
	666	399
	665	398
	664	398
	663	397
	662	397
	662	396
	663	396
	664	396
	665	396
	667	396
	668	395
	669	395
	669	394
	668	394
	668	393
	667	393
	667	392
	666	391
	665	390
	664	389
	663	388
	662	387
	661	386
	661	385
	661	384
	661	383
	662	382
	663	382
	664	381
	665	381
	666	381
	667	381
	668	381
	669	381
	670	381
.PEN_UP
.PEN_DOWN
	682	420
	682	421
	683	421
	683	422
	684	422
	685	422
	686	421
	687	421
	688	421
	689	421
	691	421
	692	421
	692	420
	693	420
	693	419
	693	418
	694	417
	694	416
	694	415
	693	414
	693	413
	692	412
	691	411
	691	410
	690	409
	689	409
	689	408
	688	407
	687	406
	686	405
	686	404
	686	403
	687	402
	688	402
	689	402
	690	401
	691	401
	690	400
	689	400
	688	399
	687	399
	687	398
	687	397
	687	396
	688	396
	688	395
	689	395
	689	394
	690	394
	691	393
	691	392
	692	392
	692	391
	692	390
	691	388
	691	387
	690	386
	689	386
	689	385
	688	385
	688	384
	687	384
	686	384
.PEN_UP
.PEN_DOWN
	702	423
	702	424
	702	425
	703	425
	703	424
	704	423
	705	423
	705	422
	706	420
	707	418
	709	414
	710	412
	711	409
	711	407
	713	404
	713	402
	715	400
	716	398
	716	396
	718	394
	718	393
.PEN_UP
.PEN_DOWN
	725	394
	725	393
	727	392
	726	391
	725	391
	725	390
	724	389
	724	388
	723	387
	723	386
	722	384
	721	382
.PEN_UP
.PEN_DOWN
	747	425
	747	424
	748	424
	748	423
	747	423
	747	422
	746	421
	746	419
	743	415
	742	413
	741	410
	739	408
	738	405
	737	403
	736	400
	735	398
	735	396
	734	394
	734	393
	734	391
	734	389
.PEN_UP
.PEN_DOWN
	754	410
	754	411
	754	412
	754	413
	754	414
	754	415
	755	416
	755	417
	756	417
	757	418
	758	419
	759	419
	760	420
	761	420
	762	421
	763	421
	764	421
	765	421
	766	421
	767	421
	768	421
	768	420
	769	420
	769	419
	768	418
	768	417
	767	416
	767	415
	766	414
	765	414
	764	412
	763	411
	761	409
	761	408
	760	407
	760	406
	760	405
	760	404
	760	403
	760	402
	760	401
	761	401
	762	400
	763	400
	764	400
	765	400
	766	400
	767	400
.PEN_UP
.PEN_DOWN
	758	388
	758	387
	757	387
	758	386
	759	386
	760	385
	761	385
	762	385
	763	385
	763	386
	764	386
	764	387
	764	388
	763	389
	762	389
	761	390
	761	391
.PEN_UP
.PEN_DOWN
	793	436
	793	435
	794	435
	793	434
	793	433
	793	432
	792	431
	792	430
	792	429
	792	428
	792	427
	792	425
.PEN_UP
.PEN_DOWN
	285	470
	286	471
	287	471
	288	471
	288	472
	288	471
	287	470
	285	469
	285	468
	283	468
	282	467
	281	466
	280	465
	279	465
	277	463
	275	463
	274	462
	273	461
	273	460
	272	460
	273	460
	273	459
	274	459
	275	459
	276	459
	277	459
	278	458
	279	458
	280	458
	281	457
	283	456
	284	456
	285	455
	286	455
	287	454
	288	454
	288	453
	289	453
	289	452
	290	452
	290	451
	290	450
.PEN_UP
.PEN_DOWN
	307	476
	307	477
	308	477
	308	476
	308	475
	308	474
	308	471
	308	469
	308	468
	308	465
	308	463
	308	461
	308	459
	308	457
	308	455
	308	453
	308	451
	308	450
	309	447
.PEN_UP
.PEN_DOWN
	332	473
	331	473
	331	472
	332	472
	333	471
	334	471
	335	470
	337	470
	338	469
	341	468
	342	467
	344	466
	345	466
	345	465
	346	464
	347	464
	347	463
	347	462
	347	460
	346	460
	346	459
	345	459
	345	458
	344	457
	342	457
	341	456
	340	455
	339	455
	337	454
	336	453
	334	451
	333	451
	332	450
.PEN_UP
.PEN_DOWN
	366	479
	367	479
	367	478
	367	477
	367	476
	367	475
	367	474
	367	473
	367	472
	368	471
	368	470
	368	469
	368	468
	368	467
.PEN_UP
.PEN_DOWN
	372	481
	373	481
	372	480
	372	478
	372	477
	372	476
	372	475
	372	474
	372	473
	373	472
	373	471
	374	470
.PEN_UP
.PEN_DOWN
	391	469
	391	470
.PEN_UP
.PEN_DOWN
	391	454
	391	452
	391	450
	391	448
	390	446
	390	444
	389	443
	389	441
	388	440
	387	439
	386	437
	385	436
	385	435
.PEN_UP
.PEN_DOWN
	408	468
	409	468
	409	469
	409	468
.PEN_UP
.PEN_DOWN
	408	455
	407	456
	407	457
	407	456
.PEN_UP
.PEN_DOWN
	421	456
	420	457
	420	458
	419	458
	419	459
	420	459
	420	458
.PEN_UP
