
.WRITER_ID ArloReeves
.STYLE PRINTED
.PEN_DOWN
	100	384
	101	385
	102	387
	103	388
	103	389
	104	390
	104	391
	104	392
	105	393
	105	394
	105	395
	105	396
	105	397
	105	398
	104	399
	104	400
	103	401
	102	402
	101	403
	100	403
	99	403
	99	402
	98	402
	97	401
	96	400
	95	399
	94	398
	93	397
	92	396
	92	395
	91	393
	90	392
	90	391
	89	390
	88	388
	87	387
	87	385
	86	383
	85	381
	84	380
	84	378
	84	376
	83	373
	83	372
	83	370
	84	369
	84	368
	85	367
	85	366
	86	365
	87	364
	88	363
	89	363
	91	364
	92	364
	93	365
	94	367
	96	368
	96	370
	97	371
	99	373
	100	375
	101	378
	101	380
	103	384
	104	386
	104	387
	105	388
	105	389
	105	390
	105	391
	104	390
	104	389
	104	388
	104	386
	104	385
	104	383
	104	382
	104	378
	104	376
	105	374
	105	372
	106	370
	107	368
	107	367
	108	365
	109	365
	111	364
.PEN_UP
.PEN_DOWN
	153	396
	153	397
	153	398
	152	399
	151	399
	150	399
	149	399
	149	398
	147	397
	146	397
	145	396
	144	395
	143	394
	142	392
	141	389
	140	388
	139	386
	138	385
	138	383
	138	382
	138	380
	138	379
	138	378
	138	377
	139	376
	140	375
	141	375
	142	375
	143	375
	144	375
	145	376
	146	377
	146	378
	147	379
	148	381
	150	384
	151	386
	151	387
	152	388
	153	390
	153	391
	154	392
	154	393
	154	394
	154	395
	154	394
	154	393
	154	392
	154	391
	153	391
	153	388
	152	387
	152	386
	152	384
	151	382
	151	381
	151	379
	150	377
	150	374
	149	372
	149	369
	148	366
	147	360
	146	358
	146	356
	146	355
	146	353
	145	351
	145	350
	144	349
	144	347
	144	346
	144	345
	143	344
	144	344
	144	345
	144	346
	145	347
	145	348
	145	349
	146	351
	146	353
	147	355
	147	356
	148	357
	148	358
	148	360
	149	361
	150	363
	150	364
	151	366
	152	368
	153	370
	154	372
	154	373
.PEN_UP
.PEN_DOWN
	166	392
	165	392
	165	391
	165	390
	164	390
	164	389
	164	388
	163	387
	163	386
	163	384
	163	383
	163	382
	162	380
	162	378
	162	375
	162	374
	162	373
	162	371
	162	370
	162	369
	163	369
	163	368
	164	368
	165	368
	166	369
	167	370
	168	371
	169	372
	170	373
	171	374
	172	376
	173	377
	174	379
	174	380
	175	382
	176	384
	177	385
	177	386
	177	387
	177	388
	177	389
	177	390
	177	391
	177	392
	177	391
	178	391
	179	392
	179	391
	178	390
	178	389
	178	388
	177	387
	177	386
	177	385
	177	383
	176	382
	176	381
	176	380
	176	378
	176	377
	176	376
	176	373
	177	372
	177	371
	177	370
	178	369
	179	368
	180	368
	181	368
	182	369
.PEN_UP
.PEN_DOWN
	196	393
	196	392
	195	392
	195	391
	195	390
	194	389
	193	387
	193	386
	193	385
	193	384
	193	382
	192	381
	192	379
	192	378
	192	377
	192	375
	192	374
	192	373
	191	372
	191	371
	191	370
	191	369
	191	368
	191	367
	192	367
	192	366
	193	366
	194	366
	195	366
	195	367
	196	368
	197	369
	198	370
	199	371
	199	372
.PEN_UP
.PEN_DOWN
	198	405
	198	406
	199	406
.PEN_UP
.PEN_DOWN
	221	388
	221	389
	222	389
	222	390
	222	391
	222	392
	222	393
	221	393
	220	392
	219	392
	219	391
	218	391
	217	390
	217	389
	216	388
	215	387
	215	386
	215	385
	214	384
	214	382
	213	380
	213	379
	213	378
	213	377
	213	376
	213	375
	213	374
	214	373
	214	372
	215	371
	216	371
	217	371
	219	371
	220	371
	221	372
	222	372
	224	373
	225	374
	227	375
	228	375
.PEN_UP
.PEN_DOWN
	239	420
	239	419
	239	418
	239	417
	239	415
	238	414
	238	412
	238	410
	238	408
	238	405
	238	403
	238	400
	237	395
	237	392
	237	390
	236	387
	236	385
	235	382
	235	381
	234	379
	234	377
	234	375
	234	374
	233	373
	233	372
	233	373
	233	375
	234	376
	234	378
	234	379
	234	381
	235	382
	236	385
	236	387
	237	389
	237	390
	238	391
	238	392
	239	393
	239	394
	240	395
	241	396
	242	398
	242	399
	243	399
	243	400
	244	400
	245	401
	246	401
	247	401
	248	401
	249	401
	250	401
	250	400
	250	399
	249	398
	248	396
	247	396
	247	395
	246	394
	246	393
	245	392
	245	391
	244	391
	244	390
	244	389
	243	388
	242	387
	242	386
	242	385
	242	384
	242	383
	242	382
	242	381
	243	381
	243	380
	244	380
	245	379
	246	379
	247	379
	248	379
	249	378
	251	378
	252	378
.PEN_UP
.PEN_DOWN
	298	422
	298	421
	298	420
	298	419
	298	418
	297	415
	297	414
	297	412
	297	411
	297	409
	297	407
	297	405
	297	402
	297	400
	297	397
	297	394
	297	391
	296	385
	295	382
	295	379
	295	376
	294	373
	294	371
	294	369
	294	366
	293	364
	293	363
	293	362
	293	361
	293	360
	293	361
	293	362
	293	364
	293	365
	293	367
	294	368
	294	370
	294	373
	294	374
	294	375
	295	376
	295	377
	295	378
	295	379
	296	381
	296	382
	297	383
	298	384
	299	386
	300	387
	301	388
	301	389
	303	390
	304	391
	304	392
	306	393
	306	394
	307	395
	309	395
	309	396
	310	396
	311	396
	311	395
	312	394
	312	393
	312	392
	312	391
	312	390
	313	388
	313	387
	313	386
	313	385
	313	384
	313	383
	313	382
	312	381
	311	380
	311	379
	309	378
	306	376
	304	375
	302	375
	300	374
	299	373
	298	372
	296	371
	295	371
.PEN_UP
.PEN_DOWN
	322	394
	322	393
	322	392
	322	391
	323	391
	323	390
	323	387
	323	386
	323	385
	323	383
	323	382
	323	380
	323	379
	324	378
	324	376
	324	374
	324	373
	324	370
	323	369
	323	368
	323	367
	323	366
	322	365
	322	364
	322	365
	322	366
	322	367
	322	369
	323	369
	323	371
	323	372
	324	373
	324	374
	325	376
	325	377
	326	378
	326	380
	327	381
	328	382
	328	383
	329	385
	330	386
	331	387
	332	389
	333	391
	334	391
	335	392
	335	393
	336	393
	337	394
	338	394
	339	394
	339	393
	340	393
	341	392
	342	392
	343	391
	344	391
	345	391
	346	391
.PEN_UP
.PEN_DOWN
	351	391
	352	392
	352	393
	351	393
	351	392
	350	392
	350	391
	349	390
	349	389
	348	388
	347	387
	346	386
	345	384
	344	382
	344	380
	343	379
	343	378
	343	376
	343	375
	343	374
	343	373
	344	373
	344	372
	345	372
	346	372
	348	372
	349	373
	350	373
	351	374
	352	375
	354	376
	354	377
	355	378
	356	379
	357	380
	358	383
	358	384
	359	385
	359	387
	359	388
	359	389
	359	390
	359	391
	359	392
.PEN_UP
.PEN_DOWN
	369	391
	370	392
	371	392
	371	393
	372	393
	373	394
	374	394
	374	393
	374	392
	374	391
	374	390
	373	390
	373	389
	373	388
	373	387
	373	386
	372	385
	372	383
	372	382
	372	380
	372	379
	372	378
	372	377
	372	376
	372	374
	372	373
	372	372
	372	371
	373	371
	374	371
	375	372
	376	373
	377	373
	377	374
	377	375
	378	376
	379	378
	380	380
	380	381
	381	382
	381	383
	382	385
	382	386
	383	387
	383	388
	383	389
	383	390
	383	391
	384	391
	384	392
	384	391
	383	391
	383	390
	383	389
	383	388
	383	387
	382	386
	382	385
	382	384
	382	382
	382	379
	382	378
	382	377
	382	376
	383	375
	383	374
	384	374
	384	373
	385	373
	386	373
	388	374
	388	375
	389	376
	390	377
	391	378
	392	378
	393	380
	393	381
	394	382
	394	383
	395	385
	395	387
	395	388
	396	389
	396	390
	396	391
	396	392
.PEN_UP
.PEN_DOWN
	404	396
	404	395
	404	394
	404	393
	403	391
	403	390
	403	389
	403	388
	403	387
	403	386
	403	384
	403	383
	402	382
	402	381
	402	379
	402	377
	402	376
	402	375
	402	374
	402	373
	402	372
	402	373
	403	374
	403	375
	403	376
	404	377
	404	378
	405	380
	405	381
	405	382
	406	383
	406	385
	407	386
	407	387
	408	389
	408	390
	409	390
	409	391
	410	392
	410	393
	411	393
	411	394
	412	394
	412	395
	413	395
	414	395
	414	394
	414	393
	414	392
	414	391
	414	389
	414	388
	414	387
	414	386
	414	384
	414	383
	414	382
	414	381
	414	380
	415	379
	415	378
	416	377
	417	376
	418	376
	419	376
	420	376
	422	376
	423	376
	425	377
	426	378
.PEN_UP
.PEN_DOWN
	469	394
	468	395
	467	396
	466	396
	466	397
	466	398
	465	398
	465	397
	465	396
	465	395
	465	394
	465	393
	465	392
	465	391
	464	390
	464	388
	464	387
	464	386
	464	384
	464	383
	464	381
	464	380
	464	378
	464	375
	464	373
	464	371
	464	369
	464	368
	464	366
	464	365
	464	363
	464	362
	464	360
	464	358
	464	355
	464	354
	464	352
	463	350
	463	349
	463	347
	462	345
	462	343
	462	342
	461	340
	461	339
	460	338
	460	337
	459	336
	458	336
	457	336
	457	337
.PEN_UP
.PEN_DOWN
	458	380
	459	380
	461	381
	463	382
	464	382
	465	382
	467	383
	469	384
	470	384
	471	384
	472	384
	473	384
	474	384
.PEN_UP
.PEN_DOWN
	493	391
	493	392
	492	393
	492	394
	491	394
	490	395
	489	395
	488	395
	487	395
	487	394
	486	394
	485	393
	484	392
	484	391
	483	390
	482	389
	481	388
	481	387
	480	384
	480	383
	480	382
	480	380
	481	379
	481	378
	482	377
	482	376
	483	375
	484	374
	484	373
	485	372
	487	372
	488	372
	489	372
	490	372
	491	372
	492	373
	492	374
	493	375
	493	377
	494	378
	494	380
	494	382
	493	386
	493	387
	493	389
	493	391
	492	392
	492	393
	492	394
	492	395
	492	396
.PEN_UP
.PEN_DOWN
	498	389
	498	390
	499	390
	500	391
	501	391
	502	392
	503	393
	504	393
	505	393
	506	393
	506	392
	506	391
	506	390
	506	389
	506	388
	506	386
	506	385
	506	383
	507	382
	507	381
	507	380
	507	379
	508	378
	508	377
	509	376
	510	376
	511	375
	512	374
	513	373
	514	373
	515	373
	515	374
.PEN_UP
.PEN_DOWN
	514	397
	513	397
	513	396
	512	394
	511	393
	510	392
	509	390
	508	389
	507	387
	505	385
	504	383
	503	381
	502	379
	501	378
	500	376
	499	373
	499	372
	499	371
.PEN_UP
.PEN_DOWN
	542	386
	542	387
	543	387
	543	388
	544	389
	545	389
	546	390
	547	391
	548	392
	550	393
	551	394
	552	395
	553	395
	553	396
	554	396
	554	397
	555	397
	556	398
	557	398
	557	397
	557	396
	557	395
	556	392
	556	391
	556	389
	556	387
	556	386
	556	383
	555	381
	555	379
	555	376
	555	374
	555	371
	554	366
	554	364
	554	362
	554	360
	554	358
	553	357
	553	355
	552	354
	552	353
	552	352
	551	351
	551	350
	550	348
	549	347
	549	346
	548	346
	547	345
	546	345
	546	344
	545	344
	544	344
	542	343
	541	343
	540	344
	539	344
	538	345
	538	346
	538	347
	538	348
	539	351
.PEN_UP
.PEN_DOWN
	564	417
	564	418
	564	419
	564	420
	565	420
	565	421
.PEN_UP
.PEN_DOWN
	569	395
	570	395
	570	394
	569	393
	569	392
	569	391
	569	390
	568	388
	568	387
	568	385
	568	384
	568	383
	568	381
	568	380
	568	378
	568	377
	568	375
	568	372
	569	370
	569	369
	569	368
	570	368
	571	368
	572	369
	572	370
	574	372
	574	373
	575	374
	576	376
	576	378
	577	379
	578	381
	579	382
	580	384
	581	385
	582	387
	583	388
	584	389
	584	390
	585	391
	585	392
	585	393
	585	394
	585	393
	585	392
	584	391
	584	390
	584	389
	584	388
	583	387
	583	386
	583	384
	583	383
	583	382
	583	381
	583	380
	583	378
	583	377
	583	376
	583	375
	584	374
	584	373
	585	373
	586	373
	587	373
	588	374
	589	374
	591	375
	592	376
	593	377
	594	378
	595	379
	595	380
.PEN_UP
.PEN_DOWN
	604	397
	605	397
	605	396
	605	395
	604	394
	604	393
	604	392
	604	391
	604	390
	604	387
	604	386
	604	385
	604	383
	604	382
	604	380
	603	379
	603	377
	603	376
	603	374
	603	373
	603	372
	603	370
	603	369
	603	370
	603	371
	604	372
	604	373
	605	375
	605	376
	605	377
	605	378
	606	379
	606	380
	607	381
	607	382
	607	383
	607	384
	608	384
	608	385
	609	387
	609	388
	610	389
	610	390
	611	391
	612	391
	612	392
	613	392
	613	393
	614	393
	614	392
	614	391
	614	390
	613	389
	613	387
	613	385
	613	384
	612	382
	612	381
	611	380
	611	378
	611	377
	611	376
	611	375
	611	374
	611	373
	612	373
	612	374
	612	375
	613	375
	613	376
	614	378
	615	379
	616	382
	616	383
	617	384
	617	385
	619	386
	619	387
	620	388
	620	389
	621	389
	621	390
	622	390
	623	391
	624	391
	624	392
	625	392
	626	392
	626	391
	626	390
	625	387
	625	386
	625	385
	624	383
	624	382
	623	380
	623	378
	623	377
	623	375
	622	374
	622	373
	622	371
.PEN_UP
.PEN_DOWN
	644	395
	644	394
	644	393
	644	392
	644	391
	643	390
	643	388
	643	387
	643	385
	643	383
	642	380
	642	378
	642	375
	641	369
	640	365
	639	362
	639	360
	639	357
	638	355
	638	353
	637	351
	637	350
	636	349
	636	348
.PEN_UP
.PEN_DOWN
	641	397
	642	398
	643	398
	645	398
	646	398
	647	398
	648	398
	649	397
	650	397
	652	396
	653	395
	654	395
	654	394
	655	393
	655	392
	655	391
	655	390
	654	389
	653	388
	652	387
	650	387
	649	386
	648	385
	647	384
	643	382
	642	380
	641	379
	640	378
	639	378
.PEN_UP
.PEN_DOWN
	673	393
	673	394
	672	394
	671	394
	670	394
	669	394
	668	393
	667	393
	666	393
	666	392
	665	391
	664	391
	663	390
	663	389
	663	388
	663	387
	664	387
	665	386
	666	386
	668	384
	670	383
	671	382
	671	381
	672	380
	672	379
	672	378
	671	377
	669	375
	668	374
	667	374
	666	373
	665	373
	664	372
	662	372
	661	371
	660	371
	659	370
	658	370
	656	370
.PEN_UP
