
.WRITER_ID ArloReeves
.STYLE PRINTED
.PEN_DOWN
	92	381
	93	382
	93	383
	94	383
	95	385
	95	386
	96	387
	97	389
	98	390
	99	391
	99	393
	100	394
	101	396
	102	397
	102	398
	102	399
	101	398
	101	397
	101	396
	101	395
	101	394
	102	392
	102	390
	102	388
	103	386
	103	384
	104	381
	105	379
	106	376
	106	373
	107	367
	108	364
	108	362
	109	360
	109	357
	109	355
	109	354
	109	352
	109	351
	109	349
	109	348
	109	346
	108	345
	108	344
	107	343
	107	342
	106	341
	105	341
	105	340
	104	340
	103	340
	102	340
	101	341
	100	341
	99	341
	99	342
	98	342
	97	343
	97	344
	96	345
	95	348
.PEN_UP
.PEN_DOWN
	104	414
	104	415
	104	416
	104	417
	104	418
.PEN_UP
.PEN_DOWN
	128	393
	128	394
	128	395
	127	395
	126	396
	125	396
	124	396
	123	396
	123	395
	122	394
	121	393
	121	392
	120	390
	120	389
	119	387
	119	385
	119	384
	119	382
	119	381
	120	380
	120	379
	121	378
	122	377
	123	376
	125	376
	126	376
	127	376
	128	376
	129	376
	130	377
	130	378
	131	378
	131	380
	132	381
	132	382
	132	383
	131	386
	131	387
	131	389
	130	390
	130	391
	129	391
	129	392
.PEN_UP
.PEN_DOWN
	138	395
	138	396
	139	396
	140	396
	140	397
	141	398
	142	399
	143	399
	144	400
	145	400
	146	400
	146	399
	146	398
	146	397
	146	395
	146	394
	146	393
	146	392
	146	391
	146	390
	146	388
	146	387
	146	386
	146	385
	146	384
	146	382
	147	381
	147	380
	147	379
	148	379
	149	379
	151	380
	151	381
	152	382
	152	383
	153	384
	153	385
	154	386
	154	387
	154	388
	154	389
	154	391
	154	392
	154	393
	154	394
	154	395
	154	396
	154	395
	154	394
	154	393
	154	392
	154	391
	154	390
	154	389
	154	388
	154	387
	155	386
	155	384
	156	382
	157	382
	157	381
	158	380
	159	379
	160	378
	161	378
	162	378
	163	378
.PEN_UP
.PEN_DOWN
	166	398
	167	398
	168	397
	168	396
	168	395
	168	394
	168	393
	168	392
	168	391
	169	390
	169	389
	170	387
	170	386
	171	384
	171	383
	172	382
	172	381
	173	380
	173	379
	174	379
	174	378
	174	379
	174	380
	174	381
	174	382
	173	383
	173	384
	172	385
	172	386
	172	388
	172	389
	172	390
	172	391
	173	392
	173	393
	174	393
	175	394
	176	394
	176	395
	179	396
	180	397
	181	397
	182	397
	182	398
	183	398
.PEN_UP
.PEN_DOWN
	188	401
	188	400
	188	399
	188	396
	189	395
	189	394
	190	392
	190	391
	191	389
	191	387
	192	386
	192	384
	193	383
	193	381
	193	380
	194	378
	194	377
	195	376
	195	377
	195	378
	194	379
	194	381
	194	382
	194	383
	194	384
	194	385
	194	386
	194	387
	194	388
	194	390
	194	391
	194	392
	194	393
	195	393
	195	394
	195	395
	196	395
	196	396
	197	396
	198	396
	199	396
	200	396
	200	395
	201	394
	201	393
	201	392
	201	390
	201	389
	202	388
	202	387
	202	386
	203	385
	203	384
	204	383
	205	383
	206	382
	207	382
	209	382
	210	382
	211	382
	212	382
	213	382
.PEN_UP
.PEN_DOWN
	217	388
	218	388
	219	388
	219	389
	220	389
	220	390
	221	390
	221	391
	222	392
	223	392
	224	393
	224	394
	225	395
	225	396
	225	397
	225	398
	225	399
	224	399
	224	400
	223	400
	222	399
	221	398
	221	397
	220	396
	219	395
	219	394
	218	394
	218	393
	218	392
	217	391
	217	390
	217	389
	217	388
	217	387
	218	386
	218	385
	218	384
	218	382
	219	382
	220	380
	221	379
	222	379
	222	378
	223	378
	224	378
	225	378
	226	379
	227	379
.PEN_UP
.PEN_DOWN
	235	391
	235	392
	235	393
	235	394
	235	395
	235	396
	236	396
	236	397
	237	399
	238	401
	239	402
	240	403
	241	403
	241	404
	241	403
	241	402
	241	401
	241	400
	241	398
	241	397
	241	396
	241	395
	241	394
	241	393
	241	391
	241	390
	241	389
	241	388
	241	387
	242	386
	242	385
	243	385
	243	384
	244	384
	245	385
	246	386
	247	387
	247	388
	248	389
	248	390
	248	391
	249	392
	249	393
	250	393
	250	394
	250	395
	250	396
	251	397
	251	399
	252	399
	252	400
	252	401
	252	402
	252	401
	252	400
	252	399
	252	398
	252	397
	252	396
	252	395
	252	394
	252	392
	253	391
	253	389
	253	387
	254	386
	254	384
	255	381
	255	380
	255	378
	256	377
	256	376
	256	375
	256	374
	256	373
	256	372
	256	371
	256	370
	256	368
	256	367
	255	366
	255	365
	255	364
	255	363
	255	362
	254	362
	254	361
	253	361
	252	361
	251	361
	250	361
	249	361
	248	361
	247	362
.PEN_UP
.PEN_DOWN
	273	400
	274	400
	274	401
	274	402
	273	402
	272	402
	271	402
	271	401
	270	401
	269	401
	269	400
	268	400
	267	400
	266	399
	266	398
	265	397
	265	396
	266	395
	267	394
	268	393
	269	393
	270	392
	271	391
	272	391
	273	390
	274	389
	274	388
	275	388
	275	387
	275	386
	275	385
	275	384
	274	383
	274	382
	273	382
	272	382
	271	381
	270	381
	269	381
.PEN_UP
.PEN_DOWN
	309	418
	310	418
	310	417
	310	416
	310	415
	310	414
	310	413
	310	411
	310	409
	311	407
	311	405
	311	400
	311	398
	311	396
	311	394
	311	392
	311	390
	311	388
	311	387
	311	385
	312	384
	312	383
	312	382
	312	381
	312	382
	313	383
	313	384
	313	386
	313	387
	314	389
	315	390
	315	391
	315	392
	316	393
	316	394
	317	395
	318	396
	318	397
	319	397
	319	398
	320	399
	321	400
	322	400
	323	400
	324	400
	324	399
	324	398
	324	397
	324	396
	324	395
	324	394
	324	392
	324	391
	324	389
	324	388
	324	387
	324	386
	324	385
	325	384
	325	383
	325	382
	326	382
	327	381
	328	380
	329	380
.PEN_UP
.PEN_DOWN
	337	400
	336	399
	336	398
	335	398
	335	396
	335	395
	335	394
	335	393
	335	392
	335	391
	335	390
	336	389
	337	388
	337	387
	338	386
	339	386
	340	386
	340	385
	341	385
	342	385
	342	386
	342	387
.PEN_UP
.PEN_DOWN
	336	410
	336	411
	336	412
	336	413
	337	414
.PEN_UP
.PEN_DOWN
	361	393
	362	393
	362	394
	363	395
	364	396
	364	397
	364	398
	364	400
	363	400
	363	401
	363	402
	362	402
	362	403
	361	404
	360	404
	359	403
	358	402
	358	401
	357	400
	356	399
	356	398
	355	397
	354	396
	354	394
	353	393
	353	392
	353	389
	353	388
	353	387
	353	386
	354	385
	354	384
	355	383
	356	383
	357	383
	358	384
	359	385
	360	386
	361	387
	361	388
	361	389
	362	390
	362	391
	362	392
	362	393
	362	394
	363	396
	363	397
	363	398
	364	398
	365	399
	366	400
	367	400
	367	401
	368	402
	369	403
	369	404
	371	405
	371	407
	372	409
	372	410
	373	412
	373	414
	374	418
	374	419
	374	420
	374	421
	374	422
	373	423
	373	422
	372	421
	372	420
	372	419
	372	418
	372	417
	371	417
	371	416
	371	414
	371	413
	371	412
	370	411
	370	410
	369	409
	369	408
	369	407
	368	407
	368	406
	368	405
	367	404
	367	403
	367	402
	367	401
	366	400
	366	399
	366	397
	366	396
	366	394
	366	393
	366	391
	366	390
	366	389
	366	387
	366	385
	366	384
	366	383
	366	382
	367	381
	367	379
	368	378
	368	377
	369	377
	369	376
	370	376
	371	377
	371	378
	372	378
	373	379
	374	379
	375	380
	376	381
.PEN_UP
.PEN_DOWN
	401	396
	402	396
	402	397
	403	398
	403	399
	403	400
	403	401
	403	402
	402	402
	401	402
	400	401
	399	401
	397	400
	396	399
	396	398
	395	397
	394	396
	393	395
	393	394
	392	393
	392	392
	391	391
	391	390
	391	389
	391	388
	391	387
	392	386
	393	386
	393	385
	394	385
	395	385
	396	386
	397	386
	397	387
	398	387
	398	388
	399	388
	399	389
	400	390
	401	390
	401	391
	402	391
	402	392
	403	393
	404	394
	405	395
	405	396
	405	397
	405	398
	406	399
	406	400
	406	401
	406	402
	406	404
	407	405
	407	407
	407	409
	408	412
	408	413
	408	414
	408	415
	407	415
	407	416
	407	415
	406	414
	406	413
	405	412
	405	410
	405	409
	404	406
	404	404
	404	402
	403	400
	403	399
	403	397
	403	396
	403	394
	403	393
	403	392
	403	391
	403	389
	403	387
	404	387
	404	386
	405	385
	406	385
	407	385
	408	385
	409	385
	410	385
	411	385
	412	386
	413	386
	414	387
.PEN_UP
.PEN_DOWN
	422	393
	423	393
	423	394
	424	394
	424	395
	425	395
	426	396
	428	396
	429	397
	431	397
	432	398
	433	399
	434	399
	435	400
	435	401
	435	402
	434	402
	434	403
	433	403
	432	403
	431	403
	430	403
	430	402
	429	402
	428	402
	428	401
	427	401
	427	400
	426	400
	425	400
	425	399
	424	399
	424	398
	423	397
	423	396
	422	395
	422	393
	422	392
	422	391
	422	390
	422	389
	422	388
	422	387
	423	386
	423	384
	424	384
	424	383
	425	383
	426	383
	427	383
	428	383
	429	383
	430	383
	431	383
.PEN_UP
.PEN_DOWN
	443	402
	442	402
	442	401
	442	400
	442	399
	442	398
	441	397
	441	396
	441	395
	441	394
	441	393
	441	392
	441	391
	441	390
	441	389
	441	388
	441	387
	441	386
	441	385
	442	385
	442	386
	442	387
	443	388
	443	389
	444	390
	444	391
	444	392
	444	393
	445	394
	445	395
	445	396
	446	396
	446	397
	447	397
	448	398
	449	399
	450	399
	451	399
	452	398
	452	397
	453	397
	453	395
	453	394
	454	393
	454	392
	454	391
	454	389
	455	388
	455	387
	456	386
	456	384
	457	383
	457	382
.PEN_UP
.PEN_DOWN
	480	418
	481	418
	481	417
	481	416
	481	415
	481	414
	481	413
	480	411
	480	410
	480	408
	480	406
	480	404
	479	402
	479	400
	479	397
	479	396
	479	394
	479	393
	479	391
	479	390
	479	389
	479	388
	479	389
	479	390
	479	391
	479	392
	480	393
	480	394
	480	395
	481	395
	481	396
	482	397
	483	397
	483	398
	484	398
	485	398
	485	399
	486	399
	487	399
	488	399
	489	398
	490	398
	490	397
	491	396
	492	395
	493	394
	493	393
	493	392
	493	391
	493	390
	492	390
	491	389
	490	388
	489	388
	487	387
	486	387
	485	386
	484	386
	482	385
	481	385
.PEN_UP
.PEN_DOWN
	495	396
	496	396
	497	397
	497	398
	498	398
	498	399
	499	400
	500	400
	501	401
	502	401
	503	401
	503	400
	503	399
	502	399
	502	398
	502	397
	501	396
	501	395
	501	394
	501	393
	501	392
	501	391
	501	390
	501	389
	501	388
	501	387
	502	387
	502	386
	503	387
	504	388
	504	389
	504	390
	504	391
	504	392
	505	392
	505	393
	506	394
	506	395
	506	396
	507	396
	507	397
	508	397
	508	396
	508	395
	508	394
	508	393
	508	392
	508	391
	508	390
	509	389
	509	388
	509	387
	509	385
	509	383
	509	380
	509	378
	509	376
	509	375
	509	373
	509	371
	508	370
	508	369
	507	368
	507	367
	506	366
	505	365
	503	364
	502	364
	501	364
	500	364
	499	364
	499	365
	498	365
	498	366
	497	366
	497	367
.PEN_UP
.PEN_DOWN
	543	395
	543	396
	542	398
	542	399
	541	400
	541	401
	540	401
	539	401
	538	400
	537	399
	536	398
	535	397
	534	396
	534	395
	533	394
	532	393
	532	392
	532	391
	532	390
	532	388
	532	387
	533	387
	534	386
	535	386
	536	386
	537	387
	538	387
	539	389
	540	389
	541	390
	541	391
	542	391
	542	392
	543	393
	543	394
	543	395
	544	396
	544	397
	544	398
	544	399
	545	399
	544	398
	544	397
	544	396
	543	395
	543	392
	543	391
	542	390
	542	388
	542	387
	542	385
	541	384
	541	382
	541	380
	540	378
	540	377
	540	375
	539	371
	539	369
	538	368
	538	366
	537	365
	537	364
	537	363
	537	362
.PEN_UP
.PEN_DOWN
	554	398
	554	397
	553	397
	553	396
	553	395
	552	394
	552	393
	552	392
	552	391
	552	389
	553	388
	553	387
	553	386
	554	386
	554	385
	555	384
	555	383
	556	383
	557	383
	558	384
	559	385
	560	386
	560	387
	561	388
	561	389
	562	391
	562	392
	563	393
	563	394
	563	396
	563	397
	563	398
	564	398
.PEN_UP
.PEN_DOWN
	570	395
	570	394
	570	393
	570	392
	570	391
	570	390
	570	389
	570	388
	570	387
	570	386
	570	385
	571	385
	571	384
	571	383
.PEN_UP
.PEN_DOWN
	568	403
	568	404
	567	404
	567	405
	567	406
	568	406
	569	406
	569	407
	570	407
.PEN_UP
.PEN_DOWN
	575	390
	576	390
	577	390
	578	390
	579	391
	580	391
	581	391
	582	392
	582	393
	583	393
	584	393
	585	394
	586	395
	587	395
	587	396
	587	397
	586	397
	585	397
	585	398
	584	398
	583	398
	582	397
	581	396
	580	396
	580	395
	580	394
	579	394
	578	393
	578	392
	577	391
	577	390
	577	389
	577	388
	577	387
	578	386
	579	385
	580	384
	581	383
	583	382
	584	382
	585	382
	586	382
	587	382
	588	383
.PEN_UP
.PEN_DOWN
	598	413
	598	412
	598	411
	598	410
	598	409
	598	408
	597	406
	597	405
	597	404
	597	403
	597	402
	597	400
	597	399
	597	398
	597	397
	597	396
	597	395
	597	394
	597	393
	597	392
	597	391
	596	390
	596	389
	596	388
	596	387
	597	386
	597	385
	597	384
	598	384
	598	385
	599	385
	600	385
	601	385
	602	385
.PEN_UP
.PEN_DOWN
	595	394
	596	394
	596	395
	597	395
	598	395
	599	395
	601	395
.PEN_UP
.PEN_DOWN
	627	397
	627	398
	627	399
	628	400
	629	400
	630	401
	631	401
	632	402
	633	402
	634	402
	636	401
	636	400
	636	399
	636	398
	636	397
	636	396
	634	394
	634	393
	634	392
	633	391
	633	390
	632	389
	632	388
	631	387
	630	387
	630	386
	630	385
	629	384
	628	382
	628	381
	627	381
	627	380
	627	379
	628	379
	629	380
	630	380
	631	380
	632	380
	633	380
	634	381
	635	381
	636	381
	637	381
	637	382
	638	382
	639	382
	640	382
.PEN_UP
.PEN_DOWN
	626	391
	626	390
	627	390
	628	390
	629	391
	630	391
	632	391
	634	391
	636	391
	637	391
.PEN_UP
.PEN_DOWN
	642	388
	643	387
	644	387
	645	387
	645	388
	646	388
	647	388
	648	389
	649	389
	650	390
	651	390
	652	391
	653	391
	654	391
	655	392
	656	393
	656	394
	656	395
	656	396
	656	397
	655	397
	654	397
	654	396
	653	396
	652	396
	651	396
	651	395
	650	395
	650	394
	649	394
	649	393
	648	392
	647	392
	647	391
	647	390
	646	389
	646	388
	646	387
	646	386
	646	385
	646	384
	647	383
	648	382
	649	380
	650	379
	650	378
	651	378
	652	377
	653	377
	654	377
.PEN_UP
.PEN_DOWN
	665	396
	666	396
	667	396
	668	396
	669	396
	670	396
	671	396
	672	396
	673	396
	674	396
	675	396
	676	396
	677	396
	678	396
	679	395
	679	394
	678	394
	677	393
	676	393
	675	392
	673	391
	672	391
	671	390
	670	389
	669	388
	668	387
	668	386
	668	385
	668	384
	668	383
	669	382
	670	382
	671	382
	672	382
	673	382
	674	382
	676	383
	676	384
	677	385
	677	386
	677	387
	677	388
	677	389
	676	390
	676	391
	675	392
	674	393
.PEN_UP
.PEN_DOWN
	689	416
	689	415
	689	414
	688	413
	688	412
	688	411
	688	410
	687	409
	687	407
	687	406
	687	404
	687	403
	686	401
	686	400
	686	396
	686	395
	686	393
	686	392
	686	391
	686	389
	686	388
	686	387
	687	386
	687	385
	687	384
	687	383
	688	383
	688	382
	689	382
	690	382
	691	382
	692	382
	693	382
	694	382
	695	383
	696	383
	698	383
	699	383
	700	383
	701	384
	702	384
.PEN_UP
