
.WRITER_ID ArloReeves
.STYLE PRINTED
.PEN_DOWN
	182	446
	181	446
	181	445
	180	444
	179	444
	179	443
	178	443
	177	442
	177	441
	176	441
	176	440
	175	440
	175	439
	175	438
	175	437
	176	437
	177	437
	178	436
	179	436
	180	436
	181	436
	181	435
	182	435
	183	435
	183	434
	184	434
	184	433
	184	432
	183	432
	183	431
	183	430
	181	428
	180	427
	179	426
	179	425
	178	425
	178	424
	178	423
	177	423
	177	422
	178	421
	178	420
	178	419
	178	418
	178	417
	178	416
	178	415
	178	414
	177	413
	177	412
	177	410
	177	409
	177	408
	177	407
	177	406
	178	405
	178	404
	179	404
	180	403
	181	403
	182	403
	183	403
	185	403
	187	404
.PEN_UP
.PEN_DOWN
	198	437
	198	436
	198	435
	198	434
	198	433
	198	432
	198	431
	198	430
	198	428
	198	427
	198	425
	198	424
	198	421
	199	420
	199	418
	199	417
	199	416
	199	415
	198	415
	198	414
.PEN_UP
.PEN_DOWN
	195	436
	195	437
	196	437
	197	437
	198	437
	198	438
	200	438
	201	438
	202	438
	203	437
	204	437
	205	437
	206	437
	207	436
	207	435
	207	434
	207	433
	207	432
	206	432
	206	431
	205	431
	204	430
	203	430
	202	429
	201	429
	200	428
	199	428
	198	428
	199	428
	200	428
	201	427
	202	427
	203	427
	205	426
	206	425
	207	424
	208	423
	209	422
	209	421
	209	420
	209	419
	209	418
	209	417
	209	416
	208	415
	207	415
	206	414
	205	414
	204	414
	203	414
	202	414
	201	414
	200	414
	199	415
.PEN_UP
.PEN_DOWN
	219	431
	219	430
	219	429
	219	428
	219	427
	219	424
	219	423
	220	422
	220	421
	220	420
	220	419
	220	418
	221	417
	221	416
	221	415
	221	414
	221	415
	221	416
	221	417
	221	419
	221	420
	221	422
	221	423
	222	423
	222	424
	222	425
	222	426
	223	427
	224	428
	225	428
	227	429
	228	429
	229	429
	229	430
	230	430
	231	430
	232	430
	233	430
.PEN_UP
.PEN_DOWN
	238	431
	239	431
	240	431
	241	431
	242	431
	243	431
	244	431
	244	430
	244	429
	244	428
	244	427
	243	427
	243	426
	242	425
	241	423
	240	422
	239	422
	239	421
	239	420
	238	419
	238	418
	238	417
	238	416
	239	415
	240	415
	242	415
	243	416
	244	417
	245	418
	246	419
	246	420
	246	421
	246	423
	246	424
	245	425
	245	426
	244	427
	243	428
.PEN_UP
.PEN_DOWN
	257	432
	258	432
	257	431
	256	430
	255	429
	255	428
	254	428
	254	427
	253	426
	253	425
	253	424
	253	423
	253	422
	253	421
	254	421
	255	419
	255	418
	256	417
	257	416
	258	415
	259	415
	260	415
	261	415
.PEN_UP
.PEN_DOWN
	268	424
	269	424
	270	424
	270	425
	271	425
	272	426
	273	427
	274	428
	275	428
	275	429
	276	429
	276	430
	276	431
	275	431
	274	431
	273	431
	272	430
	271	430
	270	429
	269	428
	268	428
	268	427
	267	426
	267	425
	267	424
	267	423
	268	421
	268	420
	269	419
	270	418
	272	418
	273	417
	274	416
	276	416
	277	415
	279	415
.PEN_UP
.PEN_DOWN
	301	446
	301	447
	301	448
	301	447
	301	446
	302	445
	302	444
	302	443
	304	441
	304	439
	305	438
	306	437
	306	436
	307	435
	308	434
	308	433
	309	433
	310	432
	310	433
	311	433
	311	434
	312	435
	312	436
	312	437
	313	438
	313	440
	314	442
	315	443
	315	445
	316	447
	317	449
	317	451
	318	453
	318	454
	319	455
	320	456
.PEN_UP
.PEN_DOWN
	310	434
	310	433
	310	432
	310	431
	310	430
	310	428
	310	427
	310	425
	310	422
	310	421
	310	419
	310	418
	311	417
	311	416
	311	415
	312	415
.PEN_UP
.PEN_DOWN
	325	433
	324	432
	323	432
	323	431
	322	429
	321	428
	321	427
	321	426
	321	425
	321	424
	322	423
	323	422
	324	421
	325	421
	326	420
	328	420
	330	420
	330	421
	331	421
	332	422
	333	422
	333	423
	333	424
	333	425
	333	426
	333	428
	331	430
.PEN_UP
.PEN_DOWN
	338	435
	339	436
	340	436
	341	436
	342	437
	344	437
	345	437
	346	437
	346	436
	346	435
	345	434
	345	433
	345	432
	344	432
	344	431
	344	430
	344	429
	344	428
	344	427
	344	426
	344	425
	344	423
	344	422
	345	422
	345	421
	346	421
	347	422
	348	422
	349	422
	349	423
	350	424
	350	425
	351	426
	351	427
	351	428
	352	429
	352	431
	352	432
	353	434
	353	435
	353	434
	353	433
	353	432
	353	431
	353	430
	353	429
	353	428
	353	427
	353	426
	354	425
	354	424
	355	423
	356	423
	357	423
	357	422
	358	422
	359	422
	361	422
.PEN_UP
.PEN_DOWN
	369	423
	369	422
	369	423
	369	424
	369	425
	369	426
	369	427
	369	428
	369	429
	369	430
	370	431
	371	431
	371	432
	372	432
	373	433
	374	433
	375	434
	377	435
	378	435
	379	435
	381	435
	382	435
	383	435
.PEN_UP
.PEN_DOWN
	394	438
	394	439
	393	439
	392	439
	391	438
	389	437
	388	437
	387	437
	387	436
	386	436
	386	435
	387	435
	388	434
	390	434
	391	434
	392	434
	394	434
	395	433
	396	433
	397	433
	398	432
	399	431
	400	429
	400	428
	399	428
	399	427
	398	426
	397	425
	396	425
	395	425
	394	424
	393	424
	392	423
	391	423
	392	424
	394	425
.PEN_UP
.PEN_DOWN
	406	431
	407	431
	407	432
	408	432
	409	433
	410	434
	410	435
	411	435
	412	437
	413	438
	413	439
	413	440
	412	440
	411	440
	409	439
	407	438
	407	437
	406	437
	405	436
	405	435
	404	434
	404	433
	404	432
	404	430
	405	429
	406	428
	407	428
	408	427
	409	427
	409	426
	410	426
	411	426
.PEN_UP
.PEN_DOWN
	419	454
	418	454
	418	453
	418	452
	418	451
	418	450
	418	448
	418	446
	418	445
	418	443
	418	441
	418	439
	419	437
	419	436
	419	435
	419	434
	420	432
	420	431
	420	430
	420	429
.PEN_UP
.PEN_DOWN
	427	438
	428	438
	428	439
	428	440
	429	440
	429	441
	430	441
	431	441
	432	441
	432	442
	431	442
	431	443
	430	443
	429	443
	428	443
	428	442
	427	442
	426	441
	426	440
	426	439
	426	438
	426	437
	426	435
	426	434
	426	432
	426	431
	427	430
	427	428
	427	427
	427	425
	428	424
	428	423
	428	421
	428	420
	428	418
	428	417
	428	416
	428	415
	428	414
	428	413
	427	413
	427	412
	427	411
	426	411
	425	410
	424	410
	423	410
	423	411
.PEN_UP
.PEN_DOWN
	424	430
	425	430
	426	431
	427	431
	428	431
	430	431
.PEN_UP
.PEN_DOWN
	445	458
	446	458
	446	459
	447	459
	448	459
	449	459
	450	459
	453	459
	454	459
	455	459
	456	459
	456	458
	456	457
	456	456
	455	456
	455	454
	454	454
	453	453
	452	452
	452	451
	451	450
	450	450
	449	449
	448	448
	447	448
	447	447
	447	446
	446	446
	446	445
	447	444
	448	444
	449	443
	450	443
	450	442
	450	441
	450	439
	450	438
	450	437
	450	436
	451	435
	452	434
	453	434
	455	433
	456	433
	457	433
	458	432
	458	431
	458	430
	457	430
	457	429
	455	428
	454	427
	453	426
	452	425
	451	424
	451	423
.PEN_UP
.PEN_DOWN
	477	454
	477	455
	478	455
.PEN_UP
.PEN_DOWN
	479	433
	479	432
	479	430
	479	429
	478	428
	478	426
	477	425
	476	424
	476	423
	475	423
	474	422
	473	421
	472	420
	471	419
	470	418
.PEN_UP
.PEN_DOWN
	513	447
	513	448
	512	448
	511	449
	511	450
	510	449
	510	448
	509	448
	509	447
	508	447
	508	446
	507	445
	507	444
	507	443
	508	442
	508	441
	508	440
	508	439
	509	438
	510	438
	511	438
	512	438
	513	439
	513	440
	513	441
	514	441
	514	442
	514	443
	514	444
	514	445
	515	446
	515	447
	515	448
	515	449
	514	449
	513	449
	512	449
	511	448
	511	447
	511	446
	512	445
	513	445
	513	444
	514	444
	515	444
	516	444
	517	445
	518	446
	519	446
	519	447
	520	447
	520	448
	520	449
	520	450
	520	451
	520	452
	520	453
	519	454
	519	455
	518	456
	517	457
	516	457
	515	458
	514	458
	513	458
	512	458
	511	458
	510	458
	509	458
	508	458
	507	458
	506	457
	505	457
	503	455
	502	455
	501	454
	500	453
	499	451
	498	450
	498	448
	497	446
	497	445
	497	443
	497	441
	497	439
	498	436
	499	435
	500	434
	501	432
	503	431
	504	430
	505	430
	507	429
	508	429
	509	429
.PEN_UP
.PEN_DOWN
	532	445
	533	445
	534	445
	535	445
	536	445
	537	446
	538	446
	539	446
	540	447
	541	447
	541	448
	542	448
	542	449
	542	450
	542	451
	542	452
	541	452
	540	453
	539	454
	538	454
	537	454
	536	453
	535	452
	534	451
	533	451
	532	449
	532	447
	531	446
	531	445
	531	444
	531	443
	531	441
	531	440
	532	439
	532	438
	533	437
	534	437
	536	435
	537	435
	538	435
	539	435
	540	435
.PEN_UP
.PEN_DOWN
	550	452
	550	453
	551	454
	552	454
	553	454
	554	454
	555	454
	557	454
	558	454
	559	453
	559	452
	558	452
	558	451
	558	450
	557	450
	556	449
	555	449
	554	448
	553	447
	553	446
	552	446
	551	445
	550	444
	549	443
	548	442
	548	441
	547	441
	547	439
	548	438
	548	437
	549	437
	550	437
	551	437
	552	437
	553	437
	554	437
	555	438
	556	439
	557	440
	557	441
	557	442
	557	443
	557	444
	556	445
.PEN_UP
.PEN_DOWN
	568	455
	567	455
	567	454
	566	454
	566	453
	565	453
	565	452
	565	451
	565	450
	566	449
	567	448
	567	447
	568	446
	569	446
	570	445
	570	444
	571	444
	571	443
	572	442
	572	441
	572	439
	572	438
	572	437
	571	436
	570	435
	569	435
	568	434
	567	434
.PEN_UP
.PEN_DOWN
	572	437
	573	437
	574	437
	576	438
	577	438
	577	439
	578	439
	579	440
	581	441
	582	442
	583	443
	584	444
	585	446
	585	447
	585	448
	585	449
	585	450
	584	450
	583	450
	582	450
	581	450
	580	449
	579	449
	578	448
	578	447
	578	446
	578	445
	578	444
	578	443
	578	442
	579	442
	579	441
	581	440
	582	439
	583	438
.PEN_UP
.PEN_DOWN
	615	449
	615	450
	615	449
	615	448
	615	447
	615	446
	616	445
	617	444
	618	444
	619	444
	620	444
	621	446
	622	447
	622	448
	622	449
	622	450
	621	451
	621	452
	621	453
	621	454
	620	455
	618	455
	617	455
	616	455
	616	454
	615	453
	615	452
	615	450
	615	449
	616	448
	617	447
	618	447
	619	447
	620	447
	621	447
	622	448
	623	449
	623	450
	624	450
	624	451
	624	452
	624	453
	624	454
	624	455
	624	456
	623	457
	623	459
	622	460
	622	461
	621	461
	620	462
	619	462
	618	462
	617	462
	616	462
	615	462
	613	462
	612	461
	609	460
	608	460
	607	459
	606	458
	605	457
	604	456
	604	455
	603	454
	603	452
	603	451
	603	449
	603	448
	604	445
	605	443
	606	442
	607	441
	608	440
	609	439
	610	438
	611	437
	612	437
	613	436
	614	436
	616	436
.PEN_UP
.PEN_DOWN
	637	464
	637	463
	636	462
	636	461
	636	457
	636	456
	636	454
	636	452
	636	450
	636	449
	636	447
	636	446
	636	444
	636	443
	636	442
	636	441
	636	439
	636	438
	636	437
	636	436
	637	436
	638	436
	639	436
	640	436
	641	436
	642	436
.PEN_UP
.PEN_DOWN
	647	454
	648	454
	649	454
	649	455
	650	455
	651	455
	652	455
	653	455
	654	455
	655	455
	656	454
	656	453
	656	452
	655	452
	655	451
	654	450
	654	449
	653	448
	652	447
	652	446
	651	446
	650	445
	649	443
	648	442
	648	441
	648	440
	648	439
	648	438
	649	438
	650	437
	651	437
	652	437
	654	438
	655	438
	655	439
	656	440
	657	441
	657	442
	657	443
	657	444
	657	445
	657	446
	656	448
	656	449
	655	450
	654	450
	653	450
	653	451
.PEN_UP
.PEN_DOWN
	668	453
	667	454
	665	454
	663	454
	662	454
	661	453
	661	452
	661	451
	661	450
	662	449
	663	448
	664	447
	664	446
	665	445
	666	444
	667	443
	667	442
	668	441
	668	440
	668	438
	668	437
	667	437
	667	436
	666	436
	665	436
	664	435
	663	435
	662	435
	661	435
	660	435
	660	436
.PEN_UP
.PEN_DOWN
	679	464
	679	463
	679	462
	679	461
	679	460
	679	459
	679	458
	679	457
	679	454
	679	452
	679	450
	679	449
	679	447
	679	446
	679	445
	679	444
	679	442
	679	441
	678	439
	678	438
	678	437
	678	436
	679	435
	680	435
	681	435
	682	435
	683	435
	684	435
	684	436
	685	436
.PEN_UP
.PEN_DOWN
	673	449
	674	450
	675	450
	676	450
	678	450
	679	450
	681	450
	683	449
	685	449
	686	449
.PEN_UP
.PEN_DOWN
	691	438
	691	439
	692	439
.PEN_UP
