
.WRITER_ID ArloReeves
.STYLE PRINTED
.PEN_DOWN
	101	423
	100	423
	99	422
	99	421
	98	420
	98	418
	97	417
	97	416
	97	414
	97	413
	97	411
	96	409
	96	407
	96	404
	96	402
	96	401
	96	400
	96	399
	96	398
	96	397
	96	396
	96	395
	96	394
	97	394
	97	393
	98	393
	99	393
	100	393
	101	393
	102	393
	103	393
	104	393
	105	393
	105	394
	106	394
.PEN_UP
.PEN_DOWN
	88	406
	89	406
	90	406
	90	407
	91	407
	92	408
	93	408
	95	409
	96	409
	97	409
.PEN_UP
.PEN_DOWN
	119	432
	119	431
	118	429
	118	428
	118	426
	117	424
	117	422
	117	420
	117	418
	116	415
	116	413
	116	410
	116	408
	116	406
	116	402
	116	401
	116	400
	116	399
	116	398
	117	398
	117	397
	117	398
	118	399
	118	400
	119	401
	119	403
	120	404
	120	405
	121	407
	121	408
	121	409
	122	409
	122	410
	123	411
	123	412
	124	412
	125	412
	126	411
	126	410
	126	409
	126	408
	126	406
	126	405
	126	404
	126	403
	126	401
	127	400
	127	399
	127	398
	128	397
	129	396
	130	395
.PEN_UP
.PEN_DOWN
	136	407
	137	407
	137	408
	138	409
	139	409
	140	410
	141	410
	142	411
	143	411
	143	412
	143	413
	142	414
	141	414
	140	414
	139	414
	138	413
	137	412
	137	411
	136	410
	135	408
	135	407
	135	406
	135	405
	135	404
	135	402
	135	401
	135	400
	136	399
	137	398
	138	397
	139	397
	141	396
	142	396
	144	396
	145	396
.PEN_UP
.PEN_DOWN
	170	415
	170	414
	170	413
	170	412
	169	411
	169	410
	169	409
	169	408
	169	407
	169	404
	169	403
	169	402
	169	401
	169	400
	169	399
	169	398
	169	397
	170	397
	171	397
	172	398
	173	398
	174	399
	175	400
	176	400
	177	401
	178	402
	178	403
	179	404
.PEN_UP
.PEN_DOWN
	171	424
	171	425
	172	425
	173	426
.PEN_UP
.PEN_DOWN
	189	415
	188	415
	187	415
	186	414
	185	414
	184	413
	184	412
	183	411
	183	410
	183	409
	183	407
	183	406
	183	405
	184	404
	184	403
	186	402
	187	401
	188	401
	189	400
	190	400
	191	400
.PEN_UP
.PEN_DOWN
	204	417
	203	417
	201	416
	201	415
	200	415
	199	414
	198	413
	198	412
	197	410
	197	409
	196	408
	196	407
	196	406
	196	405
	197	403
	198	402
	199	402
	200	402
	201	402
	203	402
	203	403
	204	404
	205	405
	206	408
	206	409
	206	410
	206	411
	206	413
.PEN_UP
.PEN_DOWN
	212	418
	212	417
	213	416
	213	414
	213	413
	213	412
	213	411
	213	410
	213	409
	213	408
	213	407
	213	406
	213	405
	214	405
	214	404
	214	405
	215	406
	215	407
	216	409
	216	410
	216	411
	217	412
	217	413
	218	414
	219	415
	220	415
	220	416
	221	416
	221	417
	222	417
	222	416
	222	415
	222	414
	222	413
	222	412
	222	411
	222	410
	222	408
	222	407
	223	406
	223	405
.PEN_UP
.PEN_DOWN
	235	418
	234	418
	234	417
	233	417
	232	416
	231	415
	231	414
	230	413
	230	412
	230	411
	230	410
	230	409
	230	408
	231	407
	231	406
	232	405
	233	405
	234	405
	235	405
	236	405
	237	406
	237	407
	237	408
	237	409
	237	410
	237	413
	237	414
	236	415
	236	417
	235	418
	235	419
	235	420
.PEN_UP
.PEN_DOWN
	252	415
	253	415
	254	415
	254	416
	254	417
	254	418
	254	419
	253	419
	252	419
	251	419
	250	418
	249	418
	248	417
	248	416
	247	415
	246	414
	246	413
	246	412
	246	411
	246	410
	246	409
	247	409
	248	409
	249	409
	250	409
	251	410
	252	411
	253	412
	254	414
	254	415
	254	416
	254	417
	254	418
	255	418
	255	419
	256	419
	256	418
	256	417
	256	416
	256	415
	256	414
	256	413
	256	412
	257	409
	257	407
	257	405
	257	404
	257	402
	257	401
	257	400
	256	399
	256	398
	256	397
	255	396
	254	395
	252	394
	251	393
	250	393
	249	393
	248	393
	246	393
	245	393
	244	393
	243	394
.PEN_UP
.PEN_DOWN
	268	418
	268	417
	268	416
	268	415
	268	414
	268	413
	268	411
	268	410
	268	409
	268	408
	268	407
	268	406
	268	405
	268	404
	268	403
	268	402
	268	403
	268	404
	269	405
	269	406
	269	407
	270	408
	270	409
	270	410
	271	411
	271	413
	272	413
	272	414
	273	414
	274	415
	275	416
	276	416
	277	416
	278	417
	279	417
	280	417
	281	418
.PEN_UP
.PEN_DOWN
	285	418
	286	418
	287	418
	288	418
	289	418
	290	418
	291	418
	292	418
	293	418
	293	417
	292	416
	291	415
	291	414
	290	414
	290	413
	290	412
	289	412
	288	410
	288	409
	288	408
	288	407
	288	406
	288	405
	289	404
	290	404
	291	404
	292	404
	293	405
	294	405
	294	406
	294	407
	295	407
	295	408
	295	409
	295	410
	295	412
	295	413
	294	414
	294	415
	294	416
	294	417
.PEN_UP
.PEN_DOWN
	308	417
	308	416
	308	415
	308	414
	308	412
	308	411
	308	409
	308	405
	308	403
	308	401
	308	399
	308	397
	309	396
	309	394
	310	392
	310	391
	310	390
	311	389
	311	388
.PEN_UP
.PEN_DOWN
	309	418
	309	419
	309	420
	310	420
	311	420
	312	419
	313	419
	314	419
	315	418
	316	418
	317	417
	317	416
	317	414
	317	412
	317	411
	316	410
	315	409
	314	408
	313	407
	312	407
	311	406
	310	405
	309	405
	308	405
.PEN_UP
.PEN_DOWN
	330	434
	330	433
	329	431
	329	430
	329	428
	329	427
	329	425
	329	423
	329	422
	329	420
	329	418
	329	416
	329	415
	329	414
	329	411
	329	410
	329	409
	329	408
	328	408
	328	409
	329	411
	329	412
	329	413
	329	414
	330	415
	330	416
	330	417
	331	418
	332	418
	332	419
	333	419
	334	419
	335	419
	336	419
	337	419
	338	418
	339	418
	339	417
	340	416
	340	414
	341	413
	341	412
	341	409
	342	408
	342	407
	342	406
	343	405
	344	404
	344	403
.PEN_UP
.PEN_DOWN
	370	423
	370	424
	370	423
	370	421
	371	420
	371	418
	371	417
	371	416
	372	414
	372	413
	372	411
	373	410
	373	409
	373	408
	374	407
	374	406
	374	407
	375	407
	375	408
	375	410
	375	411
	376	412
	376	414
	376	415
	377	416
	377	417
	377	418
	378	418
	379	417
	379	416
	379	415
	380	414
	380	412
	381	411
	382	409
	383	408
	383	407
	384	406
	385	406
	386	405
	387	405
	388	405
	388	406
	389	408
	389	409
	390	410
	390	411
	390	413
	390	414
	390	416
	390	418
	390	419
	391	421
	391	422
	392	423
	392	424
.PEN_UP
.PEN_DOWN
	403	421
	402	421
	402	420
	401	420
	399	418
	398	418
	397	417
	397	416
	396	415
	396	414
	396	413
	396	411
	397	410
	397	409
	398	408
	400	407
	401	407
	402	407
	403	407
	404	408
	404	409
	405	409
	405	411
	405	412
	405	414
	405	416
	405	417
	404	418
	404	419
	404	421
.PEN_UP
.PEN_DOWN
	413	422
	413	421
	413	419
	413	418
	413	417
	413	416
	413	415
	413	414
	413	413
	413	411
	413	410
	413	409
	414	408
	414	407
	414	406
	414	405
	414	406
	415	406
	415	407
	415	408
	415	409
	415	411
	415	412
	416	413
	416	414
	417	415
	417	416
	418	417
	419	418
	420	419
	421	420
	422	420
	423	421
	424	421
.PEN_UP
.PEN_DOWN
	427	438
	427	437
	427	436
	427	435
	427	434
	427	433
	427	431
	427	429
	427	426
	428	424
	428	422
	428	420
	428	418
	428	417
	428	415
	428	414
	428	412
	428	411
	428	410
	427	409
	427	408
	426	408
	426	409
	426	410
	426	411
	426	413
	426	414
	426	415
	427	418
	428	420
	429	421
	430	423
	431	423
	431	424
	432	425
	433	425
	434	426
	435	426
	437	426
	438	426
	439	426
	439	425
	439	424
	439	423
	438	423
	437	423
	437	422
	436	422
	435	422
	434	422
	433	421
	432	421
	431	421
	431	420
	431	419
	431	418
	431	417
	432	417
	432	416
	433	415
	433	414
	434	414
	435	413
	436	412
	438	411
	439	410
	440	410
.PEN_UP
.PEN_DOWN
	440	420
	441	420
	442	420
	443	420
	444	420
	445	420
	447	420
	448	420
	449	420
	450	421
	451	421
	452	422
	453	422
	453	423
	453	424
	452	425
	451	426
	449	426
	448	426
	448	425
	447	425
	447	424
	446	424
	446	423
	445	421
	445	420
	445	419
	445	418
	446	418
	446	417
	446	416
	447	415
	448	415
	449	414
	450	414
	452	414
	453	414
	454	414
.PEN_UP
.PEN_DOWN
	473	425
	472	426
	471	426
	470	426
	469	426
	468	426
	468	425
	467	425
	466	424
	465	423
	464	422
	464	421
	463	419
	463	418
	463	417
	463	416
	463	415
	463	414
	464	414
	465	414
	466	414
	467	415
	468	416
	468	417
	469	418
	470	418
	470	419
	471	421
	471	422
	473	425
	473	427
	474	429
	474	431
	475	433
	476	435
	476	436
	476	437
	477	439
	477	440
	477	441
	477	442
	477	443
	477	444
	478	444
	477	444
	477	443
	477	442
	477	441
	476	440
	476	438
	475	437
	475	436
	475	434
	475	433
	475	431
	475	429
	475	428
	475	426
	476	423
	476	421
	477	420
	477	418
	478	417
	479	416
	480	415
	481	415
	482	414
.PEN_UP
.PEN_DOWN
	491	417
	491	418
	492	418
.PEN_UP
.PEN_DOWN
	531	432
	532	432
	532	431
	531	430
	531	427
	530	426
	530	424
	529	423
	529	421
	528	419
	528	418
	528	416
	528	414
	527	413
	527	411
	527	409
	527	408
	527	407
	527	406
	528	406
	529	407
	530	407
	531	407
	532	407
	533	407
	534	408
	535	408
	536	408
	537	408
	538	408
	539	408
	541	409
	543	409
	544	409
	545	409
	546	409
	547	409
	547	410
.PEN_UP
.PEN_DOWN
	531	418
	532	418
	532	419
	533	419
	535	419
	536	420
	537	420
	539	420
	540	420
	541	421
.PEN_UP
.PEN_DOWN
	531	432
	532	432
	534	432
	535	432
	537	432
	538	433
	540	433
	543	433
	544	433
.PEN_UP
.PEN_DOWN
	554	424
	554	423
	554	422
	554	421
	554	420
	554	419
	554	418
	554	417
	555	414
	555	413
	555	412
	555	410
	555	409
	556	409
	556	408
	556	407
	556	406
	556	405
	557	405
	557	406
	558	407
	558	408
	559	410
	560	411
	560	413
	561	414
	562	415
	562	417
	563	418
	564	419
	565	421
	566	421
	566	422
.PEN_UP
.PEN_DOWN
	571	417
	572	417
	572	418
	573	418
	574	419
	575	419
	575	420
	576	420
	576	421
	576	422
	575	422
	575	423
	574	423
	573	423
	572	422
	571	422
	569	421
	568	420
	567	420
	567	419
	566	418
	566	417
	566	416
	566	415
	566	414
	567	411
	567	410
	568	409
	569	408
	570	408
	570	407
	571	406
	572	406
	573	406
	574	406
.PEN_UP
.PEN_DOWN
	583	420
	583	419
	583	418
	583	417
	583	416
	583	414
	583	413
	582	412
	582	411
	582	410
	582	409
	582	408
	582	409
	583	409
	583	410
	584	410
	584	411
	584	412
	585	413
	586	414
	586	415
	587	415
	588	416
	589	416
	590	416
	591	416
	592	415
	593	414
	594	413
	594	412
	595	411
	596	410
	596	409
	597	408
	597	407
.PEN_UP
.PEN_DOWN
	616	420
	617	421
	618	422
	618	423
	619	423
	620	424
	621	424
	621	425
	622	425
	623	425
	624	425
	625	425
	626	425
	627	425
	628	425
	628	424
	628	423
	627	422
	627	421
	626	420
	626	419
	624	418
	624	417
	623	416
	623	415
	622	414
	622	413
	622	412
	622	411
	622	410
	622	409
	622	408
	622	407
	623	407
	624	407
	625	407
	626	407
	627	407
	627	408
	628	409
	629	411
	629	412
	629	413
	629	414
	629	415
	629	416
	629	417
	629	418
	629	419
.PEN_UP
