
.WRITER_ID ArloReeves
.STYLE PRINTED
.PEN_DOWN
	100	401
	99	401
	98	400
	97	400
	96	400
	95	399
	94	399
	93	398
	92	397
	91	397
	91	396
	91	395
	92	395
	93	395
	94	395
	95	395
	96	394
	98	393
	99	393
	100	392
	101	389
	102	388
	102	387
	103	386
	103	385
	103	384
	103	383
	103	382
	103	381
	103	380
	102	379
	101	377
	100	377
	99	377
	99	376
	98	376
	97	376
	96	376
	95	376
	94	376
	93	376
	92	376
	91	376
.PEN_UP
.PEN_DOWN
	123	399
	123	400
	122	400
	122	399
	121	399
	120	399
	119	398
	118	397
	117	396
	116	395
	114	393
	114	392
	113	390
	113	388
	113	386
	113	385
	114	384
	115	383
	116	382
	117	382
	118	381
	119	381
	120	381
	122	381
	124	383
	124	384
	125	384
	126	385
	126	386
	126	388
	126	389
	126	390
	126	392
	126	393
	125	395
	124	398
	123	398
	123	399
	122	400
.PEN_UP
.PEN_DOWN
	136	400
	136	399
	136	397
	135	396
	135	395
	135	393
	135	392
	135	390
	134	389
	134	387
	134	386
	134	384
	134	383
	134	382
	134	380
	134	379
	134	380
.PEN_UP
.PEN_DOWN
	133	396
	133	397
	134	397
	134	398
	134	399
	134	400
	134	401
	135	401
	135	400
	135	399
	135	398
	136	397
	136	396
	136	395
	137	394
	138	393
	139	392
	140	391
	142	389
	142	388
	143	387
	144	386
	145	386
	146	385
	147	385
	148	385
	150	385
	150	386
	150	387
	150	389
	150	391
	150	392
	150	393
	150	395
	151	397
	151	400
	151	401
	151	402
	151	403
.PEN_UP
.PEN_DOWN
	165	405
	165	406
	164	406
	163	406
	162	406
	162	405
	161	405
	161	404
	161	403
	159	402
	158	400
	158	399
	157	398
	157	394
	157	393
	157	392
	158	390
	158	389
	159	387
	159	386
	160	385
	161	384
	162	383
	163	382
	164	381
	167	380
	168	380
	169	380
.PEN_UP
.PEN_DOWN
	165	393
	165	392
	166	392
	167	392
	168	392
	169	392
	172	393
	173	393
	175	393
	176	393
	177	393
	178	393
	179	393
	180	393
	179	393
	178	393
	178	392
	178	391
	178	390
	178	389
	178	388
	178	387
	178	386
	178	384
	178	383
	178	382
	178	380
	178	378
	179	376
	179	375
	179	374
	179	373
.PEN_UP
.PEN_DOWN
	210	403
	211	402
	210	401
	210	400
	209	399
	208	398
	208	397
	206	394
	206	393
	205	391
	204	390
	203	388
	203	386
	202	385
	202	384
	202	382
	202	381
	202	380
	202	379
	202	378
.PEN_UP
.PEN_DOWN
	211	401
	212	401
	212	400
	212	399
	212	398
	213	398
	213	395
	213	394
	214	393
	214	392
	215	390
	216	389
	216	388
	217	386
	218	385
	218	384
	219	383
	219	382
	219	381
	220	380
	220	379
.PEN_UP
.PEN_DOWN
	205	389
	206	389
	207	389
	208	389
	209	389
	211	389
	212	390
.PEN_UP
.PEN_DOWN
	227	398
	227	397
	226	396
	226	395
	226	394
	226	393
	226	392
	226	390
	226	388
	226	387
	227	386
	227	384
	228	383
	228	382
	228	381
	229	380
	229	379
.PEN_UP
.PEN_DOWN
	225	400
	226	400
	227	400
	229	400
	231	400
	232	400
	233	400
	234	400
	235	399
	236	399
	237	399
	238	398
	238	397
	237	396
	236	396
	236	395
	235	395
	234	395
	233	394
	232	394
	231	393
	231	392
	232	392
	233	391
	234	391
	235	390
	236	389
	237	389
	238	388
	239	387
	240	386
	240	385
	241	385
	241	384
	241	383
	241	382
	240	380
	239	379
	239	378
	238	378
	237	377
	236	377
	235	377
	234	377
	233	377
	232	377
	231	377
	230	377
	230	378
	229	378
.PEN_UP
.PEN_DOWN
	254	397
	254	396
	253	396
	253	395
	252	395
	250	393
	249	393
	248	392
	248	391
	248	390
	248	389
	248	388
	248	386
	248	385
	249	384
	249	383
	252	382
	253	381
	254	380
	255	380
	256	380
	257	380
	258	380
	259	381
	260	382
	260	383
	260	384
	259	386
	258	387
	258	388
	257	390
	256	391
	255	393
	254	394
.PEN_UP
.PEN_DOWN
	265	392
	265	391
	264	390
	264	389
	264	388
	264	387
	264	386
	265	385
	266	383
	267	382
	268	381
	269	380
	270	380
	271	379
	272	379
	273	379
	274	379
	275	380
	276	380
	277	382
	277	383
	278	384
	278	385
	278	386
	278	388
	278	389
	278	390
	278	391
	278	392
.PEN_UP
.PEN_DOWN
	291	396
	291	395
	292	395
	292	394
	292	393
	291	392
	291	391
	291	390
	291	389
	291	388
	290	386
	290	385
	290	384
	290	383
	290	382
	290	380
	290	378
	290	377
	290	376
	290	375
	291	375
.PEN_UP
.PEN_DOWN
	281	396
	282	396
	283	396
	285	396
	288	396
	290	396
	292	396
	294	396
	296	395
	298	395
	300	395
	302	395
	303	395
	304	395
	305	394
	306	394
.PEN_UP
.PEN_DOWN
	329	398
	329	397
	329	396
	329	395
	328	394
	328	393
	327	392
	327	391
	326	389
	326	387
	326	386
	326	384
	326	383
	326	382
	327	381
	327	380
	327	379
	328	378
.PEN_UP
.PEN_DOWN
	317	398
	318	398
	319	398
	320	398
	322	398
	323	398
	324	398
	326	398
	327	398
	329	398
	331	398
	333	399
	334	399
	336	399
.PEN_UP
.PEN_DOWN
	341	400
	341	399
	341	398
	341	397
	341	396
	341	395
	341	394
	341	393
	341	392
	341	389
	341	388
	340	387
	340	386
	340	384
	340	383
	340	382
	340	380
	340	379
	340	378
	340	377
	340	376
.PEN_UP
.PEN_DOWN
	353	401
	354	401
	354	400
	354	399
	354	398
	353	398
	352	396
	352	394
	352	393
	352	392
	352	391
	352	389
	352	388
	352	387
	352	385
	352	384
	352	383
	353	381
	353	380
	353	379
	352	379
.PEN_UP
.PEN_DOWN
	337	389
	338	388
	339	388
	340	388
	341	388
	342	388
	345	388
	346	388
	348	388
.PEN_UP
.PEN_DOWN
	361	394
	361	393
	361	392
	360	392
	360	390
	359	389
	359	388
	359	387
	359	386
	359	385
	359	384
	360	383
	360	382
	360	381
	360	380
	360	378
	361	377
	361	376
	362	376
	363	377
	364	378
	365	378
	366	379
	367	379
	368	380
.PEN_UP
.PEN_DOWN
	359	386
	360	386
	361	386
	362	386
	363	387
.PEN_UP
.PEN_DOWN
	359	393
	360	393
	361	393
	362	393
	363	393
	364	393
	365	393
	366	393
	368	393
	370	393
.PEN_UP
.PEN_DOWN
	415	400
	416	400
	415	401
	414	401
	413	401
	412	400
	411	400
	409	400
	408	399
	405	398
	404	398
	403	397
	402	395
	402	394
	401	393
	401	392
	401	391
	401	389
	401	388
	402	387
	404	384
	405	383
	406	382
	407	382
	409	381
	410	380
	411	380
	412	380
.PEN_UP
.PEN_DOWN
	410	392
	410	391
	411	391
	413	391
	414	391
	415	391
	417	391
	418	391
	419	391
	420	391
	421	391
	422	390
	422	389
	421	389
	421	388
	421	387
	420	386
	420	384
	419	382
	419	381
	419	380
	419	379
	419	377
	419	376
	419	375
	419	374
	419	373
	420	373
.PEN_UP
.PEN_DOWN
	433	398
	433	397
	433	396
	432	394
	432	393
	432	392
	431	391
	431	390
	431	389
	430	388
	430	387
	430	386
	430	385
	430	384
	430	382
	430	381
	430	380
	430	379
.PEN_UP
.PEN_DOWN
	434	398
	435	398
	435	399
	437	399
	438	399
	439	399
	440	399
	441	399
	442	398
	443	398
	444	398
	444	397
	445	397
	445	396
	445	395
	445	393
	444	392
	443	391
	443	390
	442	390
	441	390
	440	389
	439	389
	438	389
	436	389
	435	389
	435	390
	435	389
	436	389
	436	388
	436	387
	437	386
	437	385
	437	384
	438	384
	439	381
	439	380
	440	379
	440	378
	441	377
	442	376
	442	375
	443	375
	443	374
	444	374
	445	374
.PEN_UP
.PEN_DOWN
	463	398
	463	397
	463	396
	463	395
	463	394
	463	393
	463	392
	463	391
	463	389
	463	387
	463	385
	463	384
	463	383
	463	382
	463	381
	463	380
	463	379
	463	378
	462	378
.PEN_UP
.PEN_DOWN
	455	398
	456	398
	457	398
	458	398
	459	398
	460	399
	461	399
	462	399
	464	399
	465	398
	467	398
.PEN_UP
.PEN_DOWN
	453	379
	454	379
	454	378
	455	378
	456	378
	457	378
	458	378
	459	378
	460	378
	461	378
	463	378
	464	378
.PEN_UP
.PEN_DOWN
	490	394
	490	395
	490	396
	489	396
	488	396
	486	396
	485	396
	484	395
	483	395
	482	395
	481	394
	480	394
	479	393
	479	392
	479	391
	480	391
	480	390
	481	390
	482	389
	483	389
	484	388
	485	387
	486	386
	487	384
	488	383
	488	382
	488	381
	488	380
	488	379
	488	378
	487	377
	486	376
	484	375
	482	375
	481	375
	480	375
	479	375
	479	376
	478	376
	478	377
.PEN_UP
.PEN_DOWN
	500	398
	500	397
	500	396
	500	395
	499	394
	499	393
	499	392
	499	390
	499	389
	498	389
	498	387
	498	386
	498	385
	498	384
	498	383
	498	382
	498	381
	498	380
	498	379
	499	377
	499	376
	499	375
	500	375
	501	376
	501	377
	502	377
	503	377
	504	378
	505	378
	506	378
	507	378
	509	378
.PEN_UP
.PEN_DOWN
	515	398
	516	398
	516	397
	517	397
	517	396
	517	395
	518	394
	518	393
	518	391
	518	390
	519	389
	519	388
	519	387
	520	386
	520	385
	521	384
	522	384
	522	385
	523	385
	523	386
	524	387
	525	388
	525	389
	526	390
	527	392
	528	393
	529	394
	530	395
	531	396
	532	397
	533	398
.PEN_UP
.PEN_DOWN
	522	387
	522	385
	522	383
	521	382
	521	381
	520	380
	520	379
	519	377
	518	375
	518	374
	518	372
	518	371
	519	371
	519	370
	519	369
.PEN_UP
.PEN_DOWN
	559	403
	560	402
	560	401
	560	400
	560	399
	560	398
	560	397
	560	395
	560	394
	560	393
	561	391
	561	389
	562	388
	563	385
	564	384
	564	383
	565	383
	565	382
	565	381
	566	381
	566	382
	566	383
	566	384
	567	385
	567	386
	567	387
	568	388
	569	390
	569	391
	571	393
	573	396
	574	398
	575	399
	577	400
.PEN_UP
.PEN_DOWN
	586	402
	586	401
	586	400
	585	398
	585	397
	585	396
	584	394
	584	391
	584	390
	584	389
	584	387
	584	386
	584	385
	584	382
	585	381
	585	380
.PEN_UP
.PEN_DOWN
	579	404
	580	404
	581	404
	582	404
	584	404
	585	404
	586	404
	588	404
	590	404
	591	403
.PEN_UP
.PEN_DOWN
	578	384
	578	383
	578	382
	579	381
	580	381
	581	381
	582	381
	583	381
	584	381
	586	381
	587	381
	589	381
	591	382
.PEN_UP
.PEN_DOWN
	603	401
	604	400
	604	399
	604	398
	604	396
	604	394
	604	393
	603	392
	603	390
	603	389
	603	388
	602	387
	602	385
	602	384
	602	383
	602	382
.PEN_UP
.PEN_DOWN
	615	401
	615	400
	616	399
	615	398
	614	398
	614	397
	613	397
	612	396
	612	395
	611	395
	610	394
	609	394
	608	393
	605	392
	604	391
	603	391
	602	391
	603	391
	604	391
	605	390
	606	390
	607	390
	608	389
	609	389
	610	388
	612	387
	613	386
	614	385
	615	384
	616	383
	617	382
	617	381
	617	380
	618	380
.PEN_UP
.PEN_DOWN
	629	398
	629	397
	628	396
	628	395
	628	394
	627	393
	627	392
	627	391
	627	389
	627	388
	627	387
	627	386
	627	385
	628	384
	628	383
	629	382
	629	381
.PEN_UP
.PEN_DOWN
	622	399
	623	399
	624	399
	625	399
	626	400
	627	400
	628	400
	629	400
	630	400
	631	400
	633	400
.PEN_UP
.PEN_DOWN
	619	384
	619	383
	620	383
	621	382
	622	382
	623	382
	624	382
	625	382
	628	383
	629	383
	631	383
	632	383
	633	383
.PEN_UP
.PEN_DOWN
	643	393
	642	392
	641	391
	640	390
	640	389
	639	389
	639	388
	639	387
	638	386
	638	385
	638	384
	637	382
	637	381
	637	380
	637	379
	637	378
	637	377
	637	376
	637	375
	636	375
.PEN_UP
.PEN_DOWN
	638	394
	638	395
	639	395
	640	394
	641	393
	641	392
	641	391
	642	390
	642	389
	643	388
	643	387
	644	385
	645	384
	646	383
	646	382
	647	380
	649	379
	650	378
	652	378
	653	378
	654	378
	655	379
	655	380
	656	381
	656	382
	656	385
	657	386
	657	387
	657	389
	657	390
	657	392
	657	393
	657	394
	657	395
.PEN_UP
.PEN_DOWN
	667	398
	666	397
	665	397
	664	397
	663	396
	662	395
	661	395
	661	394
	660	393
	660	392
	660	391
	660	390
	660	389
	660	388
	660	387
	662	384
	662	383
	663	383
	664	382
	665	381
	666	380
	667	380
	668	380
	669	380
.PEN_UP
.PEN_DOWN
	668	389
	669	389
	670	389
	671	389
	672	389
	674	389
	676	389
	677	389
	678	389
	678	388
	677	387
	677	386
	676	386
	676	384
	675	382
	675	381
	675	380
	675	379
	674	377
	674	376
	674	375
	674	372
	674	371
	675	370
	675	369
.PEN_UP
