
.WRITER_ID ArloReeves
.STYLE PRINTED
.PEN_DOWN
	91	415
	91	414
	91	412
	91	411
	91	409
	91	408
	91	406
	91	404
	91	402
	91	398
	91	397
	91	395
	91	393
	92	392
	92	391
	92	390
	93	389
	93	388
.PEN_UP
.PEN_DOWN
	85	417
	85	416
	86	416
	86	415
	87	415
	88	416
	90	416
	91	417
	93	417
	94	418
	96	418
	97	418
	98	419
	99	419
	100	419
	101	419
.PEN_UP
.PEN_DOWN
	87	389
	86	389
	86	390
	87	390
	88	390
	90	391
	92	391
	93	391
	96	392
	98	393
	100	393
	103	394
	105	395
.PEN_UP
.PEN_DOWN
	119	410
	118	411
	118	412
	117	412
	117	413
	116	413
	115	413
	114	413
	113	412
	113	411
	112	411
	112	410
	112	408
	112	407
	112	406
	112	404
	112	403
	112	401
	112	400
	113	398
	113	396
	113	395
	113	393
	113	392
	113	389
	114	387
	114	386
	114	384
	114	383
	114	382
	114	381
	114	380
	114	379
	114	378
	114	377
.PEN_UP
.PEN_DOWN
	108	400
	109	400
	110	400
	111	400
	112	400
	113	400
	114	400
	116	400
	118	400
	119	400
	120	400
.PEN_UP
.PEN_DOWN
	144	418
	144	417
	144	416
	144	415
	144	414
	144	413
	144	412
	144	410
	144	409
	145	405
	145	403
	145	401
	146	400
	146	398
	146	396
	146	395
	146	394
	146	393
	147	391
	147	390
	146	390
.PEN_UP
.PEN_DOWN
	146	418
	147	418
	147	417
	147	416
	147	415
	147	414
	148	414
	148	412
	148	410
	149	408
	149	407
	150	406
	150	405
	151	404
	151	403
	152	402
	153	401
	154	401
	154	402
	155	403
	156	404
	156	405
	156	406
	156	408
	157	409
	157	411
	157	412
	157	415
	158	417
	158	418
	158	419
	159	419
	160	418
	161	418
	161	417
	162	416
	162	415
	162	414
	163	413
	163	412
	163	410
	163	408
	164	406
	164	405
	164	403
	164	402
	164	401
	164	400
	165	399
	165	398
	165	397
	165	396
	165	395
	165	394
.PEN_UP
.PEN_DOWN
	171	408
	171	409
	172	410
	173	410
	173	409
	173	408
	173	406
	173	405
	173	404
	173	403
	173	402
	173	401
	173	400
	173	399
	174	398
	175	397
	175	396
	176	396
	177	396
	178	396
	178	397
	179	397
	179	398
	180	399
	180	401
	180	402
	181	403
	181	404
	181	405
	181	406
	181	407
	181	408
	181	409
	181	408
	181	407
	182	406
	182	405
	182	404
	182	403
	182	402
	182	401
	182	400
	182	398
	182	397
	182	396
	182	394
	183	391
	183	390
	183	389
	183	388
	183	387
	183	385
	183	384
	182	383
	182	382
	181	381
	180	381
	179	380
	178	380
	177	380
	176	380
.PEN_UP
.PEN_DOWN
	205	418
	205	417
	205	416
	205	415
	204	414
	204	413
	204	409
	204	408
	204	406
	204	404
	204	402
	204	400
	204	398
	204	396
	204	395
	204	394
	204	392
	204	391
	203	390
.PEN_UP
.PEN_DOWN
	203	418
	204	418
	205	418
	206	418
	207	418
	207	417
	207	416
	207	415
	208	415
	208	414
	208	413
	209	412
	209	410
	210	409
	210	407
	211	405
	211	403
	212	401
	212	400
	213	399
	213	398
	214	397
	214	396
	214	395
	215	394
	215	393
	215	392
	215	391
	216	390
	216	389
	217	389
	218	390
	218	391
	218	393
	218	394
	218	396
	218	397
	219	399
	219	401
	219	403
	220	406
	220	408
	221	411
	221	413
	222	416
	222	417
.PEN_UP
.PEN_DOWN
	225	408
	226	408
	226	409
	227	409
	228	410
	229	410
	230	410
	231	410
	232	410
	233	410
	233	409
	233	408
	233	407
	233	406
	232	405
	232	404
	231	403
	231	402
	231	401
	230	400
	230	399
	229	399
	229	398
	228	398
	227	397
	226	397
	226	396
	225	396
	225	395
	225	394
	226	393
	227	392
	228	392
	229	392
	231	392
	232	393
	233	394
	233	395
	233	396
	233	397
	233	398
	233	400
	233	402
	232	403
	232	404
	232	405
.PEN_UP
.PEN_DOWN
	244	408
	244	407
	244	406
	244	405
	244	404
	244	403
	244	402
	244	401
	244	400
	244	398
	244	397
	244	396
	244	395
	244	393
	245	392
	245	391
	246	392
	246	393
	246	394
	246	395
	246	396
	246	397
	246	398
	247	399
	248	400
	248	401
	248	402
	249	403
	249	404
	250	404
	250	405
	251	405
	252	405
	252	404
	252	403
	252	402
	252	401
	252	400
	252	399
	252	398
	252	397
	252	396
	253	396
	253	397
	253	398
	253	399
	254	400
	254	401
	254	402
	255	403
	255	404
	256	405
	256	406
	257	407
	257	408
	258	408
	259	408
	259	407
	260	407
	260	405
	260	404
	260	403
	260	402
	259	401
	259	400
	259	398
	259	397
	259	396
	259	395
	260	393
	260	392
	261	391
.PEN_UP
.PEN_DOWN
	264	398
	265	398
	265	399
	266	399
	267	400
	268	400
	269	400
	270	401
	271	402
	272	403
	273	403
	273	404
	273	405
	273	406
	272	406
	272	407
	271	407
	270	407
	268	406
	267	405
	266	405
	266	404
	265	404
	265	403
	264	402
	263	401
	263	400
	263	399
	263	397
	263	396
	263	395
	264	394
	265	393
	266	392
	267	392
	268	391
	270	391
	272	391
	273	391
	276	391
.PEN_UP
.PEN_DOWN
	291	404
	291	403
	292	403
	293	403
	294	403
	295	403
	296	404
	297	404
	299	404
	300	404
	303	405
	304	405
	305	405
.PEN_UP
.PEN_DOWN
	293	412
	294	412
	295	412
	296	412
	297	412
	298	413
	300	413
	301	413
	303	413
	304	413
	305	414
	306	414
.PEN_UP
.PEN_DOWN
	332	431
	332	430
	332	429
	332	428
	332	427
	331	427
	331	425
	331	424
	331	423
	332	423
	332	422
.PEN_UP
.PEN_DOWN
	335	432
	335	431
	335	430
	335	429
	335	428
	335	427
	335	426
	335	425
	335	424
.PEN_UP
.PEN_DOWN
	346	419
	347	418
	348	417
	348	416
	348	415
	348	414
	349	414
	349	413
	349	412
	349	411
	349	410
	350	409
	350	408
	350	407
	351	406
	351	405
	352	405
	352	404
	352	405
	353	405
	353	406
	353	407
	353	408
	353	409
	353	410
	354	411
	354	413
	355	414
	356	415
	356	417
	356	418
	357	418
	357	420
	358	420
	358	421
	358	422
.PEN_UP
.PEN_DOWN
	352	404
	352	403
	352	402
	352	401
	351	400
	351	399
	351	397
	351	396
	351	395
	351	394
	351	393
	351	392
	351	391
	351	390
	351	389
	351	388
	351	387
	352	387
.PEN_UP
.PEN_DOWN
	370	408
	371	408
	371	409
	370	409
	369	408
	368	408
	367	407
	366	405
	365	405
	365	404
	364	403
	364	402
	364	401
	364	400
	364	399
	364	398
	364	397
	366	396
	367	395
	368	395
	370	395
	371	395
	372	395
	373	396
	374	396
	374	397
	375	398
	375	400
	375	401
	375	402
	374	404
	374	405
	374	406
	374	408
	373	409
	372	410
.PEN_UP
.PEN_DOWN
	381	410
	382	410
	383	411
	384	412
	385	412
	386	412
	387	412
	388	412
	389	412
	390	412
	390	411
	389	410
	389	409
	388	409
	388	408
	387	406
	387	405
	386	404
	385	401
	385	400
	385	399
	385	398
	385	397
	385	396
	385	395
	386	394
	387	393
	388	393
	389	394
	390	394
	390	395
	391	395
	391	396
	392	397
	392	398
	393	399
	394	400
	394	401
	395	403
	395	404
	395	405
	396	406
	396	407
	396	408
	396	409
	397	409
	396	409
	396	408
	395	408
	395	407
	394	407
	394	406
	394	405
	393	405
	393	404
	393	403
	393	401
	393	400
	393	399
	393	397
	393	396
	394	395
	395	394
	396	393
.PEN_UP
.PEN_DOWN
	403	410
	403	409
	403	408
	403	407
	403	406
	403	405
	403	404
	403	401
	404	400
	404	399
	404	398
	404	397
	404	396
	405	396
	405	395
	405	394
	405	395
	405	396
	405	397
	405	398
	405	399
	405	400
	405	402
	406	403
	406	405
	406	406
	407	407
	407	408
	408	408
	408	409
	409	409
	411	410
	412	410
	414	411
	415	412
	417	412
	418	412
.PEN_UP
.PEN_DOWN
	446	425
	447	425
	446	424
	446	423
	445	422
	445	420
	445	418
	444	417
	444	415
	444	414
	443	412
	443	410
	443	407
	443	405
	444	404
	444	403
	444	402
	444	401
	444	400
	443	400
	443	399
.PEN_UP
.PEN_DOWN
	442	425
	443	425
	444	425
	445	425
	446	426
	447	426
	448	426
	449	426
	451	426
	452	427
	454	427
	455	427
	457	427
	459	426
.PEN_UP
.PEN_DOWN
	444	416
	444	415
	445	415
	446	414
	447	414
	448	414
	449	414
	452	414
	453	414
	454	415
	455	415
.PEN_UP
.PEN_DOWN
	459	419
	460	419
	460	418
	460	417
	460	416
	460	414
	460	412
	460	411
	461	409
	461	408
	462	407
	462	405
	463	405
	463	404
	463	403
	463	402
	463	401
	462	402
	462	403
	462	404
	462	405
	462	406
	462	407
	462	408
	462	409
	462	410
	462	411
	463	411
	463	412
	464	412
	465	413
	466	413
	467	414
	468	414
	469	415
	470	415
	471	416
	472	417
	473	418
	474	418
.PEN_UP
.PEN_DOWN
	479	413
	479	412
	478	411
	478	410
	477	409
	477	408
	477	406
	477	405
	477	404
	477	403
	477	402
	477	401
	478	401
	478	400
.PEN_UP
.PEN_DOWN
	477	422
	478	422
	478	423
	479	423
	480	423
.PEN_UP
.PEN_DOWN
	486	410
	487	410
	488	410
	488	411
	489	411
	490	412
	491	412
	492	413
	493	414
	494	414
	494	415
	495	415
	495	416
	494	416
	493	416
	492	416
	491	416
	490	416
	489	416
	489	415
	488	415
	487	415
	487	414
	486	413
	486	412
	485	411
	485	410
	484	409
	483	408
	483	407
	483	406
	483	405
	483	404
	484	403
	485	401
	485	400
	485	399
	487	398
	488	397
	489	397
	490	397
.PEN_UP
.PEN_DOWN
	502	417
	502	416
	501	415
	501	414
	501	413
	500	411
	500	410
	500	409
	500	407
	500	406
	500	405
	500	404
	499	403
	499	402
	499	401
	499	400
	500	400
	500	401
	500	402
	501	403
	502	405
	502	406
	503	407
	503	408
	504	409
	505	410
	505	411
	506	411
	507	412
	508	412
	509	412
	509	411
	509	410
	509	409
	509	408
	509	407
	509	405
	509	404
	509	403
	509	402
	509	401
	510	400
.PEN_UP
.PEN_DOWN
	530	414
	531	414
	531	415
	531	416
	530	416
	530	417
	530	418
	530	419
	529	419
	528	419
	527	419
	526	419
	525	418
	524	417
	523	417
	522	416
	522	415
	521	414
	520	414
	519	413
	518	412
	518	411
	517	409
	517	408
	517	407
	516	406
	516	405
	516	404
	517	403
	517	402
	518	401
	519	401
	520	401
	520	402
	521	402
	522	403
	523	404
	523	405
	524	405
	524	407
	525	408
	526	410
	526	411
	527	412
	527	413
	528	414
	528	415
	529	415
	529	416
	530	416
	530	417
	531	417
	531	418
	532	418
	532	419
	533	420
	533	421
	534	422
	535	423
	535	424
	536	425
	536	426
	536	427
	537	427
	537	428
	537	429
	538	429
	538	430
	538	431
	538	432
	537	432
	536	432
	536	431
	535	431
	535	430
	534	429
	534	428
	533	427
	533	426
	532	425
	532	424
	532	423
	531	422
	531	421
	530	419
	530	418
	530	417
	529	416
	528	414
	528	412
	527	411
	527	410
	527	409
	526	409
	526	408
	526	407
	526	406
	526	405
	526	404
	526	403
	527	402
	527	401
	528	401
	528	400
	529	400
	530	400
	531	400
	532	400
	533	401
	534	401
.PEN_UP
.PEN_DOWN
	539	398
	538	396
	537	394
	537	393
	536	392
	536	391
	535	390
.PEN_UP
.PEN_DOWN
	554	434
	555	434
	555	433
	555	432
	554	432
	554	431
	554	430
	554	429
	554	428
	554	427
	554	426
	554	425
	554	424
	554	423
.PEN_UP
.PEN_DOWN
	562	434
	561	433
	561	432
	561	431
	560	430
	560	429
	560	428
	560	427
	560	426
	560	425
	561	425
.PEN_UP
