
.WRITER_ID ArloReeves
.STYLE PRINTED
.PEN_DOWN
	102	391
	103	391
	103	392
	104	392
	104	393
	105	394
	105	395
	106	396
	106	397
	106	398
	107	398
	107	399
	107	400
	107	401
	107	402
	107	403
	107	404
	106	404
	106	405
	105	405
	104	405
	103	405
	102	405
	102	404
	101	403
	100	402
	99	400
	99	399
	98	398
	98	397
	98	396
	98	395
	98	394
	98	392
	98	391
	98	389
	98	387
	98	386
	99	381
	100	379
	100	376
	101	373
	101	371
	102	368
	102	365
	102	363
	102	361
	102	359
	102	357
	102	355
	102	352
	101	351
	101	349
	101	348
	100	347
	100	346
	99	345
	99	344
	98	344
.PEN_UP
.PEN_DOWN
	93	379
	93	380
	94	381
	95	381
	96	381
	96	382
	97	382
	98	382
	99	382
	100	383
	101	383
	102	383
.PEN_UP
.PEN_DOWN
	121	391
	121	392
	120	392
	120	393
	119	393
	118	393
	117	392
	116	391
	116	390
	115	389
	115	388
	114	387
	113	385
	113	383
	113	380
	113	379
	113	378
	114	376
	115	375
	115	374
	116	373
	117	373
	118	373
	119	373
	120	373
	121	373
	122	374
	123	375
	124	376
	124	378
	125	379
	125	380
	125	382
	125	383
	125	385
	125	386
	125	387
	124	389
	123	390
	123	391
.PEN_UP
.PEN_DOWN
	126	392
	127	392
	127	393
	127	394
	128	394
	129	395
	129	396
	130	396
	131	396
	132	397
	133	398
	134	398
	135	398
	135	397
	135	396
	135	395
	135	394
	135	392
	135	391
	135	390
	135	389
	135	387
	135	386
	135	384
	136	383
	136	382
	137	382
	137	381
	138	380
	138	379
	139	379
	140	379
	141	378
	142	378
	143	377
	144	377
	145	377
.PEN_UP
.PEN_DOWN
	144	396
	143	395
	143	394
	142	393
	142	392
	141	391
	139	387
	138	386
	137	384
	136	382
	135	381
	135	379
	134	378
	134	376
	134	375
	133	373
	133	370
.PEN_UP
.PEN_DOWN
	152	391
	152	392
	152	393
	153	394
	154	396
	154	397
	155	397
	156	398
	157	398
	158	398
	158	397
	158	396
	158	395
	158	394
	158	393
	157	392
	157	391
	157	388
	157	387
	157	386
	157	385
	157	384
	157	383
	158	382
	159	382
	160	382
	161	383
	162	384
	162	385
	163	386
	163	387
	164	388
	164	389
	164	391
	165	392
	165	393
	165	394
	165	395
	165	396
	166	396
	166	395
	166	394
	166	393
	166	392
	166	391
	167	390
	167	389
	167	388
	167	387
	167	386
	168	385
	168	382
	169	380
	169	379
	169	377
	169	375
	169	373
	170	371
	170	369
	170	366
	170	364
	170	362
	170	359
	170	357
	170	356
	170	354
	169	353
	169	352
	169	351
	169	350
	168	350
	168	349
	167	349
	165	349
	164	349
	163	349
	162	350
	162	351
.PEN_UP
.PEN_DOWN
	197	390
	196	390
	195	390
	195	391
	196	391
	196	392
	197	392
	198	393
	199	394
	200	394
	201	395
	202	395
	203	396
	204	396
	205	397
	206	397
	207	397
	208	397
	208	396
	207	394
	207	393
	206	392
	206	391
	205	390
	205	388
	204	387
	204	386
	204	384
	203	383
	203	382
	203	379
	202	378
	202	377
	202	376
	202	375
	202	374
	202	373
	202	372
	202	371
	203	371
	204	371
	205	372
	206	372
	206	373
	207	373
	208	373
	208	374
	209	374
	210	374
	210	375
	211	375
	212	375
	213	375
	214	375
	215	375
.PEN_UP
.PEN_DOWN
	199	382
	199	381
	199	382
	200	382
	201	383
	202	383
	202	384
	203	384
	204	385
	205	385
	208	386
	209	387
	210	387
.PEN_UP
.PEN_DOWN
	219	394
	219	395
	220	395
	221	395
	221	396
	222	396
	223	396
	223	395
	223	394
	223	393
	223	392
	223	391
	223	390
	223	389
	222	388
	222	386
	222	385
	222	384
	222	383
	222	382
	222	381
	222	380
	222	379
	222	378
	223	377
	224	377
	225	377
	226	378
	227	379
	227	380
	228	380
	229	382
	229	383
	230	384
	230	385
	230	386
	230	387
	230	388
	230	389
	231	390
	231	391
	231	392
	231	393
	231	394
	231	395
	232	395
	232	394
	231	393
	231	392
	231	391
	231	390
	231	389
	231	387
	231	386
	231	385
	231	384
	231	382
	231	381
	232	381
	233	380
	233	379
	234	378
	235	378
	236	378
	237	378
.PEN_UP
.PEN_DOWN
	248	417
	248	416
	248	415
	247	415
	247	414
	247	413
	246	411
	246	410
	245	408
	245	407
	245	405
	245	402
	245	400
	245	399
	245	397
	245	396
	245	395
	245	393
	245	392
	245	390
	245	389
	245	387
	245	386
	245	384
	245	383
	245	382
	246	382
	246	381
	246	380
	247	380
	247	381
	248	381
	249	381
	250	382
	251	382
	252	382
	253	382
.PEN_UP
.PEN_DOWN
	259	398
	258	397
	258	396
	258	395
	258	394
	258	393
	258	392
	258	391
	258	390
	258	389
	258	388
	258	387
	259	386
	259	385
	259	384
	260	383
	260	382
	260	381
	261	380
	262	379
	263	379
	264	379
	265	379
	265	380
	266	381
	267	382
	268	384
	268	385
	269	387
	269	388
	269	390
	269	391
	269	394
.PEN_UP
.PEN_DOWN
	278	399
	279	400
	278	400
	277	400
	276	399
	275	398
	275	397
	274	397
	274	396
	274	395
	274	394
	275	393
	276	392
	277	391
	278	390
	279	389
	280	388
	280	387
	281	387
	281	385
	282	384
	282	383
	282	382
	283	382
	283	381
	283	380
	283	379
	283	378
	282	378
	282	377
	281	376
	280	376
	279	376
	278	376
	277	376
	277	377
	276	377
	275	377
	275	378
.PEN_UP
.PEN_DOWN
	333	393
	333	394
	334	394
	334	395
	334	396
	334	397
	333	398
	333	399
	332	400
	331	400
	330	400
	329	399
	328	398
	327	397
	326	396
	324	396
	324	394
	322	393
	321	391
	320	389
	320	388
	319	387
	319	386
	319	385
	319	384
	320	383
	321	382
	322	382
	323	382
	324	383
	325	383
	326	384
	327	384
	327	385
	328	386
	328	387
	329	388
	329	389
	330	391
	331	392
	331	393
	331	394
	332	394
	332	395
	332	396
	333	396
	333	397
	333	398
	333	397
	333	396
	332	396
	332	395
	332	394
	331	391
	331	390
	331	388
	330	386
	330	384
	330	382
	330	380
	330	378
	330	376
	330	373
	330	371
	330	368
	330	366
	330	365
	330	363
	330	362
	330	361
	330	360
	330	359
.PEN_UP
.PEN_DOWN
	344	396
	344	395
	344	394
	344	393
	344	392
	344	391
	344	390
	344	388
	345	386
	345	385
	346	384
	346	383
	347	382
	348	382
	349	382
	350	382
	351	382
	352	382
	354	384
	355	385
	355	386
	356	387
	356	389
	356	390
	356	391
	357	393
	357	394
	357	396
	357	397
	357	398
	357	399
	357	400
.PEN_UP
.PEN_DOWN
	366	394
	366	393
	366	392
	366	391
	366	389
	366	388
	365	387
	365	386
	365	385
	365	384
	365	382
	365	381
	365	380
	365	379
	365	378
	365	377
	366	377
.PEN_UP
.PEN_DOWN
	363	400
	363	401
	363	402
	363	403
	363	404
	363	405
	363	406
.PEN_UP
.PEN_DOWN
	376	399
	377	398
	377	397
	377	396
	378	395
	378	394
	378	393
	378	392
	378	391
	379	389
	379	388
	380	386
	380	385
	381	384
	382	383
	382	382
	383	382
	383	381
	384	380
	384	379
	384	380
	384	381
	385	382
	385	383
	385	384
	386	387
	386	388
	387	390
	388	391
	388	393
	389	395
	389	396
	390	398
.PEN_UP
.PEN_DOWN
	395	390
	396	390
	397	391
	398	391
	398	392
	399	392
	400	393
	401	393
	401	394
	402	394
	402	395
	403	395
	403	396
	402	397
	401	397
	400	397
	399	397
	398	397
	397	396
	396	396
	396	395
	395	395
	395	394
	394	393
	394	392
	393	391
	393	390
	393	388
	393	387
	393	386
	394	385
	394	384
	395	384
	395	383
	396	382
	397	382
	397	381
	399	380
	400	380
	401	380
.PEN_UP
.PEN_DOWN
	409	398
	409	397
	409	396
	409	395
	409	394
	409	393
	410	392
	410	391
	410	389
	410	388
	411	387
	411	386
	412	385
	412	384
	412	383
	413	382
	414	382
	414	383
	414	384
	413	385
	413	386
	413	387
	413	388
	412	389
	412	390
	412	392
	412	393
	412	394
	412	395
	413	396
	414	397
	415	397
	417	397
	418	398
	420	398
.PEN_UP
.PEN_DOWN
	439	401
	439	400
	439	399
	440	398
	440	396
	440	394
	440	393
	440	392
	441	390
	441	389
	441	388
	441	387
	442	386
	442	384
	442	383
	442	382
	443	382
	444	382
	445	383
	445	384
	445	385
	446	386
	446	388
	447	389
	447	391
	448	392
	448	393
	448	394
	449	395
	449	396
	449	397
	450	397
	450	398
	451	398
	451	397
	451	396
	451	394
	451	393
	451	392
	451	391
	451	390
	451	389
	452	388
	452	387
	452	386
	453	385
	454	385
	455	383
	456	383
	457	383
	458	383
	459	384
	459	385
	459	386
	460	387
	460	389
	460	391
.PEN_UP
.PEN_DOWN
	466	417
	466	415
	466	414
	466	412
	466	411
	466	409
	466	407
	465	405
	465	404
	465	402
	465	400
	465	398
	465	396
	465	394
	465	392
	465	391
	465	390
	465	389
	466	388
	466	387
	467	387
	467	388
	467	389
	467	390
	467	391
	467	392
	467	393
	467	394
	467	395
	467	396
	468	397
	468	398
	469	399
	470	400
	471	401
	472	402
	474	403
	475	404
	475	405
	476	405
	477	405
	478	405
	477	404
	477	403
	476	402
	476	401
	476	400
	476	399
	476	398
	476	397
	476	396
	476	395
	476	394
	476	391
	476	390
	476	389
	477	387
	477	386
	478	386
	478	385
	478	384
	479	384
	480	384
	481	384
	482	385
.PEN_UP
.PEN_DOWN
	488	404
	489	404
	489	403
	488	402
	488	401
	487	400
	486	399
	486	396
	486	395
	486	394
	486	393
	486	392
	486	391
	486	390
	486	388
	486	387
	486	386
	487	386
	487	385
	487	384
	488	384
	489	384
	489	385
	490	386
	491	386
	491	387
	492	387
	492	388
	493	388
	493	389
	494	389
	494	390
	495	390
.PEN_UP
.PEN_DOWN
	487	416
	488	416
	488	417
	487	417
	487	418
	487	419
	487	418
.PEN_UP
.PEN_DOWN
	500	394
	501	394
	502	394
	503	395
	504	396
	505	397
	506	398
	507	399
	508	400
	509	401
	510	403
	511	404
	512	405
	512	407
	513	408
	513	410
	513	413
	513	414
	513	415
	513	416
	513	417
	512	417
	512	418
	511	418
	510	418
	510	417
	509	417
	509	416
	509	415
	508	415
	508	414
	508	413
	508	412
	508	411
	507	410
	507	409
	507	408
	507	406
	507	405
	507	403
	506	401
	506	399
	506	397
	506	393
	506	392
	506	390
	506	388
	506	387
	506	386
	507	385
	507	384
	507	383
	507	382
	507	381
	508	381
	508	380
	508	381
	509	381
	509	382
	510	382
	510	383
	511	383
	512	384
.PEN_UP
.PEN_DOWN
	521	390
	522	390
	524	391
	525	391
	526	392
	527	393
	528	394
	529	394
	531	395
	531	396
	532	396
	534	397
	535	397
	535	398
	535	399
	534	399
	534	400
	533	400
	532	401
	531	402
	530	402
	530	401
	529	401
	528	401
	528	400
	527	400
	526	400
	526	399
	525	399
	525	398
	524	397
	523	395
	522	394
	522	393
	521	393
	521	392
	521	391
	521	389
	521	388
	521	387
	521	386
	521	385
	522	384
	523	382
	524	382
	525	381
	526	381
	527	381
	529	381
	530	381
	531	381
	532	381
	534	382
.PEN_UP
.PEN_DOWN
	574	399
	574	400
	574	401
	573	401
	573	402
	572	402
	572	403
	571	403
	571	404
	570	405
	569	405
	568	405
	568	404
	567	403
	566	403
	566	402
	565	401
	564	400
	564	399
	563	399
	563	398
	563	397
	562	396
	562	395
	562	394
	562	393
	562	392
	561	391
	561	390
	561	389
	561	388
	561	387
	562	386
	562	385
	562	384
	563	384
	563	383
	564	383
	565	384
	566	384
	566	385
	567	385
	567	386
	568	387
	569	387
	569	388
	570	389
	570	391
	571	393
	572	395
	572	396
	573	398
	573	399
	574	401
	575	403
	575	404
	576	406
	577	408
	577	409
	577	410
	577	412
	577	413
	577	414
	577	415
	577	416
	577	417
	577	418
	578	418
	578	419
	578	418
	578	417
	578	416
	578	415
	578	414
	577	412
	577	411
	577	410
	577	409
	577	407
	577	406
	577	405
	577	403
	577	401
	577	400
	576	398
	576	394
	576	393
	576	391
	576	390
	576	389
	577	388
	577	387
	577	386
	578	386
	578	385
	579	385
	580	385
.PEN_UP
.PEN_DOWN
	588	404
	588	403
	588	402
	588	401
	588	400
	588	399
	588	398
	588	397
	588	396
	589	394
	589	393
	589	391
	589	390
	589	389
	590	388
	590	386
	590	385
	590	384
	590	383
	590	382
	590	383
	590	384
	590	385
	590	386
	590	387
	590	388
	590	389
	590	391
	590	393
	591	394
	591	395
	591	396
	592	396
	592	397
	593	398
	594	399
	595	399
	596	400
	598	400
	598	401
	599	401
	600	401
	600	402
	601	402
	602	402
	603	402
.PEN_UP
.PEN_DOWN
	615	400
	614	399
	614	398
	613	397
	613	396
	613	395
	613	393
	613	392
	613	391
	613	390
	614	389
	614	388
	614	387
	615	386
	615	385
	616	384
	617	383
	618	383
	619	383
	619	384
	620	384
	621	384
	621	385
	622	386
	623	386
	624	387
.PEN_UP
.PEN_DOWN
	614	416
	613	417
	614	418
	615	418
.PEN_UP
.PEN_DOWN
	630	400
	630	399
	630	398
	630	396
	630	395
	630	394
	630	393
	630	392
	630	391
	631	389
	631	388
	631	387
	631	386
	632	385
	632	383
	632	382
	632	381
	632	382
	632	383
	632	384
	633	385
	633	386
	633	387
	633	388
	634	389
	634	390
	635	391
	635	392
	636	393
	637	394
	638	395
	639	395
	640	396
	641	396
	642	396
	643	396
	643	395
	643	394
	643	393
	643	392
	643	391
	643	390
	643	388
	642	387
	642	386
	642	384
	642	383
	642	381
	642	380
	642	378
	642	377
	642	376
	643	376
	644	376
	644	377
	645	378
	646	378
.PEN_UP
.PEN_DOWN
	662	423
	663	422
	663	421
	663	420
	662	419
	662	418
	662	416
	662	414
	662	412
	661	410
	661	408
	661	403
	661	400
	661	398
	661	396
	661	394
	661	392
	660	390
	660	389
	660	387
	660	386
	660	385
	660	384
	659	382
	659	381
	658	381
	658	382
	658	383
	658	384
	658	385
	658	388
	658	390
	658	391
	658	393
	658	394
	659	395
	659	396
	659	397
	660	398
	660	399
	661	400
	663	401
	664	402
	665	402
	665	403
	667	403
	669	404
	670	404
	671	404
	672	403
	673	403
	673	402
	673	401
	672	400
	671	399
	671	398
	670	398
	670	397
	669	396
	668	396
	667	395
	666	394
	665	394
	664	394
	664	393
	663	393
	664	393
	665	393
	665	392
	665	391
	666	390
	666	389
	667	388
	667	387
	667	386
	668	385
	669	385
	669	384
	670	383
	671	382
	672	381
	673	381
	673	380
	674	380
	675	380
	676	380
	677	380
	677	381
.PEN_UP
.PEN_DOWN
	684	400
	685	399
	685	398
	685	397
	684	396
	684	395
	684	394
	684	393
	684	392
	684	391
	684	390
	684	388
	684	387
	684	384
	684	383
	684	382
	684	381
	683	381
.PEN_UP
.PEN_DOWN
	686	409
	686	410
	685	410
	685	411
	685	410
	686	410
.PEN_UP
.PEN_DOWN
	693	395
	693	394
	693	393
	693	392
	693	391
	693	389
	693	388
	693	387
	693	386
	693	384
	694	382
	694	381
	694	380
	695	378
	695	377
	695	378
	696	379
	696	380
	696	381
	697	382
	697	383
	698	385
	698	386
	699	387
	699	388
	700	389
	700	390
	701	390
	701	391
	702	392
	703	392
	704	393
	705	393
	705	394
	706	394
	707	394
	708	394
	709	394
	709	393
	709	392
	709	391
	709	390
	709	389
	709	388
	708	387
	708	385
	708	384
	708	383
	708	382
	708	381
	708	380
	708	379
	709	378
	710	378
	711	378
	712	378
	713	378
.PEN_UP
.PEN_DOWN
	730	394
	730	395
	730	396
	730	397
	729	398
	728	398
	727	398
	727	397
	726	397
	724	396
	724	395
	723	394
	722	393
	721	392
	721	391
	721	389
	721	388
	721	387
	721	386
	722	385
	722	384
	723	384
	724	384
	725	385
	726	386
	727	386
	727	387
	727	388
	727	389
	728	390
	728	391
	728	392
	728	393
	729	393
	730	393
	730	394
	730	393
	730	392
	730	391
	730	390
	730	389
	730	388
	730	385
	730	383
	730	381
	730	379
	730	377
	730	375
	730	373
	730	371
	730	369
	730	367
	730	365
	729	362
	729	360
	729	359
	729	358
	728	357
	728	356
	727	355
	726	355
	726	354
	725	354
	724	353
	722	353
	721	353
	720	353
	720	354
	719	355
	718	355
	717	356
	716	356
	716	357
	715	357
	714	358
.PEN_UP
