
.WRITER_ID ArloReeves
.STYLE PRINTED
.PEN_DOWN
	91	400
	91	401
	92	401
	92	402
	93	402
	93	403
	94	403
	94	402
	94	401
	94	400
	94	398
	94	397
	94	396
	94	395
	94	393
	94	392
	94	391
	94	389
	95	388
	95	387
	95	385
	95	384
	96	381
	96	380
	97	379
	97	378
	98	378
	99	378
	100	379
	101	379
	101	380
	102	381
	103	382
	103	383
	103	384
	104	385
	104	387
	105	388
	105	390
	106	391
	106	395
	106	396
	107	397
	107	398
	107	399
	107	400
	107	401
	107	400
	107	399
	107	398
	107	396
	107	395
	107	394
	107	392
	108	391
	108	390
	109	387
	110	386
	110	385
	111	384
	111	383
	111	382
	112	381
	113	380
	114	380
	114	379
	115	379
	116	380
	117	380
	118	381
	118	382
	119	383
	120	385
	121	387
	122	389
	123	391
	124	394
	125	399
	125	401
	125	403
	125	405
	125	406
	125	407
.PEN_UP
.PEN_DOWN
	151	400
	150	401
	150	402
	149	402
	149	403
	148	403
	148	404
	147	404
	146	404
	145	404
	145	403
	144	402
	143	401
	142	400
	142	399
	141	398
	141	397
	140	396
	140	393
	139	392
	139	390
	139	389
	139	387
	139	386
	140	385
	140	384
	141	383
	142	382
	143	382
	145	382
	145	383
	146	384
	147	384
	148	386
	149	387
	149	388
	150	389
	151	390
	151	391
	151	393
	151	394
	151	396
	152	397
	152	398
	152	399
	152	400
	152	401
	152	402
	152	401
	152	400
	152	399
	152	398
	152	397
	152	396
	151	396
	151	395
	151	394
	151	393
	151	392
	151	391
	151	390
	152	389
	152	388
	152	386
	153	386
	153	385
	154	384
	155	383
	155	382
	156	381
	157	380
	158	379
	159	379
	160	379
	161	380
	162	380
.PEN_UP
.PEN_DOWN
	178	404
	178	403
	178	402
	178	401
	178	400
	178	399
	178	398
	178	396
	178	395
	179	391
	179	390
	180	388
	180	387
	181	386
	181	385
	182	384
	182	383
	182	382
	182	381
	181	382
	180	383
	180	384
	180	385
	180	386
	180	387
	180	388
	180	389
	180	390
	181	392
	181	393
	181	394
	182	395
	182	396
	183	397
	184	398
	185	399
	186	400
	187	401
	189	402
	191	402
	194	404
	195	405
	196	405
	197	406
	198	406
	199	407
	200	407
	200	408
.PEN_UP
.PEN_DOWN
	209	404
	210	405
	211	405
	210	405
	210	404
	210	403
	210	402
	211	401
	211	400
	211	399
	211	397
	211	396
	212	394
	212	393
	212	391
	212	390
	212	389
	212	388
	212	387
	212	386
	212	385
	213	385
	213	386
	213	387
	213	388
	214	390
	214	391
	215	392
	215	393
	215	394
	216	395
	216	396
	217	397
	217	398
	217	399
	218	400
	219	400
	219	401
	220	401
	221	401
	222	401
	222	400
	222	399
	222	398
	222	397
	222	396
	222	394
	222	393
	222	392
	222	391
	222	390
	222	388
	222	387
	222	386
	223	387
	224	389
	224	390
	225	391
	225	392
	225	393
	226	395
	226	396
	227	397
	227	398
	228	399
	229	400
	230	401
	231	402
	232	402
	232	401
	232	400
	233	397
	233	396
	233	395
	233	394
	233	392
	234	391
	234	390
	234	389
	235	387
	235	386
.PEN_UP
.PEN_DOWN
	295	400
	296	400
	296	399
	296	398
	296	397
	296	396
	297	396
	298	396
	298	397
	299	398
	299	399
	299	400
	299	402
	299	403
	298	403
	298	404
	297	404
	296	405
	295	405
	294	405
	293	405
	292	405
	292	404
	291	404
	291	403
	290	402
	289	401
	289	400
	288	399
	288	398
	287	396
	287	395
	286	393
	286	392
	286	391
	286	389
	286	388
	287	387
	287	386
	288	385
	289	383
	290	382
	292	381
	293	381
	294	381
	295	381
	296	381
	298	381
.PEN_UP
.PEN_DOWN
	313	401
	313	402
	313	403
	314	403
	315	404
	316	404
	317	404
	317	403
	317	402
	317	401
	317	400
	316	400
	316	399
	316	397
	316	396
	316	395
	315	394
	315	392
	315	391
	315	389
	316	388
	316	387
	316	386
	317	386
	317	385
	318	385
	319	385
	320	386
	321	386
	321	387
	322	387
	323	388
	323	389
	324	390
	325	390
	326	391
	326	392
	327	394
	328	396
	328	397
	328	398
	328	399
	328	400
	328	401
	328	402
	328	403
	328	404
	328	403
	328	402
	327	402
	327	401
	327	400
	327	399
	327	398
	327	397
	327	396
	327	393
	327	392
	327	391
	327	390
	328	389
	328	388
	329	387
	329	386
	330	386
	330	385
	331	385
	331	384
	333	384
	334	384
.PEN_UP
.PEN_DOWN
	351	404
	351	403
	351	402
	350	402
	350	401
	350	400
	350	398
	350	397
	350	396
	350	394
	350	392
	350	390
	350	388
	350	386
	350	380
	350	378
	350	376
	350	374
	350	373
	350	370
	350	369
	350	368
	350	367
	350	366
.PEN_UP
.PEN_DOWN
	347	400
	348	401
	348	402
	348	403
	349	404
	349	405
	351	406
	352	406
	353	406
	354	406
	355	406
	356	406
	357	406
	358	406
	358	405
	359	405
	360	404
	360	403
	360	400
	360	399
	360	398
	360	396
	359	394
	358	393
	358	392
	357	391
	356	390
	354	389
	353	388
	352	388
	351	388
	350	388
.PEN_UP
.PEN_DOWN
	381	401
	381	402
	381	403
	380	404
	379	404
	378	404
	377	404
	376	404
	375	404
	374	403
	373	403
	373	402
	372	401
	373	400
	374	399
	375	399
	375	398
	376	397
	377	396
	377	395
	378	394
	378	393
	378	392
	378	391
	379	390
	379	389
	379	387
	379	386
	379	385
	379	384
	378	384
	378	383
	377	383
	376	383
	375	383
	373	384
	373	385
	372	386
	372	387
.PEN_UP
.PEN_DOWN
	432	397
	431	397
	429	396
	428	396
	427	396
	426	395
	425	394
	424	393
	424	392
	424	391
	424	390
	424	389
	424	388
	425	387
	427	385
	428	385
	429	384
	430	384
	432	384
	433	384
	434	384
	435	384
	436	385
	437	385
	437	386
	438	387
	438	389
	438	390
	438	391
	437	392
	437	394
	436	395
	436	396
	435	396
	435	397
	434	397
.PEN_UP
.PEN_DOWN
	456	403
	456	404
	456	405
	455	405
	454	405
	454	404
	453	403
	453	402
	453	401
	452	400
	452	399
	452	398
	452	397
	452	396
	452	395
	452	394
	452	392
	452	390
	453	389
	453	388
	453	387
	453	385
	453	384
	453	382
	453	381
	453	379
	453	378
	453	376
	453	374
	453	371
	453	369
	453	367
	453	365
	453	364
	453	363
	453	361
	452	360
	452	359
	452	358
	452	357
	451	356
	450	356
.PEN_UP
.PEN_DOWN
	446	387
	447	387
	447	388
	448	388
	449	389
	450	390
	451	390
	452	391
	454	391
	456	392
	458	392
	459	392
	460	392
	461	392
.PEN_UP
.PEN_DOWN
	498	414
	499	414
	499	413
	499	412
	499	411
	499	409
	498	407
	498	405
	498	404
	498	400
	498	398
	498	396
	497	393
	497	391
	497	389
	497	387
	497	386
	497	384
	497	383
	496	382
	496	381
	496	380
	496	381
	496	382
	496	383
	496	385
	496	386
	496	387
	497	391
	497	393
	498	394
	498	396
	499	396
	500	397
	501	398
	501	399
	502	399
	503	399
	504	399
	505	399
	507	399
	508	399
	508	398
	509	397
	510	396
	510	394
	510	393
	510	392
	510	391
	510	389
	510	388
	509	386
	509	385
	508	384
	507	383
	507	382
	506	382
	504	381
	503	381
	502	381
	501	381
	500	381
	498	381
	497	381
	496	381
	496	382
.PEN_UP
.PEN_DOWN
	519	384
	519	385
	520	385
	521	386
	522	386
	523	387
	524	387
	525	388
	526	389
	527	389
	528	390
	529	390
	529	391
	530	392
	530	393
	530	394
	530	395
	529	395
	529	396
	528	396
	527	397
	526	398
	525	398
	524	398
	524	397
	523	397
	522	396
	521	396
	521	395
	520	394
	519	393
	519	392
	518	391
	518	390
	517	389
	517	387
	517	385
	517	384
	518	383
	518	382
	519	381
	520	381
	521	380
	522	379
	524	378
	525	378
	526	377
	527	376
.PEN_UP
.PEN_DOWN
	551	396
	551	397
	550	397
	549	397
	548	398
	546	398
	545	398
	544	398
	543	397
	542	397
	541	396
	541	395
	541	394
	541	393
	542	392
	543	392
	544	391
	545	390
	546	389
	547	388
	548	387
	548	386
	549	385
	550	384
	550	383
	550	382
	550	381
	549	379
	548	378
	547	378
	546	377
	544	376
	543	376
	542	376
	541	376
	540	376
.PEN_UP
.PEN_DOWN
	570	414
	570	413
	569	412
	569	411
	568	409
	568	407
	567	406
	567	405
	567	403
	566	401
	566	400
	566	398
	566	396
	566	395
	566	393
	566	391
	566	389
	566	388
	566	387
	566	386
	566	385
	566	384
	566	383
	566	382
	567	382
	568	382
	569	382
	570	382
	572	382
	573	382
	574	382
	575	382
.PEN_UP
.PEN_DOWN
	562	396
	562	397
	563	397
	564	397
	565	397
	566	397
	568	397
	570	397
.PEN_UP
.PEN_DOWN
	621	389
	621	390
	621	391
	622	392
	623	393
	624	395
	625	396
	626	397
	627	398
	628	399
	629	400
	630	400
	630	399
	630	398
	630	397
	629	396
	629	395
	629	393
	628	391
	628	388
	628	386
	628	384
	628	382
	627	380
	627	378
	627	376
	627	373
	627	370
	627	368
	627	366
	627	364
	627	360
	627	358
	626	357
	626	356
	626	355
	626	354
	625	354
	624	355
	623	355
	623	356
	622	356
	621	356
	621	357
	620	357
	619	357
	619	358
	617	358
	616	358
	615	359
	614	359
	614	360
	614	361
	614	362
	614	363
.PEN_UP
.PEN_DOWN
	631	413
	632	412
	632	411
	632	412
	632	414
	632	415
	633	415
	633	416
	633	417
	633	418
	634	418
	635	417
	636	417
.PEN_UP
.PEN_DOWN
	645	399
	646	399
	646	400
	647	400
	648	401
	650	401
	651	401
	652	401
	653	400
	654	400
	655	399
	655	398
	655	397
	655	396
	655	395
	654	394
	654	393
	653	392
	653	391
	652	390
	652	389
	651	388
	651	387
	651	388
	651	389
	650	389
	648	389
	647	388
	646	388
	645	387
	644	387
	644	386
	644	385
	643	384
	643	383
	643	381
	644	380
	645	379
	646	379
	647	379
	648	379
	649	379
	650	380
	650	381
	651	382
	652	383
	652	384
	653	385
	653	386
	653	387
	653	388
	653	389
	653	390
	653	391
.PEN_UP
.PEN_DOWN
	670	393
	670	394
	671	395
	671	396
	671	397
	672	397
	673	397
	674	398
	675	398
	676	398
	677	398
	678	398
	678	397
	678	396
	677	396
	677	395
	676	394
	676	393
	676	392
	676	391
	675	391
	674	389
	674	387
	674	385
	674	384
	674	383
	674	382
	674	380
	674	379
	675	378
	676	376
	677	375
	678	375
	679	375
	680	375
	681	376
	682	377
	682	378
	683	378
	684	380
	685	381
	685	382
	686	384
	686	385
	687	387
	687	388
	687	390
	687	391
	687	392
	687	393
	686	394
	686	395
	687	395
	688	395
	689	395
	691	394
	692	394
	694	394
	697	393
	698	393
.PEN_UP
.PEN_DOWN
	709	398
	710	399
	710	400
	710	401
	711	401
	712	401
	712	402
	713	402
	714	402
	716	401
	717	401
	717	400
	717	399
	717	398
	717	397
	717	396
	717	394
	717	393
	717	392
	717	391
	717	390
	717	388
	717	387
	717	386
	717	385
	717	384
	718	384
	718	385
	718	386
	718	387
	718	388
	718	389
	717	389
	716	390
	715	390
	715	391
	714	391
	713	391
	712	391
	712	390
	710	390
	710	389
	709	389
	708	388
	707	387
	706	386
	706	385
	705	384
	705	383
	705	382
	705	381
	706	380
	706	379
	707	378
	708	378
	710	377
	711	377
	712	377
	713	377
	714	377
	715	378
	716	379
	717	380
	717	381
	717	382
	717	383
.PEN_UP
