
.WRITER_ID ArloReeves
.STYLE PRINTED
.PEN_DOWN
	99	422
	100	422
	99	421
	99	420
	99	419
	98	418
	98	417
	98	415
	97	414
	97	410
	97	408
	97	406
	97	405
	97	403
	97	401
	97	400
	97	399
	97	397
	97	396
	97	394
	97	393
	97	392
	97	391
	98	391
	99	391
	100	391
	101	391
	102	391
	103	391
	104	392
	105	392
	106	392
	107	392
	108	393
.PEN_UP
.PEN_DOWN
	89	404
	90	404
	90	405
	91	405
	92	405
	93	406
	94	406
	97	407
	98	407
	100	407
	102	408
	103	408
	104	408
.PEN_UP
.PEN_DOWN
	117	410
	117	411
	116	411
	115	411
	114	410
	114	409
	113	409
	113	408
	112	407
	111	405
	111	403
	111	402
	111	401
	111	400
	112	398
	112	397
	113	396
	114	395
	115	394
	116	394
	118	394
	119	394
	120	395
	121	395
	122	396
	123	397
	123	398
	124	399
	124	400
	124	401
	124	403
	123	404
	123	405
	122	406
	122	407
	121	407
.PEN_UP
.PEN_DOWN
	153	408
	153	409
	153	410
	153	411
	152	411
	151	411
	150	410
	149	410
	149	409
	148	408
	147	407
	147	405
	146	404
	146	403
	146	402
	146	400
	146	399
	146	398
	147	397
	148	397
	149	396
	150	396
	151	396
	152	396
	153	397
	154	397
	155	398
	155	399
	156	400
	156	401
	156	403
	156	404
	156	405
	156	406
	155	407
	155	408
	155	409
	154	411
	154	412
.PEN_UP
.PEN_DOWN
	168	413
	168	412
	168	411
	168	410
	168	408
	168	406
	168	405
	169	404
	169	402
	169	401
	169	400
	170	398
	170	397
	170	396
	171	394
	171	393
	171	391
	171	390
	171	389
	171	388
	172	388
.PEN_UP
.PEN_DOWN
	164	414
	165	414
	166	415
	167	415
	168	416
	169	416
	170	416
	173	416
	175	416
	176	415
	177	415
	178	414
	178	413
	179	412
	179	411
	179	410
	179	409
	178	408
	177	406
	176	406
	175	405
	173	404
	172	403
	171	403
	170	403
.PEN_UP
.PEN_DOWN
	182	405
	183	405
	183	406
	184	406
	185	406
	186	407
	187	407
	188	408
	190	409
	191	409
	192	409
	192	410
	193	410
	193	411
	194	412
	194	413
	193	414
	192	414
	191	415
	190	415
	189	415
	188	416
	187	416
	186	415
	185	415
	185	414
	184	414
	183	414
	183	413
	182	413
	182	412
	181	411
	181	410
	181	409
	181	408
	181	406
	181	405
	181	404
	181	403
	182	402
	183	401
	184	399
	186	398
	187	398
	188	397
	190	397
	192	397
	193	397
	194	397
	195	397
	197	397
.PEN_UP
.PEN_DOWN
	201	416
	202	416
	202	415
	202	414
	203	414
	203	413
	203	412
	203	411
	203	410
	203	409
	203	408
	203	407
	204	405
	204	404
	204	403
	205	401
	205	400
	206	400
	206	399
	206	400
	206	401
	206	402
	206	403
	207	404
	207	405
	208	407
	208	408
	209	409
	209	410
	210	411
	210	412
	211	413
	212	414
	212	415
	213	416
	214	417
	215	418
	216	418
	217	418
	218	418
	218	417
	219	417
.PEN_UP
.PEN_DOWN
	220	416
	220	417
	221	417
	222	417
	223	417
	224	417
	225	418
	226	418
	227	418
	228	417
	229	416
	229	415
	229	414
	229	412
	229	411
	229	410
	229	409
	228	409
	228	408
	227	407
	226	407
	225	406
	224	406
	224	405
	223	405
	222	404
	222	403
	222	402
	222	401
	223	401
	224	400
	225	400
	226	400
	227	400
	228	400
	228	401
	229	401
	231	402
	231	403
	231	404
	231	405
	231	406
	230	407
	229	408
	229	409
	228	410
.PEN_UP
.PEN_DOWN
	242	431
	242	430
	242	429
	242	428
	242	427
	242	424
	242	423
	242	422
	242	420
	242	418
	242	417
	243	415
	243	414
	243	413
	243	411
	243	410
	243	409
	244	407
	244	406
	244	405
	244	404
	245	404
	246	404
	247	404
	248	405
	249	405
	250	405
	251	405
	252	405
	253	405
	254	405
	255	405
	256	405
.PEN_UP
.PEN_DOWN
	238	417
	239	417
	240	417
	241	417
	242	418
	243	418
	245	418
	246	418
	247	418
	248	418
	249	418
	250	418
	252	418
.PEN_UP
.PEN_DOWN
	260	413
	260	414
	261	414
	262	414
	263	415
	265	415
	266	415
	267	415
	268	415
	269	416
	270	416
	271	416
	272	416
	273	416
	273	417
	272	417
	272	418
	271	418
	270	418
	269	418
	268	418
	268	419
	267	419
	266	419
	266	418
	265	418
	264	418
	263	418
	262	417
	261	417
	261	416
	260	415
	260	414
	259	413
	259	412
	259	411
	259	410
	259	409
	260	408
	261	407
	261	406
	263	405
	264	405
	266	405
	269	404
	271	403
.PEN_UP
.PEN_DOWN
	317	440
	317	441
	316	440
	316	439
	316	438
	316	437
	315	436
	315	434
	315	432
	314	431
	314	429
	314	427
	314	423
	314	422
	314	420
	315	418
	315	417
	315	416
	316	414
	316	413
	316	412
	316	411
	316	410
	316	409
	317	409
	318	409
	319	409
	320	409
	321	410
	322	410
	323	410
	324	410
	325	410
	326	411
	327	411
	328	411
	329	411
.PEN_UP
.PEN_DOWN
	312	423
	313	423
	314	424
	316	424
	317	425
	318	425
	319	425
	321	425
.PEN_UP
.PEN_DOWN
	328	442
	328	441
	329	441
	329	440
	329	439
	329	438
	329	437
	329	436
	330	433
	330	432
	330	430
	330	429
	330	427
	330	426
	330	424
	330	422
	330	420
	330	418
	330	417
	331	414
	331	413
	331	412
	332	411
	332	410
	332	409
	333	410
	334	410
	334	411
	334	412
	334	413
	335	414
	335	416
	335	417
	335	418
	335	419
	336	420
	336	421
	336	422
	337	423
	337	424
	338	425
	339	426
	340	426
	341	427
	342	427
	343	427
	343	426
	343	425
	343	424
	343	423
	342	422
	342	421
	342	420
	343	419
	343	418
	343	417
	344	416
	344	415
	344	414
	345	413
	345	412
	346	411
	347	411
	348	411
	349	411
	350	411
.PEN_UP
.PEN_DOWN
	351	421
	350	421
	351	421
	351	422
	352	422
	353	423
	355	423
	356	423
	357	423
	359	424
	362	424
	363	425
	364	425
	365	426
	365	427
	364	428
	363	429
	363	430
	362	430
	362	431
	361	432
	360	431
	359	431
	359	430
	358	430
	357	429
	356	428
	355	428
	354	426
	353	425
	353	424
	352	423
	352	422
	352	420
	352	419
	352	418
	352	417
	352	416
	353	415
	355	414
	357	413
	358	412
	359	412
	361	412
	362	412
.PEN_UP
.PEN_DOWN
	405	445
	405	446
	406	446
	406	445
	406	444
	406	442
	406	441
	406	440
	406	438
	406	437
	406	435
	406	433
	406	432
	406	430
	406	428
	406	427
	406	424
	406	423
	407	421
	407	420
	407	419
	407	418
	407	417
	407	418
	407	419
	407	420
	407	421
	407	422
	408	423
	408	424
	408	425
	409	427
	409	428
	410	428
	411	429
	411	430
	412	430
	413	431
	414	431
	415	431
	417	431
	418	430
	419	429
	420	428
	420	427
	420	426
	419	425
	419	424
	418	423
	417	422
	416	422
	415	421
	414	421
	413	420
	412	420
	411	420
	410	420
.PEN_UP
.PEN_DOWN
	429	427
	429	428
	428	428
	427	428
	426	428
	425	427
	425	426
	424	424
	424	423
	424	422
	424	421
	424	420
	425	419
	425	418
	426	418
	426	417
	427	416
	428	416
	429	416
	430	416
	430	417
	430	418
	431	418
	431	419
	431	421
	431	422
	431	423
	431	424
	430	426
	430	427
	430	428
.PEN_UP
.PEN_DOWN
	440	433
	440	432
	441	432
	441	431
	442	430
	442	429
	442	428
	443	428
	443	426
	444	425
	444	424
	446	422
	446	421
	446	420
	446	419
	447	418
	447	417
	447	416
	448	416
	448	415
	448	414
.PEN_UP
.PEN_DOWN
	448	432
	448	431
	447	430
	446	429
	445	428
	444	427
	443	426
	443	425
	442	423
	441	423
	441	421
	441	420
	440	418
	440	417
	440	416
	440	415
.PEN_UP
.PEN_DOWN
	462	418
	462	419
	461	419
	461	420
	462	420
	462	419
	463	419
.PEN_UP
.PEN_DOWN
	517	441
	517	442
	517	441
	517	440
	517	439
	517	438
	517	436
	517	435
	517	433
	517	431
	517	430
	517	428
	517	426
	517	424
	517	423
	517	420
	518	418
	518	417
	518	416
	518	415
	518	414
	519	414
.PEN_UP
.PEN_DOWN
	507	440
	508	440
	509	440
	510	441
	511	441
	512	441
	513	442
	516	443
	519	443
	521	444
	523	444
	525	444
	527	444
	529	444
	531	444
.PEN_UP
.PEN_DOWN
	527	429
	526	429
	526	428
	526	427
	526	426
	526	425
	526	424
	527	423
	527	422
	527	421
	527	420
	528	419
	528	418
	529	417
	529	416
	529	415
	530	415
	530	416
	531	417
	531	418
	531	419
	531	420
	532	421
	532	422
	532	423
	532	424
	533	425
	533	426
	534	427
	534	428
	535	428
	536	427
	536	426
	536	425
	536	424
	536	423
	536	422
	537	422
	537	420
	538	419
	538	418
	539	417
	540	416
	541	416
	542	416
	542	417
	542	418
	543	418
	543	419
	543	420
	544	421
	544	422
	544	423
	545	425
	545	426
	546	428
	546	429
	547	429
	547	430
	547	431
.PEN_UP
.PEN_DOWN
	555	429
	555	430
	554	430
	553	429
	552	429
	552	428
	551	427
	550	426
	549	424
	549	423
	549	422
	549	421
	549	420
	550	419
	550	418
	551	417
	552	417
	553	417
	554	417
	555	417
	555	418
	556	418
	556	419
	556	420
	556	421
	556	422
	556	423
	556	424
	556	425
	556	426
	556	428
	556	429
.PEN_UP
.PEN_DOWN
	575	437
	574	437
	573	437
	572	437
	572	436
	571	435
	571	434
	570	433
	570	432
	570	431
	570	430
	570	429
	570	428
	569	427
	569	426
	569	425
	569	423
	569	422
	569	419
	569	418
	569	416
	569	415
	570	413
	570	411
	570	409
	570	408
	570	406
	570	405
	570	403
	570	401
	570	400
	569	399
	569	398
	569	397
	568	397
	567	397
.PEN_UP
.PEN_DOWN
	563	422
	564	422
	565	422
	566	422
	567	422
	567	423
	569	423
	570	423
	571	423
	573	423
.PEN_UP
.PEN_DOWN
	585	446
	585	445
	585	444
	584	443
	584	442
	584	441
	584	439
	584	437
	584	436
	584	434
	584	433
	583	430
	583	428
	583	427
	583	425
	583	424
	583	422
	583	421
	583	419
	583	418
	583	417
	583	416
	583	415
.PEN_UP
.PEN_DOWN
	595	431
	594	431
	593	430
	592	430
	592	429
	591	428
	591	427
	591	426
	591	425
	591	424
	592	423
	592	422
	593	421
	594	421
	594	420
	596	420
	597	420
	598	420
	598	421
	598	422
	598	423
	598	424
	598	425
	597	427
	596	429
	596	430
	596	431
	596	432
	596	433
.PEN_UP
.PEN_DOWN
	604	432
	605	431
	605	430
	605	429
	606	428
	606	427
	606	425
	607	424
	607	423
	607	422
	608	421
	608	420
	609	419
	609	418
	610	418
	611	418
	611	419
	611	420
	612	421
	612	422
	612	423
	612	424
	612	425
	613	426
	614	427
	614	428
	615	429
	615	430
	615	431
	615	430
	615	429
	615	428
	615	427
	615	426
	615	425
	616	424
	616	423
	616	422
	616	421
	617	420
	617	419
	617	418
	618	418
	619	418
	620	419
	620	420
	621	421
	621	422
	621	423
	621	424
	622	425
	623	428
	623	429
	624	431
	625	432
	626	434
	627	435
	628	436
	628	437
.PEN_UP
.PEN_DOWN
	630	427
	631	428
	632	428
	633	429
	634	430
	635	431
	635	432
	636	432
	636	433
	636	434
	636	435
	635	435
	634	435
	633	435
	632	435
	631	435
	631	434
	630	434
	630	433
	629	433
	629	432
	628	432
	628	431
	628	429
	628	428
	628	427
	628	426
	628	425
	629	424
	629	423
	630	422
	630	421
	631	420
	631	419
	633	419
	633	418
	634	418
	635	418
	636	418
.PEN_UP
.PEN_DOWN
	643	433
	643	432
	643	431
	643	430
	643	429
	643	428
	643	427
	643	426
	643	425
	643	424
	643	423
	643	421
	643	420
	643	419
	644	418
	644	419
	644	420
	644	421
	644	422
	644	423
	644	424
	644	425
	645	426
	645	427
	645	428
	646	429
	647	430
	647	431
	648	431
	649	431
	650	432
	651	432
	652	432
	654	432
	655	432
.PEN_UP
