
.WRITER_ID ArloReeves
.STYLE PRINTED
.PEN_DOWN
	95	391
	96	392
	96	393
	96	394
	96	395
	95	395
	95	396
	94	396
	93	396
	93	395
	92	395
	91	394
	90	394
	90	393
	89	393
	89	392
	88	391
	87	390
	87	389
	86	387
	85	387
	85	385
	84	384
	84	381
	84	380
	84	378
	84	377
	84	376
	84	374
	84	373
	85	372
	85	371
	85	370
	86	369
	87	368
	88	367
	89	367
	89	366
	90	365
	91	365
	92	365
	93	366
	94	367
	96	368
	96	369
	97	370
	98	372
	100	373
	100	375
	101	376
	102	378
	102	379
	102	380
	103	381
	103	382
	103	384
	102	384
	102	386
	102	387
	101	387
	100	387
	99	388
	98	389
	98	390
	99	390
	100	391
	101	391
	102	391
	103	391
	104	391
	106	392
	107	392
	109	392
.PEN_UP
.PEN_DOWN
	114	388
	114	389
	114	390
	114	391
	115	392
	116	392
	117	393
	118	393
	118	394
	119	394
	120	394
	120	393
	121	393
	122	393
	122	392
	123	392
	123	391
	123	390
	123	389
	123	388
	123	387
	123	386
	123	384
	123	382
	122	381
	122	379
	122	378
	122	377
	122	375
	122	374
	122	372
	122	371
	122	370
	122	369
	122	367
	123	366
	124	366
	125	367
	126	367
	127	368
	128	369
	129	372
	130	373
	131	374
	131	375
	132	377
	133	378
	134	379
	134	380
	134	381
	134	382
	134	383
	134	384
	133	384
	133	385
	133	386
	132	387
	132	388
	131	388
	131	389
	132	389
	133	388
	134	388
	136	388
	137	388
	138	388
	139	388
	141	389
	142	389
	143	389
	144	390
	145	390
	146	390
	147	391
.PEN_UP
.PEN_DOWN
	144	371
	145	371
	145	372
	146	372
	147	373
	148	373
	149	374
	151	375
	152	375
	154	377
	155	378
	157	378
	158	379
	159	380
	160	380
	160	381
	161	381
	161	382
	161	383
	161	384
	161	385
	161	386
	160	386
	159	386
	158	386
	158	387
	157	387
	156	386
	155	386
	154	386
	154	385
	153	385
	153	384
	152	384
	152	383
	151	382
	151	381
	151	380
	150	379
	150	378
	149	378
	149	377
	149	376
	149	375
	149	374
	149	372
	149	371
	149	369
	149	368
	150	367
	150	366
	151	365
	152	365
	153	365
	154	365
	156	365
	159	366
	160	366
	162	367
	163	367
	164	368
.PEN_UP
.PEN_DOWN
	172	387
	172	388
	173	389
	174	389
	174	390
	175	390
	175	391
	175	390
	175	389
	175	388
	174	387
	174	386
	174	385
	174	384
	174	383
	174	382
	174	381
	174	379
	174	378
	174	375
	174	373
	174	372
	174	370
	174	369
	174	368
	174	367
	174	366
	174	365
	174	364
	174	365
	174	366
	174	367
	175	368
	175	369
	175	370
	176	371
	176	373
	176	374
	177	376
	177	377
	178	380
	179	381
	179	382
	180	383
	181	385
	181	386
	182	386
	183	387
	184	388
	185	389
	186	389
	187	390
	188	391
	189	391
	190	391
	191	391
	192	392
	193	392
	194	392
	195	392
	196	392
	197	392
.PEN_UP
.PEN_DOWN
	244	421
	244	420
	244	419
	244	417
	244	416
	244	414
	244	412
	244	410
	244	407
	243	405
	243	402
	243	400
	243	397
	243	395
	243	393
	243	389
	243	387
	243	386
	243	385
	243	384
	243	383
	243	382
	243	381
	243	380
	243	379
	243	378
	244	378
	245	378
	246	378
	247	378
	249	379
	250	380
	251	380
	252	381
	253	381
	254	382
	255	383
	256	384
.PEN_UP
.PEN_DOWN
	237	398
	238	398
	239	398
	239	399
	240	399
	241	399
	243	400
	244	401
	246	402
	247	403
	248	404
.PEN_UP
.PEN_DOWN
	276	425
	276	426
	276	427
	276	426
	276	424
	276	422
	275	420
	275	418
	275	416
	275	413
	275	410
	275	407
	275	400
	275	397
	275	394
	275	391
	275	389
	275	387
	275	385
	275	383
	275	382
	275	381
	275	380
	275	379
	275	380
	276	380
	276	381
	276	382
	276	383
	276	384
	276	385
	277	386
	277	387
	277	389
	277	390
	277	391
	277	392
	278	393
	278	394
	279	395
	279	396
	280	397
	281	398
	281	400
	282	401
	284	403
	285	404
	286	405
	287	405
	287	406
	288	407
	289	407
	290	407
	290	406
	290	405
	290	404
	290	403
	290	401
	290	400
	289	398
	289	397
	289	395
	289	394
	288	392
	288	389
	288	388
	289	387
	289	386
	289	385
	289	384
	290	383
	291	383
	292	382
	293	382
	294	382
	296	383
	297	384
	298	384
	299	385
	300	385
	301	386
	302	387
	303	387
	304	388
.PEN_UP
.PEN_DOWN
	304	385
	304	386
	305	386
	306	387
	307	388
	308	388
	310	389
	311	390
	312	391
	313	392
	315	393
	316	394
	317	395
	318	395
	319	396
	320	396
	320	397
	321	398
	321	399
	321	400
	320	400
	320	401
	319	401
	319	402
	318	402
	317	402
	316	402
	315	401
	314	400
	313	400
	313	399
	312	399
	312	398
	311	398
	311	397
	310	397
	310	396
	309	395
	308	394
	308	393
	307	392
	306	391
	306	390
	305	389
	305	388
	305	387
	305	386
	305	385
	306	383
	307	382
	307	381
	308	380
	309	380
	310	379
	311	379
	313	379
	314	379
	316	379
	317	380
	319	380
	322	382
	323	382
	324	383
.PEN_UP
.PEN_DOWN
	364	423
	364	424
	364	423
	364	422
	364	421
	363	420
	363	418
	363	417
	363	414
	363	412
	363	410
	363	408
	363	406
	363	404
	363	402
	363	400
	363	398
	363	396
	363	394
	364	393
	364	390
	364	388
	365	387
	365	386
	365	385
	365	384
	366	383
	366	382
	367	382
	367	381
	368	380
	369	379
	370	379
	371	379
	372	379
	373	380
	374	380
	375	382
	377	382
	378	383
	379	384
	380	385
	381	385
	382	386
.PEN_UP
.PEN_DOWN
	381	403
	382	404
	383	405
	383	406
	384	406
	385	407
	386	407
	387	408
	388	408
	389	408
	390	408
	391	408
	391	407
	392	407
	392	406
	392	405
	392	403
	392	401
	392	400
	392	399
	392	398
	392	397
	392	396
	392	395
	392	394
	392	393
	393	392
	393	391
	393	392
	392	392
	391	393
	390	394
	389	394
	388	394
	387	394
	386	394
	386	393
	385	392
	384	391
	384	390
	383	388
	383	387
	382	386
	382	385
	382	384
	382	383
	382	382
	382	381
	382	380
	383	379
	384	378
	385	378
	387	378
	388	378
	389	379
	390	379
	391	380
	393	381
	394	382
	394	383
	395	384
	396	385
	396	387
	396	389
	396	390
	396	391
	396	392
	395	393
	394	394
	394	395
	393	395
	393	396
.PEN_UP
.PEN_DOWN
	407	400
	406	400
	406	401
	407	401
	408	401
	409	402
	411	402
	411	403
	413	403
	414	404
	415	404
	417	404
	418	404
	419	404
	419	403
	419	402
	418	400
	418	399
	418	398
	418	397
	417	396
	417	395
	417	394
	416	393
	416	392
	416	391
	415	389
	415	388
	414	387
	414	386
	414	384
	414	383
	414	382
	414	381
	413	380
	413	379
	413	378
	414	378
	415	378
	416	379
	417	379
	418	379
	419	380
	420	380
	421	380
	422	380
	423	380
	424	380
	425	381
	426	381
	427	381
	427	382
.PEN_UP
.PEN_DOWN
	411	392
	411	391
	410	391
	410	392
	411	392
	412	393
	413	393
	414	393
	415	394
	416	394
	417	394
	418	395
.PEN_UP
.PEN_DOWN
	425	396
	427	397
	428	398
	429	399
	430	399
	430	400
	431	400
	431	401
	432	401
	433	402
	435	403
	436	404
	437	404
	437	403
	436	402
	436	401
	436	400
	436	399
	436	398
	436	397
	435	396
	435	394
	435	393
	435	392
	435	391
	435	390
	435	389
	435	388
	435	387
	436	387
	436	386
	437	385
	438	385
	439	385
	439	386
	440	386
	440	387
	441	388
	442	389
	442	390
	443	391
	444	392
	444	393
	445	394
	445	395
	446	396
	446	397
	447	398
	447	400
	447	401
	447	402
	447	403
	448	403
	448	404
	449	405
	449	404
	449	403
	449	402
	449	400
	449	398
	449	397
	449	396
	449	394
	449	392
	449	391
	449	389
	449	387
	449	384
	449	382
	449	380
	449	375
	449	373
	449	370
	449	368
	449	366
	450	364
	450	362
	450	360
	450	359
	450	357
	450	356
	451	355
	451	354
	451	353
	450	353
	449	353
	447	353
	445	354
	444	354
	443	355
	442	355
	441	356
	441	357
.PEN_UP
.PEN_DOWN
	486	427
	487	428
	487	429
	487	428
	487	427
	487	426
	487	425
	487	423
	487	422
	487	420
	488	418
	489	416
	489	414
	489	409
	490	406
	490	403
	490	400
	490	397
	491	395
	491	392
	491	390
	492	388
	492	386
	492	384
	492	383
	492	381
	493	380
	493	379
	493	380
	492	380
	492	381
	492	382
	492	383
	492	384
	491	386
	491	387
	491	388
	491	389
	491	390
	491	391
	491	392
	491	393
	491	394
	492	395
	492	396
	493	396
	494	398
	495	399
	496	399
	497	400
	498	400
	499	400
	500	400
	501	400
	502	400
	503	400
	504	399
	505	398
	505	397
	506	397
	506	396
	507	395
	507	394
	507	393
	507	392
	507	391
	507	390
	507	388
	506	387
	506	386
	505	385
	504	384
	504	383
	503	383
	503	382
	502	382
	501	381
	499	381
	498	380
	497	380
	496	380
	495	380
.PEN_UP
.PEN_DOWN
	523	420
	523	419
	523	417
	523	416
	523	414
	523	412
	523	410
	524	408
	524	404
	524	402
	525	401
	525	399
	525	397
	525	396
	525	394
	525	393
	525	391
	525	390
	524	389
	524	386
	523	385
	523	383
	523	382
	523	381
	523	380
	523	379
	523	378
	524	377
	524	376
	525	376
	526	377
	527	377
	528	378
	529	378
	530	378
	531	379
	532	379
	533	380
	534	380
.PEN_UP
.PEN_DOWN
	560	401
	560	402
	560	403
	559	404
	558	404
	557	403
	556	403
	555	402
	554	401
	554	400
	552	399
	550	397
	550	396
	549	395
	549	394
	548	393
	548	392
	548	391
	548	390
	548	389
	548	388
	548	387
	549	386
	550	385
	550	384
	551	383
	551	382
	552	382
	553	382
	554	382
	556	384
	556	385
	557	386
	558	387
	558	388
	558	390
	559	391
	559	392
	559	393
	560	394
	560	395
	560	396
	561	397
	562	397
	561	396
	561	395
	561	394
	561	392
	561	391
	561	389
	561	388
	562	387
	563	386
	563	385
	564	385
	567	383
	568	383
	569	383
	571	383
	572	383
	573	383
.PEN_UP
.PEN_DOWN
	601	399
	601	400
	601	401
	600	401
	600	402
	599	402
	599	403
	598	403
	598	404
	597	404
	596	404
	594	404
	594	403
	593	403
	592	402
	592	401
	591	401
	590	400
	589	399
	588	398
	588	397
	587	396
	586	395
	586	392
	586	391
	586	390
	586	388
	586	387
	587	386
	587	385
	588	384
	589	383
	590	383
	591	382
	592	382
	594	381
	596	381
	597	381
	598	381
	599	381
.PEN_UP
.PEN_DOWN
	623	426
	623	425
	623	423
	623	422
	623	421
	623	419
	623	418
	623	415
	623	413
	623	411
	623	405
	623	403
	623	401
	623	398
	623	396
	623	394
	623	391
	623	389
	623	387
	623	386
	623	384
	623	383
	623	381
	622	380
	622	379
	622	378
	621	378
	621	379
	621	381
	621	382
	621	383
	621	384
	622	386
	622	387
	622	388
	622	390
	623	391
	623	392
	624	395
	624	396
	625	397
	626	397
	626	398
	627	399
	628	399
	628	400
	629	400
	630	401
	631	401
	632	402
	634	402
	635	402
	636	402
	637	402
	638	401
	639	401
	639	400
	640	400
	640	399
	639	398
	639	397
	638	396
	637	396
	636	395
	635	395
	634	394
	633	394
	632	394
	632	393
	631	393
	630	393
	630	392
	629	392
	629	391
	630	390
	630	389
	630	388
	630	387
	631	387
	631	385
	632	385
	632	384
	633	383
	634	381
	635	380
	636	380
	637	379
	638	378
	639	378
	640	378
	641	378
.PEN_UP
.PEN_DOWN
	688	393
	689	394
	689	395
	689	396
	688	397
	687	398
	687	399
	686	399
	685	400
	684	400
	683	400
	682	399
	681	399
	681	398
	679	398
	679	397
	678	396
	677	396
	676	394
	676	393
	675	392
	675	391
	675	390
	675	389
	675	388
	675	387
	675	386
	675	385
	675	384
	675	383
	676	382
	676	381
	677	381
	677	380
	678	380
	679	380
	680	381
	681	381
	682	382
	683	383
	684	384
	685	385
	685	387
	686	387
	687	388
	688	389
	688	391
	689	391
	689	392
	690	394
	691	396
	693	396
	693	397
	694	398
	694	399
	695	400
	695	401
	696	402
	696	403
	697	404
	697	405
	698	407
	698	408
	699	409
	699	411
	699	412
	699	413
	699	414
	699	415
	699	416
	699	417
	699	418
	699	417
	698	417
	698	416
	697	416
	696	416
	696	415
	696	414
	695	414
	694	412
	694	411
	694	410
	694	409
	693	408
	693	406
	693	404
	693	403
	692	401
	692	399
	692	397
	692	396
	691	392
	690	391
	690	389
	690	387
	689	386
	689	385
	689	384
	689	383
	689	382
	689	381
	689	380
	690	379
	690	378
	691	377
	692	376
	693	376
	693	375
	694	375
	695	375
	696	376
	697	376
	698	377
	699	377
	700	378
	701	378
	701	379
	702	379
.PEN_UP
.PEN_DOWN
	716	393
	716	394
	715	395
	714	395
	713	395
	712	395
	712	394
	711	394
	710	394
	710	393
	709	393
	708	392
	708	391
	707	391
	706	390
	706	389
	706	388
	706	387
	706	386
	706	385
	706	384
	707	383
	707	382
	708	382
	709	381
	710	381
	712	380
	713	380
	715	380
	716	380
	717	380
	718	380
	719	380
	720	381
	721	381
	722	382
	722	383
	722	384
	722	386
	722	387
	722	388
	722	389
	721	390
	721	391
	721	392
	720	392
	720	393
	719	393
.PEN_UP
.PEN_DOWN
	746	393
	746	394
	746	395
	746	396
	745	396
	744	397
	743	397
	742	397
	741	397
	740	396
	739	396
	738	395
	738	394
	737	393
	735	391
	735	390
	734	389
	734	388
	734	387
	734	386
	735	385
	735	384
	736	384
	736	383
	737	382
	738	382
	739	382
	740	382
	741	383
	742	383
	742	384
	743	384
	743	385
	744	386
	744	387
	745	387
	745	389
	745	390
	745	391
	745	392
	746	392
	746	393
	746	394
	747	394
	747	395
	748	395
	748	394
	748	393
	748	392
	748	391
	748	390
	748	389
	749	388
	749	387
	749	385
	749	383
	749	382
	749	378
	749	376
	749	373
	749	371
	748	369
	748	366
	748	364
	747	361
	747	359
	746	357
	746	356
	745	353
	745	352
	744	352
	744	351
	743	351
	743	350
	742	350
	741	350
	740	350
	739	350
	738	350
	737	351
	736	351
	735	351
	734	351
	734	352
	733	352
	733	353
	732	354
	732	355
	733	355
	733	356
	734	356
	735	356
.PEN_UP
