
.WRITER_ID ArloReeves
.STYLE PRINTED
.PEN_DOWN
	99	414
	99	413
	99	412
	99	410
	99	409
	99	407
	99	405
	98	403
	98	400
	98	396
	98	394
	98	391
	98	390
	98	387
	98	386
	98	384
	98	382
	98	381
	98	379
	98	378
	98	377
	98	376
.PEN_UP
.PEN_DOWN
	97	409
	97	410
	98	411
	99	412
	101	413
	102	414
	103	414
	104	414
	105	414
	106	414
	107	414
	107	413
	108	411
	108	410
	108	409
	107	405
	107	404
	106	403
	105	401
	105	400
	104	399
	103	398
	102	398
	102	397
	101	397
	100	396
	99	396
.PEN_UP
.PEN_DOWN
	114	412
	114	413
	115	413
	115	414
	116	414
	118	415
	119	415
	120	415
	120	414
	121	414
	121	413
	121	412
	121	411
	120	410
	120	409
	119	409
	119	408
	119	407
	118	407
	118	406
	118	405
	118	404
	119	404
	119	403
	120	403
	121	404
	122	405
	122	406
	122	407
	121	407
	121	408
	121	409
	120	410
	120	411
	119	411
.PEN_UP
.PEN_DOWN
	136	416
	135	416
	134	416
	133	416
	132	416
	131	415
	130	414
	129	414
	129	413
	129	412
	130	411
	130	410
	131	410
	132	410
	133	409
	134	409
	135	408
	135	407
	136	406
	137	405
	137	404
	137	403
	137	402
	137	401
	136	400
	135	400
	133	399
	132	399
	131	398
	130	398
	129	398
.PEN_UP
.PEN_DOWN
	146	418
	145	418
	145	417
	144	417
	143	417
	142	416
	142	415
	143	415
	143	414
	144	414
	145	413
	146	412
	146	411
	147	409
	147	408
	147	407
	147	406
	147	405
	147	404
	147	403
	147	402
	147	401
	147	400
	146	399
	146	398
	145	398
	145	397
	144	397
	143	397
	142	397
	141	397
	141	398
	141	399
	141	400
.PEN_UP
.PEN_DOWN
	156	408
	157	409
	158	410
	159	410
	159	411
	160	411
	160	412
	161	412
	161	413
	161	414
	160	414
	159	414
	158	414
	157	414
	156	414
	155	413
	155	412
	154	412
	153	411
	153	410
	152	410
	152	409
	152	408
	152	407
	152	406
	152	405
	153	404
	154	403
	154	402
	155	402
	156	401
	158	401
	158	400
	159	400
.PEN_UP
.PEN_DOWN
	177	413
	177	414
	177	415
	177	416
	176	417
	176	418
	175	418
	174	418
	173	418
	172	417
	171	416
	170	416
	170	415
	169	415
	169	414
	168	413
	167	412
	167	411
	167	410
	167	409
	167	408
	167	407
	167	406
	168	406
	169	405
	170	405
	171	405
	171	406
	172	406
	172	407
	173	408
	173	409
	174	410
	175	411
	175	413
	176	414
	177	416
	178	420
	179	422
	180	424
	181	426
	181	427
	182	428
	182	429
	182	430
	182	431
	182	432
	181	431
	181	430
	180	429
	180	428
	179	427
	178	426
	177	423
	177	422
	176	420
	176	418
	176	416
	176	414
	176	412
	176	409
	176	407
	177	406
	177	405
	178	404
	179	403
	180	402
	181	402
	182	402
.PEN_UP
.PEN_DOWN
	218	427
	218	426
	217	425
	216	423
	216	422
	215	420
	215	418
	215	417
	214	415
	214	413
	214	411
	214	409
	214	407
	214	406
	214	405
	214	403
	214	402
	214	401
	214	400
.PEN_UP
.PEN_DOWN
	205	414
	206	414
	207	415
	208	415
	209	415
	210	416
	212	416
	214	416
	215	417
	217	417
	218	417
	220	417
.PEN_UP
.PEN_DOWN
	227	426
	227	425
	227	423
	227	422
	227	421
	227	419
	227	417
	227	415
	227	412
	227	411
	227	409
	227	408
	227	407
	227	406
	227	405
	227	404
	227	403
	226	403
	226	404
	226	405
	227	406
	227	407
	227	408
	227	409
	228	410
	229	411
	229	412
	230	413
	231	413
	231	414
	232	414
	233	414
	234	414
	235	414
	236	414
	236	413
	236	412
	236	411
	236	410
	236	409
	236	408
	236	407
	236	406
	236	404
	235	403
	235	402
	235	401
	235	400
	236	400
.PEN_UP
.PEN_DOWN
	243	419
	243	418
	243	417
	243	416
	243	415
	243	414
	243	412
	243	411
	243	410
	243	409
	243	407
	243	406
	243	405
	244	405
	244	404
	244	403
	244	404
	244	405
	244	406
	244	407
	244	408
	244	409
	245	410
	245	411
	246	412
	246	413
	247	414
	248	414
	248	415
	249	415
	250	415
	250	416
	251	416
	252	416
	253	417
	254	417
.PEN_UP
.PEN_DOWN
	261	417
	262	417
	261	417
	261	416
	260	416
	260	415
	259	414
	258	413
	257	412
	256	410
	256	409
	256	408
	256	406
	256	405
	257	404
	257	403
	258	402
	259	402
	260	402
	261	402
	262	402
	263	402
	264	402
	264	403
	265	404
	265	405
	266	405
	266	406
	266	408
	266	409
	266	410
	266	413
	265	415
	265	416
	264	417
	263	418
.PEN_UP
.PEN_DOWN
	272	417
	272	416
	272	415
	271	415
	271	414
	271	413
	271	412
	272	411
	273	409
	273	408
	273	407
	274	406
	275	405
	276	404
	277	404
	278	404
	279	404
	280	404
	281	405
	282	405
	282	406
	282	407
	283	408
	283	409
	284	409
	284	411
	284	412
	284	413
	284	414
	283	415
	283	416
	283	417
.PEN_UP
.PEN_DOWN
	295	418
	294	418
	294	417
	293	417
	291	416
	290	415
	290	414
	289	414
	289	413
	288	412
	288	411
	288	410
	288	409
	289	409
	290	408
	291	408
	292	408
	293	408
	293	409
	294	409
	295	410
	295	411
	296	412
	296	414
	297	415
	297	416
	297	417
	297	418
	297	417
	297	416
	297	415
	297	414
	297	413
	298	412
	298	410
	298	409
	298	407
	299	406
	299	404
	299	402
	299	400
	299	399
	299	397
	299	396
	299	394
	299	391
	298	390
	297	389
	296	388
	295	388
	293	388
	291	389
	290	389
	289	390
	288	391
	288	392
	287	393
	287	395
	287	396
.PEN_UP
.PEN_DOWN
	308	432
	309	431
	310	431
	310	430
	310	429
	310	428
	310	427
	310	426
	310	424
	310	423
	310	421
	310	420
	310	419
	310	417
	309	415
	309	413
	309	412
	309	411
	309	410
	309	409
	309	408
	309	407
	309	406
	309	407
	310	407
	310	408
	310	409
	311	410
	311	411
	312	412
	312	413
	313	414
	314	415
	314	416
	315	416
	316	417
	316	418
	317	418
	318	418
	318	417
	319	417
	319	416
	319	415
	319	414
	319	413
	319	412
	319	410
	319	409
	320	407
	320	406
	320	405
	320	404
	320	403
	320	402
	320	401
.PEN_UP
.PEN_DOWN
	364	432
	364	430
	364	429
	364	428
	364	427
	364	426
	364	424
	364	423
	363	421
	363	420
	363	418
	363	417
	363	414
	363	413
	363	411
	363	410
	363	409
	362	408
	362	406
	362	405
	362	404
	361	403
.PEN_UP
.PEN_DOWN
	355	420
	356	419
	357	419
	359	419
	360	419
	362	419
	363	420
	365	420
	366	420
	368	420
	369	421
.PEN_UP
.PEN_DOWN
	372	440
	373	440
	373	439
	373	438
	373	437
	372	436
	372	434
	372	433
	371	432
	371	430
	371	428
	371	426
	371	424
	370	422
	370	418
	370	417
	370	415
	370	414
	370	412
	370	411
	370	409
	370	408
	370	407
	370	408
	370	409
	371	410
	371	411
	372	413
	373	415
	373	416
	374	417
	374	418
	375	418
	376	419
	377	420
	378	420
	379	420
	380	419
	380	418
	380	417
	380	416
	380	415
	380	413
	380	412
	380	410
	379	409
	379	408
	379	406
	379	405
	379	404
	379	403
	380	402
.PEN_UP
.PEN_DOWN
	388	412
	388	413
	389	413
	390	414
	391	415
	392	416
	393	417
	394	418
	395	419
	395	420
	395	421
	395	422
	394	422
	392	422
	392	421
	391	421
	390	421
	390	420
	389	419
	388	418
	387	418
	387	417
	386	416
	386	414
	386	413
	386	411
	386	409
	386	408
	387	407
	387	406
	388	405
	389	404
	390	404
	390	403
	391	402
	392	402
	393	402
	394	402
.PEN_UP
.PEN_DOWN
	403	423
	403	422
	403	421
	403	420
	403	419
	402	419
	402	418
	402	417
	402	415
	402	414
	402	413
	402	412
	402	410
	401	409
	401	407
	401	406
	401	405
	401	404
	402	405
	403	406
	403	408
	404	408
	404	409
	404	410
	405	412
	406	413
	406	414
	407	414
	408	416
	409	416
	409	417
	410	417
	411	417
	411	416
	411	415
	411	414
	410	414
	410	413
	410	412
	410	411
	410	410
	410	409
	411	409
	411	408
	412	407
	413	407
	414	408
	415	408
	416	409
	417	409
	417	410
	418	411
	419	412
	420	413
	421	413
	421	414
	422	414
	422	413
	422	412
	422	411
	422	410
	422	407
	422	406
	422	405
	422	403
	423	402
	423	401
.PEN_UP
.PEN_DOWN
	428	434
	428	435
	428	436
	429	437
	430	437
	431	437
	432	437
	434	437
	435	437
	437	437
	438	437
	440	437
	441	436
	442	436
	442	435
	442	434
	442	433
	442	432
	442	431
	441	430
	440	429
	439	428
	438	427
	438	426
	436	424
	435	423
	435	422
.PEN_UP
.PEN_DOWN
	440	408
	440	409
	441	410
.PEN_UP
.PEN_DOWN
	475	431
	474	431
	474	430
	473	430
	473	429
	473	428
	474	428
	476	428
	476	427
	477	427
	478	427
	479	427
	480	426
	481	426
	481	425
	482	424
	482	423
	483	423
	484	421
	485	418
	485	417
	485	416
	485	414
	485	413
	485	412
	485	411
	484	410
	484	409
	483	408
	483	407
	482	407
	481	406
	480	406
	479	406
	478	406
	477	406
	476	406
	474	406
	474	407
	473	407
	473	408
	472	409
.PEN_UP
.PEN_DOWN
	497	419
	498	419
	497	419
	497	418
	496	418
	495	417
	494	416
	494	415
	493	414
	493	413
	493	412
	494	410
	494	409
	495	409
	496	408
	497	408
	498	408
	499	408
	500	408
	501	409
	502	411
	502	412
	502	413
	502	414
	502	415
	501	417
	500	418
	500	419
	499	421
	499	422
.PEN_UP
.PEN_DOWN
	510	422
	510	421
	510	420
	510	419
	510	418
	510	417
	510	416
	510	414
	510	413
	510	411
	510	410
	510	409
	510	408
	510	407
	510	408
	510	409
	510	410
	510	411
	511	413
	511	414
	511	415
	512	416
	513	417
	513	418
	514	418
	514	419
	515	419
	515	420
	516	420
	517	420
	517	421
	518	421
	519	421
	519	420
	519	419
	519	418
	519	417
	519	416
	519	415
	519	414
	519	413
	519	412
	519	411
	519	410
	519	408
	519	407
	520	407
	520	406
	520	407
	520	408
	521	408
	521	409
	521	410
	522	410
	522	411
	522	412
	522	413
	523	414
	524	414
	524	415
	525	416
	525	417
	526	417
	527	417
	527	416
	528	416
	528	415
	528	414
	528	412
	529	411
	529	410
	529	409
.PEN_UP
.PEN_DOWN
	536	415
	537	415
	537	416
	538	417
	539	417
	540	417
	541	418
	542	418
	543	418
	543	419
	543	420
	543	421
	542	422
	541	423
	540	423
	539	423
	538	423
	537	423
	536	423
	536	422
	536	421
	535	421
	535	420
	534	419
	534	418
	534	417
	534	416
	535	415
	535	412
	535	411
	536	409
	537	409
	538	408
	538	407
	539	406
.PEN_UP
.PEN_DOWN
	559	439
	559	438
	559	437
	558	437
	558	436
	558	435
	557	434
	557	432
	557	431
	557	430
	557	428
	557	427
	557	425
	557	423
	557	422
	556	420
	556	419
	556	418
	556	417
	556	416
	556	415
	556	414
	557	414
	558	414
	558	413
	559	413
	560	413
	560	414
	561	414
	562	414
	563	414
	564	414
	564	415
	565	415
	566	415
	567	415
	568	415
.PEN_UP
.PEN_DOWN
	556	426
	557	426
	558	426
	560	427
	561	427
	562	427
	564	427
	565	428
	566	428
.PEN_UP
.PEN_DOWN
	572	443
	572	442
	572	441
	571	439
	571	438
	571	437
	571	435
	570	433
	570	432
	570	430
	570	428
	570	426
	570	425
	570	423
	570	422
	570	420
	570	419
	570	418
	570	417
	570	416
	570	417
	570	418
	570	419
	571	420
	571	421
	571	422
	572	423
	573	424
	573	425
	574	425
	575	426
	576	426
	577	427
	578	427
	579	427
	579	426
	580	425
	580	424
	580	423
	581	423
	581	422
	581	421
	581	420
	581	419
	581	418
	580	417
	580	416
	580	415
	581	414
.PEN_UP
.PEN_DOWN
	589	427
	589	426
	590	426
	590	425
	590	424
	590	423
	590	422
	590	421
	590	420
	590	419
	590	418
	590	417
	589	417
	589	416
	589	415
	589	414
	589	413
	589	412
	590	411
	591	411
	592	412
	593	412
	593	413
	594	413
	594	414
.PEN_UP
.PEN_DOWN
	591	435
	592	435
	592	436
.PEN_UP
.PEN_DOWN
	601	427
	601	426
	601	425
	601	424
	601	422
	601	421
	601	420
	601	419
	601	418
	601	417
	601	416
	601	415
	601	414
	601	413
	602	413
	602	414
	603	414
	603	415
	603	416
	603	417
	604	418
	605	419
	605	420
	606	421
	607	422
	607	423
	608	423
	609	423
	610	423
	610	422
	610	421
	610	420
	610	419
	610	418
	610	417
	610	416
	610	414
	610	413
	611	412
	611	411
	611	410
.PEN_UP
.PEN_DOWN
	624	423
	625	423
	624	423
	623	423
	622	423
	621	422
	620	422
	619	421
	619	420
	618	419
	618	418
	619	417
	619	416
	620	416
	621	416
	622	416
	622	417
	623	417
	623	418
	624	419
	624	420
	624	421
	624	422
	625	422
	625	423
	625	424
	625	423
	625	422
	625	421
	625	420
	625	419
	625	417
	625	415
	625	413
	625	411
	625	409
	625	408
	625	405
	626	403
	626	401
	626	400
	626	398
	626	396
	626	394
	625	392
	625	391
	625	390
	624	390
	623	390
	622	390
	622	391
	621	391
	620	392
	619	393
	618	393
	617	394
	616	395
	615	395
	615	396
	614	396
	614	397
	613	397
	613	398
.PEN_UP
.PEN_DOWN
	656	448
	656	447
	656	446
	655	443
	655	442
	654	441
	654	439
	654	437
	654	436
	654	434
	654	432
	653	430
	653	428
	653	427
	653	425
	653	422
	653	421
	653	420
	653	419
	653	418
	653	417
	654	417
	655	418
	656	418
	657	418
	658	419
	659	419
	660	419
	661	419
	662	420
	663	420
.PEN_UP
.PEN_DOWN
	669	429
	669	428
	669	427
	668	426
	668	425
	668	424
	668	423
	668	422
	669	421
	669	420
	669	419
	669	418
	670	418
.PEN_UP
.PEN_DOWN
	670	440
	671	440
	671	441
	672	441
	672	442
.PEN_UP
.PEN_DOWN
	684	436
	683	435
	683	433
	683	432
	683	430
	683	429
	682	427
	682	426
	682	423
	682	422
	682	420
	681	419
	681	418
	681	417
	680	417
	680	416
	680	415
	680	416
	680	417
	680	418
	681	419
	681	420
	681	421
	682	422
	682	423
	683	423
	683	424
	684	426
	684	427
	685	428
	686	429
	687	431
	688	432
	689	432
	690	432
	690	433
	691	433
	692	433
	693	432
	693	431
	692	430
	692	429
	691	428
	690	427
	690	426
	689	426
	688	425
	687	425
	686	425
	685	425
	685	424
	684	424
	683	424
	684	424
	684	423
	685	423
	685	422
	685	421
	686	420
	687	419
	688	419
	689	418
	690	418
	690	417
	691	416
	692	415
	693	414
	694	414
.PEN_UP
.PEN_DOWN
	699	423
	700	423
	701	423
	702	424
	703	424
	705	425
	706	425
	707	425
	708	425
	710	426
	711	426
	711	427
	711	428
	710	428
	709	428
	708	428
	707	428
	706	428
	705	428
	704	428
	703	428
	702	427
	701	426
	700	425
	700	424
	700	423
	700	422
	700	421
	700	420
	701	419
	701	418
	702	417
	703	416
	704	415
	705	414
	706	414
	708	413
.PEN_UP
