
.WRITER_ID ArloReeves
.STYLE PRINTED
.PEN_DOWN
	95	388
	96	388
	96	389
	97	389
	97	390
	98	391
	98	392
	98	393
	99	394
	99	395
	99	396
	99	397
	99	398
	98	399
	97	400
	96	400
	95	400
	94	400
	92	400
	91	399
	91	398
	89	397
	88	396
	87	394
	86	392
	85	390
	83	387
	82	385
	81	383
	81	382
	81	380
	81	379
	81	378
	81	376
	82	375
	83	374
	83	373
	85	372
	86	372
	87	372
	88	372
	89	372
	90	373
	91	374
	92	375
	92	376
	93	377
	94	379
	95	380
	96	381
	96	382
	96	383
	97	384
	98	385
	98	386
	98	387
	99	388
	100	388
	100	389
	100	390
	101	391
	100	391
	100	390
	100	389
	100	388
	100	387
	100	386
	99	385
	99	383
	99	382
	99	380
	98	376
	98	374
	97	371
	97	369
	96	366
	96	364
	96	361
	96	359
	96	357
	95	355
	95	353
	95	351
	95	348
	94	346
	94	345
	94	343
	94	342
	94	341
	94	340
	94	339
	94	338
.PEN_UP
.PEN_DOWN
	111	384
	111	385
	111	386
	111	387
	112	387
	112	388
	112	389
	112	390
	113	391
	113	392
	113	393
	114	393
	114	394
	115	395
	115	396
	116	396
	117	397
	118	397
	118	398
	119	398
	120	399
	121	399
	121	398
	120	397
	120	396
	120	395
	120	394
	119	392
	119	391
	119	389
	119	387
	118	386
	118	384
	118	381
	118	379
	118	377
	118	376
	118	374
	118	373
	118	372
	119	371
	119	370
	120	369
	121	369
	122	370
	123	370
	123	371
	124	372
	125	373
	125	374
	126	376
	127	377
	128	378
	128	380
	130	382
	130	383
	131	384
	131	385
	132	386
	132	387
	132	388
	132	389
	133	390
	133	391
	133	392
	133	393
	134	393
	134	394
	134	395
	133	395
	133	394
	133	393
	132	392
	132	391
	131	390
	131	387
	131	386
	131	385
	131	384
	131	382
	131	381
	131	380
	131	378
	131	377
	131	376
	132	375
	133	374
	134	373
	135	373
	136	373
	137	373
	138	373
	139	373
.PEN_UP
.PEN_DOWN
	160	390
	160	391
	160	392
	160	393
	160	394
	160	395
	159	395
	159	396
	158	396
	157	396
	156	395
	155	395
	154	394
	154	393
	153	392
	152	391
	151	390
	150	389
	149	386
	148	384
	148	383
	147	382
	147	380
	147	378
	147	377
	147	376
	147	375
	148	374
	149	374
	150	374
	151	374
	152	374
	153	375
	154	375
	155	376
	156	377
	157	378
	158	379
	159	380
	160	382
	161	383
	161	384
	162	385
	162	386
	162	387
	163	388
	163	389
	163	390
	163	391
	162	391
	162	390
	161	390
	161	389
	161	388
	160	388
	160	387
	160	385
	160	384
	160	383
	160	382
	160	381
	161	380
	161	379
	161	378
	162	377
	162	376
	163	375
	164	374
	165	374
	166	374
	167	375
	168	375
	168	376
	169	376
.PEN_UP
.PEN_DOWN
	181	395
	181	394
	181	392
	180	392
	180	391
	180	390
	179	389
	179	388
	179	387
	179	386
	178	384
	178	383
	178	382
	178	381
	178	378
	178	377
	178	376
	178	375
	178	374
	179	373
	179	372
	180	371
	181	372
	182	372
	183	373
	184	373
	185	374
	185	375
	186	375
	187	376
	188	377
	188	378
.PEN_UP
.PEN_DOWN
	181	406
	181	407
	181	408
	180	408
	180	409
.PEN_UP
.PEN_DOWN
	202	396
	203	396
	203	395
	202	395
	202	394
	202	393
	202	392
	202	390
	202	389
	202	388
	202	387
	202	386
	202	384
	202	383
	202	382
	202	381
	202	379
	202	378
	202	377
	202	375
	202	374
	202	373
	202	374
	202	375
	202	376
	203	378
	203	379
	203	380
	203	381
	203	382
	203	383
	204	383
	204	384
	204	385
	205	386
	205	387
	206	388
	207	389
	207	390
	208	390
	209	391
	210	391
	211	392
	212	392
	213	392
	213	391
	213	390
	213	389
	213	388
	213	387
	213	386
	213	385
	213	384
	213	383
	213	382
	213	381
	214	380
	214	378
	215	378
	215	377
	216	376
	217	375
	219	375
	219	374
	221	374
	222	374
.PEN_UP
.PEN_DOWN
	230	420
	231	419
	231	418
	230	418
	230	417
	230	416
	230	415
	229	414
	229	412
	228	411
	228	409
	228	407
	228	405
	228	404
	228	402
	228	400
	228	398
	229	397
	229	396
	230	392
	230	391
	231	390
	231	389
	231	387
	231	386
	231	385
	231	384
	231	383
	231	382
	231	381
	231	380
	231	379
	231	378
	231	377
	231	376
	232	375
	233	375
	234	375
	234	376
	235	376
	236	376
	237	377
	238	377
	238	378
	240	378
.PEN_UP
.PEN_DOWN
	222	397
	222	396
	223	396
	224	397
	225	397
	226	398
	227	398
	228	399
	230	399
	232	399
	233	400
	235	400
	236	400
	238	401
	240	401
	241	401
	242	401
.PEN_UP
.PEN_DOWN
	292	398
	292	399
	292	400
	292	401
	292	402
	292	403
	291	404
	289	404
	288	403
	286	402
	285	401
	284	400
	283	399
	281	398
	281	397
	279	396
	279	395
	277	391
	277	390
	277	389
	277	388
	277	387
	277	386
	277	384
	277	383
	278	383
	278	382
	279	382
	280	381
	281	381
	282	381
	283	382
	284	383
	286	383
	286	384
	287	385
	287	386
	288	387
	288	388
	289	390
	289	391
	290	392
	290	393
	290	394
	290	395
	291	396
	291	397
	292	397
	292	398
	293	399
	293	400
	293	399
	292	398
	292	397
	291	396
	291	395
	291	394
	290	393
	290	392
	290	389
	290	388
	289	386
	289	384
	289	382
	288	380
	288	378
	288	375
	287	373
	287	370
	286	368
	286	364
	286	363
	286	361
	286	360
	285	359
	285	358
	285	357
	285	356
	285	355
	285	354
	285	353
	285	352
	286	352
	286	351
	286	350
	285	349
	285	348
	286	348
	287	348
.PEN_UP
.PEN_DOWN
	305	399
	304	399
	304	398
	304	397
	303	397
	303	396
	303	395
	302	394
	302	393
	302	392
	302	391
	302	389
	302	388
	302	387
	302	386
	302	384
	302	383
	302	382
	303	381
	303	380
	304	379
	304	378
	306	378
	307	378
	308	378
	309	378
	310	378
	310	379
	311	379
	312	380
	313	381
	314	382
	316	384
	316	385
	317	386
	317	387
	317	389
	317	390
	317	392
	317	393
	317	394
	317	396
	317	397
.PEN_UP
.PEN_DOWN
	326	396
	327	396
	326	396
	326	395
	326	394
	325	393
	324	391
	324	390
	324	389
	324	388
	324	387
	324	386
	324	385
	324	384
	324	383
	324	382
	324	381
	324	380
	324	379
	325	378
	326	378
	326	377
	327	377
	328	378
	329	379
	330	380
	331	381
	332	382
	333	383
.PEN_UP
.PEN_DOWN
	328	406
	329	406
	329	407
	329	408
	329	409
	328	409
.PEN_UP
.PEN_DOWN
	345	397
	345	396
	345	395
	345	394
	345	393
	345	392
	345	391
	345	389
	345	388
	345	384
	345	382
	345	380
	345	377
	345	374
	345	372
	345	369
	345	366
	345	364
	345	362
	346	360
	346	358
	346	357
	346	356
	346	355
	345	355
	344	355
.PEN_UP
.PEN_DOWN
	341	396
	342	397
	343	398
	343	399
	344	400
	345	401
	346	401
	348	402
	349	402
	350	402
	351	402
	351	401
	352	401
	352	400
	353	400
	353	399
	353	398
	353	397
	352	395
	352	394
	351	394
	351	393
	350	392
	350	391
	349	391
	349	390
	349	389
	348	389
	348	388
	347	388
	347	387
.PEN_UP
.PEN_DOWN
	372	402
	371	402
	370	402
	369	402
	368	402
	367	401
	366	400
	365	400
	364	399
	363	398
	363	397
	363	396
	363	395
	364	394
	365	393
	366	392
	367	392
	368	391
	369	390
	370	389
	371	388
	372	387
	372	386
	372	385
	372	384
	372	383
	371	383
	371	382
	370	382
	369	381
	368	380
	367	379
	366	379
	364	379
	363	379
	362	379
	361	379
.PEN_UP
.PEN_DOWN
	415	395
	414	395
	414	396
	412	396
	411	396
	410	396
	409	396
	408	396
	407	395
	406	395
	406	394
	405	394
	404	393
	403	391
	402	391
	401	389
	400	388
	399	387
	399	385
	398	384
	398	382
	398	381
	398	379
	398	378
	398	376
	399	375
	399	374
	400	374
	401	374
	402	374
	403	374
	404	375
	405	376
	405	377
	406	378
	408	380
	409	381
	410	382
	411	383
	412	385
	412	386
	412	387
	413	388
	413	389
	413	390
	414	391
	414	392
	414	393
	414	392
	413	392
	413	391
	413	390
	413	389
	413	388
	413	387
	412	385
	412	384
	412	382
	411	378
	411	376
	410	373
	410	371
	409	368
	408	365
	408	363
	408	360
	407	359
	407	357
	407	355
	407	354
	406	352
	406	351
	405	350
	405	349
.PEN_UP
.PEN_DOWN
	422	394
	422	393
	423	393
	424	393
	424	394
	425	394
	425	395
	426	395
	427	395
	428	395
	428	394
	428	393
	428	392
	427	391
	427	390
	427	389
	427	388
	427	387
	426	385
	425	382
	425	381
	425	380
	425	379
	425	378
	425	377
	425	376
	426	375
	426	374
	426	373
	427	373
	428	373
	429	374
	429	375
	430	376
	430	377
	431	378
	431	379
	433	381
	433	382
	433	383
	433	385
	434	386
	434	387
	434	388
	435	388
	435	389
	435	390
	435	391
	436	392
	437	393
	437	392
	437	391
	436	391
	436	390
	436	389
	435	388
	435	387
	435	386
	435	385
	434	384
	434	382
	434	381
	434	380
	434	379
	434	378
	434	377
	434	375
	435	375
	436	373
	437	372
	438	372
	439	372
	440	373
	441	373
	441	374
.PEN_UP
.PEN_DOWN
	457	396
	457	397
	456	397
	455	396
	454	396
	453	395
	452	395
	452	394
	451	392
	450	391
	450	390
	449	388
	449	387
	449	386
	449	385
	449	383
	449	382
	449	381
	449	380
	450	379
	451	377
	452	377
	453	376
	454	376
	456	376
	457	376
	458	377
	459	378
	460	379
	461	380
	462	382
	462	383
	462	385
	462	386
	461	387
	461	389
	460	390
	460	391
	459	393
	458	394
.PEN_UP
.PEN_DOWN
	475	413
	475	412
	475	411
	475	410
	475	409
	475	407
	475	406
	474	403
	474	402
	474	400
	474	399
	474	397
	474	396
	474	394
	474	392
	473	391
	473	389
	473	387
	472	384
	472	382
	472	381
	472	380
	472	378
	472	377
	472	376
	472	375
	472	376
.PEN_UP
.PEN_DOWN
	464	391
	465	391
	467	391
	468	392
	469	392
	470	392
	471	393
	473	393
	474	394
	475	394
	477	395
	478	395
.PEN_UP
.PEN_DOWN
	485	393
	486	393
	486	392
	486	391
	486	389
	486	388
	486	387
	486	386
	485	384
	485	383
	485	382
	485	381
	484	380
	484	379
	484	377
	484	376
	484	375
	484	374
	484	373
	484	372
	485	372
.PEN_UP
.PEN_DOWN
	485	404
	485	405
	485	406
	486	406
	486	407
.PEN_UP
.PEN_DOWN
	494	392
	494	391
	494	390
	494	389
	494	387
	494	385
	494	384
	494	383
	494	382
	494	379
	494	378
	495	378
	495	377
	495	376
	495	375
	495	374
	495	373
	495	372
	495	373
	495	374
	496	375
	496	376
	496	377
	496	378
	496	379
	496	381
	496	382
	497	384
	497	385
	497	386
	498	387
	498	388
	498	389
	499	389
	499	390
	500	391
	501	392
	502	392
	503	393
	504	393
	504	392
	504	391
	504	390
	504	389
	504	388
	504	387
	504	386
	505	385
	505	384
	505	383
	505	382
	505	381
	505	380
	505	379
	505	378
	505	375
	505	374
	505	373
	505	372
	505	371
	506	371
.PEN_UP
.PEN_DOWN
	522	392
	522	393
	522	394
	521	395
	520	395
	519	394
	518	393
	517	392
	516	391
	516	390
	515	389
	514	387
	514	386
	514	385
	514	384
	514	383
	514	382
	516	381
	517	381
	518	381
	519	381
	520	381
	521	381
	521	382
	522	382
	523	383
	524	383
	525	385
	525	386
	526	387
	526	388
	526	389
	525	390
	525	391
	525	390
	525	389
	525	388
	525	387
	526	387
	526	386
	526	385
	527	382
	527	381
	527	379
	527	377
	528	375
	528	373
	529	371
	529	369
	529	367
	529	365
	529	364
	529	362
	529	359
	529	358
	529	356
	528	355
	527	354
	527	352
	526	351
	525	350
	524	350
	524	349
	523	349
	522	349
	521	349
	520	350
	519	350
	518	350
	518	351
	517	351
	516	352
	517	352
.PEN_UP
.PEN_DOWN
	561	390
	562	390
	563	391
	564	392
	565	393
	566	394
	566	395
	568	395
	568	396
	568	397
	569	397
	569	398
	569	399
	568	399
	567	400
	566	400
	565	400
	564	399
	563	399
	561	398
	560	398
	560	397
	559	396
	558	396
	557	395
	555	393
	554	392
	554	391
	553	390
	553	389
	553	388
	553	387
	553	386
	553	385
	554	384
	555	383
	556	383
	557	382
	558	382
	559	382
	560	382
	561	383
	562	383
	563	384
	563	385
	564	386
	565	387
	565	388
	566	389
	566	390
	566	391
	567	391
	567	392
	568	392
	568	393
	569	394
	569	395
	570	395
	570	396
	569	395
	569	394
	568	392
	568	391
	568	389
	567	388
	567	387
	566	383
	566	381
	565	379
	565	377
	564	374
	564	371
	563	369
	563	365
	563	363
	562	360
	562	358
	562	356
	562	353
	562	352
	562	351
.PEN_UP
.PEN_DOWN
	583	395
	583	394
	583	393
	582	392
	582	391
	582	390
	582	389
	582	388
	582	387
	582	386
	582	385
	582	384
	583	383
	583	382
	583	381
	585	380
	585	379
	586	378
	587	378
	588	378
	589	378
	590	379
	591	379
	592	380
	592	381
	594	383
	594	385
	594	386
	594	387
	594	389
	594	391
	594	392
	594	394
.PEN_UP
.PEN_DOWN
	616	387
	616	388
	617	388
	617	389
	618	390
	619	391
	620	392
	620	393
	620	394
	621	395
	621	396
	621	397
	621	398
	620	398
	619	398
	618	397
	617	397
	616	396
	615	395
	614	394
	613	393
	612	392
	611	391
	609	388
	609	387
	608	386
	608	385
	607	383
	607	382
	607	381
	607	380
	607	379
	607	378
	607	377
	608	376
	608	375
	609	375
	610	375
	611	376
	612	376
	613	377
	613	378
	614	378
	615	379
	617	381
	618	382
	619	383
	619	384
	620	385
	621	386
	621	387
	622	387
	622	388
	622	389
	623	390
	623	389
	623	388
	623	386
	623	385
	624	384
	624	383
	624	382
	625	381
	625	380
	626	379
	626	378
	627	377
	628	376
	628	375
	630	374
.PEN_UP
.PEN_DOWN
	642	397
	642	396
	642	395
	641	394
	641	393
	641	392
	641	391
	641	390
	641	389
	641	387
	641	386
	640	383
	640	382
	640	380
	640	379
	639	377
	639	376
	639	375
	639	374
	639	373
	640	374
	640	375
	641	376
	641	377
	642	378
	642	379
	642	381
	642	382
	643	384
	644	385
	644	386
	645	387
	646	388
	647	389
	648	390
	649	390
	650	391
	651	392
	652	392
	653	393
	654	393
	655	394
	656	394
	657	394
	657	393
	657	392
	657	391
	656	391
	656	390
	656	388
	655	387
	655	386
	655	385
	655	384
	655	383
	654	382
	654	381
	654	379
	654	378
	655	377
	655	375
	656	374
	656	373
	657	373
	658	373
	659	373
	660	373
	661	373
.PEN_UP
.PEN_DOWN
	680	407
	680	406
	679	405
	679	404
	679	403
	678	401
	678	400
	678	398
	677	397
	677	396
	677	395
	677	394
	676	392
	676	391
	676	388
	675	387
	675	385
	674	383
	674	382
	674	381
	674	379
	674	378
	674	377
	674	375
	674	374
	674	373
	674	372
	674	371
	673	370
	674	369
	675	369
	675	370
	676	370
	677	370
	678	371
	679	371
	680	372
	682	373
	683	373
	684	374
	685	375
	686	376
.PEN_UP
.PEN_DOWN
	667	385
	668	385
	669	385
	670	386
	671	386
	672	387
	673	387
	676	387
	677	388
	679	388
	680	388
	681	389
.PEN_UP
.PEN_DOWN
	705	394
	707	394
	708	395
	709	395
	710	396
	711	396
	711	395
	710	395
	710	394
	709	393
	709	392
	708	391
	707	391
	706	389
	705	387
	705	386
	705	385
	704	384
	704	383
	704	382
	703	381
	703	380
	703	379
	703	378
	703	377
	703	376
	704	375
	704	374
	705	373
	706	373
	707	373
	707	374
	709	375
	709	376
	710	376
	710	377
	711	378
	711	379
	712	380
	713	381
	714	382
	715	382
	715	383
	716	384
	717	386
	718	386
	719	387
	719	388
	720	388
	721	389
	721	390
	722	391
	723	392
	723	393
	724	394
	725	395
	725	396
	725	395
	724	394
	724	393
	724	392
	724	391
	724	390
	723	390
	723	387
	722	385
	722	384
	722	383
	722	382
	722	381
	721	379
	721	378
	721	377
	721	376
	722	375
	722	374
	722	373
	723	373
	723	372
	724	372
	725	372
	726	373
	727	373
	728	373
.PEN_UP
.PEN_DOWN
	745	396
	745	395
	744	394
	744	393
	744	392
	744	391
	744	390
	743	389
	743	387
	743	386
	743	385
	743	384
	743	383
	743	382
	743	379
	742	378
	742	377
	742	376
	742	375
	742	374
	742	373
	742	374
	743	375
	743	376
	744	377
	744	378
	744	379
	745	380
	745	381
	746	382
	747	384
	748	385
	749	386
	749	387
	750	388
	751	389
	752	389
	753	390
	754	391
	755	392
	756	392
	757	393
	758	394
	759	394
	759	395
	760	395
	761	395
	761	394
	760	393
	760	392
	760	391
	759	390
	759	389
	759	388
	759	386
	759	384
	758	383
	758	382
	758	381
	758	380
	758	379
	758	378
	757	377
	757	378
	758	378
	758	379
	759	381
	760	382
	760	383
	761	384
	762	385
	762	386
	763	387
	764	388
	765	389
	766	389
	766	390
	767	391
	768	392
	769	393
	770	394
	770	393
	770	392
	770	391
	770	390
	770	389
	770	388
	770	387
	770	385
	770	384
	771	383
	771	382
	771	381
	772	380
	773	379
	774	379
	775	378
	776	378
	777	378
	778	378
	779	378
	780	379
	781	379
	783	379
.PEN_UP
.PEN_DOWN
	547	460
	547	461
	546	461
	546	462
	545	462
	544	462
	543	462
	542	461
	541	460
	540	460
	539	459
	538	458
	538	457
	537	456
	536	455
	535	454
	534	453
	533	452
	532	450
	532	448
	531	447
	531	446
	530	445
	530	444
	530	443
	530	442
	531	441
	531	440
	532	440
	533	440
	534	440
	535	440
	536	440
	537	441
	538	441
	539	442
	540	443
	541	444
	542	445
	542	446
	543	447
	545	449
	546	450
	546	451
	547	452
	547	453
	547	454
	548	455
	548	456
	548	457
	548	458
	548	459
	547	459
	547	458
	547	457
	546	456
	546	455
	546	454
	545	453
	545	452
	545	450
	545	449
	545	448
	544	446
	544	445
	543	443
	543	439
	542	437
	542	435
	542	433
	541	431
	541	430
	541	428
	540	427
	540	426
	540	424
	539	423
	539	421
	538	420
	538	419
	538	418
	538	417
	538	416
	539	416
	540	416
.PEN_UP
.PEN_DOWN
	557	457
	558	457
	558	458
	559	459
	560	460
	561	461
	562	462
	563	462
	564	462
	564	461
	564	460
	563	459
	563	458
	563	457
	563	455
	561	453
	561	451
	561	450
	560	449
	560	447
	560	446
	560	445
	560	443
	560	442
	560	441
	560	440
	560	439
	560	438
	560	437
	560	436
	561	436
	561	435
	562	435
	562	436
	564	437
	565	438
	565	439
	566	440
	566	441
	567	442
	568	443
	568	444
	569	445
	569	446
	570	447
	571	449
	571	450
	571	451
	572	452
	572	453
	572	454
	573	455
	573	456
	574	457
	575	458
	575	457
	574	457
	574	456
	574	455
	573	454
	573	453
	573	452
	573	451
	573	450
	572	449
	572	448
	572	447
	572	446
	572	445
	572	442
	573	441
	573	440
	574	439
	574	438
	575	438
	576	437
	577	437
	578	436
	580	436
	581	436
.PEN_UP
.PEN_DOWN
	598	453
	599	453
	599	454
	599	455
	600	455
	600	456
	600	457
	600	458
	601	459
	601	460
	601	461
	601	462
	601	463
	600	463
	599	463
	598	462
	597	461
	596	461
	595	459
	594	459
	593	458
	592	456
	591	455
	591	454
	590	453
	590	452
	589	450
	589	448
	589	447
	589	446
	589	445
	589	444
	589	443
	589	442
	589	441
	590	441
	590	440
	591	440
	592	439
	593	439
	594	439
	594	440
	595	440
	596	440
	596	441
	597	442
	598	442
	598	443
	599	444
	600	446
	600	447
	601	448
	601	449
	601	450
	602	451
	602	453
	603	454
	603	455
	603	456
	604	457
	603	456
	603	455
	603	454
	602	453
	602	452
	602	451
	602	449
	602	448
	602	447
	602	446
	602	445
	602	444
	603	443
	603	442
	604	441
	604	440
	606	439
	607	438
	608	438
	609	438
	610	438
	611	438
.PEN_UP
.PEN_DOWN
	626	472
	625	472
	625	471
	625	470
	624	469
	623	468
	623	467
	623	465
	622	464
	622	463
	622	461
	622	460
	621	457
	621	455
	621	454
	621	453
	621	451
	622	450
	622	449
	622	448
	622	447
	622	446
	622	445
	623	444
	623	442
	623	441
	624	441
	624	440
	624	439
	625	439
	626	438
	627	438
	628	438
	629	438
	630	438
	631	439
.PEN_UP
.PEN_DOWN
	642	459
	643	459
	643	458
	643	457
	643	456
	643	455
	643	454
	643	453
	643	452
	643	450
	643	449
	643	448
	643	446
	643	445
	643	443
	643	442
	643	441
	643	440
	643	439
	644	440
	644	441
	645	442
	645	443
	645	444
	645	445
	646	446
	646	447
	647	448
	647	449
	648	451
	648	452
	649	453
	650	454
	651	455
	652	456
	653	457
	654	457
	655	457
	655	458
	655	457
	655	456
	655	455
	655	454
	654	452
	654	451
	654	450
	654	449
	654	448
	654	447
	654	446
	654	445
	654	444
	655	444
	655	443
	655	444
	655	445
	656	446
	656	447
	657	448
	658	449
	658	450
	659	450
	659	451
	660	452
	660	453
	661	454
	662	455
	662	456
	663	456
	663	457
	664	457
	665	457
	665	456
	665	455
	665	454
	665	452
	665	451
	665	450
	665	449
	666	446
	666	445
	667	444
	667	443
	668	442
	669	442
	670	442
	671	442
.PEN_UP
.PEN_DOWN
	695	461
	694	461
	693	462
	692	462
	691	462
	690	461
	688	461
	688	460
	687	460
	686	459
	685	459
	685	458
	684	458
	684	457
	684	456
	684	455
	685	455
	686	454
	687	454
	688	453
	689	452
	690	451
	691	450
	692	449
	692	448
	693	447
	693	446
	694	445
	694	444
	694	443
	694	442
	694	441
	694	440
	693	440
	693	439
	692	439
	691	438
	690	438
	689	438
	687	437
	686	437
	684	437
	682	437
	681	437
	680	437
	679	437
.PEN_UP
