
.WRITER_ID ArloReeves
.STYLE PRINTED
.PEN_DOWN
	103	392
	104	393
	104	394
	105	394
	105	395
	106	396
	106	395
	106	394
	105	393
	105	391
	105	390
	105	389
	105	387
	105	383
	105	381
	105	378
	105	376
	105	374
	105	371
	105	369
	106	366
	106	364
	106	362
	106	359
	107	357
	107	354
	107	353
	107	351
	107	350
	107	348
	107	347
	106	346
	106	345
	106	344
	105	343
	105	341
	104	341
	104	340
	103	339
	102	339
	100	340
	100	341
	99	342
	98	343
	97	344
	96	345
	95	346
	95	348
	95	349
	94	350
	94	352
.PEN_UP
.PEN_DOWN
	103	415
	103	416
.PEN_UP
.PEN_DOWN
	118	390
	119	391
	119	392
	119	393
	119	394
	119	395
	120	396
	121	397
	122	397
	122	396
	122	395
	122	394
	122	393
	122	392
	121	391
	121	390
	121	389
	121	388
	121	387
	121	385
	122	384
	122	383
	122	381
	122	380
	123	378
	124	377
	124	376
	125	375
	125	374
	126	374
	126	373
	127	373
	128	373
	129	374
	129	375
	130	375
	130	376
	131	378
	132	379
	132	380
	133	382
	133	383
	133	384
	133	385
	133	386
	133	388
	133	389
	133	390
	134	391
	134	392
	134	393
	135	394
	135	393
	134	392
	134	391
	134	390
	134	389
	134	388
	134	386
	134	385
	134	382
	134	380
	135	379
	135	377
	135	375
	136	375
	137	373
	137	372
	138	372
	139	371
	140	371
.PEN_UP
.PEN_DOWN
	171	387
	171	388
	171	389
	171	390
	170	390
	170	391
	169	392
	168	393
	167	394
	166	394
	165	394
	164	394
	163	394
	162	393
	161	392
	161	391
	159	390
	159	389
	158	388
	157	387
	157	386
	156	384
	156	383
	156	382
	156	380
	156	379
	156	378
	156	376
	157	375
	157	374
	158	373
	159	373
	160	373
	161	374
	162	375
	163	377
	164	378
	166	379
	167	380
	168	382
	169	384
	170	386
	172	388
	173	390
	174	393
	175	396
	177	399
	179	406
	179	409
	180	411
	181	414
	181	416
	181	417
	181	419
	181	420
	180	420
	179	419
	179	418
	178	416
	178	415
	177	414
	177	412
	176	410
	176	408
	175	404
	175	402
	175	399
	174	397
	174	394
	174	392
	174	389
	174	388
	175	386
	175	384
	176	382
	176	380
	178	379
	179	378
	180	377
	181	377
	182	377
.PEN_UP
.PEN_DOWN
	202	391
	202	392
	202	393
	202	394
	201	395
	200	397
	200	398
	199	398
	198	398
	197	398
	196	398
	195	397
	194	396
	193	395
	191	393
	190	392
	189	391
	189	390
	189	389
	189	388
	189	387
	189	386
	189	385
	190	385
	191	384
	192	384
	193	384
	194	385
	195	385
	196	386
	197	386
	198	387
	199	388
	200	389
	201	390
	201	391
	202	393
	203	394
	203	395
	203	396
	203	395
	203	394
	203	393
	203	391
	203	390
	203	389
	203	387
	203	385
	204	380
	204	378
	204	375
	204	372
	204	369
	204	366
	204	363
	204	361
	204	359
	204	357
	203	355
	202	353
	201	353
	200	353
	199	353
	198	353
	197	353
	195	353
	194	353
	193	354
	191	355
	191	356
	190	356
	188	358
	188	359
	188	360
	188	361
.PEN_UP
.PEN_DOWN
	222	386
	222	385
	221	385
	222	386
	223	386
	224	387
	225	388
	227	389
	228	390
	229	390
	229	391
	230	392
	230	393
	231	393
	231	394
	231	395
	231	396
	230	397
	229	397
	228	397
	227	397
	226	397
	226	396
	225	396
	224	395
	223	394
	222	394
	221	393
	220	393
	219	392
	218	391
	217	390
	216	389
	215	388
	215	387
	215	386
	215	384
	215	382
	215	381
	215	380
	215	379
	216	378
	217	376
	218	375
	219	375
	220	374
	222	373
	223	373
	226	373
	228	373
	229	373
	231	374
.PEN_UP
.PEN_DOWN
	266	388
	268	388
	268	389
	269	389
	269	390
	270	391
	270	392
	271	393
	272	394
	272	395
	273	396
	274	396
	274	398
	275	398
	274	398
	274	397
	274	396
	274	395
	274	393
	273	392
	273	390
	273	389
	273	387
	273	384
	273	383
	273	380
	273	378
	274	375
	274	371
	274	368
	275	366
	275	364
	275	362
	276	360
	276	358
	276	357
	276	355
	276	354
	276	353
	276	352
	275	350
	274	350
	274	349
	273	349
	272	349
	271	349
	270	350
	269	350
	268	351
	266	353
	265	354
	265	355
	265	356
	265	357
	265	358
.PEN_UP
.PEN_DOWN
	275	409
	274	409
	274	410
	273	410
	273	411
	272	411
	272	412
	273	412
	274	412
	275	412
	277	412
.PEN_UP
.PEN_DOWN
	283	390
	284	390
	285	391
	285	392
	286	392
	287	393
	288	393
	289	394
	290	394
	291	395
	292	395
	293	396
	294	396
	293	396
	293	395
	292	394
	291	393
	291	392
	291	391
	290	390
	290	389
	290	388
	289	388
	289	387
	289	385
	289	384
	290	383
	290	382
	291	381
	292	380
	293	380
	294	380
	295	380
	296	381
	297	382
	298	383
	298	384
	299	385
	300	386
	300	388
	301	389
	301	390
	301	391
	301	392
	302	392
	302	393
	302	394
	301	394
	301	393
	302	393
	301	392
	301	391
	301	390
	301	389
	300	388
	300	387
	300	386
	300	384
	301	382
	301	381
	302	380
	303	379
	304	377
	306	377
.PEN_UP
.PEN_DOWN
	316	397
	317	397
	317	396
	316	394
	316	393
	316	392
	316	391
	316	390
	316	389
	316	388
	316	387
	316	386
	316	385
	316	384
	316	381
	317	380
	317	379
	317	378
	317	377
	317	378
	317	379
	318	380
	318	381
	319	382
	319	383
	319	384
	319	385
	320	386
	320	387
	320	388
	321	389
	321	390
	322	390
	323	391
	324	392
	325	393
	326	393
	327	393
	328	394
	331	395
	332	395
	333	395
	334	395
	335	395
.PEN_UP
.PEN_DOWN
	340	396
	340	397
	341	397
	342	398
	343	398
	344	398
	345	397
	345	396
	345	395
	345	394
	345	393
	345	391
	345	390
	344	389
	344	388
	344	385
	344	384
	344	383
	344	382
	344	381
	345	381
	346	381
	347	381
	348	382
	349	383
	349	384
	350	384
	350	385
	351	386
	352	387
	353	388
	353	389
	354	390
	354	391
	355	392
	355	393
	355	394
	355	395
	355	396
	355	395
	355	394
	354	393
	354	392
	354	391
	354	390
	354	389
	354	387
	354	385
	354	384
	354	381
	354	379
	354	376
	354	371
	354	368
	354	365
	354	362
	354	360
	353	358
	353	356
	353	354
	353	353
	352	352
	351	351
	351	350
	349	350
	348	350
	347	350
	346	350
	345	350
	344	351
	343	352
	342	353
	341	353
	340	354
	340	355
	340	356
.PEN_UP
.PEN_DOWN
	386	388
	387	388
	388	388
	388	389
	389	390
	389	391
	390	392
	390	393
	391	394
	392	394
	392	395
	393	396
	393	397
	393	398
	393	397
	393	395
	393	394
	392	393
	392	391
	392	390
	392	388
	392	387
	392	385
	392	383
	392	381
	393	379
	393	377
	393	372
	393	370
	394	368
	394	366
	394	365
	394	363
	394	362
	394	360
	394	359
	394	358
	394	357
	393	356
	392	356
	391	356
	390	356
	389	356
	388	356
	387	357
	386	357
	384	357
	383	358
	382	359
	381	360
	381	361
	381	362
	380	362
	380	363
	380	365
	380	366
.PEN_UP
.PEN_DOWN
	397	409
	397	410
	397	411
	396	411
	396	412
	397	412
.PEN_UP
.PEN_DOWN
	413	394
	412	395
	412	396
	411	396
	410	396
	410	395
	409	395
	408	395
	407	394
	406	393
	404	392
	404	391
	402	390
	402	389
	401	386
	401	385
	401	384
	401	383
	401	382
	402	381
	402	380
	404	379
	405	379
	407	379
	408	379
	409	379
	410	380
	411	380
	412	381
	413	382
	413	383
	414	384
	414	385
	414	386
	415	388
	415	389
	415	390
	415	391
	415	392
	414	392
	414	391
	414	390
	414	389
	413	387
	413	386
	413	385
	413	384
	413	383
	413	381
	414	379
	415	378
	416	377
	417	376
	417	375
	419	375
	420	374
.PEN_UP
.PEN_DOWN
	430	396
	430	395
	429	394
	428	394
	428	393
	428	391
	428	390
	428	389
	427	388
	427	387
	427	386
	427	385
	427	384
	427	383
	427	382
	427	380
	428	380
	428	379
	429	379
	430	379
	431	379
	431	380
	432	380
	433	380
	433	381
	434	381
	435	382
	435	383
.PEN_UP
.PEN_DOWN
	431	406
	430	407
	430	408
	430	409
.PEN_UP
.PEN_DOWN
	447	416
	447	415
	447	414
	446	414
	446	412
	446	411
	446	410
	445	408
	445	407
	445	406
	444	404
	444	402
	443	400
	443	398
	443	397
	442	396
	442	394
	442	393
	442	392
	442	390
	442	389
	442	388
	442	387
	443	385
	443	384
	444	383
	445	383
	445	382
	446	382
	447	382
	448	382
	449	382
	450	382
	451	382
	452	383
	453	383
.PEN_UP
.PEN_DOWN
	459	389
	460	389
	461	390
	462	390
	463	391
	464	391
	465	392
	466	392
	467	392
	467	393
	468	393
	469	394
	469	395
	468	396
	468	397
	467	397
	467	398
	466	398
	465	399
	464	399
	463	399
	463	398
	462	398
	462	397
	461	396
	461	394
	460	394
	460	393
	460	392
	459	391
	459	390
	458	389
	458	388
	458	387
	458	385
	459	383
	460	382
	461	381
	462	381
	463	381
	464	381
	465	381
.PEN_UP
.PEN_DOWN
	478	397
	477	396
	477	395
	477	394
	477	393
	476	393
	476	392
	476	391
	476	390
	476	388
	476	387
	476	386
	476	385
	476	384
	476	383
	476	382
	476	381
	476	380
	477	380
	477	381
	477	382
	478	383
	478	384
	478	385
	478	386
	479	388
	480	390
	480	391
	480	392
	481	393
	483	395
	484	396
	485	397
	486	397
	488	398
	489	398
	491	398
.PEN_UP
.PEN_DOWN
	518	392
	519	392
	520	393
	521	394
	521	395
	522	396
	523	397
	524	399
	525	400
	526	401
	526	402
	527	402
	526	402
	526	401
	526	400
	526	399
	526	398
	526	396
	526	395
	525	394
	525	391
	525	389
	525	387
	526	385
	526	383
	526	381
	526	379
	526	377
	526	375
	526	372
	526	371
	526	368
	526	365
	526	363
	526	362
	526	360
	526	359
	525	358
	525	357
	525	356
	524	356
	524	355
	524	354
	523	354
	522	354
	521	354
	520	354
	519	354
	517	355
	517	356
	516	357
	516	358
	515	359
	515	361
	515	362
	515	364
	515	366
	515	367
	516	369
	516	371
.PEN_UP
.PEN_DOWN
	529	414
	529	415
	529	416
	529	417
	529	418
	530	419
	530	420
.PEN_UP
.PEN_DOWN
	539	398
	539	399
	539	398
	540	398
	540	397
	540	396
	539	395
	539	394
	539	393
	539	392
	539	391
	538	389
	538	388
	537	385
	537	384
	537	383
	537	382
	537	381
	537	380
	537	379
	537	378
	537	377
	538	377
	539	377
	540	378
	541	378
	541	379
	542	380
	543	380
	545	381
	545	382
	546	383
	547	384
	548	385
	548	386
	548	387
.PEN_UP
.PEN_DOWN
	542	414
	542	415
	542	416
	542	417
	542	418
	543	418
.PEN_UP
.PEN_DOWN
	556	398
	557	398
	557	397
	556	397
	556	395
	556	393
	556	391
	556	390
	555	389
	555	388
	555	387
	555	385
	555	384
	555	382
	555	381
	556	380
	556	381
	557	381
	557	382
	557	383
	557	384
	558	385
	558	386
	558	387
	559	388
	559	389
	560	390
	560	391
	561	392
	561	393
	562	394
	563	395
	564	396
	565	397
	566	397
	567	398
	567	397
	567	396
	567	395
	566	395
	566	394
	566	393
	565	392
	565	391
	565	390
	565	389
	564	388
	564	387
	564	386
	564	385
	564	384
	564	383
	564	382
	564	381
	564	380
	564	379
	565	378
	566	376
	566	375
	567	375
	567	374
	568	373
	569	373
	570	373
.PEN_UP
.PEN_DOWN
	575	396
	575	397
	576	397
	576	398
	576	399
	577	399
	577	400
	578	400
	579	400
	580	400
	580	399
	581	399
	581	398
	582	398
	582	397
	582	396
	582	395
	582	394
	582	393
	582	392
	582	391
	582	390
	582	389
	582	387
	582	386
	583	385
	583	384
	584	382
	584	381
	585	380
	586	378
	586	377
	587	377
	587	376
	588	376
	589	376
	590	376
.PEN_UP
.PEN_DOWN
	590	399
	589	398
	588	398
	587	397
	586	396
	585	395
	583	393
	582	392
	581	390
	580	389
	580	388
	579	387
	578	385
	578	384
	577	383
	577	381
	577	380
.PEN_UP
.PEN_DOWN
	623	394
	623	395
	624	396
	624	397
	625	397
	626	398
	626	399
	627	400
	629	401
	629	402
	630	402
	630	403
	630	402
	630	401
	629	399
	629	398
	629	397
	629	395
	629	394
	629	392
	629	389
	629	387
	629	385
	629	384
	629	381
	628	380
	628	378
	628	376
	628	374
	627	372
	627	370
	627	368
	627	366
	627	365
	626	364
	626	363
	626	362
	626	361
	626	360
	625	360
	624	359
	623	359
	623	358
	622	358
	621	358
	620	358
	619	359
	618	359
	617	359
	617	360
	616	361
	616	362
	616	364
	616	366
	616	367
.PEN_UP
.PEN_DOWN
	633	415
	634	415
	635	415
	636	416
	636	417
	637	418
	637	419
	638	419
	638	420
	638	421
.PEN_UP
.PEN_DOWN
	639	397
	640	397
	640	398
	641	399
	642	399
	642	400
	643	400
	644	400
	645	401
	646	401
	647	401
	648	401
	648	400
	648	399
	648	398
	647	398
	647	397
	647	396
	646	395
	646	394
	646	393
	646	392
	646	391
	646	390
	646	389
	646	388
	646	387
	645	387
	645	386
	645	385
	644	385
	644	384
	644	383
	644	382
	645	382
	646	381
	647	381
	648	381
	648	382
	649	382
	650	382
	650	383
	650	384
	651	384
	652	385
	652	387
	652	388
	652	389
	652	390
	651	391
	650	392
	650	393
	649	393
.PEN_UP
.PEN_DOWN
	665	398
	664	398
	663	398
	664	398
	665	398
	665	399
	666	399
	667	399
	668	399
	669	400
	670	400
	671	400
	672	400
	673	400
	673	399
	673	398
	672	398
	672	397
	672	396
	671	396
	671	395
	671	394
	671	393
	670	392
	670	391
	669	390
	668	387
	668	386
	667	385
	667	384
	667	383
	666	382
	666	381
	666	380
	666	379
	666	378
	667	378
	668	378
	669	378
	670	378
	671	378
	672	378
	672	379
	673	379
	674	379
	675	379
.PEN_UP
.PEN_DOWN
	663	389
	664	389
	665	390
	666	390
	667	390
	669	390
	670	391
	671	391
	673	391
	675	391
	676	391
.PEN_UP
.PEN_DOWN
	682	398
	683	398
	684	399
	685	399
	686	399
	687	399
	688	399
	689	399
	691	399
	692	399
	693	399
	693	398
	693	397
	692	397
	692	396
	692	395
	691	395
	691	394
	689	392
	689	391
	689	390
	688	389
	688	388
	687	387
	687	386
	687	385
	687	384
	686	384
	686	383
	686	382
	686	381
	686	380
	686	379
	686	378
	687	378
	687	379
	688	379
	689	379
	689	380
	690	380
	691	380
	692	380
	693	380
	694	381
	695	381
	697	381
	698	381
	699	382
.PEN_UP
.PEN_DOWN
	683	392
	684	392
	685	392
	686	392
	688	392
	689	393
	691	393
	693	393
	694	393
	696	393
	697	393
.PEN_UP
