
.WRITER_ID ArloReeves
.STYLE PRINTED
.PEN_DOWN
	75	426
	76	426
	76	425
	76	424
	76	422
	76	421
	76	419
	75	417
	75	415
	75	414
	75	413
	75	411
	75	409
	75	408
	75	407
	75	406
	75	405
.PEN_UP
.PEN_DOWN
	78	426
	79	426
	79	425
	79	424
	79	423
	79	422
	80	420
	80	419
	80	418
	80	415
	80	414
	80	413
	81	412
	81	411
.PEN_UP
.PEN_DOWN
	107	415
	107	414
	107	413
	107	411
	107	410
	107	408
	107	407
	107	405
	107	402
	107	401
	107	400
	107	399
	108	398
	108	397
	108	396
.PEN_UP
.PEN_DOWN
	114	419
	114	418
	113	418
	113	417
	113	416
	112	414
	112	412
	112	411
	112	409
	112	407
	112	406
	112	405
	113	404
	113	403
	113	402
	114	402
	114	401
.PEN_UP
.PEN_DOWN
	101	408
	102	408
	103	408
	104	408
	105	409
	107	409
	109	410
	110	410
	112	411
	114	412
	116	413
	119	414
	120	414
	121	414
.PEN_UP
.PEN_DOWN
	105	403
	106	403
	107	403
	108	403
	108	404
	109	404
	110	405
	112	405
	114	406
	116	406
	119	407
	120	407
	121	408
.PEN_UP
.PEN_DOWN
	143	397
	143	396
	142	397
	141	397
	141	398
	140	398
	139	399
	138	400
	137	400
	135	403
	134	404
	133	406
	132	408
	132	409
	131	411
	130	413
	130	414
	130	415
	130	416
	130	417
	130	418
	131	419
	132	419
	133	420
	134	420
	135	421
	136	421
	137	421
	139	422
	140	422
	141	422
	142	422
	142	421
	142	420
	142	419
	142	418
	141	416
	140	414
	139	414
	138	412
	138	411
	137	410
	136	409
	135	408
	134	407
	133	406
	132	405
	131	404
	131	402
	129	400
	129	399
	128	398
	128	397
	128	396
	129	396
	130	396
	131	396
	132	396
	133	396
	133	397
	135	397
	136	398
	137	398
	138	399
	139	400
	140	400
	141	401
	141	402
	142	402
	142	403
	142	404
	141	404
	141	405
	140	405
	139	405
	138	405
	137	404
	137	403
.PEN_UP
.PEN_DOWN
	157	427
	157	426
	157	425
	157	424
	157	423
	157	422
	157	421
	157	419
	157	418
	158	417
	158	416
	158	414
	158	412
	158	411
.PEN_UP
.PEN_DOWN
	160	399
	161	398
	160	398
	160	397
	161	397
	162	398
.PEN_UP
.PEN_DOWN
	171	424
	171	425
	172	426
	173	427
	175	428
	176	428
	177	428
	178	429
	179	429
	181	429
	182	429
	182	428
	182	427
	182	426
	182	425
	181	423
	181	422
	180	420
	179	418
	179	417
	178	416
	178	414
	177	413
	177	412
	177	411
	176	411
	176	410
	176	409
	177	408
	178	408
	179	408
	180	408
.PEN_UP
.PEN_DOWN
	181	397
	182	397
	182	396
	183	396
	184	396
	184	397
.PEN_UP
.PEN_DOWN
	197	400
	197	399
	197	398
	197	397
	197	396
	195	394
	195	393
	194	392
	193	391
	193	390
	193	389
.PEN_UP
.PEN_DOWN
	218	439
	218	438
	218	437
	218	436
	218	435
	218	434
	218	433
	218	432
	219	432
	219	431
	219	430
	219	429
.PEN_UP
.PEN_DOWN
	222	437
	222	436
	222	435
	221	434
	220	433
	220	432
	220	431
	220	430
	220	429
	220	428
	221	427
.PEN_UP
.PEN_DOWN
	242	418
	241	418
	240	418
	239	418
	238	418
	237	417
	237	416
	236	416
	236	415
	236	414
	237	414
	238	413
	238	412
	239	412
	240	411
	241	410
	242	410
	242	409
	243	408
	244	407
	244	406
	244	405
	244	404
	244	403
	243	403
	243	402
	242	402
	241	402
	240	401
	239	401
	237	401
	236	401
	235	401
	234	401
.PEN_UP
.PEN_DOWN
	250	417
	251	417
	252	418
	253	418
	254	418
	255	417
	256	416
	256	415
	256	414
	255	413
	255	412
	255	411
	254	410
	252	408
	251	407
	250	406
	250	405
	249	404
	249	403
	249	402
	249	401
	250	401
	251	401
	252	401
	253	401
	253	402
	254	402
	254	403
	255	404
	255	405
	255	407
	255	408
	255	409
	255	410
	255	411
	255	412
	255	413
	255	414
.PEN_UP
.PEN_DOWN
	264	417
	264	416
	264	415
	264	414
	264	413
	263	412
	263	411
	263	410
	263	409
	263	408
	263	407
	263	406
	263	405
	263	404
	263	403
	264	402
	264	401
	265	401
	266	401
	267	402
	268	402
	268	403
	269	403
	269	404
	270	404
	270	405
.PEN_UP
.PEN_DOWN
	263	425
	263	426
	262	426
	262	427
	263	427
.PEN_UP
.PEN_DOWN
	278	411
	279	412
	279	413
	279	414
	279	415
	279	416
	279	417
	279	418
	278	419
	277	419
	276	419
	276	418
	275	418
	274	417
	274	416
	273	416
	273	415
	272	414
	271	413
	271	412
	271	411
	271	410
	271	409
	272	408
	272	407
	273	407
	274	407
	275	407
	276	407
	277	407
	278	408
	279	409
	279	410
	280	411
	280	412
	281	413
	281	414
	281	415
	281	416
	282	417
	282	418
	282	420
	282	421
	282	424
	282	425
	283	426
	283	427
	283	428
	283	429
	283	428
	282	428
	282	427
	282	426
	282	425
	281	423
	280	422
	280	420
	280	418
	280	416
	280	414
	280	411
	281	410
	281	408
	282	407
	283	406
	283	405
	284	404
.PEN_UP
.PEN_DOWN
	322	423
	322	422
	321	421
	321	420
	320	420
	319	419
	319	418
	320	418
	321	418
	322	418
	322	419
	323	419
	323	420
	324	421
	324	422
	324	423
	324	424
	324	425
	323	427
	323	428
	322	428
	322	429
	321	429
	320	429
	319	429
	318	429
	317	429
	316	428
	315	427
	313	425
	312	423
	311	422
	311	420
	310	419
	310	417
	310	416
	310	414
	311	412
	311	411
	312	409
	314	407
	315	406
	316	405
	317	404
	318	403
	319	403
	321	403
.PEN_UP
.PEN_DOWN
	328	419
	329	419
	329	420
	330	420
	331	420
	332	421
	333	421
	334	421
	335	421
	336	421
	337	421
	337	420
	337	419
	336	418
	335	418
	334	416
	333	415
	332	414
	332	413
	331	412
	330	411
	330	410
	330	409
	330	408
	330	407
	330	406
	331	406
	332	406
	333	406
	334	406
	335	407
	336	408
	337	409
	338	410
	338	411
	338	413
	338	414
	338	415
	338	416
	337	417
	337	418
.PEN_UP
.PEN_DOWN
	344	431
	344	430
	344	429
	344	428
	344	425
	344	424
	344	422
	344	421
	344	419
	344	418
	344	417
	344	415
	344	414
	344	413
	344	412
	344	411
	344	409
	344	408
	345	408
	346	408
	347	409
	348	409
	349	409
	349	410
	350	410
	351	410
.PEN_UP
.PEN_DOWN
	349	422
	349	423
	350	424
	351	424
	352	425
	353	425
	355	425
	356	425
	357	425
	357	424
	357	423
	356	421
	355	420
	355	419
	355	418
	354	417
	354	416
	354	415
	354	414
	354	413
	354	412
	355	411
	356	411
	357	411
	358	411
	358	412
	359	412
	359	413
	360	414
	361	415
	361	417
	361	418
	361	419
	361	420
	361	421
	361	422
	361	423
	361	424
	362	424
	363	424
.PEN_UP
.PEN_DOWN
	372	422
	372	421
	371	420
	371	419
	370	418
	370	417
	370	416
	370	415
	371	414
	371	413
	372	413
	372	412
	372	411
	373	411
	374	412
	375	412
	375	413
.PEN_UP
.PEN_DOWN
	373	432
	373	433
.PEN_UP
.PEN_DOWN
	380	425
	380	424
	380	423
	380	422
	380	421
	380	419
	380	418
	381	418
	381	416
	381	415
	382	414
	382	413
	383	412
	383	413
	384	414
	384	415
	384	416
	385	417
	385	418
	386	418
	386	419
	386	420
	387	420
	387	419
	387	418
	388	416
	389	415
	390	414
	391	413
	392	412
	393	412
	394	412
	395	412
.PEN_UP
.PEN_DOWN
	398	431
	398	432
	399	433
.PEN_UP
.PEN_DOWN
	401	413
	401	412
	401	411
	400	410
	399	409
	398	407
	398	406
	397	405
	396	404
	395	403
	394	401
	394	400
	394	399
.PEN_UP
