
.WRITER_ID ArloReeves
.STYLE PRINTED
.PEN_DOWN
	77	409
	77	410
	77	411
	77	412
	78	412
	79	412
	79	411
	79	409
	78	408
	78	406
	78	405
	77	403
	77	401
	77	400
	77	398
	77	396
	78	395
	78	394
	79	393
.PEN_UP
.PEN_DOWN
	83	385
	82	385
	81	385
	81	384
	82	384
.PEN_UP
.PEN_DOWN
	105	407
	105	408
	105	407
	105	406
	106	405
	106	406
	106	407
	106	408
	105	408
	105	409
	104	409
	103	409
	102	409
	101	409
	100	408
	100	407
	99	407
	99	406
	99	405
	99	404
	99	403
	99	402
	99	401
	100	400
	101	400
	102	400
	103	400
	104	400
	105	400
	105	401
	106	401
	107	401
	108	401
	109	402
	110	402
	110	403
	111	403
	111	404
	112	405
	112	406
	113	408
	113	409
	113	411
	113	412
	113	413
	113	414
	113	415
	112	416
	112	417
	111	418
	110	418
	109	418
	108	418
	106	418
	105	418
	104	418
	103	418
	102	418
	101	417
	100	417
	99	416
	98	416
	97	415
	96	414
	95	413
	94	412
	94	411
	93	410
	93	409
	92	408
	92	406
	92	404
	92	401
	92	400
	93	398
	94	396
	95	395
	96	394
	97	392
	98	391
	100	390
	101	390
	102	389
	104	389
	106	388
	107	388
.PEN_UP
.PEN_DOWN
	130	418
	130	417
	130	416
	130	415
	129	412
	129	411
	128	409
	128	407
	128	405
	127	404
	127	402
	127	401
	126	400
	126	398
	126	397
	126	396
	125	395
.PEN_UP
.PEN_DOWN
	133	417
	133	416
	133	415
	133	414
	133	413
	133	412
	132	410
	132	409
	132	407
	132	405
	132	404
	132	402
	132	401
	133	398
	133	397
	133	396
	133	395
.PEN_UP
.PEN_DOWN
	122	406
	123	406
	124	406
	125	406
	126	406
	127	406
	129	406
	130	407
	132	407
	135	408
	136	409
	137	409
	138	409
	139	409
.PEN_UP
.PEN_DOWN
	123	399
	123	398
	124	398
	125	398
	126	398
	127	399
	128	399
	129	399
	130	400
	132	400
	133	400
	137	401
	138	402
.PEN_UP
.PEN_DOWN
	164	413
	163	413
	162	413
	161	413
	160	413
	158	412
	157	412
	156	411
	155	410
	154	410
	154	409
	153	409
	153	408
	154	407
	155	407
	156	407
	157	406
	158	406
	159	405
	160	405
	161	405
	162	405
	163	404
	164	403
	165	403
	165	402
	165	401
	165	400
	164	400
	164	399
	163	398
	162	397
	160	397
	159	396
	158	396
	157	396
	156	396
	155	396
.PEN_UP
.PEN_DOWN
	160	421
	160	420
	160	419
	160	418
	159	417
	159	414
	159	412
	159	410
	159	408
	159	405
	159	402
	159	400
	159	398
	159	396
	159	394
	159	392
	159	391
	160	389
	160	388
.PEN_UP
.PEN_DOWN
	186	416
	185	416
	184	416
	183	415
	181	413
	181	412
	181	411
	181	409
	181	408
	181	407
	181	406
	182	406
	184	406
	185	406
	186	407
	187	407
	187	408
	188	408
	188	409
	188	410
	188	411
	188	412
	188	413
.PEN_UP
.PEN_DOWN
	193	420
	193	419
	193	418
	192	417
	192	416
	191	414
	191	413
	190	411
	189	409
	188	405
	187	403
	186	401
	185	400
	185	398
	184	396
	183	395
	183	394
	183	393
.PEN_UP
.PEN_DOWN
	193	403
	193	402
	193	401
	192	401
	192	400
	192	398
	192	397
	193	397
	194	397
	195	397
	196	397
	197	397
	198	398
	198	399
	198	400
	198	401
	197	402
	197	403
	196	403
	195	404
	194	404
.PEN_UP
.PEN_DOWN
	208	414
	208	415
	209	415
	209	416
	210	417
	210	418
	211	419
	212	421
	212	422
	213	422
	213	423
	213	422
	213	421
	213	420
	213	419
	213	418
	213	417
	213	415
	213	414
	214	413
	214	412
	214	411
	214	410
	215	409
.PEN_UP
.PEN_DOWN
	237	390
	236	390
	235	390
	234	390
	233	390
	232	391
	231	391
	230	392
	230	393
	229	393
	228	394
	228	396
	227	397
	225	399
	225	401
	224	403
	224	404
	224	405
	224	406
	224	407
	224	408
	224	409
	225	409
	226	410
	227	410
	228	411
	229	412
	230	412
	231	412
	232	413
	233	413
	234	413
	234	412
	233	411
	233	410
	233	409
	232	408
	231	406
	230	405
	229	404
	229	403
	228	402
	227	401
	226	399
	225	398
	225	397
	224	396
	223	395
	223	394
	222	392
	222	391
	221	391
	221	390
	221	389
	222	389
	222	388
	223	388
	223	387
	224	387
	225	387
	226	387
	227	387
	229	388
	230	388
	231	389
	232	389
	233	390
	233	391
	234	391
	234	392
	234	394
	234	395
	234	396
	233	396
	232	396
	231	396
	230	396
	229	396
	227	395
.PEN_UP
.PEN_DOWN
	251	413
	251	412
	251	411
	252	410
	252	409
	253	409
	253	407
	254	406
	255	405
	256	404
	257	403
	257	402
	258	401
	259	401
	259	400
	260	400
.PEN_UP
.PEN_DOWN
	259	413
	259	412
	258	412
	258	411
	257	410
	256	409
	255	408
	255	407
	255	406
	254	405
	254	404
	254	403
	253	402
	253	401
	253	400
.PEN_UP
.PEN_DOWN
	247	405
	248	405
	249	405
	250	405
	251	405
	252	405
	254	405
	255	405
	258	405
	260	405
	261	405
	263	406
.PEN_UP
.PEN_DOWN
	277	414
	277	413
	277	412
	276	411
	276	409
	276	408
	276	406
	275	404
	275	402
	275	399
	275	397
	276	396
	276	394
	277	392
	277	391
	278	389
	278	388
	279	387
	280	385
	281	384
.PEN_UP
.PEN_DOWN
	285	420
	286	419
	287	419
	287	418
	288	418
	288	417
	288	415
	289	414
	290	411
	290	409
	291	407
	291	405
	291	403
	292	401
	292	399
	292	397
	292	396
	292	394
	292	392
	291	391
	290	387
	290	386
	289	385
	289	384
	288	383
.PEN_UP
.PEN_DOWN
	300	419
	301	418
	302	418
	303	418
	304	418
	305	417
	306	417
	307	416
	308	416
	309	415
	310	414
.PEN_UP
.PEN_DOWN
	316	406
	317	406
	317	407
	318	407
	318	408
	318	409
	319	409
	319	410
	320	411
	321	411
	321	412
	322	413
	323	414
	323	415
	323	414
	323	413
	323	412
	323	411
	323	410
	323	409
	323	408
	323	407
	324	406
	325	406
	326	406
	327	406
	327	407
	328	407
	329	408
	329	409
	330	410
	330	411
	330	412
	331	412
	331	413
.PEN_UP
.PEN_DOWN
	336	396
	338	396
	339	396
	340	396
	342	396
	344	397
	346	397
	348	397
	350	397
	352	397
.PEN_UP
.PEN_DOWN
	349	381
	350	380
	351	380
	353	380
	354	380
	355	380
	357	380
	358	380
	359	381
	361	381
	363	381
	364	381
	366	382
	368	382
	369	382
	373	382
	374	382
	375	383
	376	383
	377	383
	378	383
	379	383
.PEN_UP
.PEN_DOWN
	386	409
	386	410
	386	409
	386	408
	386	407
	386	406
	386	405
	386	404
	386	403
	387	401
	387	400
	387	399
	387	398
	388	397
.PEN_UP
.PEN_DOWN
	380	402
	381	402
	382	402
	383	403
	384	403
	386	403
	387	404
	389	404
	390	404
	392	404
	394	404
.PEN_UP
.PEN_DOWN
	401	393
	402	393
	403	393
	404	393
	406	394
	407	394
	409	394
	411	394
	412	395
	414	395
.PEN_UP
.PEN_DOWN
	403	398
	403	399
	404	399
	405	399
	406	400
	407	400
	409	400
	410	400
	412	400
	414	400
.PEN_UP
.PEN_DOWN
	432	413
	431	413
	431	412
	430	412
	430	411
	429	411
	428	410
	427	409
	426	408
	425	407
	425	406
	424	406
	424	405
	424	404
	423	403
	423	402
	423	401
	423	400
	424	400
	424	399
	424	398
	424	397
	425	396
	425	395
	425	394
	425	393
	425	392
	425	391
	425	390
	425	389
	425	388
	425	387
	425	385
	425	384
	425	383
	425	382
	426	382
	426	383
	428	383
	429	383
	430	383
	431	384
	432	384
	435	384
.PEN_UP
.PEN_DOWN
	439	408
	440	408
	440	409
	441	409
	442	409
	443	409
	444	409
	445	409
	446	409
	447	409
	448	409
	448	408
	448	407
	448	406
	448	405
	448	404
	448	403
	448	402
	448	401
	448	400
	448	399
	448	398
	448	396
	448	394
	448	393
	448	391
	448	389
	448	388
	448	387
	448	386
	448	385
	448	384
	448	383
	448	382
	448	381
	447	381
	446	381
	445	381
	444	381
	443	381
.PEN_UP
.PEN_DOWN
	468	416
	467	416
	466	416
	465	416
	465	415
	464	414
	463	414
	462	414
	462	413
	461	413
	461	412
	460	412
	460	411
	460	410
	460	409
	461	409
	461	408
	462	408
	463	407
	464	407
	465	407
	466	406
	467	406
	468	405
	469	405
	469	404
	469	403
	468	402
	466	401
	464	400
	463	399
	462	399
	462	398
	462	397
	463	397
	463	396
	464	396
	465	396
	466	396
	467	396
	467	395
	467	394
	467	393
	467	391
	466	391
	466	390
	466	389
	466	388
	466	387
	467	387
	468	387
.PEN_UP
.PEN_DOWN
	477	418
	478	418
	479	417
	480	417
	482	417
	483	416
	484	416
	484	415
	485	415
	485	414
	485	413
	485	412
	484	411
	483	411
	483	410
	482	410
	482	409
	481	408
	481	407
	480	407
	480	406
	479	406
	478	405
	477	404
	477	403
	476	403
	476	402
	477	402
	478	401
	479	401
	480	401
	481	401
	482	401
	482	400
	482	399
	481	398
	481	397
	481	396
	481	395
	481	394
	481	393
	482	392
	483	391
	484	390
	485	390
	485	389
	486	388
	486	387
	485	386
	483	386
	482	385
	481	385
	480	385
	479	385
	478	385
.PEN_UP
.PEN_DOWN
	491	416
	492	416
	493	416
	494	415
	496	414
	496	412
	497	411
	498	409
	499	407
	500	406
	501	404
	502	402
	503	400
	504	399
	505	398
.PEN_UP
.PEN_DOWN
	513	395
	513	394
	513	393
	513	392
	513	391
	512	391
	511	389
	510	388
	510	387
	509	387
	509	386
.PEN_UP
.PEN_DOWN
	532	418
	532	417
	531	416
	530	415
	530	414
	528	412
	528	410
	527	408
	526	406
	525	404
	524	400
	524	398
	524	396
.PEN_UP
.PEN_DOWN
	541	409
	541	410
	541	411
	542	412
	542	413
	543	413
	544	414
	545	414
	547	414
	548	414
	549	414
	550	414
	551	414
	551	413
	551	411
	550	411
	550	410
	550	409
	549	409
	549	408
	548	407
	548	406
	547	405
	547	404
	545	402
	544	401
	544	400
	543	400
	543	399
	542	398
	542	397
	542	396
	543	395
	544	394
	546	394
	547	394
	548	394
	549	394
	550	394
	551	394
.PEN_UP
.PEN_DOWN
	549	384
	549	383
	548	383
	547	383
	547	382
	548	382
	549	382
	550	382
	551	382
	552	383
	552	384
	551	384
	551	385
	550	385
.PEN_UP
.PEN_DOWN
	559	421
	559	420
	560	420
	560	419
	561	418
	562	416
	562	415
	562	414
	563	414
.PEN_UP
.PEN_DOWN
	580	417
	580	416
	580	415
	580	414
	579	413
	579	412
	579	411
	579	410
	579	409
	580	408
	580	407
	580	406
	581	405
.PEN_UP
.PEN_DOWN
	585	414
	584	414
	584	413
	584	412
	584	411
	584	410
	584	409
	584	407
	584	406
	585	406
.PEN_UP
.PEN_DOWN
	606	408
	607	408
	606	407
	606	406
	605	406
	605	405
	604	404
	603	403
	602	402
	601	402
	600	400
	599	400
	598	398
	597	397
	596	396
	595	396
	595	395
	594	395
	595	395
	595	394
	596	394
	597	394
	598	394
	599	394
	602	394
	603	393
	604	393
	605	393
	606	392
	607	391
.PEN_UP
.PEN_DOWN
	618	419
	619	419
	620	418
	620	417
	620	415
	620	412
	621	410
	621	409
	621	407
	622	405
	622	403
	622	402
	622	400
	622	399
	622	397
	622	396
	622	395
	621	393
.PEN_UP
.PEN_DOWN
	634	409
	635	409
	636	409
	637	408
	638	408
	639	407
	640	406
	641	406
	642	405
	643	404
	644	403
	645	402
	646	401
	646	400
	646	399
	645	399
	645	398
	644	397
	643	396
	642	395
	641	394
	640	394
	639	393
	639	392
	638	392
	636	391
	635	390
	634	390
	634	389
.PEN_UP
.PEN_DOWN
	654	419
	655	419
	655	420
	655	419
	656	418
	656	417
	656	416
	657	415
	657	414
	657	413
	657	412
.PEN_UP
.PEN_DOWN
	660	417
	660	416
	659	415
	659	414
	659	413
	660	412
	660	411
	660	410
.PEN_UP
.PEN_DOWN
	676	411
	676	412
.PEN_UP
.PEN_DOWN
	673	387
	672	386
	672	385
	671	384
	670	382
	669	382
	668	381
	668	380
	667	379
	666	378
	665	378
.PEN_UP
.PEN_DOWN
	691	409
	691	410
	690	410
.PEN_UP
.PEN_DOWN
	689	393
	688	393
	687	393
	687	394
.PEN_UP
.PEN_DOWN
	704	388
	705	388
	705	389
	706	389
.PEN_UP
