
.WRITER_ID ArloReeves
.STYLE PRINTED
.PEN_DOWN
	103	424
	103	423
	102	423
	102	421
	102	420
	102	419
	102	418
	102	416
	102	414
	102	413
	102	411
	103	409
	103	407
	103	405
	104	401
	104	399
	105	397
	105	396
	105	395
	105	394
	105	393
	105	392
	106	391
.PEN_UP
.PEN_DOWN
	98	423
	98	424
	98	425
	99	426
	100	427
	101	427
	102	427
	104	427
	105	427
	106	427
	108	427
	109	426
	110	425
	110	424
	111	423
	111	422
	111	421
	111	419
	111	418
	111	417
	111	415
	110	414
	109	412
	108	411
	107	410
	106	409
	105	408
	104	408
	103	407
	102	407
	101	407
	100	407
	100	408
	101	408
	101	409
	102	409
	103	410
	104	410
	105	411
	107	411
	108	411
	109	411
	110	411
	111	410
	112	410
	113	409
	114	409
	115	408
	115	407
	116	406
	116	405
	117	405
	117	404
	117	402
	117	401
	116	401
	116	400
	115	400
	115	399
	114	399
	113	398
	112	398
	110	397
	109	397
	108	397
	106	397
	105	398
.PEN_UP
.PEN_DOWN
	121	416
	121	415
	122	415
	122	414
	122	413
	122	412
	122	410
	122	409
	122	408
	122	406
	122	405
	123	403
	124	401
	124	400
	126	398
	126	397
	127	396
	126	397
	126	398
	126	399
	126	400
	126	401
	125	402
	125	404
	125	405
	125	406
	125	407
	125	408
	126	409
	127	410
	127	411
	128	412
	129	413
	130	413
	131	414
	133	414
	134	415
	136	415
	137	416
	138	416
.PEN_UP
.PEN_DOWN
	145	413
	146	413
	145	413
	144	413
	143	412
	141	410
	141	409
	140	408
	140	407
	139	406
	139	405
	139	404
	139	403
	139	402
	140	401
	141	400
	142	400
	143	399
	144	399
	145	399
	146	399
	147	399
	148	400
	149	400
	149	401
	149	402
	149	403
	149	405
	149	407
	148	408
	148	409
	147	411
	146	412
.PEN_UP
.PEN_DOWN
	155	435
	155	434
	155	433
	155	432
	155	431
	155	429
	155	428
	155	426
	155	424
	156	421
	156	419
	156	417
	157	415
	157	413
	157	411
	158	409
	158	407
	158	405
	158	404
	159	402
	159	400
	159	399
	159	398
	159	397
	159	398
	159	399
	159	401
	159	403
	159	404
	159	406
	159	408
	159	410
	160	412
	160	413
	160	415
	161	416
	161	417
	161	418
	162	419
	163	419
	164	420
	165	420
	166	420
	167	420
	168	420
	168	419
	169	418
	169	417
	168	417
	167	416
	166	416
	165	415
	164	415
	163	415
	161	414
	160	413
	160	412
	160	411
	160	410
	161	410
	162	409
	163	409
	164	408
	164	407
	165	407
	165	406
	166	405
	166	404
	167	402
	167	401
	168	400
	169	399
	169	398
	170	398
	170	397
	171	397
	172	396
.PEN_UP
.PEN_DOWN
	176	411
	177	411
	178	411
	179	411
	180	412
	181	412
	182	413
	183	413
	184	413
	185	414
	187	414
	187	415
	188	415
	188	416
	187	417
	186	418
	185	418
	184	418
	183	418
	182	417
	181	417
	181	416
	180	416
	180	415
	179	414
	178	413
	178	411
	178	410
	178	409
	178	407
	179	406
	179	405
	180	404
	181	403
	182	402
	183	401
	184	401
	185	401
	187	401
	188	401
	190	402
.PEN_UP
.PEN_DOWN
	195	419
	195	418
	195	417
	195	416
	195	415
	195	414
	195	413
	196	412
	196	411
	196	410
	196	409
	197	408
	197	407
	197	406
	197	405
	197	406
	197	407
	197	408
	197	409
	197	410
	198	410
	198	411
	199	411
	199	412
	199	413
	200	413
	200	414
	201	414
	201	415
	202	415
	203	416
	204	417
	205	417
	206	418
	207	418
	207	417
	208	417
	208	416
	208	415
	208	414
	209	412
	209	411
	210	410
	210	409
	211	408
	212	406
	213	405
.PEN_UP
.PEN_DOWN
	244	426
	244	425
	244	424
	244	423
	243	422
	243	420
	243	417
	243	415
	243	413
	243	411
	243	409
	244	406
	244	404
	244	402
	244	401
	244	399
	244	398
	244	397
	245	395
	245	396
.PEN_UP
.PEN_DOWN
	247	428
	247	427
	248	426
	248	425
	248	424
	248	423
	249	419
	249	418
	250	417
	251	415
	252	414
	252	412
	253	411
	254	410
	255	409
	256	409
	257	409
	257	410
	257	411
	258	412
	258	413
	259	414
	259	415
	259	416
	259	417
	259	418
	259	420
	260	423
	261	424
	261	425
	261	426
	262	426
	263	426
	263	425
	264	423
	264	422
	264	420
	264	419
	264	417
	264	416
	264	414
	264	413
	264	411
	264	409
	264	407
	264	406
	265	403
	265	402
	265	401
	265	400
	265	399
.PEN_UP
.PEN_DOWN
	280	415
	280	416
	280	417
	279	417
	278	417
	277	416
	276	415
	275	414
	273	411
	273	410
	273	409
	273	408
	273	407
	273	405
	273	404
	274	403
	275	403
	276	403
	278	403
	278	401
	279	401
	279	402
	280	403
	280	404
	280	405
	280	406
	280	408
	280	409
	280	412
	280	413
	280	414
	279	415
	279	416
.PEN_UP
.PEN_DOWN
	292	417
	292	418
	291	418
	290	418
	289	418
	289	417
	288	416
	287	415
	287	414
	286	413
	285	412
	285	410
	285	408
	285	407
	285	406
	285	405
	286	404
	286	403
	287	402
	288	401
	289	401
	289	400
	290	400
	291	400
	292	401
	293	401
	293	402
	294	403
	294	404
	294	405
	294	406
	294	408
	294	409
	294	411
	294	412
	293	414
	293	416
	293	417
	293	418
.PEN_UP
.PEN_DOWN
	303	419
	303	418
	302	418
	302	417
	302	416
	302	415
	302	414
	302	413
	302	412
	302	410
	302	409
	302	408
	302	405
	302	404
	302	403
	302	402
	303	402
	303	401
	303	402
	303	403
	304	404
	304	405
	304	406
	304	407
	305	408
	305	409
	305	411
	306	412
	306	413
	307	415
	307	416
	308	416
	309	416
	310	416
	311	416
	312	415
	312	414
	312	413
	312	412
	312	411
	312	409
	312	407
	312	406
	312	405
	312	403
	312	402
	312	401
	312	400
	313	400
	313	399
.PEN_UP
.PEN_DOWN
	330	421
	329	422
	328	422
	327	422
	326	422
	325	422
	325	421
	324	421
	323	421
	323	420
	322	420
	322	419
	322	418
	322	417
	323	416
	323	415
	323	414
	324	413
	325	411
	325	410
	326	409
	327	408
	327	407
	327	405
	328	405
	328	403
	328	402
	327	401
	326	400
	325	400
	324	400
	323	400
	322	400
	321	400
	320	401
	319	402
	318	402
	318	403
.PEN_UP
.PEN_DOWN
	373	439
	373	438
	373	437
	373	436
	373	434
	373	432
	373	430
	373	428
	373	427
	373	423
	373	421
	373	419
	373	417
	373	415
	373	414
	373	413
	373	411
	373	410
	373	409
	373	408
	373	407
	374	407
	374	408
	375	408
	376	408
	377	408
	378	408
	379	409
	380	409
	381	409
	382	409
	382	410
	383	410
	384	411
.PEN_UP
.PEN_DOWN
	369	425
	370	426
	372	426
	373	426
	375	427
	376	427
	378	427
.PEN_UP
.PEN_DOWN
	386	440
	386	439
	386	438
	386	437
	386	435
	387	434
	387	432
	387	429
	388	427
	388	425
	388	423
	388	421
	388	419
	388	418
	388	416
	388	414
	388	413
	388	412
	388	410
	388	409
	388	410
	388	411
	388	412
	389	413
	389	415
	390	416
	390	418
	391	419
	391	420
	392	421
	393	421
	393	422
	394	422
	394	423
	395	423
	396	423
	397	423
	397	422
	398	421
	399	420
	399	419
	399	418
	400	417
	400	415
	400	414
	400	413
	400	412
	400	411
	400	409
	400	408
	400	407
.PEN_UP
.PEN_DOWN
	404	426
	405	426
	406	426
	408	425
	409	425
	410	425
	411	424
	412	424
	412	423
	413	423
	413	422
	413	421
	412	421
	411	420
	411	419
	410	419
	409	418
	408	418
	407	417
	406	416
	405	415
	404	414
	404	413
	404	412
	404	411
	404	410
	404	409
	405	409
	406	409
	406	408
	407	408
	408	408
	409	408
	410	409
	411	409
	412	410
	412	411
	412	412
	412	413
	412	414
	412	415
	412	416
	412	417
	412	418
	411	419
	411	420
	411	422
.PEN_UP
.PEN_DOWN
	423	440
	423	439
	423	437
	423	436
	422	435
	422	434
	422	432
	422	431
	421	429
	421	427
	421	426
	421	424
	421	422
	421	420
	420	417
	420	415
	420	414
	420	413
	420	411
	420	410
	420	409
	420	408
	420	407
	421	407
	422	407
	423	408
	424	409
	425	409
	426	410
	426	411
	427	411
.PEN_UP
.PEN_DOWN
	417	422
	417	421
	418	421
	419	421
	420	421
	421	421
	423	421
	425	422
.PEN_UP
.PEN_DOWN
	465	422
	465	423
	464	423
	464	424
	463	425
	462	425
	462	426
	461	426
	461	427
	460	427
	459	427
	459	426
	458	426
	457	425
	456	424
	455	423
	454	422
	453	421
	452	420
	451	419
	451	418
	451	417
	451	416
	451	415
	451	414
	451	413
	452	413
	453	413
	453	414
	454	414
	455	414
	456	415
	457	415
	458	416
	459	418
	460	419
	461	421
	462	422
	462	423
	463	424
	463	426
	464	428
	464	429
	464	431
	465	435
	465	437
	465	438
	465	439
	466	440
	466	441
	466	442
	466	443
	466	444
	466	443
	466	442
	465	441
	465	440
	465	439
	464	437
	464	436
	463	433
	463	431
	463	429
	462	428
	462	426
	462	424
	462	422
	463	420
	463	419
	463	417
	464	416
	465	414
	465	412
	465	411
	466	411
	466	410
	467	410
	468	410
	469	410
	470	410
	471	410
.PEN_UP
.PEN_DOWN
	479	426
	480	426
	480	425
	479	425
	479	424
	478	423
	478	422
	478	421
	478	420
	478	419
	478	418
	478	417
	478	416
	478	415
	478	414
	479	414
	479	413
	480	413
	481	413
	482	413
	483	414
	484	414
	485	414
	485	415
.PEN_UP
.PEN_DOWN
	482	433
	482	434
	482	435
.PEN_UP
.PEN_DOWN
	499	428
	498	428
	497	428
	496	428
	494	428
	493	427
	492	427
	492	426
	492	425
	493	424
	494	423
	495	423
	496	422
	496	421
	497	420
	498	420
	498	419
	499	418
	499	417
	499	416
	499	415
	499	414
	498	412
	497	411
	496	411
	495	410
	494	410
	493	410
	492	410
	491	410
	491	411
	490	411
	490	412
.PEN_UP
.PEN_DOWN
	509	427
	510	427
	510	428
	511	429
	512	429
	512	430
	513	430
	514	430
	515	430
	516	430
	517	430
	518	429
	518	428
	518	427
	518	426
	517	425
	517	424
	516	423
	515	421
	514	420
	514	419
	514	418
	513	417
	513	416
	513	415
	513	414
	514	414
	515	413
	516	413
	517	413
	518	413
	518	414
	519	414
	520	414
	521	415
	522	416
	522	417
	522	418
	522	419
	522	420
	522	421
	521	422
	521	423
	520	423
	519	424
	518	425
.PEN_UP
.PEN_DOWN
	536	426
	536	427
	536	428
	535	429
	535	430
	533	430
	532	430
	531	430
	530	430
	529	430
	528	430
	527	430
	527	429
	526	429
	526	428
	526	427
	528	426
	528	425
	529	424
	531	423
	532	423
	533	422
	534	421
	535	420
	536	419
	537	418
	537	417
	538	416
	538	415
	538	414
	537	414
	536	413
	535	413
	533	413
	532	413
	530	413
	529	413
	528	413
	528	414
.PEN_UP
.PEN_DOWN
	550	438
	550	437
	549	437
	549	436
	549	435
	548	433
	548	432
	548	431
	548	429
	548	428
	548	427
	548	425
	548	424
	548	423
	548	422
	548	420
	548	419
	547	417
	547	416
	547	415
	547	414
	547	413
	547	412
	548	412
	549	412
	550	413
	551	413
	552	414
	553	414
	554	415
	555	415
	556	416
	557	416
	558	417
.PEN_UP
.PEN_DOWN
	545	427
	546	428
	547	428
	548	428
	550	428
	551	428
	553	428
	554	428
	555	428
.PEN_UP
.PEN_DOWN
	565	423
	566	423
	567	424
	568	424
	569	425
	570	425
	571	426
	571	427
	572	427
	572	428
	572	429
	571	429
	570	430
	569	430
	568	430
	567	430
	567	429
	566	429
	565	429
	565	428
	564	428
	563	427
	562	426
	561	425
	561	424
	561	423
	561	422
	561	421
	561	420
	561	419
	562	418
	562	417
	563	416
	564	415
	565	414
	566	413
	567	412
	568	412
.PEN_UP
.PEN_DOWN
	577	428
	577	427
	577	426
	577	425
	577	424
	577	423
	577	422
	577	420
	578	419
	578	418
	578	417
	578	416
	579	416
	579	415
	578	415
	578	416
	578	417
	578	418
	578	419
	578	420
	578	421
	579	422
	579	423
	580	423
	581	423
	582	424
	583	425
	584	425
	586	426
	587	426
	588	426
.PEN_UP
.PEN_DOWN
	622	437
	623	437
	625	437
	624	437
	623	437
	622	437
	621	437
	620	436
	619	435
	619	434
	619	433
	620	433
	621	432
	622	432
	623	431
	624	431
	625	430
	626	429
	627	428
	628	428
	629	427
	630	425
	631	425
	631	424
	631	423
	631	422
	630	421
	629	420
	628	420
	627	420
	626	419
	625	419
	624	419
	624	420
	623	420
.PEN_UP
.PEN_DOWN
	643	449
	643	448
	643	447
	642	446
	642	445
	642	443
	642	442
	641	440
	641	438
	641	437
	641	435
	641	433
	641	432
	642	430
	642	427
	642	426
	643	425
	643	423
	643	422
.PEN_UP
.PEN_DOWN
	635	432
	636	432
	637	432
	639	433
	640	433
	641	433
	642	433
	644	433
	645	433
	646	433
	647	433
.PEN_UP
.PEN_DOWN
	651	437
	651	436
	651	435
	651	434
	652	433
	652	432
	652	431
	652	430
	652	429
	652	428
	652	427
	652	426
	653	424
	653	423
	653	424
	654	425
	654	426
	654	427
	654	428
	654	429
	655	430
	655	431
	655	432
	656	433
	657	433
	658	434
	659	434
	660	434
	661	434
	662	434
	663	434
	664	434
.PEN_UP
.PEN_DOWN
	666	436
	666	435
	666	434
	666	433
	666	432
	666	431
	666	430
	667	429
	667	428
	668	426
	668	425
	669	425
	669	424
	670	424
	671	423
	672	423
	673	424
	674	425
	674	426
	674	427
	675	428
	675	429
	676	430
	676	431
	676	432
	676	433
	676	434
	677	435
	677	436
	677	437
.PEN_UP
.PEN_DOWN
	688	435
	688	436
	687	436
	686	436
	685	436
	684	435
	683	434
	682	434
	682	433
	681	432
	680	432
	680	431
	680	430
	680	429
	680	428
	680	427
	681	425
	682	424
	683	423
	684	423
	684	422
	685	422
	686	422
	687	422
.PEN_UP
.PEN_DOWN
	702	447
	702	446
	702	445
	702	444
	701	443
	701	441
	700	439
	700	437
	700	435
	700	433
	699	428
	699	426
	699	424
	698	422
	698	420
	698	418
	698	417
	698	416
	697	414
	697	413
	697	412
	697	413
	697	414
	697	415
	697	416
	697	418
	698	419
	699	421
	699	423
	700	426
	701	428
	701	429
	702	430
	702	431
	703	432
	704	433
	705	433
	706	433
	707	433
	709	433
	710	432
	711	432
	711	431
	712	430
	712	429
	711	428
	709	428
	709	427
	708	427
	707	427
	706	427
	705	427
	704	427
	703	427
	703	426
	704	426
	705	425
	705	424
	706	423
	707	422
	709	421
	711	420
	712	419
	712	418
	713	418
	714	418
	715	417
	716	417
	717	417
.PEN_UP
.PEN_DOWN
	729	423
	729	424
.PEN_UP
