
.WRITER_ID ArloReeves
.STYLE PRINTED
.PEN_DOWN
	87	400
	88	400
	89	400
	89	399
	89	398
	90	398
	90	397
	91	396
	92	396
	93	396
	93	397
	94	398
	94	399
	94	400
	94	401
	94	402
	93	403
	93	404
	93	405
	92	406
	91	408
	90	408
	90	409
	89	409
	88	409
	87	408
	86	407
	85	406
	85	405
	84	405
	84	404
	84	403
	84	402
	84	401
	84	400
	84	399
	84	398
	85	398
	86	398
	87	398
	88	398
	88	399
	89	399
	90	399
	91	399
	92	399
	92	400
	93	400
	94	401
	95	401
	95	402
	96	403
	96	404
	96	405
	96	406
	96	407
	95	408
	95	409
	94	409
	94	410
	93	411
	93	412
	93	413
	93	414
	92	414
	92	415
	92	416
	92	417
	92	418
	92	419
	91	420
	90	420
	88	420
	87	420
	86	420
	85	420
	84	420
	84	419
	83	419
	82	418
	81	417
	80	415
	79	414
	78	413
	78	411
	77	409
	77	408
	77	406
	77	404
	77	402
	77	400
	77	398
	78	396
	79	393
	79	392
	80	390
	80	389
	81	388
	82	388
	84	387
	86	387
	88	387
	90	387
	93	387
.PEN_UP
.PEN_DOWN
	110	405
	111	405
	112	406
	113	407
	114	409
	115	409
	115	410
	115	411
	116	411
	116	412
	117	413
	117	414
	117	413
	117	412
	116	411
	116	409
	116	406
	116	404
	116	402
	116	401
	116	399
	116	398
	116	396
	116	395
	116	394
	117	392
	117	391
	117	390
	117	389
	117	388
	117	387
.PEN_UP
.PEN_DOWN
	124	410
	125	411
	125	412
	126	412
	127	413
	128	413
	129	413
	130	414
	131	414
	131	413
	132	413
	132	412
	132	411
	132	410
	132	409
	132	407
	132	406
	132	405
	132	404
	132	403
	131	402
	131	400
	130	399
	130	397
	130	396
	128	394
	127	393
	127	392
	126	391
	125	390
	125	389
	125	388
	125	387
	126	387
	127	387
	128	387
	129	387
	129	388
	131	388
	132	389
	133	389
	134	390
	135	390
	136	390
	137	390
.PEN_UP
.PEN_DOWN
	145	410
	145	411
	145	410
.PEN_UP
.PEN_DOWN
	146	395
	145	395
	146	395
.PEN_UP
.PEN_DOWN
	157	415
	157	416
	158	416
	159	417
	160	417
	162	418
	163	418
	164	418
	164	419
	165	419
	166	419
	167	419
	168	418
	168	417
	168	416
	167	416
	167	415
	167	414
	166	413
	165	412
	164	411
	162	410
	162	409
	161	409
	160	408
	159	407
	160	407
	161	408
	163	408
	164	408
	165	408
	166	408
	167	408
	168	407
	170	407
	171	406
	172	406
	173	405
	174	403
	174	402
	174	401
	174	400
	173	399
	173	398
	172	398
	172	397
	171	396
	170	396
	168	395
	167	395
	166	395
	165	395
	164	395
	163	395
	163	396
.PEN_UP
.PEN_DOWN
	185	420
	186	420
	185	419
	185	418
	184	418
	183	417
	183	416
	182	415
	181	414
	180	413
	180	412
	178	410
	178	409
	177	409
	177	408
	177	407
	176	407
	176	406
	176	405
	177	405
	178	405
	179	406
	180	406
	181	406
	182	407
	183	407
	185	407
	186	408
	187	408
	188	408
	189	408
.PEN_UP
.PEN_DOWN
	186	418
	186	417
	187	416
	187	415
	187	414
	187	413
	187	411
	187	410
	188	409
	188	407
	188	405
	188	402
	188	401
	188	399
	188	398
	188	396
	188	395
	188	394
	189	393
	189	392
.PEN_UP
.PEN_DOWN
	205	415
	205	416
.PEN_UP
.PEN_DOWN
	203	400
	202	400
	203	400
.PEN_UP
.PEN_DOWN
	220	413
	220	412
	219	412
	218	412
	217	412
	217	411
	217	410
	217	409
	218	408
	219	407
	220	407
	221	406
	222	406
	222	405
	223	405
	223	404
	224	404
	224	403
	225	402
	225	401
	226	400
	226	399
	226	398
	226	397
	227	396
	227	395
	227	394
	226	394
	226	393
	225	393
	224	393
	223	393
	222	393
	221	393
	221	394
	220	394
	218	395
	217	395
	216	396
	215	396
.PEN_UP
.PEN_DOWN
	219	416
	220	416
	222	416
	223	416
	225	417
	226	417
	227	417
	228	417
	229	417
	230	417
.PEN_UP
.PEN_DOWN
	237	416
	236	416
	235	415
	234	414
	233	413
	233	412
	232	410
	231	409
	231	408
	231	406
	230	405
	230	404
	230	401
	231	400
	231	399
	231	397
	232	396
	233	396
	234	395
	235	395
	236	394
	237	394
	238	394
	239	394
	241	394
	242	395
	243	396
	244	397
	244	398
	244	399
	244	400
	243	401
	241	401
	240	401
	239	401
	238	401
	237	400
	236	400
	235	399
	235	398
.PEN_UP
.PEN_DOWN
	254	391
	253	391
	252	391
	251	391
	250	391
	251	391
	252	391
	253	390
	255	390
	256	390
	258	390
	260	390
	261	390
	266	390
	268	390
	271	390
	273	390
.PEN_UP
.PEN_DOWN
	282	417
	282	418
	283	418
	283	417
	284	416
	284	415
	284	414
	284	411
	284	410
	284	409
	284	407
	284	405
	284	403
	284	402
	284	400
	284	399
	285	397
	285	396
	285	395
	285	393
	285	392
	284	392
	284	393
	283	393
	282	393
	282	394
	281	394
	280	394
	279	394
	278	394
	278	395
	278	396
	277	396
	277	397
.PEN_UP
.PEN_DOWN
	276	418
	277	418
	279	419
	280	419
	281	419
	282	420
	284	420
	286	420
	287	420
	289	420
.PEN_UP
.PEN_DOWN
	295	404
	294	404
	294	403
	294	402
	294	401
	294	400
	294	399
	294	398
	295	398
	295	397
	296	396
	297	395
	298	395
	299	394
	300	394
	301	394
	302	394
	303	395
	304	395
	305	396
	305	397
	306	398
	306	400
	306	401
	306	403
	306	404
	306	405
.PEN_UP
.PEN_DOWN
	313	405
	313	406
	312	406
	311	405
	310	404
	309	404
	308	403
	308	402
	307	402
	307	401
	307	400
	307	399
	308	398
	309	398
	310	398
	311	398
	312	398
	312	399
	313	399
	313	400
	314	400
	314	401
	315	402
	315	401
	315	400
	315	399
	315	397
	315	396
	316	395
	316	394
	316	393
	316	391
	316	390
	316	389
	315	387
	315	386
	315	385
	314	384
	314	382
	313	382
	312	382
	312	381
	311	381
	310	381
	309	381
	308	381
	307	382
	306	383
	306	384
.PEN_UP
.PEN_DOWN
	330	405
	330	406
	330	407
	330	408
	329	408
	328	407
	327	407
	326	407
	325	406
	325	405
	324	405
	324	404
	324	403
	324	401
	324	400
	325	399
	326	399
	327	398
	328	398
	329	398
	330	399
	331	399
	332	400
	333	400
	333	401
	333	402
	334	403
	334	404
	334	403
	334	402
	335	401
	335	400
	335	399
	335	398
	335	397
	335	396
	335	393
	334	391
	334	390
	334	389
	334	388
	334	387
	333	386
	332	385
	332	384
	331	384
	330	383
	329	383
	327	382
	326	382
	325	382
	324	383
.PEN_UP
.PEN_DOWN
	345	426
	344	424
	343	424
	343	423
	343	422
	342	421
	342	420
	342	419
	342	418
	342	416
	342	415
	342	413
	342	410
	342	408
	342	407
	342	405
	343	404
	343	402
	343	401
	343	400
	343	399
	344	398
	344	397
	345	396
.PEN_UP
.PEN_DOWN
	352	403
	353	403
	353	404
	354	405
	355	405
	356	405
	356	406
	357	407
	358	407
	359	408
	360	409
	361	409
	361	410
	362	410
	362	411
	363	412
	363	413
	363	414
	363	415
	362	415
	362	416
	361	416
	360	416
	359	416
	357	415
	356	414
	355	414
	354	412
	353	411
	352	410
	352	409
	352	408
	352	406
	352	405
	352	404
	352	403
	354	401
	355	401
	356	400
	358	400
	359	399
	361	399
	362	399
	363	399
	365	399
	366	399
.PEN_UP
.PEN_DOWN
	373	414
	372	414
	372	413
	372	412
	371	410
	371	409
	371	408
	371	407
	371	405
	371	404
	371	403
	371	401
	372	400
	372	399
	372	398
	373	396
	373	397
	373	398
	373	399
	373	400
	374	401
	374	402
	375	403
	375	404
	375	405
	376	406
	376	407
	378	409
	379	410
	380	411
	381	411
	381	412
	382	412
.PEN_UP
.PEN_DOWN
	394	415
	394	416
	393	416
	392	416
	391	416
	390	416
	389	416
	388	415
	387	415
	386	414
	386	413
	385	413
	385	412
	385	411
	386	410
	386	409
	387	408
	388	407
	389	406
	390	405
	390	404
	391	403
	392	402
	392	401
	392	400
	392	399
	392	398
	391	398
	390	397
	389	397
	387	397
	386	397
	385	397
	384	398
	383	399
.PEN_UP
.PEN_DOWN
	398	393
	397	393
	397	394
	398	394
	399	394
	400	394
	401	394
	402	394
	404	394
	405	394
	406	394
	407	394
	409	394
	411	394
	412	394
	413	394
	414	394
	415	395
.PEN_UP
.PEN_DOWN
	437	393
	438	393
	438	392
	439	392
	440	392
	441	392
	442	392
	444	392
	446	392
	447	393
	450	393
	452	393
	454	393
	457	392
	459	392
	460	392
	461	392
	462	391
	463	391
.PEN_UP
.PEN_DOWN
	462	410
	463	410
	463	411
	463	410
	464	410
	464	409
	464	408
	465	407
	465	406
	465	405
	466	404
	466	403
	466	402
	466	401
	466	400
	467	400
	468	399
	468	398
	468	397
	469	397
	469	398
	469	399
	470	400
	471	401
	471	402
	471	403
	472	404
	473	405
	474	407
	474	408
	474	407
	474	406
	474	405
	474	404
	474	403
	475	402
	475	401
	475	400
	475	399
	475	398
	476	397
	477	396
	478	395
	479	395
	480	396
	481	396
	481	397
	482	398
	482	399
	482	400
	483	402
	483	403
	483	404
	483	406
	484	407
	484	409
	484	410
	485	412
	485	413
	485	414
	486	414
.PEN_UP
.PEN_DOWN
	492	409
	492	408
	492	407
	492	406
	492	404
	492	403
	492	402
	492	401
	492	400
	492	399
	492	398
	492	397
	493	396
	494	396
	495	396
	496	396
	497	397
	497	398
.PEN_UP
.PEN_DOWN
	493	422
	493	423
	492	423
	491	423
.PEN_UP
.PEN_DOWN
	505	423
	505	422
	505	421
	505	420
	505	418
	505	416
	505	414
	505	413
	506	411
	506	410
	506	408
	506	407
	506	406
	506	405
	506	404
	506	402
	506	401
	505	400
	505	399
	505	398
	505	397
	505	396
	505	395
	506	395
	507	395
	508	395
	509	395
	510	395
	511	395
	511	396
	512	396
	513	396
.PEN_UP
.PEN_DOWN
	517	425
	517	424
	517	423
	517	422
	517	420
	517	419
	517	417
	517	415
	517	414
	517	412
	517	410
	517	409
	517	407
	517	405
	517	404
	517	402
	517	401
	517	400
	518	398
	518	397
	519	397
	520	397
	521	397
	522	397
	523	397
	524	397
	525	397
.PEN_UP
.PEN_DOWN
	533	399
	532	399
	531	399
	530	399
	529	399
	529	400
	530	400
	531	400
	532	400
	533	399
	535	399
	537	399
	538	399
	540	399
	541	399
	543	399
	544	399
	546	399
	548	399
	549	399
	549	398
.PEN_UP
.PEN_DOWN
	572	398
	573	398
	575	399
	576	399
	577	399
	579	399
	581	400
	583	400
	584	400
	586	400
	588	399
	589	399
	591	399
	593	399
.PEN_UP
.PEN_DOWN
	603	408
	602	408
	602	409
	601	409
	601	410
	600	410
	599	410
	598	409
	597	409
	597	408
	596	408
	595	407
	595	406
	595	405
	594	405
	594	404
	594	403
	594	401
	595	401
	595	400
	596	400
	597	400
	598	400
	599	400
	600	400
	602	401
	603	402
	604	402
	605	404
	606	405
	606	406
	607	408
	607	409
	607	411
	608	412
	608	416
	609	418
	609	419
	609	420
	609	421
	609	422
	609	423
	609	424
	609	425
	609	424
	608	423
	607	422
	607	420
	607	419
	606	415
	605	414
	605	411
	605	409
	605	408
	605	406
	605	404
	606	403
	606	401
	607	400
	607	399
	608	399
	610	398
	611	398
	613	398
	615	398
.PEN_UP
.PEN_DOWN
	620	407
	621	407
	621	408
	623	408
	623	409
	624	409
	624	410
	625	410
	626	411
	626	412
	627	413
	627	414
	627	415
	626	415
	625	415
	624	415
	623	415
	622	415
	622	414
	621	414
	620	413
	619	413
	618	412
	618	411
	618	410
	618	409
	618	408
	618	407
	618	406
	619	404
	620	403
	621	403
	622	402
	622	401
	623	401
	624	401
	625	401
	626	401
	627	401
	628	401
	628	402
.PEN_UP
.PEN_DOWN
	641	415
	641	416
	640	416
	639	416
	638	416
	637	416
	636	415
	635	414
	634	414
	633	414
	633	413
	633	412
	633	411
	634	411
	634	410
	635	410
	637	409
	638	409
	639	408
	640	407
	641	407
	642	406
	642	405
	643	405
	643	404
	643	403
	642	403
	642	402
	641	401
	640	401
	640	400
	639	400
	638	400
	637	400
	636	400
	635	399
	634	399
.PEN_UP
.PEN_DOWN
	655	415
	655	416
	654	416
	654	415
	653	415
	652	415
	651	415
	650	414
	650	413
	649	413
	648	412
	648	411
	648	410
	648	409
	648	408
	648	407
	648	406
	648	405
	649	405
	649	404
	650	403
	652	402
	653	402
	654	402
	655	402
.PEN_UP
.PEN_DOWN
	664	409
	665	409
	666	410
	667	411
	668	412
	669	412
	669	413
	670	414
	670	415
	669	415
	669	416
	667	416
	666	416
	665	416
	664	415
	663	415
	662	414
	661	413
	660	412
	660	411
	660	409
	660	408
	660	407
	660	406
	661	405
	662	405
	663	404
	664	403
	665	403
	666	402
	668	402
.PEN_UP
.PEN_DOWN
	677	417
	677	416
	677	415
	677	414
	677	413
	677	411
	677	410
	677	409
	677	408
	677	407
	677	406
	677	404
	677	403
	677	402
	677	403
	678	403
	678	404
	678	405
	679	405
	679	406
	679	407
	679	408
	680	409
	680	410
	681	411
	682	412
	682	413
	682	414
	683	414
	684	414
	685	414
	686	414
	686	413
	687	413
	687	412
	688	410
	688	409
	688	408
	688	407
	688	406
	688	405
.PEN_UP
.PEN_DOWN
	702	413
	702	414
	702	415
	701	415
	699	415
	698	415
	697	414
	696	414
	695	413
	694	412
	694	411
	694	410
	694	409
	694	407
	695	406
	695	405
	696	405
	697	405
	697	404
	699	404
	700	404
	701	404
	701	405
	702	406
	703	406
.PEN_UP
.PEN_DOWN
	707	434
	707	433
	706	433
	706	432
	706	431
	706	430
	705	429
	705	427
	705	425
	705	424
	705	422
	705	420
	705	418
	705	417
	705	415
	706	413
	706	412
	706	410
	706	409
.PEN_UP
.PEN_DOWN
	714	408
	715	408
	716	408
	717	408
	718	408
	720	408
	721	408
	723	407
	724	407
	726	407
	729	406
	730	406
	731	406
	733	405
.PEN_UP
