
.WRITER_ID ArloReeves
.STYLE PRINTED
.PEN_DOWN
	78	396
	78	395
	79	394
	79	393
	79	392
	79	391
	80	389
	80	386
	81	385
	81	383
	81	382
	81	380
	82	378
	82	377
	82	376
	82	375
	82	373
	82	372
.PEN_UP
.PEN_DOWN
	74	395
	75	395
	75	396
	75	397
	76	398
	76	399
	77	399
	78	399
	79	400
	80	400
	81	400
	82	400
	84	400
	85	400
	86	400
	87	400
	88	399
	88	398
	88	397
	88	396
	87	395
	86	394
	85	393
	83	392
	82	391
	81	391
	80	390
	80	389
	80	388
	81	388
	82	388
	84	388
	85	388
	87	388
	88	387
	90	387
	91	387
	92	386
	93	386
	94	385
	95	384
	96	382
	96	381
	96	380
	96	379
	96	378
	95	378
	95	377
	94	376
	93	376
	92	376
	91	375
	88	374
	86	374
	84	373
	83	373
	82	373
	81	372
	80	372
	79	372
.PEN_UP
.PEN_DOWN
	101	401
	102	401
	102	400
	103	399
	103	398
	104	397
	104	396
	105	395
	106	394
	107	393
	108	392
	109	391
	110	389
	111	389
	112	388
	112	387
	113	387
	114	387
	114	388
	114	389
	115	390
	115	391
	115	393
	116	394
	116	395
	117	396
	118	397
	118	399
	119	400
	120	401
.PEN_UP
.PEN_DOWN
	114	385
	114	384
	114	382
	114	381
	114	380
	114	379
	114	378
	114	377
	114	375
	114	374
	114	373
	114	372
	114	371
	114	370
	115	370
.PEN_UP
.PEN_DOWN
	159	403
	159	402
	159	401
	158	400
	158	399
	157	397
	157	395
	157	393
	157	392
	157	388
	158	387
	158	385
	158	384
	159	383
	159	382
	160	380
	160	379
	161	378
.PEN_UP
.PEN_DOWN
	148	399
	147	399
	147	400
	148	400
	149	400
	149	401
	150	401
	151	402
	153	402
	154	403
	155	403
	157	404
	158	404
	160	405
	162	405
	164	405
	165	406
	167	406
	168	407
	169	407
.PEN_UP
.PEN_DOWN
	176	401
	176	400
	175	398
	175	397
	174	396
	173	395
	173	393
	173	391
	173	389
	173	388
	173	386
	173	385
	173	383
	173	382
	173	381
	174	380
	174	379
	175	378
.PEN_UP
.PEN_DOWN
	186	403
	187	403
	187	402
	186	400
	186	399
	185	397
	185	396
	185	394
	185	392
	185	391
	185	389
	185	387
	186	386
	186	384
	186	383
	187	381
	187	380
	188	379
	188	378
.PEN_UP
.PEN_DOWN
	175	388
	176	388
	177	388
	178	388
	179	388
	181	388
	182	388
	183	388
	185	388
.PEN_UP
.PEN_DOWN
	201	397
	201	396
	200	395
	200	394
	200	393
	200	392
	200	391
	200	389
	201	388
	201	387
	201	386
	201	385
	202	384
	202	383
	202	382
	203	382
	203	381
	204	381
	205	382
	206	382
	207	382
	208	382
	208	383
	210	383
	211	383
	212	384
.PEN_UP
.PEN_DOWN
	202	389
	203	389
	204	390
	205	390
	206	390
	207	391
.PEN_UP
.PEN_DOWN
	197	397
	197	396
	197	397
	198	397
	199	397
	200	397
	201	398
	203	398
	205	398
	206	399
	209	399
.PEN_UP
.PEN_DOWN
	236	399
	236	398
	236	397
	235	396
	235	394
	235	392
	236	391
	236	389
	236	388
	236	387
	237	385
	237	384
	237	383
	237	382
	238	381
	238	380
	238	379
	238	378
.PEN_UP
.PEN_DOWN
	232	398
	233	398
	233	399
	234	399
	235	399
	236	399
	236	400
	238	400
	239	400
	240	400
	242	400
	243	400
	245	401
.PEN_UP
.PEN_DOWN
	232	391
	232	389
	233	389
	234	389
	236	389
	237	389
	238	389
	240	390
.PEN_UP
.PEN_DOWN
	253	399
	253	398
	253	397
	253	396
	252	396
	252	395
	251	394
	251	392
	251	391
	251	390
	252	389
	252	388
	252	387
	253	386
	253	384
	254	383
	254	382
	255	380
	255	379
	255	378
	256	378
	256	379
	257	379
	257	380
	258	380
	260	381
	261	381
	262	381
	263	382
	265	382
.PEN_UP
.PEN_DOWN
	278	400
	278	399
	277	399
	277	398
	277	397
	277	396
	276	395
	276	394
	276	393
	276	391
	275	390
	275	389
	275	387
	274	386
	274	383
	273	382
	273	381
	273	380
	272	379
	272	378
	272	377
.PEN_UP
.PEN_DOWN
	279	399
	280	399
	280	398
	280	397
	281	396
	281	395
	281	394
	282	393
	282	391
	283	390
	284	388
	285	387
	286	385
	286	384
	287	383
	287	382
	288	382
	288	381
	289	380
	289	379
.PEN_UP
.PEN_DOWN
	273	388
	273	389
	274	389
	275	389
	276	389
	278	389
	279	389
	280	389
	282	389
	283	389
	284	388
.PEN_UP
.PEN_DOWN
	298	397
	297	397
	297	396
	298	395
	298	394
	299	393
	299	392
	299	391
	300	390
	300	389
	300	388
	301	387
	301	386
	301	385
	301	384
	302	382
	303	381
	303	380
	303	379
	304	378
	304	377
	305	377
	305	376
	306	377
	306	378
	307	378
	307	379
	308	380
	308	381
	308	382
	308	384
	309	385
	309	387
	310	389
	311	390
	311	391
	311	392
	312	393
	312	394
	313	395
	313	396
.PEN_UP
.PEN_DOWN
	327	395
	327	396
	326	396
	325	396
	323	396
	322	396
	321	395
	320	395
	319	394
	318	393
	317	391
	317	389
	317	388
	317	387
	317	386
	317	385
	318	384
	318	383
	319	382
	320	382
	322	382
	324	381
	325	381
	326	381
	327	382
	328	382
	328	383
	328	384
	329	385
	329	386
	329	387
	329	388
	329	391
	329	393
	328	394
	328	396
	328	397
	328	398
.PEN_UP
.PEN_DOWN
	338	396
	338	395
	337	395
	337	394
	337	393
	336	392
	336	391
	336	389
	336	387
	336	386
	336	385
	336	384
	336	382
	336	381
	337	380
	337	379
	337	378
	338	378
.PEN_UP
.PEN_DOWN
	336	400
	337	400
	338	400
	338	401
	339	401
	340	401
	341	401
	342	401
	343	401
	344	401
	345	400
	346	400
	347	400
	349	398
	349	397
	349	396
	349	395
	349	394
	348	394
	348	393
	347	393
	346	392
	344	392
	343	391
	342	391
	341	391
	340	391
	339	391
	339	390
	339	389
	340	388
	340	387
	341	385
	342	384
	342	383
	342	382
	343	381
	344	381
	344	380
	345	379
	345	378
	346	377
	347	376
	349	375
.PEN_UP
.PEN_DOWN
	361	396
	361	395
	360	394
	359	393
	358	393
	358	392
	357	392
	357	391
	356	389
	356	388
	356	387
	356	386
	357	385
	357	384
	358	383
	359	382
	360	382
	361	381
	363	381
	364	381
	365	381
	366	381
	367	381
	367	382
	368	382
	368	383
	368	385
	368	386
	368	387
	368	389
	367	391
	366	393
	365	393
	365	394
	364	395
	364	396
.PEN_UP
.PEN_DOWN
	374	396
	375	396
	374	396
	374	395
	374	394
	374	393
	374	391
	374	390
	374	389
	374	387
	375	386
	375	385
	376	383
	377	382
	378	381
	379	380
	380	380
	381	380
	381	381
	382	381
	383	382
	383	383
	383	384
	384	386
	384	387
	384	388
	384	389
	385	390
	385	391
	385	392
	385	393
	386	394
	386	395
	387	395
	387	396
.PEN_UP
.PEN_DOWN
	400	402
	399	402
	399	403
	398	403
	397	403
	396	403
	395	404
	394	404
	393	404
	392	404
	392	403
	392	402
	392	401
	392	400
	393	399
	393	398
	394	396
	395	395
	395	394
	396	393
	397	390
	397	388
	398	387
	398	386
	398	385
	398	384
	398	383
	397	382
	396	382
	395	382
	393	382
	392	382
	391	382
	391	383
	390	383
.PEN_UP
.PEN_DOWN
	454	399
	453	399
	452	399
	450	399
	448	399
	447	398
	445	398
	443	398
	442	397
	441	397
	440	397
	440	396
	440	395
	441	395
	442	394
	444	393
	445	393
	447	392
	448	392
	449	391
	450	390
	451	390
	452	389
	453	387
	453	386
	453	385
	453	384
	453	383
	452	383
	451	383
	449	383
	448	383
	447	383
	446	383
	445	383
	444	383
	444	384
	443	384
	443	385
.PEN_UP
.PEN_DOWN
	469	396
	470	395
	470	394
	470	393
	470	392
	470	391
	470	390
	470	389
	470	388
	470	387
	470	386
	470	384
	470	383
	470	382
	470	381
	470	380
	470	379
.PEN_UP
.PEN_DOWN
	460	397
	462	397
	464	398
	465	398
	466	398
	468	398
	470	399
	471	399
	473	399
	475	399
	477	399
	478	399
	479	399
	481	398
.PEN_UP
.PEN_DOWN
	490	396
	490	395
	490	394
	490	393
	490	392
	490	391
	490	390
	490	388
	490	387
	490	385
	490	384
	490	383
	490	382
	490	381
	490	380
	491	379
	491	378
	491	377
.PEN_UP
.PEN_DOWN
	484	397
	485	397
	486	396
	487	396
	488	396
	489	396
	491	396
	492	396
	493	396
.PEN_UP
.PEN_DOWN
	482	383
	482	382
	482	381
	483	381
	485	381
	486	381
	488	381
	489	381
	491	381
	492	382
.PEN_UP
.PEN_DOWN
	507	396
	506	396
	505	396
	504	396
	503	395
	502	395
	500	394
	499	393
	498	392
	497	391
	497	390
	497	389
	497	388
	497	387
	497	386
	498	386
	498	385
	500	383
	501	382
	503	382
	504	381
	505	381
	506	380
	508	380
.PEN_UP
.PEN_DOWN
	517	396
	518	396
	518	395
	517	394
	517	393
	516	393
	516	392
	516	391
	516	390
	516	389
	516	387
	517	386
	517	385
	517	384
	517	382
	518	380
	518	379
.PEN_UP
.PEN_DOWN
	529	401
	530	400
	530	399
	529	399
	529	398
	528	398
	527	397
	527	396
	526	396
	526	395
	525	394
	523	393
	522	392
	521	391
	520	391
	519	391
	518	391
	519	391
	519	390
	520	388
	521	387
	522	387
	523	385
	524	384
	525	383
	526	382
	527	381
	528	380
	529	378
	530	378
	531	376
	532	375
	533	374
.PEN_UP
.PEN_DOWN
	538	399
	538	398
	538	397
	538	396
	538	395
	539	394
	539	393
	539	392
	540	391
	541	390
	541	389
	542	389
	542	388
	543	387
	544	387
	545	387
	546	387
	547	387
	547	388
	548	388
	548	389
	549	390
	550	391
	551	392
	551	393
	552	393
	552	394
	554	396
	554	397
	555	399
	556	400
	557	400
.PEN_UP
.PEN_DOWN
	545	382
	545	381
	545	380
	545	379
	544	378
	544	377
	543	376
	543	375
	543	374
	543	372
	544	371
	545	371
.PEN_UP
.PEN_DOWN
	589	406
	589	405
	588	405
	588	404
	587	403
	587	401
	587	400
	586	399
	586	396
	586	395
	586	394
	586	393
	587	392
	587	391
	587	390
	587	389
	588	388
	588	387
	588	386
	588	385
	588	384
	588	383
	587	383
	586	383
	586	384
	585	384
	585	385
	584	385
	584	386
	583	387
	582	387
	582	388
	581	388
	581	389
	579	390
.PEN_UP
.PEN_DOWN
	579	408
	580	407
	581	407
	582	407
	583	407
	584	407
	586	408
	588	408
	590	408
	592	408
	594	408
	597	408
	598	407
	601	407
.PEN_UP
.PEN_DOWN
	606	403
	605	403
	605	402
	604	401
	604	400
	604	399
	604	397
	604	396
	604	395
	605	393
	606	392
	607	391
	608	390
	609	389
	610	388
	611	388
	612	387
	613	387
	614	387
	615	387
	616	388
	618	389
	618	390
	619	391
	620	392
	620	393
	620	394
	620	396
	620	397
	620	398
	620	400
	620	402
	620	403
.PEN_UP
.PEN_DOWN
	630	402
	631	402
	631	401
	631	400
	631	399
	630	398
	630	396
	630	395
	630	394
	630	393
	630	391
	630	390
	630	389
	630	388
	631	387
	631	386
	632	386
.PEN_UP
.PEN_DOWN
	624	406
	626	406
	627	406
	628	407
	629	407
	631	407
	632	407
	634	407
	635	407
.PEN_UP
.PEN_DOWN
	622	385
	622	384
	622	383
	623	382
	624	382
	625	382
	627	382
	628	382
	629	383
	631	383
.PEN_UP
.PEN_DOWN
	654	405
	653	405
	652	404
	651	404
	650	404
	648	402
	647	401
	646	400
	646	399
	646	398
	646	397
	646	396
	646	395
	647	394
	648	393
	649	392
	651	390
	652	389
	653	388
	654	387
	655	387
	656	386
	657	386
.PEN_UP
.PEN_DOWN
	666	400
	666	399
	666	398
	666	397
	666	396
	666	395
	666	394
	666	392
	666	390
	666	389
	666	388
	666	387
	666	386
	666	385
	666	384
	667	384
	667	385
	668	385
	669	385
	670	385
	671	385
	672	385
	673	385
	674	385
	675	385
	677	385
	679	385
	680	385
	681	385
.PEN_UP
.PEN_DOWN
	667	394
	668	394
	669	394
	670	394
	672	394
	673	394
	675	394
	676	394
	677	394
.PEN_UP
.PEN_DOWN
	666	401
	667	401
	668	401
	669	401
	670	401
	672	401
	675	401
	677	401
	679	401
	681	401
.PEN_UP
