
.WRITER_ID ArloReeves
.STYLE PRINTED
.PEN_DOWN
	101	407
	101	408
	100	408
	100	409
	99	409
	98	409
	97	408
	96	407
	95	407
	94	406
	93	405
	92	404
	92	403
	91	401
	90	400
	89	399
	89	398
	89	395
	89	394
	89	392
	89	391
	90	389
	90	388
	91	387
	92	386
	93	386
	95	386
	96	386
	97	386
	100	386
	101	387
	102	388
	104	390
	105	392
	105	393
	105	394
	105	396
	105	398
	105	399
	105	401
	104	404
	103	405
	102	407
	102	408
	101	409
.PEN_UP
.PEN_DOWN
	112	402
	112	403
	112	404
	113	405
	113	406
	114	407
	114	408
	115	409
	115	410
	116	411
	116	412
	117	413
	117	412
	116	412
	116	410
	116	409
	116	408
	116	404
	116	402
	116	401
	116	399
	116	397
	116	396
	117	394
	117	393
	118	392
	118	391
	119	390
.PEN_UP
.PEN_DOWN
	140	415
	139	414
	139	413
	139	412
	138	410
	138	409
	137	407
	136	405
	135	403
	134	399
	133	397
	132	395
	131	393
	131	391
	130	390
	130	388
	130	387
.PEN_UP
.PEN_DOWN
	150	407
	149	408
	149	409
	150	409
	150	410
	151	410
	152	411
	153	411
	154	411
	155	411
	155	410
	156	410
	156	409
	157	408
	157	407
	157	406
	157	405
	157	404
	157	403
	157	402
	157	401
	157	400
	156	399
	156	398
	155	396
	155	395
	155	394
	155	393
	154	392
	153	391
	153	390
	152	389
	151	389
	151	388
	150	388
	151	389
	152	389
	153	389
	154	389
	155	389
	156	389
	157	390
	158	390
	159	390
	160	390
	161	390
.PEN_UP
.PEN_DOWN
	167	411
	167	412
	168	412
	168	413
	169	413
	170	413
	171	412
	172	412
	173	412
	174	412
	175	411
	176	410
	176	409
	176	408
	176	407
	176	406
	175	406
	175	405
	173	404
	172	403
	171	403
	171	402
	170	402
	169	401
	169	400
	170	400
	171	399
	172	399
	173	398
	174	398
	174	397
	175	397
	176	396
	176	395
	177	394
	177	393
	177	392
	177	391
	177	390
	177	389
	176	389
	175	388
	175	387
	174	387
	173	387
	172	387
	171	387
	170	387
	169	387
	169	388
.PEN_UP
.PEN_DOWN
	196	413
	197	413
	197	411
	197	410
	197	409
	196	407
	196	405
	195	403
	195	401
	194	399
	194	397
	193	395
	193	393
	192	391
	191	388
	190	387
	189	386
.PEN_UP
.PEN_DOWN
	214	414
	215	414
	215	413
	214	412
	213	412
	213	411
	212	410
	212	409
	211	408
	211	407
	210	406
	210	405
	209	404
	209	403
	208	402
	208	401
	207	401
	207	400
	207	399
	208	399
	209	400
	210	400
	211	400
	212	400
	214	400
	216	400
	217	400
	218	400
	219	400
	220	400
.PEN_UP
.PEN_DOWN
	214	415
	215	415
	215	414
	215	413
	216	412
	216	411
	216	410
	216	409
	216	407
	216	406
	216	404
	216	402
	217	400
	217	399
	217	398
	217	395
	217	394
	217	392
	217	391
	217	390
	217	389
	216	388
	216	387
.PEN_UP
.PEN_DOWN
	227	408
	228	408
	228	409
	227	409
	227	408
	227	407
	227	406
	227	405
	227	404
	227	403
	228	403
	228	402
	229	402
	229	401
	230	401
	231	401
	231	400
	232	400
	233	399
	233	398
	233	397
	234	396
	234	395
	234	394
	234	393
	234	392
	234	391
	233	391
	232	391
	231	391
	230	391
	229	391
	228	391
	227	392
	226	392
	225	393
	224	394
	223	395
.PEN_UP
.PEN_DOWN
	228	410
	229	410
	230	410
	231	410
	232	411
	233	411
	235	411
	236	411
	237	412
	240	412
	241	412
	242	412
	243	412
	244	412
.PEN_UP
.PEN_DOWN
	264	419
	265	419
	265	418
	267	417
	268	416
	269	414
	270	414
	271	413
	271	411
	272	410
	273	409
.PEN_UP
.PEN_DOWN
	290	412
	290	411
	290	410
	289	409
	289	408
	288	407
	288	406
	288	405
	288	404
	288	401
	288	400
	289	399
	289	398
	289	397
	289	396
	290	396
	291	396
	292	396
	293	396
	293	397
	294	397
	295	397
	296	397
	296	398
	297	398
	297	399
.PEN_UP
.PEN_DOWN
	291	421
	290	422
	290	423
	291	424
.PEN_UP
.PEN_DOWN
	307	418
	306	418
	306	417
	305	417
	304	417
	303	416
	302	416
	301	415
	300	415
	300	414
	299	414
	298	413
	298	412
	298	411
	299	410
	299	409
	300	409
	301	408
	302	407
	303	406
	305	405
	305	404
	306	403
	306	402
	307	402
	307	401
	307	400
	307	399
	306	399
	305	398
	305	397
	304	397
	303	397
	302	397
	301	397
	300	397
	300	398
	299	398
.PEN_UP
.PEN_DOWN
	337	429
	336	429
	336	428
	336	427
	336	425
	336	424
	336	423
	336	421
	336	419
	336	417
	337	415
	337	413
	338	411
	338	409
	338	406
	339	404
	339	403
	339	402
	339	401
	339	400
	339	401
	338	402
	338	403
	338	404
	338	405
	339	407
	339	408
	339	409
	340	409
	341	410
	342	410
	344	411
	345	411
	346	411
	347	411
	348	411
	349	410
	349	409
	350	408
	350	407
	351	406
	351	404
	351	403
	351	402
	350	402
	350	401
	349	401
	348	401
	347	401
	345	401
	344	401
	343	401
	342	402
	341	402
.PEN_UP
.PEN_DOWN
	359	404
	360	405
	361	405
	362	406
	363	406
	364	407
	364	408
	365	408
	366	409
	366	410
	367	411
	367	412
	367	413
	367	414
	366	414
	366	415
	366	416
	365	416
	364	416
	363	416
	361	415
	361	414
	360	413
	359	412
	359	411
	359	410
	358	409
	358	407
	358	406
	358	404
	358	403
	358	400
	358	399
	359	397
	360	396
	361	395
	362	395
	363	395
.PEN_UP
.PEN_DOWN
	380	421
	380	422
	379	422
	378	421
	378	420
	377	420
	377	419
	377	418
	377	417
	377	416
	377	415
	377	414
	377	413
	377	411
	377	410
	378	408
	378	407
	378	404
	378	402
	379	401
	379	399
	379	398
	379	396
	379	395
	379	394
	379	393
	379	391
	379	390
	379	389
	378	387
	378	386
	377	385
	377	384
	376	383
	375	383
	375	382
	374	382
.PEN_UP
.PEN_DOWN
	374	406
	375	406
	375	407
	376	407
	376	408
	377	408
	378	408
	379	409
	380	409
	381	409
	382	409
	383	409
	384	409
.PEN_UP
.PEN_DOWN
	394	415
	393	415
	392	415
	391	415
	391	414
	390	414
	389	414
	389	413
	388	412
	388	411
	387	410
	387	409
	387	404
	388	403
	389	402
	390	401
	391	400
	392	400
	393	400
	394	400
	395	401
	396	402
	396	403
	396	404
	396	405
	396	406
	395	408
	395	409
	395	410
	394	412
	394	413
	393	414
	392	415
	392	416
.PEN_UP
.PEN_DOWN
	404	415
	404	414
	404	413
	404	412
	404	411
	404	409
	404	408
	404	407
	404	406
	404	405
	404	403
	404	402
	404	401
	404	400
	404	399
	405	398
	405	397
	405	398
	405	399
	406	400
	406	401
	406	404
	407	405
	407	407
	408	408
	408	409
	409	410
	409	412
	410	413
	411	414
	412	415
	413	416
	414	416
	415	417
	416	417
	417	417
.PEN_UP
.PEN_DOWN
	417	407
	418	407
	419	407
	420	407
	421	407
	422	408
	423	409
	424	409
	425	409
	425	410
	426	410
	427	411
	428	412
	428	413
	428	414
	428	415
	427	415
	426	415
	425	415
	424	415
	423	415
	422	414
	421	414
	420	413
	419	413
	419	412
	418	411
	417	410
	417	409
	417	408
	417	407
	417	406
	417	405
	417	404
	417	403
	417	402
	418	401
	419	400
	420	399
	423	398
	424	397
	426	396
	428	396
	429	396
.PEN_UP
.PEN_DOWN
	438	436
	439	436
	439	435
	439	434
	439	433
	440	432
	440	431
	440	430
	441	429
	441	428
.PEN_UP
.PEN_DOWN
	481	425
	480	425
	479	425
	478	425
	478	424
	477	423
	476	421
	475	420
	474	419
	474	418
	474	417
	473	416
	473	414
	473	413
	473	412
	473	410
	473	409
	473	407
	474	404
	474	403
	475	402
	476	402
	477	401
	478	400
	479	400
	480	400
	481	400
	482	400
	483	401
	484	402
	485	403
	485	404
	486	405
	486	406
	486	407
	486	408
	485	409
	484	409
	483	409
	481	409
	480	408
	479	407
	479	406
	479	405
	480	405
	481	405
.PEN_UP
.PEN_DOWN
	505	430
	504	429
	504	428
	503	426
	503	425
	502	423
	501	421
	500	419
	499	417
	499	415
	498	412
	497	410
	496	408
	496	405
	496	403
	496	400
.PEN_UP
.PEN_DOWN
	514	424
	515	424
	516	424
	517	424
	519	424
	520	424
	521	424
	522	424
	523	424
	524	424
	524	423
	523	423
	522	423
	522	422
	522	421
	521	419
	521	418
	521	416
	521	415
	521	414
	520	413
	520	411
	520	410
	520	409
	519	407
	519	405
	519	404
	519	402
	518	401
	518	400
	517	399
	517	398
	517	397
.PEN_UP
.PEN_DOWN
	513	413
	514	413
	515	413
	516	413
	517	413
	519	413
	520	413
	522	413
	523	413
.PEN_UP
.PEN_DOWN
	543	428
	542	426
	542	425
	541	423
	539	420
	538	418
	538	417
	537	414
	536	412
	535	410
	534	408
	534	406
	533	404
	533	403
	533	401
.PEN_UP
.PEN_DOWN
	560	429
	559	429
	558	429
	557	428
	556	428
	555	428
	555	427
	554	426
	554	425
	553	424
	553	423
	553	422
	553	421
	554	419
	554	418
	555	418
	555	417
	556	416
	557	416
	558	416
	559	416
	560	417
	560	418
	561	419
	562	420
	562	421
	562	423
	562	425
	562	426
	562	427
	562	428
	562	429
	561	430
.PEN_UP
.PEN_DOWN
	558	420
	558	419
	557	418
	556	418
	555	417
	554	416
	553	415
	552	414
	551	413
	551	411
	550	410
	550	409
	550	408
	550	405
	551	405
	552	404
	552	403
	553	402
	554	402
	556	402
	557	402
	558	402
	560	402
	561	403
	563	404
	564	405
	565	406
	565	407
	565	409
	565	410
	564	412
	564	414
	563	415
	562	417
	562	418
	561	418
.PEN_UP
.PEN_DOWN
	571	401
	572	401
	573	401
	573	402
	574	402
	575	402
	577	404
	578	405
	579	406
	579	407
	580	408
	580	409
	581	411
	581	412
	582	414
	582	416
	583	418
	583	421
	583	423
	583	424
	583	426
	582	427
	582	428
	581	429
	580	430
	580	431
	579	431
	578	431
	577	431
	576	431
	575	430
	574	429
	573	428
	572	428
	572	427
	572	426
	572	425
	572	424
	572	422
	573	421
	574	421
	575	420
	577	420
	578	419
	579	419
	581	419
	582	419
	584	419
	585	419
	587	419
.PEN_UP
