
.WRITER_ID ArloReeves
.STYLE PRINTED
.PEN_DOWN
	116	417
	116	418
	117	419
	117	420
	117	421
	117	422
	117	423
	117	424
	116	424
	115	424
	114	423
	113	423
	112	422
	111	421
	110	420
	109	418
	108	417
	106	415
	105	411
	104	409
	104	407
	104	405
	104	403
	104	402
	104	400
	105	399
	106	398
	107	397
	108	396
	110	396
	111	396
	113	396
	114	396
	114	397
	116	398
	116	399
	117	400
	118	402
	119	404
	119	406
	120	408
	120	413
	120	415
	120	417
	120	420
	120	421
	119	423
	119	424
.PEN_UP
.PEN_DOWN
	129	413
	129	414
	129	415
	130	415
	131	416
	132	416
	133	416
	133	415
	133	414
	133	413
	132	412
	132	411
	132	410
	132	409
	132	408
	131	407
	131	406
	131	404
	131	402
	130	400
	130	399
	130	398
	130	397
	131	396
	131	395
	131	394
	131	393
	132	393
	133	393
	134	393
	135	393
	135	394
	136	395
	137	396
	138	397
	138	399
	138	400
	139	401
	139	404
	139	406
	139	407
	139	408
	139	409
	139	410
	139	411
	139	412
	140	412
	141	412
	142	412
	143	412
	144	413
	145	413
.PEN_UP
.PEN_DOWN
	148	404
	149	404
	149	405
	150	405
	151	406
	152	406
	153	407
	154	407
	155	408
	156	408
	156	409
	157	409
	156	409
	156	410
	155	410
	154	410
	153	411
	152	411
	151	411
	150	410
	149	410
	149	409
	148	408
	147	407
	147	406
	146	405
	146	404
	146	403
	146	402
	146	401
	146	400
	146	399
	146	398
	147	397
	148	396
	149	396
	150	395
	152	395
	153	395
	155	395
.PEN_UP
.PEN_DOWN
	165	414
	165	413
	165	412
	165	410
	165	409
	165	408
	165	407
	165	405
	165	404
	165	403
	166	402
	166	401
	166	400
	166	399
	167	398
	167	397
	167	398
	167	399
	167	400
	167	401
	167	402
	167	403
	167	404
	168	405
	168	407
	169	407
	170	408
	170	409
	171	410
	172	411
	174	413
	175	413
	176	414
.PEN_UP
.PEN_DOWN
	200	422
	201	422
	201	421
	200	420
	200	418
	200	417
	199	415
	199	414
	199	412
	199	410
	199	408
	199	406
	200	405
	200	403
	201	402
	201	401
	201	399
	202	398
	202	397
.PEN_UP
.PEN_DOWN
	188	423
	189	423
	190	424
	191	424
	192	424
	194	425
	195	425
	197	425
	199	426
	202	426
	205	426
	207	426
	210	426
.PEN_UP
.PEN_DOWN
	223	435
	223	434
	223	433
	222	432
	222	430
	222	427
	221	425
	221	423
	221	421
	221	419
	222	417
	222	415
	222	413
	222	411
	223	409
	223	408
	223	406
	224	405
	224	404
	224	403
	225	403
	225	404
	225	405
	225	406
	226	407
	226	408
	226	411
	226	413
	227	414
	227	415
	227	417
	227	418
	228	419
	229	420
	230	420
	231	420
	231	419
	231	418
	232	418
	232	416
	232	415
	233	414
	233	413
	233	412
	233	411
	234	409
	235	408
	235	407
	235	406
	236	406
	236	405
.PEN_UP
.PEN_DOWN
	245	415
	246	415
	247	415
	248	415
	248	416
	250	416
	251	417
	252	417
	253	417
	254	418
	255	418
	255	419
	256	419
	256	420
	256	421
	255	421
	255	422
	254	422
	253	422
	252	422
	251	422
	250	421
	249	421
	248	420
	246	418
	246	417
	245	416
	244	415
	244	414
	243	413
	243	412
	243	410
	243	409
	243	408
	243	407
	244	405
	245	403
	246	402
	247	402
	248	401
	249	401
	250	401
	252	401
.PEN_UP
.PEN_DOWN
	288	434
	288	432
	288	431
	288	430
	288	429
	288	428
	288	426
	288	425
	288	423
	288	421
	287	419
	287	417
	287	413
	286	411
	286	409
	285	408
	285	406
	285	405
	285	404
	285	403
	285	402
	285	401
	284	400
	285	400
	286	400
	287	400
	288	400
	288	401
	289	401
	290	401
	292	402
	293	402
	294	402
	296	402
	298	402
	299	403
	301	403
	302	403
.PEN_UP
.PEN_DOWN
	304	424
	304	425
	305	425
	306	425
	307	425
	308	425
	309	425
	310	425
	311	425
	312	425
	313	425
	313	424
	315	423
	315	422
	315	421
	315	420
	315	419
	315	418
	315	417
	314	416
	313	415
	313	414
	312	414
	312	413
	311	412
	310	411
	309	410
	308	409
	307	408
	307	406
	307	405
	308	405
	308	404
	309	404
	310	403
	311	403
	312	403
	313	403
	314	403
	315	404
	316	404
	317	404
	317	405
	317	406
	317	407
	317	408
	317	409
	317	410
	317	411
	316	413
	315	414
	314	414
.PEN_UP
.PEN_DOWN
	324	422
	324	423
	325	423
	326	423
	327	423
	328	423
	329	423
	330	423
	331	423
	332	423
	333	423
	334	422
	334	421
	334	420
	333	419
	333	418
	332	417
	332	416
	331	415
	330	414
	330	412
	329	411
	329	410
	329	409
	328	408
	328	407
	328	406
	328	405
	327	405
	327	404
	327	403
	327	402
	328	402
	329	402
	330	402
	330	403
	331	403
	332	403
	333	403
	334	404
	335	404
	336	404
	337	404
	338	404
	339	405
.PEN_UP
.PEN_DOWN
	328	416
	329	416
	330	416
	331	417
	332	417
	333	417
	335	417
	336	417
.PEN_UP
.PEN_DOWN
	344	421
	345	421
	346	421
	346	422
	347	422
	348	422
	349	422
	349	421
	349	420
	349	419
	348	418
	348	417
	347	416
	346	413
	346	412
	346	411
	346	409
	346	408
	346	407
	346	406
	347	405
	348	405
	349	406
	350	407
	351	408
	352	409
	352	410
	353	411
	353	412
	353	413
	354	414
	355	416
	355	417
	356	418
	356	419
	357	420
	357	419
	357	418
	357	417
	357	416
	357	415
	357	413
	357	412
	357	410
	357	409
	357	407
	358	406
	358	404
	358	403
	358	401
	358	400
	358	398
	358	396
	358	395
	357	393
	357	392
	357	391
	356	391
	355	390
	355	389
	353	389
	352	388
	351	388
	350	388
	348	388
	347	389
	346	389
	346	390
	345	391
.PEN_UP
.PEN_DOWN
	389	429
	390	428
	390	427
	389	426
	389	425
	389	423
	388	422
	388	418
	387	416
	387	414
	387	412
	387	410
	387	408
	388	406
	388	405
	389	403
	389	402
	389	400
	389	399
.PEN_UP
.PEN_DOWN
	386	429
	386	430
	387	430
	387	431
	388	431
	389	431
	390	431
	391	430
	392	430
	394	429
	395	429
	396	428
	397	427
	398	425
	398	424
	398	423
	398	422
	398	421
	397	420
	396	419
	394	418
	393	418
	391	417
	388	416
	387	416
	386	416
	385	416
	384	416
	385	416
	387	415
	389	415
	390	415
	391	414
	393	414
	394	413
	396	412
	397	411
	397	410
	398	409
	398	407
	398	405
	398	404
	397	403
	397	402
	396	402
	395	401
	394	401
	392	401
	391	401
	390	401
	388	401
	386	401
	385	401
	384	401
.PEN_UP
.PEN_DOWN
	407	431
	407	429
	407	428
	406	428
	406	427
	406	425
	405	424
	405	422
	405	420
	405	418
	404	417
	404	415
	404	411
	404	410
	404	408
	404	407
	404	406
	405	405
	405	404
	405	403
	406	402
	406	401
	406	400
	407	400
	408	400
	409	400
	410	400
	411	400
	412	400
	412	401
	414	401
.PEN_UP
.PEN_DOWN
	416	419
	417	419
	418	420
	419	420
	420	420
	421	419
	422	419
	423	419
	424	419
	425	419
	425	418
	426	418
	427	418
	427	417
	427	416
	427	415
	426	415
	426	414
	425	413
	424	412
	424	411
	423	411
	423	410
	422	409
	421	409
	421	408
	420	408
	420	407
	419	406
	419	405
	418	404
	418	403
	418	402
	418	401
	419	401
	419	400
	420	400
	421	400
	422	400
	423	400
	424	401
	425	402
	426	402
	426	403
	427	404
	427	405
	427	406
	427	407
	427	409
	427	410
	427	411
.PEN_UP
.PEN_DOWN
	443	414
	442	414
	441	414
	440	414
	439	414
	438	414
	438	413
	437	413
	436	412
	436	411
	435	410
	434	408
	434	407
	434	406
	434	405
	435	404
	435	403
	436	402
	437	401
	437	400
	438	400
	440	399
	441	399
	442	399
	443	399
.PEN_UP
.PEN_DOWN
	452	426
	452	425
	452	423
	452	422
	451	421
	451	419
	450	417
	450	415
	450	413
	450	411
	449	409
	449	407
	449	405
	449	402
	449	399
	449	398
	449	397
	448	397
	448	398
	448	399
	448	400
	448	401
	449	402
	449	404
	449	405
	449	407
	450	408
	450	409
	451	410
	451	411
	452	412
	453	414
	454	414
	455	414
	456	414
	457	414
	458	414
	459	414
	460	414
	460	413
	461	413
	462	411
	463	411
	463	410
	463	409
	463	408
	462	407
	461	407
	460	406
	459	406
	458	406
	457	406
	455	407
	454	407
	454	408
	454	407
	454	406
	454	405
	454	404
	454	403
	454	402
	454	401
	455	400
	455	399
	457	398
	458	397
	459	396
	461	396
	462	395
	464	395
.PEN_UP
.PEN_DOWN
	492	428
	493	428
	492	428
	492	427
	492	426
	492	424
	492	423
	492	421
	492	419
	492	418
	492	415
	492	413
	492	411
	492	408
	492	404
	492	402
	492	401
	493	400
	493	399
	493	398
.PEN_UP
.PEN_DOWN
	489	433
	489	434
	490	434
	491	434
	492	434
	493	434
	494	434
	496	434
	497	433
	499	431
	501	430
	502	428
	503	427
	503	426
	504	424
	504	422
	504	420
	504	418
	503	417
	503	415
	502	413
	500	410
	499	409
	498	408
	497	407
	496	406
	495	405
	494	405
	493	404
	492	404
	491	403
.PEN_UP
.PEN_DOWN
	513	418
	512	418
	511	418
	510	417
	508	416
	508	415
	507	414
	506	413
	505	412
	505	411
	505	410
	505	408
	505	407
	505	406
	506	405
	507	405
	509	404
	510	404
	511	404
	513	404
	513	405
	514	406
	514	407
	515	408
	515	409
	515	411
	515	414
	515	415
	515	417
	515	418
	515	419
	515	420
	514	420
.PEN_UP
.PEN_DOWN
	527	417
	527	418
	526	418
	525	418
	524	418
	523	417
	522	417
	521	416
	520	416
	520	415
	519	414
	518	414
	517	413
	517	412
	517	411
	517	410
	518	409
	519	408
	520	408
	521	408
	522	408
	524	408
	525	409
	526	409
	527	410
	527	411
	527	412
	528	413
	528	414
	528	415
	528	416
	528	417
	527	418
	527	417
	528	417
	528	416
	528	415
	528	414
	528	412
	528	411
	528	410
	528	408
	528	406
	528	405
	528	403
	528	401
	528	399
	528	397
	528	396
	528	393
	528	391
	528	390
	528	389
	528	388
	528	387
	527	386
	526	386
	525	386
	524	386
	523	386
	522	386
	521	386
	520	387
	519	387
	518	387
	517	388
	517	389
	517	390
	517	391
.PEN_UP
.PEN_DOWN
	539	413
	539	414
	538	414
	539	414
	539	413
	540	413
.PEN_UP
