
.WRITER_ID ArloReeves
.STYLE PRINTED
.PEN_DOWN
	93	395
	94	396
	94	397
	94	398
	94	399
	93	399
	92	399
	91	400
	90	400
	89	400
	88	399
	87	399
	86	398
	85	397
	84	396
	83	395
	82	393
	81	392
	80	390
	79	389
	79	388
	78	386
	78	383
	78	382
	78	381
	78	380
	79	379
	79	378
	80	377
	81	376
	82	376
	84	376
	87	376
	88	377
	89	378
	90	379
	91	380
	92	382
	93	383
	93	384
	94	385
	94	387
	94	388
	95	391
	95	392
	95	393
	95	394
	95	395
	95	396
	95	397
	96	396
	96	397
	96	396
.PEN_UP
.PEN_DOWN
	125	400
	124	400
	124	399
	124	398
	124	397
	123	396
	123	395
	123	394
	123	393
	122	392
	122	391
	122	389
	122	387
	121	386
	121	384
	121	383
	121	382
	121	381
	121	380
	121	379
	122	379
	122	380
	122	381
	122	382
	123	383
	123	384
	123	386
	124	387
	124	388
	125	390
	126	391
	126	392
	127	393
	128	394
	128	395
	129	395
	130	396
	131	397
	131	398
	132	398
	133	398
	134	398
	135	398
	135	397
	135	396
	135	395
	135	394
	135	392
	135	390
	135	389
	135	388
	135	387
	135	386
	135	384
	136	384
	136	383
	137	382
	139	381
	140	381
	141	382
	143	382
	144	383
	145	384
.PEN_UP
.PEN_DOWN
	209	404
	209	403
	209	402
	209	401
	210	401
	210	400
	211	400
	212	400
	212	401
	212	402
	212	403
	212	404
	211	405
	211	406
	210	407
	208	407
	207	407
	206	407
	205	407
	204	405
	203	404
	202	403
	202	402
	201	401
	201	399
	200	398
	199	397
	199	396
	199	394
	199	393
	199	390
	199	389
	200	388
	201	387
	202	386
	203	385
	204	384
	205	384
	206	384
	207	384
	208	384
	209	384
	211	385
.PEN_UP
.PEN_DOWN
	229	404
	228	404
	227	404
	226	403
	225	403
	225	402
	224	401
	224	400
	223	399
	222	398
	222	397
	222	394
	222	393
	223	392
	223	391
	223	390
	224	389
	225	388
	226	387
	227	386
	228	386
	229	386
	230	386
	231	386
	232	387
	232	388
	233	389
	233	390
	233	392
	233	393
	233	395
	233	397
	233	399
	233	401
	232	403
	232	405
	231	406
.PEN_UP
.PEN_DOWN
	247	405
	247	404
	247	403
	247	402
	247	401
	247	400
	247	398
	247	397
	247	396
	247	394
	247	393
	247	391
	247	389
	247	387
	247	382
	247	379
	247	376
	246	373
	246	371
	246	368
	246	366
	246	364
	246	363
	246	362
.PEN_UP
.PEN_DOWN
	247	409
	247	410
	248	411
	249	411
	249	412
	250	412
	251	412
	252	412
	253	412
	254	412
	256	411
	257	411
	259	410
	260	409
	261	408
	261	407
	262	406
	262	404
	262	403
	262	402
	262	401
	262	400
	260	398
	259	397
	258	396
	257	395
	255	394
	254	393
	253	392
	252	391
	251	391
	250	390
	249	389
	247	388
.PEN_UP
.PEN_DOWN
	268	404
	269	404
	269	405
	270	406
	271	407
	272	407
	273	408
	274	409
	275	409
	276	409
	277	410
	278	410
	279	410
	279	409
	278	408
	278	407
	277	406
	277	405
	276	404
	276	402
	276	400
	276	398
	276	397
	276	396
	276	395
	276	394
	277	393
	277	392
	278	391
	279	391
	280	391
	280	392
	281	393
	281	394
	282	395
	283	396
	283	398
	284	398
	285	400
	285	401
	286	402
	286	403
	287	404
	287	405
	288	406
	288	407
	288	408
	289	408
	289	407
	289	406
	289	405
	289	404
	289	403
	289	402
	289	400
	289	399
	289	398
	289	396
	290	393
	290	391
	290	389
	290	387
	290	384
	290	382
	289	380
	289	378
	289	375
	289	373
	288	371
	288	369
	288	366
	288	365
	288	364
	287	363
	287	362
	286	362
	285	362
	283	363
	282	363
	281	364
	280	365
	279	365
	278	366
.PEN_UP
.PEN_DOWN
	338	426
	338	425
	338	424
	338	422
	337	421
	337	420
	337	418
	337	416
	336	414
	336	412
	336	407
	336	405
	335	403
	335	401
	335	399
	335	398
	335	396
	335	395
	336	394
	336	393
	336	392
	336	391
	336	390
	336	389
	337	389
	338	389
	339	389
	340	390
	341	390
	342	391
	343	391
	344	391
	345	392
	346	392
	346	393
	347	393
	348	393
	349	394
	350	394
.PEN_UP
.PEN_DOWN
	329	406
	330	406
	331	407
	332	407
	333	407
	334	408
	336	408
	337	408
.PEN_UP
.PEN_DOWN
	355	412
	356	413
	357	413
	358	413
	359	413
	360	413
	360	412
	360	411
	360	410
	359	410
	359	408
	359	407
	359	406
	359	405
	358	404
	358	403
	358	402
	357	400
	357	399
	357	398
	357	397
	357	396
	357	395
	357	394
	357	393
	357	392
	358	392
	359	392
	360	392
	361	392
	362	393
	363	393
	364	394
	365	395
	365	396
	366	396
	367	398
	367	399
	367	400
	368	401
	368	402
	368	404
	368	405
	368	406
	368	407
	368	408
	368	409
	368	408
	368	407
	368	406
	368	405
	368	404
	368	402
	369	401
	369	400
	369	398
	370	397
	370	395
	370	393
	370	392
	371	390
	371	388
	371	386
	371	382
	370	380
	370	378
	370	376
	370	374
	370	372
	370	371
	370	369
	370	368
	370	367
	369	366
	369	365
	368	364
	367	363
	366	363
	365	363
	364	363
	364	364
	363	364
	362	365
	361	366
	360	367
	360	368
	360	369
	359	370
.PEN_UP
.PEN_DOWN
	383	408
	383	407
	383	405
	384	404
	384	403
	384	402
	384	401
	384	399
	384	398
	383	396
	383	394
	383	392
	383	388
	383	386
	383	383
	383	380
	383	378
	383	374
	382	371
	382	368
	382	366
	382	363
	383	361
	383	359
	383	357
	383	356
.PEN_UP
.PEN_DOWN
	383	402
	383	403
	383	404
	383	405
	383	406
	383	407
	384	407
	385	408
	387	408
	388	408
	389	408
	390	408
	391	408
	392	408
	393	408
	394	407
	395	407
	396	406
	396	405
	396	404
	396	402
	396	401
	396	400
	396	399
	395	398
	394	398
	394	397
	393	396
	392	395
	391	394
	389	393
	388	392
	387	392
	386	391
	385	390
.PEN_UP
.PEN_DOWN
	405	397
	406	398
	407	398
	408	399
	408	400
	409	400
	409	401
	410	402
	411	403
	411	404
	411	405
	410	405
	410	406
	409	406
	408	406
	407	405
	406	405
	406	404
	405	404
	405	403
	404	402
	403	401
	402	400
	402	399
	402	398
	402	397
	402	396
	402	394
	402	393
	403	392
	404	391
	404	389
	405	389
	406	387
	407	386
	408	385
	411	384
.PEN_UP
.PEN_DOWN
	462	394
	463	395
	464	396
	464	397
	465	398
	466	399
	466	400
	467	401
	468	402
	468	403
	469	403
	469	402
	469	401
	469	399
	469	398
	469	397
	469	396
	469	394
	468	392
	468	390
	468	389
	468	387
	469	385
	469	383
	469	379
	469	377
	469	375
	469	373
	469	371
	469	369
	469	367
	469	366
	468	364
	468	363
	468	362
	468	360
	468	359
	467	358
	467	357
	466	357
	465	357
	465	358
	464	358
	463	359
	462	360
	461	360
	461	361
	460	362
	458	364
	457	366
	457	367
	456	369
	456	371
	456	372
	456	374
.PEN_UP
.PEN_DOWN
	474	421
	474	422
	475	422
.PEN_UP
.PEN_DOWN
	485	401
	484	401
	483	400
	481	399
	481	398
	480	398
	480	395
	480	394
	480	393
	480	392
	480	391
	480	390
	481	389
	482	388
	483	387
	484	386
	485	385
	486	384
	489	384
	490	384
	491	384
	492	385
	493	385
	494	386
	494	387
	495	388
	495	390
	495	391
	495	393
	494	394
	493	398
	492	399
	492	401
	491	402
	490	403
.PEN_UP
.PEN_DOWN
	507	420
	507	419
	507	418
	507	417
	507	416
	507	415
	507	414
	507	413
	507	411
	507	410
	507	408
	507	407
	507	405
	507	403
	507	401
	507	397
	507	395
	507	393
	507	392
	507	390
	507	389
	507	388
	507	387
	507	386
	507	387
	507	388
	507	389
	507	390
	508	391
	508	392
	508	393
	508	395
	509	396
	509	397
	510	398
	511	400
	512	400
	512	401
	513	401
	514	402
	515	402
	516	402
	516	401
	517	401
	518	400
	519	399
	520	397
	521	396
	522	394
	522	393
	522	392
	522	391
	522	390
	522	389
	522	388
	522	387
	520	387
	518	387
	517	387
	515	387
	513	387
	512	387
	511	387
	509	387
	508	387
	507	387
.PEN_UP
