
.WRITER_ID ArloReeves
.STYLE PRINTED
.PEN_DOWN
	112	395
	112	396
	113	397
	113	398
	113	399
	113	400
	113	402
	113	403
	112	404
	112	405
	111	405
	111	406
	110	406
	109	405
	109	404
	108	404
	108	403
	107	402
	107	400
	106	399
	106	397
	106	396
	106	394
	106	393
	106	391
	107	389
	107	387
	107	385
	107	383
	107	379
	108	378
	108	375
	108	373
	108	372
	107	369
	107	367
	107	365
	107	364
	107	362
	106	360
	105	358
	105	356
	104	355
	104	354
	104	353
	103	353
	103	352
	102	352
	102	351
	101	351
	100	352
	100	353
	100	354
	100	355
	99	356
	99	358
.PEN_UP
.PEN_DOWN
	103	387
	104	387
	104	388
	105	388
	106	389
	107	389
	108	389
	110	390
	111	390
	113	391
	114	391
	115	391
.PEN_UP
.PEN_DOWN
	123	387
	124	387
	125	388
	126	389
	127	389
	128	390
	129	391
	130	391
	130	392
	132	393
	133	394
	133	395
	133	396
	132	397
	131	397
	130	397
	129	397
	128	396
	127	396
	126	395
	125	394
	125	393
	124	392
	123	391
	123	390
	122	389
	122	388
	121	387
	121	386
	121	385
	121	384
	121	383
	122	382
	122	381
	123	379
	124	378
	125	378
	125	377
	126	377
	127	376
	128	376
.PEN_UP
.PEN_DOWN
	140	394
	141	394
	141	395
	142	396
	142	397
	142	396
	142	394
	142	393
	142	392
	142	391
	142	390
	142	389
	142	387
	142	386
	142	385
	143	384
	143	382
	143	381
	143	380
	144	379
	144	378
	145	378
	146	378
	147	379
	147	380
	148	381
	148	382
	148	383
	149	384
	149	385
	150	386
	150	387
	150	388
	150	389
	150	390
	150	391
	150	390
	150	389
	150	388
	150	387
	150	386
	150	385
	151	384
	151	383
	152	382
	153	382
	153	381
	154	380
	155	380
	156	380
	157	380
	158	380
	159	381
	160	382
	161	383
	162	384
	162	386
	163	387
	163	389
	163	390
	164	392
	164	394
	164	397
	164	398
	164	399
	163	400
.PEN_UP
.PEN_DOWN
	219	396
	219	397
	219	398
	219	399
	219	400
	218	400
	217	400
	216	400
	215	399
	214	399
	214	398
	213	397
	212	396
	211	396
	210	394
	209	393
	208	392
	208	391
	207	389
	207	388
	207	387
	207	386
	207	385
	208	385
	208	384
	209	384
	210	384
	211	384
	213	384
	213	385
	215	385
	215	386
	216	386
	216	387
	217	387
	217	388
	218	389
	219	390
	219	391
	220	392
	220	393
	220	394
	220	396
	221	397
	221	398
	221	399
	222	399
	222	398
	221	397
	221	396
	221	395
	221	394
	221	393
	220	392
	220	391
	219	388
	219	387
	219	385
	219	384
	219	382
	219	381
	219	379
	218	378
	218	376
	218	375
	217	373
	217	372
	217	369
	216	368
	216	366
	215	365
	215	364
	215	363
	214	361
	214	360
	213	359
	213	358
	213	357
	213	356
	214	355
	215	355
.PEN_UP
.PEN_DOWN
	232	397
	232	396
	231	394
	231	393
	231	392
	231	391
	231	390
	231	389
	231	388
	231	387
	231	386
	231	385
	231	384
	232	382
	232	381
	233	381
	234	381
	235	381
	236	381
	236	382
	237	382
	239	384
	240	386
	241	387
	242	388
	243	389
	243	391
	244	391
	244	393
	244	394
.PEN_UP
.PEN_DOWN
	253	396
	253	395
	252	394
	252	393
	252	392
	252	391
	252	390
	252	389
	252	388
	251	387
	251	386
	251	385
	251	384
	251	383
	251	382
	251	381
	251	380
	251	379
	252	379
	253	379
	253	380
	254	380
	255	381
	256	381
	257	382
	258	383
	259	384
.PEN_UP
.PEN_DOWN
	253	406
	253	407
	253	408
	254	409
.PEN_UP
.PEN_DOWN
	272	396
	273	396
	273	395
	273	394
	272	393
	272	391
	272	390
	272	389
	272	387
	272	386
	272	384
	272	382
	272	380
	271	378
	271	376
	270	374
	270	370
	270	368
	270	367
	269	365
	269	364
	269	363
	269	362
	269	361
	268	361
.PEN_UP
.PEN_DOWN
	269	395
	269	396
	270	396
	270	397
	271	397
	272	398
	273	399
	274	400
	275	400
	276	400
	277	401
	278	401
	279	401
	280	401
	281	401
	281	400
	283	400
	283	399
	284	397
	284	396
	284	394
	284	393
	284	392
	283	391
	283	390
	282	390
	281	389
	280	387
	279	387
	278	386
	277	385
	276	385
	275	384
	274	384
	273	383
	272	383
.PEN_UP
.PEN_DOWN
	302	400
	301	400
	300	400
	299	400
	298	400
	297	400
	296	399
	295	398
	295	397
	295	396
	295	395
	295	394
	296	393
	297	393
	298	392
	299	391
	300	390
	301	389
	301	388
	301	387
	301	386
	300	384
	300	383
	299	383
	298	382
	297	382
	296	382
	295	382
	294	382
	293	382
	292	382
	292	383
	291	383
.PEN_UP
.PEN_DOWN
	369	400
	369	401
	368	401
	367	401
	366	401
	365	400
	364	400
	363	400
	362	399
	362	398
	361	397
	360	397
	360	396
	359	395
	359	394
	359	392
	359	391
	360	390
	360	389
	361	389
	361	388
	362	388
	363	388
	364	388
	365	388
	366	388
	367	389
	368	390
	368	391
	369	392
	369	393
	369	394
	369	395
	369	396
	369	397
	369	398
	370	398
	370	397
	370	396
	370	395
	370	394
	370	393
	370	392
	370	391
	371	389
	371	388
	371	387
	372	383
	372	382
	372	380
	372	378
	372	377
	372	375
	372	373
	371	371
	371	370
	370	369
	370	368
	369	367
	367	365
	366	364
	365	364
	364	363
	363	363
	362	363
	361	363
	360	363
	359	363
	359	364
.PEN_UP
.PEN_DOWN
	385	400
	384	400
	384	401
	385	401
	385	402
	386	402
	386	403
	387	403
	388	403
	389	403
	390	403
	390	402
	391	402
	392	401
	393	400
	393	399
	393	398
	393	397
	393	396
	393	395
	393	394
	391	393
	390	392
	389	391
	388	391
	387	390
	386	390
	386	389
	385	389
	384	388
	384	387
	383	387
	383	386
	382	386
	382	385
	382	384
	382	383
	383	383
	383	382
	384	382
	386	382
	388	382
	389	382
	390	382
	391	383
	392	383
	392	384
	393	385
	393	386
	393	388
	393	389
	393	390
	393	391
	393	392
.PEN_UP
.PEN_DOWN
	405	415
	405	414
	406	414
	406	413
	406	412
	406	411
	406	410
	406	409
	406	408
	406	407
	406	405
	406	404
	406	401
	405	400
	405	398
	405	396
	405	395
	404	394
	404	392
	404	391
	403	390
	403	389
	403	388
	403	387
	403	385
	404	384
	404	383
	405	383
	406	383
	407	383
	408	384
	409	384
	411	384
	412	385
.PEN_UP
.PEN_DOWN
	420	401
	420	402
	421	402
	421	403
	422	403
	422	402
	423	402
	424	402
	425	401
	426	401
	426	400
	426	399
	426	398
	426	397
	426	396
	426	395
	425	393
	425	392
	425	391
	424	391
	424	390
	423	389
	423	388
	423	387
	423	386
	423	385
	423	384
	423	383
	424	382
	424	381
	424	380
	425	380
	425	379
	426	379
	427	379
	428	379
	429	380
	430	380
	430	381
	431	382
	431	383
	432	384
	433	385
	433	386
	433	388
	434	389
	434	391
	434	393
	434	394
	434	395
	434	396
	433	397
	433	398
	434	398
	434	397
	435	397
	436	397
	437	397
	438	397
	440	397
.PEN_UP
.PEN_DOWN
	449	397
	450	397
	450	398
	451	399
	452	399
	453	400
	454	400
	455	400
	456	401
	457	401
	458	401
	459	401
	460	400
	460	399
	460	398
	460	397
	460	396
	459	396
	459	395
	459	394
	458	394
	458	393
	457	392
	456	391
	456	390
	455	389
	455	388
	454	387
	454	386
	454	385
	454	384
	455	384
	455	383
	455	382
	456	382
	457	381
	457	380
	458	380
	459	380
	460	380
	461	380
	461	381
	462	382
	462	383
	462	384
	462	386
	462	387
	462	388
	462	390
	462	391
	461	391
	461	392
.PEN_UP
.PEN_DOWN
	476	398
	477	398
	478	398
	478	397
	478	396
	478	395
	477	394
	477	393
	477	391
	477	389
	477	388
	477	387
	477	386
	477	385
	476	384
	476	383
	477	383
	477	384
	478	385
	478	386
	478	388
	479	389
	479	390
	479	391
	480	392
	480	394
	481	395
	481	396
	482	397
	482	398
	484	399
	485	399
	486	399
	487	399
	488	398
	489	397
	489	396
	489	394
	489	393
	489	392
	488	391
	488	390
	487	389
	487	387
	487	386
	487	384
	487	383
	487	382
	487	381
	487	380
	487	379
	488	378
	489	378
	490	378
.PEN_UP
.PEN_DOWN
	503	401
	502	400
	501	400
	501	399
	501	398
	500	397
	500	396
	500	395
	499	394
	499	393
	499	392
	499	391
	500	390
	500	389
	500	388
	500	387
	501	387
	501	386
	501	384
	502	383
	502	382
	503	382
	503	383
	504	383
	505	383
	506	383
	507	383
	508	384
.PEN_UP
.PEN_DOWN
	503	407
	502	408
	501	409
	501	410
	502	410
	502	411
.PEN_UP
.PEN_DOWN
	515	402
	516	402
	516	403
	517	403
	518	403
	519	403
	520	403
	521	403
	522	403
	523	403
	524	403
	525	403
	526	403
	526	402
	526	401
	526	400
	525	400
	525	399
	524	398
	524	397
	523	396
	523	395
	522	395
	521	394
	521	393
	521	392
	520	391
	519	389
	519	388
	519	387
	518	387
	518	386
	518	385
	518	384
	519	384
	520	384
	521	384
	522	384
	523	384
	524	384
	525	384
	526	384
	527	384
	529	384
	531	384
	532	384
	533	385
	534	385
.PEN_UP
.PEN_DOWN
	516	396
	517	396
	518	396
	519	396
	520	396
	521	396
	523	396
	524	396
	525	396
	527	396
.PEN_UP
.PEN_DOWN
	541	393
	541	392
	542	392
	543	392
	544	393
	546	393
	547	394
	548	394
	549	394
	550	394
	551	395
	553	395
	554	395
	555	395
	556	396
	557	396
	557	397
	556	397
	555	397
	555	398
	554	398
	553	398
	552	399
	551	399
	550	399
	549	399
	548	398
	547	397
	546	396
	545	395
	544	395
	543	394
	543	393
	543	392
	543	391
	543	390
	543	389
	543	388
	543	387
	544	387
	545	386
	546	385
	547	384
	548	384
	549	383
	551	382
	552	382
.PEN_UP
.PEN_DOWN
	578	394
	578	395
	578	396
	578	397
	578	398
	578	399
	578	400
	578	401
	578	402
	577	403
	577	404
	576	404
	575	404
	574	403
	573	403
	572	402
	571	401
	571	400
	568	399
	568	397
	567	396
	566	396
	566	394
	566	393
	566	392
	566	391
	566	390
	567	389
	568	388
	569	387
	570	386
	571	386
	572	386
	573	386
	574	387
	575	387
	576	388
	577	389
	578	390
	579	391
	580	392
	582	396
	582	397
	583	399
	584	400
	584	403
	585	405
	585	406
	586	408
	586	409
	586	410
	586	412
	586	414
	587	414
	587	413
	587	412
	586	411
	586	409
	585	408
	585	406
	585	405
	585	403
	585	400
	585	399
	585	397
	585	395
	585	394
	586	391
	586	390
	587	389
	587	388
	588	387
	589	387
	591	387
	592	387
	593	387
	595	387
.PEN_UP
