
.WRITER_ID ArloReeves
.STYLE PRINTED
.PEN_DOWN
	74	418
	75	418
	75	417
	75	415
	75	414
	75	413
	75	412
	75	411
	75	410
	75	409
	75	408
	75	407
	75	406
.PEN_UP
.PEN_DOWN
	79	417
	80	417
	80	416
	80	415
	80	414
	80	413
	80	412
	80	411
.PEN_UP
.PEN_DOWN
	94	404
	95	404
	95	403
	95	402
	96	402
	96	400
	97	398
	97	397
	98	396
	99	395
	99	394
	100	392
	101	391
	102	390
	102	389
	103	388
	103	387
.PEN_UP
.PEN_DOWN
	103	400
	102	399
	101	398
	100	397
	99	396
	99	394
	98	393
	97	391
	97	390
	96	388
	96	387
	96	386
	96	385
	96	384
.PEN_UP
.PEN_DOWN
	110	398
	110	399
	111	400
	112	400
	113	400
	113	401
	114	401
	114	400
	114	399
	113	399
	113	398
	113	397
	113	396
	113	395
	114	394
	114	393
	114	392
	114	391
	115	390
	116	390
	117	390
	118	390
	118	391
	119	392
	119	393
	120	393
	120	394
	120	395
	120	396
	120	397
	120	398
	121	398
	121	399
	120	398
	120	397
	120	396
	120	395
	121	395
	121	394
	121	392
	121	391
	121	390
	122	388
	122	384
	122	382
	122	381
	122	379
	122	378
	122	376
	122	375
	122	374
	122	373
	122	372
	122	371
	121	370
	120	369
	119	369
	118	369
	117	369
	116	369
	115	369
	114	370
.PEN_UP
.PEN_DOWN
	134	402
	134	401
	134	402
	135	402
	136	402
	137	402
	137	403
	138	403
	140	403
	141	403
	142	403
	142	402
	142	401
	142	400
	141	399
	141	398
	141	397
	141	396
	140	395
	140	394
	140	393
	139	392
	139	391
	138	388
	138	387
	137	386
	137	385
	137	384
	137	383
	138	382
	139	382
	139	383
	140	383
	141	383
	142	384
	143	385
	144	385
	145	386
.PEN_UP
.PEN_DOWN
	132	391
	132	392
	133	392
	134	392
	135	393
	136	393
.PEN_UP
.PEN_DOWN
	151	404
	152	404
	153	404
	154	404
	155	404
	156	404
	157	404
	158	404
	159	404
	160	404
	161	404
	162	404
	162	403
	162	402
	161	402
	161	401
	161	400
	160	400
	160	399
	160	398
	159	397
	158	396
	158	395
	158	394
	157	393
	157	392
	157	391
	156	390
	156	389
	156	388
	156	387
	156	386
	156	385
	156	384
	157	384
	158	384
	159	385
	160	385
	161	385
	162	386
	163	386
	164	387
	165	387
.PEN_UP
.PEN_DOWN
	153	394
	154	394
	155	394
	156	394
	157	394
	158	395
	159	395
	162	395
.PEN_UP
.PEN_DOWN
	172	401
	173	401
	174	402
	175	402
	176	402
	177	402
	178	402
	178	401
	178	400
	177	399
	177	398
	177	397
	177	396
	177	395
	177	394
	178	393
	180	392
	181	392
	181	393
	182	393
	182	394
	183	394
	183	395
	184	396
	184	398
	185	398
	185	399
	185	400
	185	401
	186	402
	186	403
	186	402
	185	402
	185	401
	185	400
	185	399
	186	397
	186	396
	186	395
	186	394
	186	392
	187	391
	187	390
	187	389
	187	387
	188	386
	188	384
	189	381
	189	379
	189	378
	189	376
	189	375
	189	374
	189	373
	189	372
	189	371
	189	370
	188	369
	187	369
	186	369
	184	369
	183	370
	182	370
	182	371
	180	372
	180	373
	179	373
	178	374
	178	375
.PEN_UP
.PEN_DOWN
	199	393
	199	392
	198	392
	198	391
	197	391
	197	390
	197	389
	196	388
	195	387
	195	386
.PEN_UP
.PEN_DOWN
	210	420
	211	420
	211	419
	211	418
	211	416
	211	415
	211	414
	212	413
	212	412
	212	411
	212	410
	212	409
	212	408
	212	407
.PEN_UP
.PEN_DOWN
	215	418
	215	417
	215	416
	215	415
	215	414
	215	413
	216	413
	216	412
.PEN_UP
.PEN_DOWN
	246	406
	246	407
	246	406
	246	405
	246	404
	246	403
	246	401
	246	400
	247	399
	247	397
	248	396
	248	395
	248	394
	248	393
	248	392
	249	391
	249	392
	249	393
	249	394
	250	395
	250	396
	250	397
	251	398
	251	399
	252	400
	253	401
	253	400
	254	399
	254	397
	255	396
	255	395
	256	394
	256	393
	257	393
	257	392
	257	391
	258	391
	259	390
	260	390
	261	390
	261	391
	261	392
	262	393
	262	394
	262	395
	262	396
	262	397
	262	400
	262	401
.PEN_UP
.PEN_DOWN
	268	420
	268	419
	267	418
	267	417
	267	415
	267	414
	267	412
	267	410
	267	408
	267	406
	267	403
	267	401
	267	399
	267	397
	267	396
	267	395
	267	393
	267	392
	267	391
	267	390
	267	389
	267	390
	267	391
	267	392
	267	393
	267	394
	267	395
	268	396
	268	397
	268	398
	269	399
	270	400
	270	401
	271	402
	271	403
	272	405
	273	405
	274	406
	275	406
	275	405
	276	405
	276	404
	276	403
	276	402
	276	401
	276	400
	277	400
	277	399
	277	398
	277	397
	277	396
	277	394
	277	393
	277	392
	278	391
	279	390
	280	390
.PEN_UP
.PEN_DOWN
	284	394
	284	393
	285	393
	285	394
	286	394
	287	395
	288	396
	289	396
	291	396
	292	397
	293	397
	296	398
	296	399
	297	399
	297	400
	298	400
	298	401
	298	402
	297	403
	296	403
	295	403
	294	403
	293	403
	291	403
	291	402
	290	402
	289	401
	288	401
	287	400
	286	399
	285	398
	284	396
	284	395
	284	394
	284	393
	284	392
	284	391
	285	390
	286	390
	287	389
	289	389
	290	389
	292	389
	296	389
	297	389
.PEN_UP
.PEN_DOWN
	306	395
	307	395
	308	396
	309	396
	310	397
	311	397
	312	398
	313	398
	314	399
	315	400
	316	400
	317	400
	317	401
	318	402
	318	403
	317	404
	316	404
	315	404
	314	404
	313	404
	312	404
	310	403
	309	403
	308	402
	307	402
	306	401
	305	400
	305	399
	304	398
	303	398
	303	397
	303	396
	303	394
	303	393
	303	392
	304	392
	305	391
	306	391
	308	391
	310	391
	312	391
	313	391
	316	391
	318	391
	322	392
.PEN_UP
.PEN_DOWN
	332	406
	333	406
	333	407
	334	407
	335	407
	336	407
	337	407
	338	408
	339	408
	340	408
	341	408
	342	408
	342	409
	342	408
	342	407
	341	406
	341	405
	340	405
	340	404
	340	403
	339	402
	338	400
	338	399
	338	398
	337	397
	337	396
	336	396
	336	395
	336	394
	336	393
	336	392
	337	392
	338	392
	338	393
	339	393
	340	393
	341	393
	342	393
	342	394
	343	394
	344	394
	345	394
	346	394
.PEN_UP
.PEN_DOWN
	330	400
	331	400
	332	401
	333	401
	335	402
	336	402
	338	403
	340	404
	344	405
	346	405
	347	405
.PEN_UP
.PEN_DOWN
	352	399
	353	400
	354	400
	355	400
	356	401
	357	401
	358	402
	359	403
	360	403
	361	404
	362	405
	363	405
	363	406
	363	407
	363	408
	362	408
	361	408
	360	408
	359	408
	358	408
	357	407
	356	406
	355	405
	354	405
	353	403
	353	402
	353	401
	353	400
	353	399
	353	398
	354	398
	354	397
	355	397
	355	396
	357	396
	359	396
	360	396
.PEN_UP
.PEN_DOWN
	375	407
	376	407
	376	408
	377	408
	377	409
	378	410
	378	411
	378	412
	377	412
	375	412
	374	412
	373	412
	372	411
	371	410
	370	410
	369	409
	368	408
	367	407
	366	406
	366	405
	366	404
	366	403
	366	402
	366	401
	367	401
	367	400
	368	400
	369	400
	370	400
	371	400
	372	401
	373	402
	374	403
	375	404
	375	405
	376	405
	376	407
	376	408
	377	409
	378	410
	378	412
	378	414
	379	417
	380	418
	380	420
	380	421
	381	422
	381	423
	381	424
	381	423
	380	422
	380	421
	380	420
	379	419
	379	418
	379	415
	379	414
	379	412
	379	411
	379	409
	379	408
	379	407
	380	406
	380	405
	381	404
	382	403
	383	403
	384	402
	385	402
.PEN_UP
.PEN_DOWN
	412	422
	412	421
	411	419
	410	418
	410	417
	409	415
	409	414
	409	413
	409	411
	409	409
	409	408
	409	407
	409	405
	409	404
	409	402
	409	401
	409	400
	409	399
	409	398
	409	397
	410	397
	411	397
	412	397
	412	398
	413	398
	414	398
	415	398
	417	399
	418	399
.PEN_UP
.PEN_DOWN
	402	411
	403	411
	404	411
	404	412
	406	412
	407	412
	408	413
	410	413
	411	414
.PEN_UP
.PEN_DOWN
	424	422
	423	420
	423	418
	422	416
	422	415
	421	413
	421	411
	421	409
	421	408
	421	405
	422	404
	422	403
	422	402
	423	401
	424	401
	424	402
	424	404
	425	405
	425	406
	425	408
	425	409
	426	410
	426	411
	426	412
	426	413
	426	414
	427	415
	428	416
	429	416
	430	416
	431	416
	431	415
	431	414
	431	413
	431	412
	431	411
	431	410
	431	409
	431	407
	431	406
	431	405
	432	404
	432	403
	432	402
	432	401
	433	401
	434	400
	435	400
	436	400
	437	401
.PEN_UP
.PEN_DOWN
	436	405
	437	405
	438	405
	440	406
	441	407
	442	408
	443	408
	444	409
	445	409
	446	410
	447	410
	447	411
	448	411
	448	412
	449	412
	449	413
	449	414
	448	414
	448	415
	447	415
	447	414
	446	414
	445	414
	444	413
	443	412
	442	411
	441	410
	440	409
	439	408
	439	407
	438	407
	438	406
	438	405
	438	404
	439	403
	440	402
	441	401
	442	401
	444	401
	445	400
	447	400
.PEN_UP
.PEN_DOWN
	473	418
	474	419
	474	420
	473	421
	472	421
	471	421
	470	421
	469	421
	468	420
	466	420
	466	419
	465	419
	464	418
	464	417
	464	416
	465	416
	465	415
	466	415
	467	414
	469	414
	471	413
	472	412
	473	411
	474	410
	475	410
	475	409
	476	408
	476	407
	476	406
	476	405
	476	404
	475	403
	474	402
	473	402
	473	401
	471	401
	470	401
	469	400
	468	400
	467	400
	466	400
	466	401
.PEN_UP
.PEN_DOWN
	484	420
	485	420
	485	419
	485	418
	484	417
	484	415
	484	414
	484	413
	484	412
	484	411
	484	409
	484	407
	485	406
	485	405
	485	404
	485	403
	485	402
	485	401
	485	402
	485	403
	486	403
	486	404
	486	405
	486	406
	487	408
	487	409
	488	410
	488	412
	489	413
	490	415
	491	416
	492	416
	493	416
	493	415
	493	414
	494	413
	494	412
	494	411
	494	410
	495	409
	495	408
	496	407
	496	406
	496	405
	496	404
	496	403
	496	402
	496	401
.PEN_UP
.PEN_DOWN
	502	418
	502	419
	503	419
	503	420
	504	420
	506	420
	507	420
	509	420
	510	420
	511	420
	513	420
	514	419
	515	419
	515	418
	515	417
	515	416
	515	415
	514	414
	513	414
	513	413
	512	412
	511	412
	510	411
	509	410
	509	409
	508	408
	507	407
	507	406
	507	405
	506	405
	506	404
	506	403
	507	402
	508	401
	509	401
	510	401
	511	401
	512	401
	513	401
	514	402
	515	402
	515	403
	516	403
	516	404
	516	405
	516	407
	516	409
	516	410
	515	411
	515	412
	514	413
	513	414
.PEN_UP
.PEN_DOWN
	528	415
	529	415
	529	416
	530	416
	531	416
	532	416
	533	416
	534	416
	535	416
	536	416
	536	415
	537	415
	536	414
	536	413
	536	412
	536	411
	536	410
	535	410
	535	409
	535	408
	535	407
	534	406
	534	405
	533	404
	533	403
	532	402
	531	401
	531	400
	531	399
	530	399
	530	398
	530	397
	531	397
	532	397
	533	398
	534	398
	535	398
	536	398
	537	398
	538	399
	539	399
	540	399
	541	399
	542	399
	543	399
.PEN_UP
.PEN_DOWN
	531	406
	531	407
	531	408
	532	408
	534	408
	535	409
	536	409
	537	409
	539	409
	540	409
.PEN_UP
.PEN_DOWN
	548	415
	549	415
	549	416
	550	416
	551	416
	552	416
	552	417
	553	417
	554	417
	555	417
	556	417
	556	416
	556	415
	556	414
	555	413
	555	412
	554	411
	554	410
	554	409
	553	409
	553	408
	552	407
	552	406
	552	405
	551	404
	551	403
	550	402
	550	401
	550	400
	550	399
	551	399
	551	398
	552	398
	553	398
	553	399
	554	399
	555	399
	556	399
	557	399
	559	399
	560	399
	561	399
	561	400
.PEN_UP
.PEN_DOWN
	548	409
	549	409
	551	409
	553	409
	554	409
	555	409
	556	409
	558	410
	559	410
.PEN_UP
.PEN_DOWN
	566	415
	567	416
	568	416
	569	416
	570	416
	571	417
	572	417
	572	416
	572	415
	572	414
	571	414
	571	413
	570	412
	570	411
	569	410
	569	409
	569	407
	569	406
	569	405
	569	404
	569	403
	569	402
	570	402
	571	402
	572	402
	573	403
	574	404
	574	405
	575	405
	575	406
	576	407
	576	408
	577	409
	578	410
	578	411
	579	411
	579	410
	579	409
	578	408
	578	407
	578	406
	578	405
	578	403
	578	400
	578	399
	578	397
	578	396
	578	394
	578	393
	578	391
	578	390
	578	388
	578	387
	578	385
	578	384
	578	382
	577	381
	577	380
	576	380
	575	380
	574	380
	573	381
	573	382
	572	382
	571	383
	570	384
.PEN_UP
.PEN_DOWN
	606	419
	607	419
	609	419
	610	419
	611	419
	613	419
	614	419
	615	419
	616	419
	617	419
	618	419
	618	418
	618	417
	618	416
	617	416
	617	415
	616	414
	614	412
	614	411
	613	410
	612	409
	612	408
	612	407
	611	406
	611	405
	611	404
	611	403
	611	402
	611	400
	612	399
	613	399
	614	399
	615	399
	616	399
	618	399
	619	400
	620	400
	621	400
	622	400
	623	400
	624	400
	625	401
.PEN_UP
.PEN_DOWN
	608	410
	609	410
	610	411
	611	411
	612	411
	614	411
.PEN_UP
.PEN_DOWN
	635	417
	634	417
	633	416
	632	415
	631	415
	631	414
	629	413
	629	412
	628	411
	628	409
	628	408
	629	407
	629	406
	630	405
	631	404
	632	403
	633	403
	634	403
	635	403
	636	403
	637	404
	637	405
	637	406
	637	408
	637	409
	637	410
	637	411
	636	413
	635	414
	634	416
	634	417
	633	417
	633	418
.PEN_UP
.PEN_DOWN
	647	417
	647	416
	646	416
	646	415
	645	413
	645	412
	645	411
	645	410
	645	409
	645	408
	645	407
	645	406
	645	405
	645	404
	645	403
	645	402
	646	402
	646	403
	646	404
	647	406
	648	407
	648	408
	648	409
	649	411
	649	412
	650	413
	650	414
	651	414
	652	415
	652	414
	652	413
	652	412
	652	411
	652	410
	652	408
	652	407
	652	406
	652	405
	653	405
	654	405
	655	406
	656	407
	656	408
	657	409
	658	409
	658	410
	659	411
	660	412
	660	413
	661	413
	661	412
	661	411
	660	410
	660	409
	660	408
	660	406
	660	405
	660	404
	660	403
	661	402
	661	401
	661	400
	662	400
.PEN_UP
.PEN_DOWN
	674	429
	674	428
	674	427
	674	426
	674	425
	674	423
	674	422
	673	420
	673	419
	673	417
	673	415
	673	414
	672	412
	672	409
	672	407
	672	406
	672	405
	672	404
	672	405
	672	406
	673	407
	673	408
	673	409
	674	410
	674	411
	675	412
	676	413
	677	413
	678	412
	678	411
	679	411
	679	410
	679	409
	680	409
	680	408
	680	407
	680	406
	680	405
	679	404
	678	404
	677	403
	676	403
	675	403
	674	403
	672	404
	671	404
.PEN_UP
.PEN_DOWN
	689	415
	689	414
	689	413
	688	412
	688	411
	688	409
	688	408
	688	406
	688	405
	688	404
	688	403
	688	402
	689	402
	689	401
	689	400
	689	401
	690	401
	690	402
	691	402
	691	403
	692	403
	693	404
	694	405
.PEN_UP
.PEN_DOWN
	690	427
	690	428
	690	429
	691	429
.PEN_UP
.PEN_DOWN
	703	411
	704	411
	705	411
	705	412
	706	412
	708	413
	709	413
	710	414
	711	414
	712	414
	713	414
	713	415
	712	415
	711	415
	710	415
	709	415
	708	415
	707	415
	706	415
	706	414
	705	414
	704	413
	703	413
	703	412
	702	411
	702	410
	702	409
	703	408
	703	406
	704	405
	705	404
	706	403
	707	403
	708	402
	709	401
	711	400
	712	400
	713	400
	714	400
	716	400
.PEN_UP
.PEN_DOWN
	726	403
	726	404
	726	405
	727	405
	728	405
.PEN_UP
