
.WRITER_ID ArloReeves
.STYLE PRINTED
.PEN_DOWN
	113	422
	113	418
	113	415
	114	412
	114	409
	114	407
	114	404
	114	401
	114	399
	114	396
	114	394
	114	392
	114	388
	114	386
	113	384
	113	382
	113	381
	112	379
	112	378
	112	377
	112	376
	112	375
	112	374
	112	373
	112	372
	112	371
	111	371
	111	372
	112	373
	112	374
	112	375
	112	378
	112	380
	112	381
	113	383
	113	385
	113	386
	114	388
	114	389
	115	391
	115	392
	116	394
	117	395
	118	398
	118	399
	119	400
	120	401
	121	402
	121	403
	123	404
	124	405
	125	405
	126	406
	128	407
	129	408
	129	409
	130	409
	131	409
	132	409
	132	408
	132	407
	132	406
	132	405
	132	404
	131	403
	131	402
	130	402
	130	401
	130	400
	129	400
	129	399
	128	398
	127	397
	127	396
	126	396
	125	395
	124	394
	124	393
	123	393
	123	391
	123	390
	123	389
	123	388
	123	387
	124	386
	124	385
	125	385
	125	384
	126	383
	127	382
	128	382
	129	381
	130	380
	131	380
	131	379
	132	379
	133	378
	134	377
	135	376
	136	376
.PEN_UP
.PEN_DOWN
	143	388
	144	388
	144	389
	145	390
	146	391
	147	391
	148	393
	149	394
	150	395
	151	396
	152	397
	152	398
	153	399
	153	400
	153	401
	153	402
	153	403
	152	404
	152	405
	151	405
	150	405
	149	405
	148	404
	147	403
	146	403
	146	402
	145	400
	144	399
	143	398
	142	397
	142	396
	141	395
	141	394
	141	393
	140	392
	140	391
	140	390
	140	388
	140	387
	140	386
	140	385
	140	384
	140	383
	141	382
	141	381
	142	381
	143	380
	143	379
	144	378
	145	376
	146	376
	147	376
	147	375
	148	375
	149	375
	150	375
	151	375
	152	376
	153	376
	154	376
	155	377
	156	378
.PEN_UP
.PEN_DOWN
	168	389
	169	390
	169	391
	170	392
	170	393
	171	394
	171	395
	171	396
	172	398
	173	398
	174	399
	174	400
	174	401
	175	401
	175	402
	175	403
	175	404
	175	405
	175	406
	175	407
	175	408
	174	408
	173	408
	172	408
	171	407
	170	406
	169	405
	169	404
	168	404
	168	403
	167	402
	167	400
	166	399
	166	397
	165	396
	165	394
	165	393
	165	392
	165	391
	165	389
	165	388
	165	387
	166	386
	166	385
	168	383
	169	382
	170	382
	171	382
	173	382
	174	382
	176	382
	178	382
	180	382
	181	383
	183	384
.PEN_UP
.PEN_DOWN
	193	403
	193	402
	193	401
	192	400
	192	399
	192	398
	192	397
	192	396
	192	394
	192	393
	192	391
	193	386
	193	384
	193	382
	193	379
	194	377
	194	374
	194	372
	194	369
	194	366
	194	364
	195	363
	195	361
	195	359
	195	358
	195	357
	194	357
	194	358
	194	360
	193	361
.PEN_UP
.PEN_DOWN
	191	385
	191	387
	191	389
	192	390
	192	391
	192	392
	192	393
	192	394
	193	395
	193	396
	194	397
	195	397
	196	398
	198	400
	199	400
	200	400
	202	401
	203	401
	205	401
	206	401
	206	400
	207	400
	207	399
	207	397
	207	396
	207	395
	206	394
	206	393
	205	392
	205	391
	205	390
	204	389
	203	388
	202	387
	201	387
	201	386
	200	386
.PEN_UP
.PEN_DOWN
	239	385
	239	386
	239	387
	240	387
	241	388
	241	389
	241	390
	242	391
	243	392
	244	393
	244	394
	245	394
	246	395
	246	396
	247	396
	247	397
	248	397
	248	398
	248	397
	248	396
	248	395
	248	394
	248	393
	248	392
	248	391
	247	391
	247	390
	247	389
	247	388
	247	387
	247	386
	247	385
	247	384
	247	382
	247	381
	248	380
	248	379
	248	378
	248	377
	249	376
	249	375
	250	375
	250	374
	250	373
	251	373
	252	373
	252	374
	253	374
	253	375
	254	376
	255	376
	255	378
	256	378
	257	379
	258	380
	258	382
	259	382
	260	385
	261	386
	261	387
	261	388
	262	390
	262	391
	262	392
	262	393
	261	394
	261	395
	260	396
	260	397
	260	398
	260	397
.PEN_UP
.PEN_DOWN
	269	383
	270	383
	270	384
	271	385
	272	385
	273	386
	274	387
	275	387
	277	389
	278	390
	279	391
	280	391
	280	392
	281	392
	281	393
	281	394
	281	395
	280	396
	279	396
	278	396
	277	396
	276	396
	276	395
	274	394
	273	393
	273	392
	272	392
	272	391
	272	390
	271	389
	271	388
	271	387
	270	387
	270	384
	270	383
	270	382
	270	380
	270	379
	271	378
	271	376
	272	375
	273	374
	274	373
	276	372
	277	372
	279	371
	281	371
.PEN_UP
.PEN_DOWN
	290	392
	290	393
	290	394
	291	395
	291	396
	291	397
	292	398
	292	399
	293	399
	294	399
	295	399
	296	399
	297	399
	298	399
	298	398
	298	397
	297	396
	297	395
	297	394
	297	393
	297	392
	297	391
	296	390
	296	389
	296	388
	296	387
	297	386
	297	385
	297	384
	298	383
	298	382
	299	381
	300	380
	300	379
	301	379
	301	378
	302	378
	303	378
	303	377
	304	377
	305	377
	306	378
	307	378
	307	379
	308	379
	309	379
	310	380
	310	381
.PEN_UP
.PEN_DOWN
	307	401
	307	400
	307	399
	306	399
	306	398
	305	397
	304	397
	303	396
	302	395
	301	394
	301	392
	300	391
	299	390
	298	389
	296	386
	296	384
	295	383
	294	382
	294	380
	293	379
	293	378
	292	377
	291	376
.PEN_UP
.PEN_DOWN
	325	398
	325	397
	324	397
	324	396
	324	395
	323	395
	323	394
	323	393
	323	392
	323	391
	323	390
	323	389
	323	387
	323	386
	323	385
	323	384
	323	383
	323	382
	324	382
	324	381
	325	380
	326	379
	327	379
	328	379
	329	379
	330	379
	331	380
	331	381
.PEN_UP
.PEN_DOWN
	326	408
	326	409
	325	410
	325	411
	325	412
	324	412
	324	413
	324	414
.PEN_UP
.PEN_DOWN
	335	395
	335	394
	335	393
	335	392
	335	391
	335	390
	336	389
	336	388
	336	387
	336	386
	336	385
	337	384
	337	383
	337	382
	337	381
	337	380
	337	379
	338	378
	338	379
	338	380
	338	382
	338	384
	339	385
	339	386
	339	387
	340	388
	340	389
	341	390
	341	391
	342	393
	343	394
	343	395
	344	396
	344	397
	345	397
	345	396
	345	395
	346	395
	346	394
	346	393
	347	393
	347	391
	347	390
	347	389
	347	388
	347	387
	347	386
	347	385
	347	384
	347	383
	347	382
	347	381
	348	381
	348	380
	349	380
	350	380
	351	380
	352	380
.PEN_UP
.PEN_DOWN
	366	398
	366	399
	366	400
	365	400
	364	400
	364	399
	363	399
	363	398
	362	398
	361	397
	360	396
	359	395
	358	394
	357	393
	357	392
	357	391
	357	390
	357	389
	358	389
	358	388
	359	388
	360	387
	361	387
	363	387
	364	388
	365	388
	366	389
	367	390
	367	391
	368	391
	368	392
	368	393
	368	395
	368	396
	368	397
	367	397
	367	398
	368	397
	368	396
	368	395
	368	394
	368	393
	369	392
	369	391
	369	390
	370	388
	370	387
	370	385
	371	384
	371	382
	372	380
	372	376
	372	374
	372	372
	372	370
	372	368
	372	367
	372	365
	372	364
	372	363
	371	362
	371	361
	370	360
	369	360
	368	360
	367	360
	366	360
	365	360
	364	360
	363	360
	362	360
	362	361
	361	361
	360	361
.PEN_UP
.PEN_DOWN
	407	396
	408	396
	409	396
	410	395
	410	394
	410	393
	410	391
	410	390
	410	389
	410	388
	410	387
	410	386
	410	384
	410	383
	410	382
	410	381
	410	379
	410	378
	410	377
	410	378
	411	378
	411	379
	411	380
	411	381
	411	382
	412	383
	412	384
	412	385
	413	387
	414	387
	414	388
	414	389
	415	390
	416	391
	417	392
	417	393
	418	394
	419	395
	420	396
	420	395
	421	395
	422	395
	422	394
	422	393
	422	392
	422	391
	421	391
	421	390
	421	389
	420	387
	420	385
	420	384
	420	383
	420	382
	420	381
	420	380
	420	379
	420	378
	420	377
	420	378
	421	378
	421	379
	421	380
	422	381
	422	382
	423	383
	424	384
	425	385
	425	386
	425	387
	426	387
	426	388
	427	388
	427	389
	427	390
	428	391
	429	392
	430	392
	430	393
	431	393
	431	392
	431	391
	431	390
	431	389
	431	388
	431	387
	431	386
	431	385
	430	385
	430	384
	430	383
	430	382
	430	381
	430	380
	430	379
	430	378
	430	377
	430	375
	430	374
	431	374
	432	374
	433	374
	434	375
	435	375
	436	376
	436	377
	437	377
	438	378
	439	379
	439	380
	440	381
	441	382
	442	383
	442	384
	443	384
	443	385
	444	386
	445	386
	445	387
	446	388
	446	389
.PEN_UP
.PEN_DOWN
	447	375
	448	375
	449	376
	450	377
	451	377
	452	378
	453	379
	454	380
	455	380
	456	381
	457	381
	458	382
	458	383
	459	384
	460	385
	461	386
	461	387
	462	388
	462	389
	462	390
	462	391
	462	392
	461	392
	460	392
	459	392
	459	391
	458	391
	457	390
	456	390
	456	389
	455	389
	455	388
	454	388
	454	387
	453	387
	453	386
	452	385
	452	384
	451	383
	451	382
	450	381
	450	380
	450	379
	451	378
	451	377
	452	377
	452	376
	453	375
	454	375
	454	374
	456	374
	458	374
	460	374
.PEN_UP
.PEN_DOWN
	491	389
	491	388
	492	388
	492	389
	493	390
	494	390
	495	391
	496	391
	496	392
	497	393
	498	393
	499	394
	500	394
	499	394
	499	393
	499	392
	499	391
	498	390
	498	389
	498	388
	497	387
	497	386
	496	385
	496	384
	495	383
	495	382
	495	380
	495	379
	495	378
	495	377
	495	376
	496	376
	496	375
	497	375
	498	376
	499	377
	500	378
	501	379
	501	380
	502	380
	503	381
	503	382
	504	383
	504	384
	505	385
	506	386
	506	387
	506	388
	507	389
	507	390
	507	391
	508	391
	508	392
	509	393
	508	393
	508	392
	508	391
	507	390
	507	389
	507	388
	507	387
	506	386
	506	385
	506	384
	506	383
	506	382
	506	380
	507	379
	508	379
	509	378
	510	378
	511	378
	512	378
	512	379
	513	379
	514	380
	514	381
	515	382
	516	382
	516	384
.PEN_UP
.PEN_DOWN
	526	393
	526	392
	526	391
	525	391
	525	390
	525	389
	525	387
	525	386
	524	385
	524	384
	524	383
	524	382
	524	381
	524	380
	524	379
	524	378
	525	378
	526	378
	527	378
	528	378
	529	378
	529	379
	530	379
	531	380
	532	381
	532	382
.PEN_UP
.PEN_DOWN
	528	402
	528	403
.PEN_UP
.PEN_DOWN
	545	413
	545	412
	545	411
	545	410
	545	409
	544	408
	544	406
	544	405
	544	404
	544	402
	544	400
	544	398
	544	396
	544	392
	544	390
	544	388
	544	387
	544	385
	544	384
	544	383
	544	382
	543	381
	543	380
	543	379
.PEN_UP
.PEN_DOWN
	538	394
	539	394
	540	395
	541	395
	542	396
	543	396
	544	396
	546	397
	547	397
	549	399
	550	399
	551	399
	552	400
	553	400
.PEN_UP
.PEN_DOWN
	555	411
	555	410
	555	409
	555	408
	555	407
	555	406
	555	405
	555	403
	555	402
	555	400
	555	399
	555	398
	555	396
	555	395
	555	393
	554	390
	554	388
	554	387
	554	386
	554	384
	553	384
	553	383
	553	382
	553	383
	554	384
	554	385
	554	386
	555	387
	555	388
	557	389
	557	390
	558	391
	559	392
	559	393
	560	394
	561	395
	562	395
	562	396
	563	396
	564	396
	565	397
	566	397
	566	396
	567	395
	567	394
	566	393
	566	392
	566	391
	566	390
	566	387
	566	386
	566	385
	566	384
	566	383
	566	382
	567	381
	567	380
	569	380
	570	379
	571	379
.PEN_UP
.PEN_DOWN
	610	402
	609	402
	609	403
	608	403
	608	402
	607	402
	607	401
	607	400
	606	399
	606	398
	605	397
	604	396
	604	395
	604	394
	604	393
	604	392
	604	391
	604	389
	604	388
	604	386
	604	385
	604	383
	604	382
	604	380
	604	378
	604	376
	604	374
	604	372
	604	370
	603	366
	603	365
	603	363
	603	362
	603	360
	603	359
	603	358
	602	357
	602	356
	601	357
.PEN_UP
.PEN_DOWN
	594	387
	595	387
	596	387
	597	388
	598	388
	599	389
	601	389
	603	389
	604	390
	609	391
.PEN_UP
.PEN_DOWN
	620	394
	620	393
	620	392
	620	391
	620	390
	620	389
	620	387
	620	386
	620	385
	620	384
	621	383
	621	382
	621	381
	621	380
	621	379
	621	378
	621	377
	621	376
	621	375
	621	374
	621	375
	621	376
	621	377
	621	378
	622	379
	622	380
	622	382
	622	383
	622	384
	622	385
	622	386
	623	387
	623	388
	623	389
	624	390
	625	391
	626	391
	626	392
	627	393
	628	393
	629	394
	630	394
	631	394
	632	395
.PEN_UP
.PEN_DOWN
	640	395
	641	395
	642	395
	643	395
	644	395
	645	395
	646	395
	647	394
	647	393
	647	392
	648	391
	649	390
	649	389
	650	388
	650	387
	649	387
	648	387
	647	386
	646	386
	645	386
	644	385
	644	384
	643	384
	642	383
	641	383
	640	382
	640	381
	639	381
	639	380
	639	379
	639	378
	640	378
	641	378
	642	378
	643	378
	644	378
	645	378
	646	378
	647	378
	648	379
	649	380
	649	381
	649	382
	649	383
	649	384
	649	385
	648	386
.PEN_UP
.PEN_DOWN
	656	394
	656	393
	656	392
	656	391
	656	390
	656	389
	656	388
	656	387
	656	386
	656	385
	656	383
	656	382
	656	381
	655	380
	655	379
	655	378
	655	377
	655	376
	655	375
	656	375
	656	376
	657	377
	657	378
	657	379
	658	380
	658	381
	658	382
	659	384
	659	385
	660	386
	660	387
	661	387
	661	388
	662	389
	663	390
	664	391
	665	391
	665	392
	666	392
	667	392
	667	391
	667	390
	667	389
	667	388
	667	387
	667	386
	667	384
	667	383
	667	382
	667	381
	667	380
	667	379
	668	378
	669	378
	669	377
	670	377
.PEN_UP
.PEN_DOWN
	682	414
	682	413
	681	412
	681	411
	680	410
	679	408
	679	407
	679	405
	679	404
	678	402
	678	400
	678	399
	678	397
	678	396
	678	394
	678	392
	678	391
	678	388
	678	387
	678	386
	678	385
	678	384
	678	383
	678	382
	678	381
	678	380
	678	379
	679	379
	680	379
	681	380
	682	380
	683	380
	684	380
	685	381
	686	381
	687	381
	687	382
.PEN_UP
.PEN_DOWN
	676	392
	677	393
	678	393
	678	394
	679	394
	680	394
	681	394
	682	395
	683	395
.PEN_UP
.PEN_DOWN
	696	392
	696	391
	696	390
	696	389
	695	389
	695	388
	695	387
	695	386
	695	385
	695	384
	695	383
	696	383
	696	382
	696	381
	697	381
	697	380
	698	380
	699	380
	700	380
	701	380
	701	381
.PEN_UP
.PEN_DOWN
	698	405
	698	406
	698	407
	697	407
	697	408
	697	409
.PEN_UP
.PEN_DOWN
	716	396
	717	395
	718	395
	718	394
	719	394
	719	393
	720	391
	721	390
	722	390
	722	389
	723	389
	723	388
	724	388
	725	388
	726	389
	726	390
	726	391
	726	392
	726	393
	726	394
	726	395
	725	395
	725	396
	724	396
	723	396
	722	396
	721	396
	720	395
	719	395
	718	394
	718	393
	717	393
	716	392
	716	391
	715	391
	715	390
	715	388
	715	387
	715	386
	715	385
	716	384
	716	383
	717	382
	718	381
	718	380
	719	379
	721	377
	722	377
	723	376
	724	376
.PEN_UP
