
.WRITER_ID ArloReeves
.STYLE PRINTED
.PEN_DOWN
	87	403
	87	402
	86	401
	86	400
	86	399
	85	398
	85	396
	85	392
	84	389
	84	388
	84	385
	84	384
	84	381
	84	380
	84	378
	84	376
	84	375
	84	374
	84	373
	85	372
	85	371
.PEN_UP
.PEN_DOWN
	73	400
	74	400
	75	400
	77	401
	78	401
	82	402
	85	403
	88	403
	90	404
	93	404
	95	405
	97	405
	99	405
	100	405
	101	405
	102	405
.PEN_UP
.PEN_DOWN
	102	405
	102	404
	102	403
	102	402
	102	401
	101	400
	101	398
	101	397
	100	395
	100	393
	100	391
	100	389
	100	388
	100	384
	100	382
	100	381
	101	380
	101	379
	101	378
	101	377
	101	376
.PEN_UP
.PEN_DOWN
	112	406
	112	405
	112	404
	112	403
	112	402
	112	401
	112	398
	112	396
	112	395
	112	393
	112	391
	113	389
	113	388
	113	386
	114	385
	114	384
	114	383
	114	381
	115	380
	115	379
	115	378
.PEN_UP
.PEN_DOWN
	101	387
	102	387
	102	388
	108	389
	110	389
.PEN_UP
.PEN_DOWN
	124	399
	124	398
	124	397
	123	396
	123	395
	122	394
	122	393
	122	392
	122	390
	122	389
	122	388
	122	387
	122	386
	122	385
	122	383
	122	382
	121	381
	121	380
	121	379
	121	378
	121	377
	122	377
	122	378
	123	378
	124	378
	125	379
	126	379
	127	380
	128	380
	129	380
	130	380
	131	380
	132	381
	133	381
.PEN_UP
.PEN_DOWN
	122	388
	123	388
	124	388
	124	389
	125	389
	127	389
	128	389
	131	390
	132	391
	133	391
.PEN_UP
.PEN_DOWN
	121	397
	121	398
	122	398
	123	398
	124	399
	128	400
	129	400
	131	401
	133	401
	136	401
.PEN_UP
.PEN_DOWN
	175	402
	174	403
	173	403
	171	403
	170	402
	169	402
	168	402
	167	401
	166	401
	165	400
	164	399
	164	398
	164	397
	164	396
	165	395
	166	395
	167	394
	168	393
	169	393
	170	392
	171	391
	174	389
	175	389
	176	388
	176	386
	177	385
	178	384
	178	383
	178	382
	178	381
	178	380
	178	379
	178	377
	176	377
	176	376
	175	375
	173	375
	172	375
	170	374
	169	374
	167	374
	166	374
	165	374
	164	374
	163	375
.PEN_UP
.PEN_DOWN
	188	398
	189	397
	188	396
	188	395
	188	394
	188	393
	187	393
	187	391
	187	390
	187	388
	187	387
	187	385
	189	383
	189	381
	190	380
	191	379
	192	378
	192	377
	194	376
	195	376
	196	376
	197	376
	198	376
	199	378
	199	379
	200	380
	200	381
	201	382
	201	384
	201	385
	201	387
	201	389
	201	391
.PEN_UP
.PEN_DOWN
	210	399
	211	398
	211	397
	211	395
	211	394
	210	393
	210	391
	210	390
	209	388
	209	386
	209	385
	208	383
	208	382
	208	380
	207	379
	207	377
	207	376
	207	375
	207	374
	207	373
	208	373
	208	375
.PEN_UP
.PEN_DOWN
	210	398
	210	399
	210	400
	211	401
	212	401
	212	402
	212	401
	212	400
	212	398
	213	397
	213	395
	214	394
	214	393
	214	391
	215	390
	216	389
	216	387
	216	386
	218	385
	218	383
	219	382
	220	381
	220	380
	221	380
	222	380
	223	380
	224	381
	224	382
	224	383
	224	384
	225	385
	225	387
	225	389
	225	390
	226	394
	227	396
	227	398
	228	400
.PEN_UP
.PEN_DOWN
	273	400
	273	399
	272	398
	272	397
	272	396
	272	395
	272	394
	272	393
	273	393
	274	393
	275	393
	276	393
	276	394
	276	395
	276	396
	276	397
	276	398
	275	399
	275	400
	274	401
	273	401
	272	401
	271	401
	270	401
	269	400
	268	400
	267	399
	266	398
	265	398
	264	397
	263	394
	263	393
	262	392
	262	390
	262	389
	262	387
	263	386
	263	384
	264	383
	264	382
	265	380
	266	378
	267	377
	268	377
	269	376
	270	376
.PEN_UP
.PEN_DOWN
	290	403
	291	403
	291	402
	290	401
	289	400
	289	399
	288	398
	287	397
	286	394
	285	393
	284	392
	284	390
	283	389
	283	387
	282	386
	282	384
	282	383
	282	382
	281	381
	281	380
	281	379
	281	380
.PEN_UP
.PEN_DOWN
	288	404
	289	404
	290	403
	290	402
	290	401
	290	400
	291	398
	291	397
	291	394
	292	393
	292	391
	292	389
	293	388
	294	386
	294	385
	295	384
	295	382
	295	381
	296	380
	296	379
	297	377
	298	377
	298	376
.PEN_UP
.PEN_DOWN
	278	392
	278	391
	279	391
	280	391
	281	391
	282	391
	283	391
	285	390
	286	390
	288	390
.PEN_UP
.PEN_DOWN
	306	402
	306	401
	305	401
	305	400
	305	399
	304	398
	304	396
	304	395
	304	393
	304	392
	304	390
	304	389
	304	387
	305	386
	305	384
	306	383
	306	382
	308	381
	309	380
	310	380
	311	380
	312	380
	313	380
	314	380
	315	381
	316	381
	317	382
	318	384
	318	385
	319	386
	320	389
	320	392
	320	393
	320	395
	320	397
	320	399
	320	400
.PEN_UP
.PEN_DOWN
	333	401
	332	402
	331	402
	330	402
	329	402
	328	402
	328	401
	327	401
	327	400
	327	399
	328	398
	329	397
	329	396
	330	396
	331	395
	332	394
	333	393
	333	392
	334	391
	335	389
	336	387
	336	386
	336	385
	336	384
	335	383
	335	382
	334	381
	333	381
	332	381
	330	380
	329	380
	327	380
	326	380
	325	380
	323	381
	322	381
	321	381
.PEN_UP
.PEN_DOWN
	340	402
	340	401
	340	400
	339	399
	339	398
	339	397
	338	395
	338	394
	338	393
	338	391
	338	390
	338	389
	338	388
	338	387
	338	386
	338	385
	338	384
	339	382
	339	381
	340	381
	341	381
	342	382
	343	382
	344	383
	345	383
	347	383
	348	383
	349	383
	351	383
	352	383
	352	384
.PEN_UP
.PEN_DOWN
	342	392
	343	392
	344	392
	345	392
	346	392
	347	392
	348	393
	349	393
.PEN_UP
.PEN_DOWN
	341	402
	341	401
	342	401
	342	402
	343	402
	344	402
	345	402
	346	402
	347	402
	348	402
	349	402
	351	403
.PEN_UP
.PEN_DOWN
	367	402
	367	401
	367	400
	366	399
	366	398
	365	397
	364	395
	364	394
	364	393
	364	391
	363	390
	363	389
	363	387
	363	386
	362	385
	362	384
	362	383
	362	382
	362	380
	362	379
.PEN_UP
.PEN_DOWN
	365	405
	365	406
	366	406
	367	406
	368	405
	369	404
	371	403
	372	402
	373	402
	374	400
	376	398
	377	397
	378	395
	378	393
	378	392
	378	391
	378	389
	378	388
	378	387
	377	386
	376	385
	375	384
	372	383
	371	383
	369	383
	367	383
	365	383
	364	383
	362	383
	361	383
	360	383
	359	383
.PEN_UP
.PEN_DOWN
	419	407
	419	406
	418	405
	418	404
	418	403
	417	401
	417	400
	416	398
	415	396
	413	393
	413	391
	412	389
	411	388
	411	386
	411	385
	411	384
	411	383
	411	382
.PEN_UP
.PEN_DOWN
	423	412
	423	411
	424	410
	424	409
	425	408
	426	407
	427	405
	427	403
	428	402
	431	398
	432	397
	433	395
	433	393
	434	392
	435	390
	435	389
	435	387
	435	386
	435	385
	435	384
.PEN_UP
.PEN_DOWN
	422	394
	422	393
	423	393
	424	393
	425	393
	427	393
	428	393
	429	393
	431	393
.PEN_UP
.PEN_DOWN
	471	411
	472	410
	472	409
	472	408
	472	407
	471	404
	471	402
	471	401
	471	399
	471	398
	471	396
	471	394
	472	392
	472	391
	472	389
	472	388
	472	386
	472	385
.PEN_UP
.PEN_DOWN
	466	410
	467	410
	468	410
	469	410
	470	410
	472	410
	473	411
	474	411
	476	411
	478	411
	479	411
	480	411
.PEN_UP
.PEN_DOWN
	467	401
	468	401
	469	401
	470	401
	471	401
	473	402
	474	402
	476	402
	477	402
.PEN_UP
.PEN_DOWN
	482	406
	482	404
	482	403
	483	402
	483	401
	483	400
	483	399
	483	398
	483	396
	483	395
	483	393
	484	392
	484	389
	484	388
	484	387
	484	386
	484	385
	484	384
.PEN_UP
.PEN_DOWN
	483	405
	484	405
	485	406
	486	406
	487	406
	488	407
	489	407
	491	407
	492	407
	494	407
	496	407
	497	407
	498	406
	499	406
	499	405
	499	404
	498	404
	498	403
	497	402
	496	402
	495	401
	494	401
	493	401
	491	399
	489	399
	488	398
	486	398
	485	398
	485	397
	484	397
	485	397
	486	397
	486	396
	487	396
	488	396
	489	395
	490	395
	490	394
	491	394
	493	392
	494	391
	495	390
	496	389
	497	388
	497	387
	498	386
	498	385
	498	384
	498	383
.PEN_UP
.PEN_DOWN
	510	406
	511	404
	511	403
	511	402
	510	401
	509	398
	508	397
	507	396
	506	394
	506	393
	505	392
	504	390
	503	389
	503	387
	503	386
	502	384
	502	383
	502	382
	502	381
.PEN_UP
.PEN_DOWN
	510	403
	511	402
	511	401
	511	400
	511	399
	512	397
	513	396
	513	394
	513	393
	514	391
	515	389
	515	388
	516	386
	516	385
	517	383
	518	382
	519	380
	520	379
	520	378
	520	377
.PEN_UP
.PEN_DOWN
	504	392
	504	391
	505	391
	506	391
	507	391
	508	391
	509	390
	511	390
	512	390
.PEN_UP
.PEN_DOWN
	538	403
	537	403
	536	402
	535	402
	534	401
	533	400
	532	400
	531	399
	530	398
	529	396
	529	394
	529	393
	529	392
	529	391
	529	390
	530	389
	530	388
	531	386
	532	385
	533	384
	534	384
	535	382
	536	381
	537	381
.PEN_UP
.PEN_DOWN
	535	392
	536	392
	537	392
	538	393
	539	393
	541	393
	542	393
	543	393
	544	393
	545	393
	546	393
	547	393
	547	392
	546	391
	546	390
	545	389
	545	388
	544	387
	544	386
	543	384
	543	383
	543	381
	543	378
	543	377
	543	375
	544	375
	544	373
	545	372
	545	371
.PEN_UP
.PEN_DOWN
	554	402
	554	401
	554	400
	554	399
	554	398
	553	398
	553	397
	553	395
	553	393
	553	391
	554	390
	554	389
	554	388
	554	386
	554	385
	554	384
	555	383
	555	382
	556	381
.PEN_UP
.PEN_DOWN
	554	400
	554	399
	554	398
	555	397
	556	397
	556	396
	557	396
	558	396
	558	395
	559	395
	561	395
	562	395
	563	396
	564	396
	564	397
	565	397
	565	398
	566	398
	567	399
	567	400
	568	400
	568	401
	568	400
	568	399
	568	398
	568	397
	567	395
	567	393
	566	392
	566	390
	566	389
	566	387
	567	386
	567	384
	568	383
	568	382
	568	381
	569	380
	570	379
	571	379
.PEN_UP
.PEN_DOWN
	577	396
	576	395
	576	394
	576	393
	575	393
	575	392
	574	391
	574	390
	574	389
	574	388
	574	387
	574	386
	574	385
	574	384
	574	383
	574	382
	575	382
	575	381
	575	380
	576	380
	578	380
	579	380
	580	380
	581	381
	582	381
	584	381
	585	381
	586	381
	587	382
	589	382
	590	383
.PEN_UP
.PEN_DOWN
	577	389
	578	389
	579	389
	580	389
	582	389
	583	389
.PEN_UP
.PEN_DOWN
	577	398
	578	398
	579	399
	580	399
	581	399
	582	399
	584	399
	585	399
.PEN_UP
.PEN_DOWN
	597	398
	597	397
	596	396
	596	395
	595	393
	595	392
	595	391
	594	390
	593	389
	593	387
	592	384
	592	383
	591	382
	591	380
	591	379
	591	378
	592	377
	592	376
	592	375
	593	375
	594	375
	594	376
.PEN_UP
.PEN_DOWN
	595	397
	595	398
	595	399
	596	399
	596	398
	597	398
	597	397
	597	396
	598	395
	599	392
	600	391
	601	390
	602	388
	603	387
	604	386
	605	385
	606	384
	608	383
	609	382
	611	381
	612	381
	613	381
	613	382
	613	383
	613	384
	613	385
	613	387
	613	388
	614	391
	614	393
	615	394
	615	396
	616	398
	616	399
	616	400
	617	400
.PEN_UP
.PEN_DOWN
	625	398
	625	397
	625	396
	625	395
	625	394
	624	394
	624	393
	623	393
	623	392
	622	390
	622	389
	621	387
	621	386
	621	385
	621	384
	621	383
	621	382
	621	381
	621	380
	621	379
	622	378
	622	377
.PEN_UP
.PEN_DOWN
	616	401
	616	402
	617	402
	618	402
	619	402
	621	402
	622	402
	624	401
	626	401
	628	400
	630	399
	631	399
.PEN_UP
