
.WRITER_ID BobStrong
.STYLE PRINTED
.PEN_DOWN
	131	390
	131	389
	130	388
	130	387
	129	386
	128	385
	128	384
	127	383
	126	381
	125	379
	124	377
	123	376
	123	375
	122	374
	122	373
	122	372
	121	371
	121	370
.PEN_UP
.PEN_DOWN
	143	384
	143	383
	142	383
	141	382
	140	381
	139	380
	138	379
	136	377
	135	376
	135	375
	134	374
	134	373
	134	372
	135	371
	136	371
	138	371
	140	372
	142	373
	143	374
	144	375
	146	375
	147	376
	148	377
	148	378
	148	379
	148	380
	148	381
	146	384
	144	385
	143	385
	142	385
	140	385
	139	384
	138	384
	137	383
	136	383
	136	382
.PEN_UP
.PEN_DOWN
	157	380
	157	379
	156	379
	155	379
	155	378
	154	378
	153	377
	153	376
	153	375
	153	374
	153	373
	154	373
	154	372
	155	372
	155	371
	156	371
	157	371
	160	371
	160	372
	161	372
	162	372
	162	373
	162	374
	162	375
	162	376
	160	377
	159	378
	158	378
	157	379
	156	379
	155	379
	154	379
	153	379
	153	378
	154	378
	155	378
.PEN_UP
.PEN_DOWN
	183	385
	182	385
	181	385
	180	385
	179	385
	178	384
	177	384
	177	383
	176	382
	176	381
	175	380
	175	379
	175	378
	176	378
	177	378
	179	378
	181	378
	182	379
	183	379
	184	379
	184	380
	184	381
	184	382
	183	382
	182	382
	181	382
	181	381
	182	381
	183	381
	184	381
	185	381
	186	381
	187	381
	188	381
	189	381
	190	381
	190	380
	190	379
	190	378
	189	378
	189	377
	188	376
	188	375
	187	374
	186	373
	185	373
	185	372
	184	371
	184	370
.PEN_UP
.PEN_DOWN
	198	374
	198	373
	197	373
	197	372
	196	372
	195	371
	194	371
	194	370
	194	369
	196	368
	197	368
	198	368
	199	368
	200	368
	201	369
	202	369
	203	369
	203	370
	203	371
	203	372
	201	372
	199	372
	198	372
	197	372
.PEN_UP
.PEN_DOWN
	241	374
	240	374
	239	374
	238	374
	237	374
	236	374
	236	373
	235	373
	235	372
	234	372
	234	371
	233	370
	234	370
	235	370
	236	370
	237	370
	238	370
	240	370
	240	371
	242	371
	243	372
	244	372
	244	373
	245	373
	245	374
	245	375
	244	375
	243	376
	242	376
	241	376
	240	376
	239	376
	238	376
	237	376
.PEN_UP
.PEN_DOWN
	258	391
	257	391
	256	391
	255	391
	253	390
	252	389
	251	388
	250	388
	250	387
	250	386
	249	385
	249	384
	249	383
	249	382
	249	381
	249	379
	249	378
	249	376
	249	375
	249	374
	249	373
	249	372
	249	371
	249	370
.PEN_UP
.PEN_DOWN
	243	379
	244	379
	245	379
	247	379
	247	380
	249	380
	251	380
	253	380
	256	380
	257	380
	258	380
.PEN_UP
.PEN_DOWN
	294	390
	294	389
	294	388
	293	387
	293	386
	292	384
	291	383
	291	382
	290	381
	290	380
	290	379
	290	378
	289	377
	289	376
	289	375
	290	375
.PEN_UP
.PEN_DOWN
	298	390
	298	389
	298	388
	297	388
	297	387
	297	386
	296	385
	295	383
	295	382
	295	381
	295	380
	295	379
.PEN_UP
.PEN_DOWN
	282	384
	283	383
	284	383
	285	383
	286	384
	288	384
	289	384
	291	384
	294	384
	295	384
	296	385
	297	385
	298	385
.PEN_UP
.PEN_DOWN
	285	380
	285	379
	286	379
	287	379
	288	379
	290	379
	291	380
	292	380
	294	380
	296	380
	297	381
	298	381
	300	381
	301	381
	302	381
	303	381
.PEN_UP
.PEN_DOWN
	318	399
	318	398
	317	397
	317	396
	316	395
	316	394
	316	393
	316	392
	316	391
	316	390
	316	389
.PEN_UP
.PEN_DOWN
	328	384
	327	384
	326	384
	325	384
	324	384
	323	384
	322	384
	321	383
	320	383
	320	382
	320	381
	322	381
	323	380
	324	380
	325	380
	326	380
	326	379
	327	379
	328	378
	328	377
	327	377
	326	376
	325	376
	324	375
	323	375
	322	375
	321	375
	320	374
	319	374
	318	373
.PEN_UP
.PEN_DOWN
	369	395
	370	395
	370	396
	369	395
	368	394
	367	393
	367	392
	365	390
	364	389
	362	385
	361	384
	360	382
	359	380
	358	379
	357	378
	356	377
	355	375
	354	375
	354	374
	353	373
	353	372
	353	371
	353	370
	354	370
.PEN_UP
.PEN_DOWN
	386	386
	387	386
	386	386
	385	385
	384	384
	383	384
	382	383
	381	383
	380	382
	379	380
	379	379
	379	378
	379	377
	379	376
	380	375
	381	375
	382	375
	384	374
	385	374
	387	374
	391	375
	393	375
	395	375
	396	376
	397	376
	398	377
	399	378
	399	379
	399	381
	398	382
	398	383
	396	386
	394	387
	394	388
	392	388
	391	389
	390	389
	389	389
	388	389
	387	389
	387	388
.PEN_UP
.PEN_DOWN
	455	386
	455	387
	455	388
	454	389
	453	389
	452	389
	451	389
	450	388
	449	388
	448	387
	447	387
	446	386
	445	385
	443	383
	442	382
	442	381
	442	380
	443	380
	444	380
	446	380
	448	381
	450	382
	452	383
	453	383
	453	384
	454	384
	455	385
	455	386
	455	387
	455	388
	454	388
	454	387
	453	387
	453	386
	453	385
	453	384
	453	382
	453	381
	454	381
	454	380
	455	380
	456	379
	457	379
.PEN_UP
.PEN_DOWN
	468	385
	468	384
	467	383
	467	382
	467	381
	466	380
	466	379
	466	378
	466	377
	466	376
	466	377
	467	377
	467	378
	467	379
	467	380
	467	381
	468	383
	468	384
	468	385
	468	386
	469	387
	469	388
	469	389
	470	390
	470	391
	471	392
	472	392
	473	392
	474	392
	475	392
	476	392
	477	392
.PEN_UP
.PEN_DOWN
	481	384
	482	383
	483	383
	484	383
	485	384
	487	384
	488	384
	488	385
	489	385
	489	386
	489	387
	489	388
	488	388
	487	388
	486	388
	485	388
	484	388
	483	388
	482	388
	481	387
	480	386
	479	385
	478	384
	477	383
	477	382
	477	381
	477	380
	478	379
	478	378
	479	378
	481	377
	482	376
	484	376
	486	375
	487	375
	491	375
	492	375
	493	375
	495	375
	496	375
	497	375
.PEN_UP
.PEN_DOWN
	522	393
	522	394
	522	395
	523	395
	523	396
	524	396
	525	397
	526	397
	527	397
	528	397
	528	396
	528	395
	528	394
	528	393
	528	392
	529	391
	530	391
	531	391
	531	390
	532	390
	532	389
.PEN_UP
.PEN_DOWN
	547	382
	547	381
	547	380
	547	379
	546	379
	546	378
	546	377
	546	376
	546	375
	546	374
	547	374
	548	374
	549	374
	551	374
	552	375
	553	375
	554	376
	555	376
	555	377
	556	378
	556	379
	556	380
	556	381
.PEN_UP
.PEN_DOWN
	564	375
	563	375
	562	374
	562	373
	561	373
	561	372
	561	371
	562	372
	563	372
	564	373
	565	373
	565	374
	566	374
	566	375
	567	375
	567	376
	567	377
	568	378
	569	379
	570	379
	570	380
	571	380
	572	380
	573	380
	574	379
	574	378
	574	377
	574	376
	574	375
	574	374
	574	373
	575	372
	575	371
.PEN_UP
.PEN_DOWN
	590	373
	591	373
	591	374
	591	375
	591	376
	591	377
	591	378
	591	379
	591	380
	590	380
	590	381
	589	381
	588	381
	587	381
	586	381
	585	380
	584	379
	583	379
	582	378
	581	377
	581	376
	581	375
	581	374
	581	373
	582	373
	582	372
	583	372
	584	372
	585	372
	586	372
	587	373
	589	374
	589	375
	590	375
	590	376
	591	376
	591	377
	591	378
	592	379
	592	380
	592	381
	592	382
	592	383
	593	385
	593	386
	593	388
	593	389
	593	390
	593	392
	594	393
	593	392
	593	391
	593	390
	592	388
	592	387
	592	386
	592	384
	592	383
	591	382
	591	379
	591	378
	592	377
	592	376
	592	375
	593	374
	593	373
	594	373
	595	372
.PEN_UP
.PEN_DOWN
	602	378
	603	378
	604	378
	605	378
	606	378
	607	378
	608	378
	608	379
	609	379
	610	379
	610	380
	611	381
	611	382
	611	383
	610	383
	609	383
	608	383
	607	382
	606	382
	605	381
	604	380
	603	379
	603	378
	602	378
	602	377
	602	376
	602	375
	602	374
	602	373
	603	373
	604	372
	605	372
	606	371
	607	371
	608	371
	609	371
	611	371
	612	371
	613	371
.PEN_UP
.PEN_DOWN
	636	391
	637	391
	637	392
	636	392
	635	393
	634	393
	633	393
	632	393
	631	393
	630	392
	629	392
	628	391
	627	390
	626	388
	625	387
	625	386
	625	385
	625	384
	625	382
	625	381
	625	379
	625	378
	625	377
	625	375
	626	375
	626	373
	626	372
	626	371
	626	370
	627	370
.PEN_UP
.PEN_DOWN
	620	381
	620	380
	621	379
	622	379
	623	379
	624	379
	625	379
	626	379
	628	379
	629	379
	630	379
	631	379
	632	379
.PEN_UP
.PEN_DOWN
	641	377
	640	376
	639	375
	639	374
	639	373
	640	373
.PEN_UP
.PEN_DOWN
	644	384
	645	384
	645	385
	645	386
	645	387
	646	388
	647	388
	648	388
	649	388
.PEN_UP
.PEN_DOWN
	654	377
	654	376
	654	375
	653	375
	652	374
	651	374
	651	373
	651	372
	650	372
	650	371
	651	371
	652	371
	652	372
	653	372
	653	373
	654	373
	655	374
	655	375
	655	376
	656	377
	657	378
	659	380
	660	382
	661	383
	662	383
	662	384
	663	384
	663	383
	662	381
	662	380
	662	379
	662	378
	662	376
	661	375
	661	374
	661	373
	661	372
	661	371
	662	370
.PEN_UP
.PEN_DOWN
	674	379
	675	378
	676	378
	677	378
	678	378
	679	378
	680	379
	680	380
	681	380
	681	381
	681	382
	681	383
	680	383
	678	383
	677	382
	676	382
	675	382
	674	381
	673	381
	672	380
	672	379
	671	378
	670	377
	670	376
	670	375
	670	374
	670	373
	670	372
	670	371
	671	370
	672	370
	673	370
	674	369
	675	369
	676	369
	678	369
.PEN_UP
.PEN_DOWN
	697	372
	697	373
	697	374
	698	375
	698	376
	697	376
	697	377
	696	377
	695	377
	694	377
	693	377
	692	377
	691	376
	690	376
	689	375
	688	374
	687	374
	687	373
	686	372
	686	371
	686	370
	687	370
	688	370
	689	370
	690	370
	691	371
	692	372
	693	373
	693	374
	694	374
	694	375
	695	376
	695	377
	696	379
	697	382
	697	383
	697	385
	698	387
	698	388
	699	389
	699	390
	700	391
	700	392
	700	393
	700	392
	699	391
	699	389
	699	388
	698	387
	698	385
	698	384
	698	381
	698	379
	698	378
	698	377
	698	376
	698	375
	698	374
	698	373
	698	372
	699	370
	700	370
	700	369
	701	369
.PEN_UP
.PEN_DOWN
	713	392
	713	393
	713	394
	714	394
	714	395
	714	396
	715	396
	716	397
	717	397
	718	398
	719	398
	719	397
	719	396
	719	395
	719	394
	719	393
	718	393
	718	392
	718	391
	719	391
	719	390
	720	390
	720	389
.PEN_UP
