
.WRITER_ID BobStrong
.STYLE PRINTED
.PEN_DOWN
	109	376
	109	375
	110	375
	111	375
	112	375
	113	375
	114	376
	115	376
	115	377
	116	377
	116	378
	117	378
	117	379
	117	380
	117	381
	116	381
	115	381
	114	381
	113	380
	112	380
	111	379
	110	378
	110	377
	109	375
	109	374
	109	373
	109	372
	109	371
	109	370
	110	369
	111	369
	112	369
	113	369
	116	369
	117	369
	119	369
	121	369
	121	370
	122	370
	123	370
	124	371
	125	371
.PEN_UP
.PEN_DOWN
	130	376
	130	375
	130	374
	129	373
	128	372
	128	371
	128	370
	127	369
	127	368
	127	367
	128	367
	128	368
	129	368
	129	369
	130	370
	130	371
	131	371
	131	372
	131	373
	131	374
	132	375
	132	376
	133	377
	134	378
	135	379
	136	379
	137	379
	138	379
	138	378
	138	377
	138	376
	138	375
	138	374
	138	373
	138	372
	138	371
	138	370
	138	369
	138	368
.PEN_UP
.PEN_DOWN
	152	377
	151	378
	150	378
	149	378
	148	377
	148	376
	148	375
	147	374
	147	373
	146	373
	146	372
	146	371
	146	370
	146	369
	146	368
	147	368
	148	368
	149	368
	149	369
	150	369
	151	370
	152	371
	153	371
	153	372
	153	373
	153	374
	153	375
	153	376
	153	375
	153	374
	154	373
	154	372
	154	371
	155	370
	155	369
	156	368
	156	365
	157	364
	157	363
	157	362
	157	361
	157	360
	157	359
	157	358
	157	357
	156	357
	155	356
	155	355
	154	355
	153	355
	152	355
	151	355
	150	355
	149	356
	148	356
.PEN_UP
.PEN_DOWN
	171	376
	171	377
	170	377
	169	377
	168	376
	167	376
	167	375
	166	375
	165	374
	165	373
	164	373
	164	372
	163	371
	163	370
	163	369
	164	369
	165	369
	166	369
	167	369
	168	370
	169	371
	170	371
	170	372
	171	372
	171	373
	171	374
	172	375
	172	374
	172	373
	172	372
	172	371
	172	370
	173	370
	173	369
	174	368
.PEN_UP
.PEN_DOWN
	192	376
	191	377
	190	377
	189	377
	188	377
	187	377
	185	376
	184	375
	184	374
	183	374
	183	373
	183	372
	183	371
	183	370
	184	370
	185	370
	187	370
	188	370
	189	370
	190	370
	190	371
	191	371
	191	372
	192	373
	192	374
	192	375
	192	373
	192	372
	193	371
	193	370
	193	369
	193	368
	193	367
	193	366
	193	365
	193	364
	193	363
	193	361
	194	361
	194	360
	194	359
	194	358
	194	357
	194	356
	193	355
	193	354
	192	354
	191	353
	190	353
	189	353
	188	352
	187	352
	186	352
	185	353
	184	353
.PEN_UP
.PEN_DOWN
	201	374
	202	374
	203	375
	204	375
	205	375
	207	375
	208	375
	209	376
	210	377
	210	378
	209	379
	208	380
	207	380
	206	380
	205	380
	204	379
	203	378
	201	376
	201	375
	200	374
	200	373
	200	372
	200	371
	200	370
	200	369
	201	368
	201	367
	202	367
	204	366
	205	366
	206	366
.PEN_UP
.PEN_DOWN
	220	375
	220	376
	219	376
	218	376
	217	376
	216	375
	215	375
	215	374
	214	373
	214	372
	213	371
	213	370
	213	369
	214	369
	214	368
	215	368
	216	368
	217	368
	218	368
	219	369
	220	370
	220	371
	221	372
	221	373
	221	375
	221	376
	221	378
	222	379
	222	381
	222	382
	222	384
	223	386
	223	387
	223	389
	223	390
	223	391
	223	390
	223	389
	223	388
	223	387
	223	385
	223	384
	223	382
	223	378
	223	376
	223	375
	223	374
	223	373
	224	371
	224	370
	225	369
.PEN_UP
.PEN_DOWN
	261	375
	260	375
	260	374
	259	373
	258	373
	258	372
	258	371
	258	370
.PEN_UP
.PEN_DOWN
	260	390
	261	390
	261	391
	262	392
.PEN_UP
.PEN_DOWN
	273	371
	274	371
	275	372
	275	373
	276	374
	277	374
	277	375
	278	376
	279	377
	280	378
	281	378
	282	378
	283	378
	283	377
	283	376
	283	375
	283	373
	283	372
	283	371
	283	370
	283	369
	283	368
	283	367
	284	367
.PEN_UP
.PEN_DOWN
	325	389
	325	388
	325	387
	325	386
	325	385
	325	383
	324	382
	324	380
	324	379
	323	376
	323	375
	323	374
	323	373
	323	372
	323	371
	323	370
	323	369
.PEN_UP
.PEN_DOWN
	314	379
	315	379
	316	379
	317	379
	318	379
	320	379
	321	380
	322	380
	323	380
	325	380
	326	380
	327	380
	328	380
	330	381
	331	381
	332	381
	334	381
	335	381
	336	382
.PEN_UP
.PEN_DOWN
	341	398
	342	397
	342	396
	342	395
	342	394
	342	393
	342	391
	342	389
	342	388
	342	386
	342	384
	342	382
	341	379
	341	378
	341	376
	341	375
	341	374
	341	373
	341	372
	341	371
	340	371
	341	371
	341	372
	342	372
	342	373
	343	375
	343	376
	344	377
	345	378
	345	379
	346	379
	347	379
	348	379
	348	378
	349	377
	349	376
	349	375
	349	373
	349	372
	349	371
	349	370
	350	370
.PEN_UP
.PEN_DOWN
	359	382
	359	381
	360	381
	361	381
	362	381
	363	381
	364	381
	365	381
	366	381
	367	381
	368	381
	368	382
	369	382
	369	383
	369	384
	368	384
	367	385
	366	385
	365	385
	364	385
	363	385
	362	384
	361	384
	361	383
	360	382
	359	382
	359	380
	359	379
	359	378
	359	377
	360	377
	361	376
	362	376
	363	375
	364	374
	365	374
	366	373
	367	373
	368	373
	369	373
	370	373
.PEN_UP
.PEN_DOWN
	413	385
	413	384
	412	383
	412	382
	412	380
	411	379
	411	378
	411	376
	410	375
	410	373
	410	372
	410	371
	409	371
	409	370
	409	369
.PEN_UP
.PEN_DOWN
	409	389
	410	389
	410	390
	411	390
	412	390
	413	390
	414	390
	415	389
	416	389
	418	389
	419	389
	421	388
	422	388
	423	387
	424	387
	424	386
	424	385
	423	385
	422	385
	421	384
	420	384
	419	383
	418	383
	417	382
	415	382
	415	381
	414	381
	413	381
	412	380
	412	379
.PEN_UP
.PEN_DOWN
	436	391
	437	391
	437	390
	437	389
	437	388
	436	386
	436	385
	436	384
	435	382
	435	381
	435	379
	435	378
	434	376
	434	375
	434	374
	433	372
	433	371
	433	370
	433	369
	434	368
	435	368
.PEN_UP
.PEN_DOWN
	451	378
	451	379
	451	380
	450	380
	449	380
	448	380
	447	380
	446	380
	445	380
	444	379
	443	379
	443	378
	443	377
	442	376
	442	375
	442	373
	443	372
	443	371
	444	371
	445	371
	446	371
	447	372
	448	373
	449	373
	449	374
	449	375
	450	376
	450	375
	450	374
	450	373
	450	372
	451	371
	451	370
	452	369
.PEN_UP
.PEN_DOWN
	458	383
	459	383
	460	383
	461	383
	462	383
	463	383
	464	383
	465	382
	466	381
	467	381
	468	380
	469	380
	469	379
	468	379
	468	378
	467	378
	466	377
	465	377
	465	376
	464	376
	463	376
	463	375
	461	374
	461	373
	461	372
	461	371
	462	370
	463	370
	465	370
	466	369
	467	369
	468	369
.PEN_UP
.PEN_DOWN
	483	376
	483	377
	483	378
	483	379
	482	379
	481	379
	480	379
	480	378
	479	378
	478	377
	477	377
	476	376
	476	375
	475	375
	475	374
	476	373
	477	372
	478	372
	479	372
	480	372
	481	372
	482	373
	483	373
	483	374
	484	374
	484	375
	485	375
	485	376
	486	375
	486	374
	486	373
	486	372
	486	371
	486	370
	487	369
	487	368
	487	367
	488	367
	488	366
	489	366
	489	365
	490	365
.PEN_UP
.PEN_DOWN
	538	389
	538	388
	537	388
	537	387
	536	387
	535	386
	534	386
	534	385
	533	385
	532	383
	532	382
	532	381
	532	380
	533	379
	533	378
	534	378
	535	377
	536	377
	537	377
	538	377
	540	377
	541	378
	542	378
	542	379
	542	380
	542	381
	542	382
	542	383
	541	384
	541	385
	540	387
	539	388
	539	389
	538	389
	537	389
	537	388
	536	388
	536	387
.PEN_UP
.PEN_DOWN
	582	396
	582	397
	582	398
	582	399
	581	399
	581	400
	580	401
	579	401
	579	402
	578	402
	577	402
	576	402
	574	402
	573	401
	572	401
	571	400
	570	399
	569	398
	567	396
	566	395
	566	393
	565	392
	565	390
	565	389
	565	387
	565	386
	565	384
	566	383
	566	382
	566	380
	566	379
	566	378
	566	377
	566	376
	566	375
	566	374
	565	374
.PEN_UP
.PEN_DOWN
	558	387
	559	387
	560	387
	561	387
	562	387
	563	387
	564	388
	565	388
	566	388
	567	388
	568	388
	569	388
	571	388
	572	388
	573	388
	574	388
	576	388
	577	388
.PEN_UP
