
.WRITER_ID BobStrong
.STYLE PRINTED
.PEN_DOWN
	104	377
	104	376
	105	376
	105	375
	105	374
	105	373
	105	372
	105	371
	105	369
	104	368
	104	367
	104	365
	104	364
	103	363
	103	361
	103	360
	102	360
	102	359
	102	358
	102	359
	102	360
	102	361
	102	362
	102	363
	102	365
	102	366
	102	368
	102	370
	103	371
	103	376
	103	377
	103	379
	104	380
	104	382
	105	382
	105	383
	105	384
	106	384
	107	384
	108	384
	109	383
	110	382
	110	381
	111	380
	111	379
	111	378
	111	377
	111	376
	111	375
	111	373
	111	372
	110	372
	110	371
	109	371
	108	371
	107	371
	106	371
	105	371
	104	371
	103	372
.PEN_UP
.PEN_DOWN
	117	376
	117	375
	117	374
	117	373
	117	372
	118	372
	118	371
	119	371
	119	370
	119	369
	119	370
	118	371
	118	372
	118	373
	118	374
	118	375
	118	376
	118	377
	118	379
	118	380
	119	381
	119	382
	119	383
	120	383
	121	383
	122	383
	123	383
	124	383
	125	383
.PEN_UP
.PEN_DOWN
	129	376
	130	376
	131	376
	132	376
	133	376
	134	376
	135	376
	136	377
	136	378
	136	379
	135	379
	134	379
	133	379
	132	378
	131	378
	131	377
	130	376
	129	375
	128	374
	127	372
	127	371
	127	370
	128	370
	128	369
	129	368
	130	368
	131	368
	132	368
	133	368
.PEN_UP
.PEN_DOWN
	154	380
	153	380
	152	380
	151	380
	150	380
	149	380
	148	379
	147	378
	147	377
	146	376
	146	375
	146	374
	147	373
	148	373
	149	373
	150	373
	151	373
	151	372
	152	372
	153	372
	154	372
	154	371
	153	370
	152	369
	151	368
	150	368
	150	367
	148	367
	147	367
	147	366
	146	366
.PEN_UP
.PEN_DOWN
	164	380
	163	380
	162	380
	161	380
	160	379
	160	378
	160	377
	160	376
	160	375
	161	374
	161	373
	162	373
	162	372
	163	372
	164	371
	165	371
	165	370
	166	370
	166	369
	166	368
	165	367
	165	366
	164	366
	164	365
	163	365
	162	364
	161	364
	160	363
	159	363
.PEN_UP
.PEN_DOWN
	172	374
	173	374
	174	374
	175	374
	176	374
	177	374
	178	375
	179	375
	180	375
	181	376
	181	377
	181	378
	180	378
	179	378
	178	378
	177	377
	176	377
	176	376
	175	376
	174	375
	173	374
	172	373
	172	372
	172	371
	172	370
	172	369
	172	368
	173	368
	174	367
	175	367
	176	367
	177	367
	178	367
.PEN_UP
.PEN_DOWN
	194	372
	194	373
	194	374
	193	375
	192	375
	191	374
	190	374
	189	374
	188	374
	187	373
	185	372
	185	371
	184	369
	184	368
	184	367
	185	367
	186	367
	187	367
	188	367
	190	367
	192	368
	194	369
	195	370
	196	371
	197	372
	198	373
	198	374
	199	375
	199	376
	199	377
	199	379
	199	380
	199	383
	198	385
	198	386
	198	388
	198	389
	198	391
	198	392
	198	393
	197	394
	197	393
	196	392
	196	390
	196	389
	196	387
	195	385
	195	383
	195	381
	195	379
	195	377
	195	376
	195	374
	196	372
.PEN_UP
.PEN_DOWN
	240	384
	239	384
	239	383
	238	382
	237	381
	237	380
	237	379
	236	378
	235	377
	235	376
	234	375
	234	374
	234	373
	234	372
	234	371
	234	369
	234	368
	235	368
	235	367
	236	367
	237	367
	238	366
	239	366
	240	366
	241	366
	242	366
.PEN_UP
.PEN_DOWN
	227	376
	228	376
	229	376
	230	376
	231	376
	232	376
	234	377
	236	377
	238	378
	239	378
	241	379
	242	379
	244	380
	245	380
	246	380
.PEN_UP
.PEN_DOWN
	256	395
	255	394
	255	393
	255	392
	254	391
	254	389
	253	387
	253	385
	253	383
	252	379
	252	377
	252	376
	252	374
	252	373
	252	372
	252	371
	252	370
	252	369
	252	368
	251	368
	252	368
	252	369
	252	370
	253	371
	254	371
	254	372
	255	374
	256	375
	256	376
	257	377
	258	377
	259	377
	259	376
	259	375
	259	374
	259	373
	259	372
	260	371
	260	370
	261	370
.PEN_UP
.PEN_DOWN
	267	378
	268	378
	269	378
	270	378
	271	378
	272	378
	273	378
	274	379
	275	379
	275	380
	276	380
	277	380
	277	381
	277	382
	276	382
	276	383
	275	383
	274	383
	273	383
	272	383
	271	382
	270	381
	269	381
	269	380
	268	379
	268	378
	267	377
	267	376
	267	375
	268	374
	268	373
	269	372
	270	372
	271	372
	272	371
	273	371
	274	371
	275	371
	276	371
.PEN_UP
.PEN_DOWN
	313	376
	313	375
	314	375
	315	375
	316	375
	317	375
	319	375
	321	375
	322	376
	323	376
	324	376
	324	377
	325	377
	325	378
	325	379
	324	380
	323	380
	322	380
	321	380
	320	380
	319	380
	318	380
	318	379
	317	379
	316	378
	315	377
	314	376
	313	375
	313	374
	313	373
	313	372
	314	372
	314	371
	315	370
	316	370
	317	370
	318	369
	319	369
	320	369
	323	368
	324	368
	325	368
	326	368
.PEN_UP
.PEN_DOWN
	335	376
	335	375
	335	374
	335	373
	335	372
	335	371
	335	370
	335	369
	335	368
	335	369
	336	369
	336	370
	337	371
	338	372
	338	373
	339	374
	339	375
	341	377
	341	378
	342	379
	343	380
	343	379
	343	377
	343	376
	343	375
	343	374
	343	373
	343	372
	344	371
.PEN_UP
.PEN_DOWN
	356	380
	357	380
	357	381
	356	381
	354	381
	353	381
	352	380
	351	380
	351	378
	350	376
	349	375
	349	374
	349	373
	349	372
	350	371
	351	370
	352	369
	353	369
	355	369
	358	369
	359	369
.PEN_UP
.PEN_DOWN
	371	397
	371	396
	371	395
	370	394
	370	393
	370	391
	369	388
	369	386
	368	384
	368	383
	368	381
	367	380
	367	378
	367	377
	367	376
	367	375
	367	374
	366	372
	366	371
	367	371
	368	371
	368	372
	369	372
	369	373
	370	374
	371	375
	371	376
	372	377
	374	378
	374	379
	375	380
	376	380
	377	380
	377	379
	377	378
	377	377
	377	376
	377	375
	377	374
	377	373
	377	372
	377	371
	376	371
	376	370
	376	369
	377	369
.PEN_UP
.PEN_DOWN
	393	378
	394	378
	394	379
	393	379
	392	379
	391	379
	390	378
	389	377
	388	376
	387	375
	386	374
	386	373
	386	372
	386	371
	386	370
	387	370
	388	370
	390	370
	391	370
	392	371
	393	371
	394	372
	395	372
	395	373
	395	374
	395	375
	395	376
	396	376
	396	377
	395	376
	395	375
	395	374
	395	373
	396	372
	396	371
	397	371
.PEN_UP
.PEN_DOWN
	407	379
	407	378
	407	377
	407	376
	407	375
	407	374
	406	373
	406	372
	406	371
	405	370
	405	369
	405	368
	406	368
	406	369
	407	370
	407	371
	408	371
	408	372
	409	373
	410	376
	411	376
	411	377
	412	378
	413	379
	413	380
	414	380
	413	379
	413	378
	413	377
	413	376
	413	375
	413	374
	413	373
	413	372
	413	371
	413	370
.PEN_UP
.PEN_DOWN
	436	400
	436	398
	436	397
	435	395
	435	394
	434	391
	433	389
	433	387
	432	384
	432	382
	431	380
	431	379
	431	377
	430	374
	430	373
	430	372
	430	371
	430	370
	431	369
	432	368
	433	368
	435	367
	436	367
	437	367
.PEN_UP
.PEN_DOWN
	423	384
	424	383
	425	382
	426	382
	427	382
	428	382
	429	382
	430	382
	431	382
	432	382
	433	382
	434	382
	436	382
	437	382
	438	381
.PEN_UP
.PEN_DOWN
	438	376
	439	376
	440	376
	441	376
	442	376
	443	376
	444	376
	445	376
	446	376
	447	377
	448	377
	449	378
	449	379
	449	380
	448	380
	447	380
	446	380
	445	380
	443	379
	443	378
	442	377
	441	377
	440	376
	440	375
	440	374
	440	373
	440	372
	441	371
	442	371
	443	371
.PEN_UP
.PEN_DOWN
	460	375
	459	375
	459	376
	458	376
	457	376
	456	376
	455	376
	454	375
	453	374
	453	373
	452	372
	452	371
	452	370
	453	370
	454	369
	455	369
	456	369
	457	370
	458	371
	459	371
	459	372
	460	373
	460	374
	461	376
	461	377
	461	378
	461	380
	461	381
	462	383
	462	385
	462	386
	463	384
	463	389
	463	391
	464	393
	464	394
	464	393
	463	393
	463	392
	463	390
	463	388
	462	386
	461	381
	461	379
	461	376
	461	375
	460	373
	460	371
	460	370
	460	369
	460	368
	460	367
	460	366
	461	366
	461	365
.PEN_UP
.PEN_DOWN
	500	396
	500	395
	500	394
	500	393
	499	392
	499	391
	499	389
	498	388
	498	387
	497	385
	497	384
	497	382
	497	381
	496	380
	496	378
	496	377
	497	376
	497	375
	498	374
	499	373
	500	372
.PEN_UP
.PEN_DOWN
	504	380
	505	380
	505	379
	506	379
	507	379
	508	379
	509	379
	510	380
	511	380
	512	380
	512	381
	512	382
	512	383
	511	383
	511	384
	510	384
	509	384
	509	383
	508	383
	507	383
	507	382
	506	381
	506	380
	505	379
	505	378
	505	377
	506	376
	507	375
	508	374
	509	374
.PEN_UP
.PEN_DOWN
	519	382
	519	381
	519	380
	520	380
	520	379
	520	377
	521	377
	521	376
	521	375
	522	375
	522	374
	523	374
	523	375
	523	376
	524	376
	524	377
	525	378
	525	379
	525	380
	526	383
	526	384
	526	385
	526	386
	526	387
	527	387
	527	386
.PEN_UP
.PEN_DOWN
	534	380
	535	380
	536	380
	537	381
	538	381
	538	382
	537	382
	537	383
	536	383
	535	382
	534	382
	534	381
	533	381
	533	380
	532	380
	532	379
	531	379
	531	378
	531	377
	532	376
	532	375
	533	374
	534	374
	534	373
	535	373
	536	372
	537	372
	538	371
	539	371
	540	371
	541	371
	542	371
	543	371
	544	372
	545	372
	546	373
	547	375
	548	376
	548	377
	549	378
	549	379
	548	379
.PEN_UP
.PEN_DOWN
	555	379
	555	378
	555	377
	555	376
	555	375
	555	374
	555	373
	554	373
	555	373
	555	374
	555	375
	555	376
	556	376
	556	377
	556	378
	556	379
	556	380
	557	381
	557	382
	558	383
	559	384
	560	385
	560	386
	561	386
	562	386
	563	386
	564	386
	565	385
	566	385
	567	385
	567	384
	568	384
	569	384
.PEN_UP
.PEN_DOWN
	574	372
	574	371
	574	370
	574	369
.PEN_UP
.PEN_DOWN
	614	393
	615	393
	615	392
	615	391
	614	390
	613	388
	612	386
	612	385
	611	383
	611	381
	611	380
	610	378
	610	377
	610	376
	610	375
	610	373
	610	372
	610	371
	610	370
.PEN_UP
.PEN_DOWN
	603	389
	604	389
	605	390
	606	391
	608	391
	608	392
	610	392
	611	392
	614	392
	615	393
	617	393
	618	393
	619	393
	620	393
	621	393
	622	393
	623	393
	624	393
	625	393
	626	393
	627	393
	628	393
.PEN_UP
.PEN_DOWN
	637	396
	637	395
	637	394
	637	393
	636	392
	636	391
	635	390
	635	389
	634	386
	633	384
	633	383
	632	381
	632	380
	631	379
	631	378
	631	377
	630	376
	630	375
	630	374
	631	374
	631	375
	632	375
	632	376
	633	376
	634	377
	634	378
	635	379
	635	380
	636	381
	637	382
	638	382
	639	382
	640	382
	640	381
	641	380
	641	379
	641	378
	641	377
	640	376
	640	375
	640	374
	640	373
	641	373
	641	372
	642	372
.PEN_UP
.PEN_DOWN
	648	380
	649	380
	650	380
	651	380
	651	381
	652	381
	653	381
	654	381
	654	382
	655	382
	656	382
	656	383
	657	383
	657	384
	656	385
	656	386
	655	386
	654	386
	653	386
	652	385
	651	385
	650	384
	649	383
	648	382
	647	381
	646	380
	646	379
	646	377
	646	376
	647	376
	649	375
	650	375
	651	375
	653	375
	655	375
	657	375
	658	376
	660	376
	662	376
	663	377
	664	377
.PEN_UP
