
.WRITER_ID BobStrong
.STYLE PRINTED
.PEN_DOWN
	82	383
	83	384
	83	385
	84	385
	85	386
	86	386
	86	387
	85	387
	84	387
	83	387
	82	387
	82	388
	81	388
	80	388
	78	388
	77	388
	76	387
	75	387
	74	387
	73	386
	72	386
	72	385
	72	384
	72	383
	72	382
	72	381
	72	380
	72	379
	72	378
	72	377
	72	376
	71	376
	71	375
	71	374
	70	373
	70	372
	71	372
	72	372
	73	371
	74	371
	75	371
	76	371
	77	371
	78	371
	79	371
	80	371
	80	370
	81	370
	82	370
	83	369
.PEN_UP
.PEN_DOWN
	99	383
	100	383
	100	384
	99	384
	98	384
	98	383
	97	383
	96	383
	96	382
	94	382
	92	381
	91	380
	90	379
	89	379
	88	378
	88	377
	89	377
	90	377
	91	377
	92	376
	93	376
	94	376
	95	376
	96	376
	97	376
	98	376
	99	376
	99	375
	98	374
	97	373
	96	373
	95	372
	94	371
	93	371
	93	370
	92	370
	91	370
	90	370
	90	369
	89	369
.PEN_UP
.PEN_DOWN
	95	387
	95	388
	95	387
	95	386
	95	385
	95	384
	95	383
	95	382
	95	381
	95	379
	95	378
	95	377
	95	374
	95	373
	95	372
	95	371
	95	370
	96	369
	96	368
.PEN_UP
.PEN_DOWN
	118	382
	117	382
	116	382
	115	381
	114	381
	112	380
	111	379
	110	379
	109	379
	109	378
	108	377
	108	376
	109	376
	110	376
	111	375
	112	375
	113	375
	114	375
	115	374
	116	374
	116	373
	116	372
	115	372
	114	371
	113	370
	112	370
	111	369
	110	369
	109	369
	109	368
	108	368
.PEN_UP
.PEN_DOWN
	115	388
	114	388
	114	387
	114	386
	114	385
	114	384
	114	383
	114	382
	114	379
	114	378
	114	376
	114	375
	114	374
	114	373
	114	372
	114	371
	114	370
	114	369
	114	368
	114	367
	113	366
.PEN_UP
.PEN_DOWN
	134	383
	134	382
	132	382
	131	382
	130	381
	129	380
	128	380
	127	380
	127	379
	127	378
	128	378
	128	377
	129	377
	130	377
	132	377
	133	377
	134	376
	133	375
	132	374
	132	373
	131	373
	130	372
	129	371
	128	371
	128	370
	126	370
	125	370
	124	370
	123	370
.PEN_UP
.PEN_DOWN
	130	389
	131	389
	131	388
	131	387
	131	386
	131	385
	131	384
	130	382
	130	380
	130	379
	130	378
	130	376
	130	375
	129	373
	129	372
	129	371
	129	370
	129	369
	130	369
.PEN_UP
.PEN_DOWN
	144	390
	144	389
	144	388
	143	388
	143	387
	143	386
.PEN_UP
.PEN_DOWN
	154	378
	153	378
	152	378
	151	377
	150	377
	150	376
	149	376
	148	375
	147	375
	147	374
	148	374
	149	374
	150	373
	151	373
	152	373
	153	373
	153	372
	153	371
	152	371
	152	370
	151	370
	150	369
	149	368
	148	368
	148	367
	147	367
	146	367
	145	367
	144	367
.PEN_UP
.PEN_DOWN
	159	390
	160	390
	160	389
	161	389
	162	389
	163	389
	164	389
	165	388
	166	388
	167	388
	168	388
	169	388
	170	388
	170	387
	169	386
	169	384
	169	383
	169	382
	169	381
	169	380
	169	379
	169	378
	170	377
	170	376
	170	375
	170	374
	170	373
	170	372
	170	371
	170	370
	169	369
	168	369
	168	368
	167	368
	167	367
	166	367
	165	367
	164	367
	163	367
	162	367
	161	367
	160	367
	160	366
.PEN_UP
.PEN_DOWN
	184	379
	185	379
	186	379
	187	379
	188	379
	189	379
	190	379
	191	378
	192	378
	193	378
	193	377
	194	377
.PEN_UP
.PEN_DOWN
	222	386
	221	386
	220	386
	219	386
	218	387
	217	387
	216	387
	215	387
	214	388
	213	388
	212	388
	211	388
	210	387
	209	387
	208	387
	207	387
	206	386
	205	385
	205	384
	206	384
	207	383
	207	382
	207	381
	207	380
	207	379
	207	378
	207	377
	207	376
	207	375
	206	375
	206	374
	206	373
	206	372
	205	372
	205	371
	205	370
	205	369
	206	369
	206	370
	207	370
	208	370
	209	370
	210	370
	211	370
	212	370
	213	370
	214	370
	215	370
	216	370
	217	369
	218	369
	219	369
.PEN_UP
.PEN_DOWN
	228	387
	228	386
	227	386
	227	385
	227	384
	227	383
	228	383
	228	382
	229	382
	229	381
	230	381
	231	381
	232	381
	233	381
	233	382
	233	383
	233	384
	232	384
	232	385
	231	385
	230	385
	229	386
	228	386
	227	386
	226	386
	225	386
	226	386
	227	386
	228	386
	229	386
	230	386
	231	386
	232	386
	233	386
	234	385
	235	385
	236	384
	237	384
	238	384
	238	383
	238	382
	238	381
	237	380
	236	379
	235	378
	235	377
	234	377
	233	376
	233	375
	232	374
	231	374
	231	373
	230	373
	230	372
	230	371
	230	370
	230	369
.PEN_UP
.PEN_DOWN
	241	376
	240	376
	240	375
	239	375
	237	374
	236	373
	236	372
	237	371
	238	371
	239	371
	240	371
	241	371
	242	371
	243	371
	243	372
	244	372
	244	373
	244	374
	243	374
	243	375
	242	375
	241	375
	240	375
	239	375
.PEN_UP
.PEN_DOWN
	249	386
	250	386
	250	385
	249	385
	248	384
	248	383
	248	382
	249	382
	250	381
	251	381
	252	381
	253	381
	254	381
	254	382
	253	382
	253	383
	252	384
	251	385
	250	386
	250	385
	251	385
	252	385
	253	385
	254	384
	255	384
	256	384
	257	384
	258	384
	259	383
	259	382
	259	381
	258	381
	258	380
	258	379
	257	379
	256	377
	255	376
	255	375
	255	374
	254	373
	253	372
	253	371
	252	370
	252	368
	252	367
.PEN_UP
.PEN_DOWN
	261	376
	261	375
	260	375
	259	374
	259	373
	259	372
	259	371
	260	371
	261	370
	262	370
	263	370
	263	371
	264	371
	264	372
	264	373
	264	374
	263	374
	263	375
	262	375
	261	375
	260	375
.PEN_UP
.PEN_DOWN
	274	387
	274	386
	273	386
	273	385
	273	384
	273	383
	274	383
	274	382
	275	382
	276	382
	277	382
	277	383
	277	384
	277	385
	277	386
	276	386
	276	387
	275	387
	274	387
	275	386
	276	386
	277	386
	278	385
	279	385
	280	384
	280	383
	280	382
	280	381
	280	380
	279	380
	279	379
	278	379
	278	378
	277	377
	277	376
	277	375
	276	375
	276	374
	275	372
	275	371
	275	370
	275	369
.PEN_UP
.PEN_DOWN
	282	376
	283	376
	283	375
	283	374
	282	374
	281	374
	281	373
	281	372
	281	371
	282	371
	283	371
	284	371
	285	371
	286	371
	286	372
	287	372
	288	373
	288	374
	288	375
	287	375
	286	376
	285	376
	284	376
	284	377
.PEN_UP
.PEN_DOWN
	296	394
	296	393
	296	392
	296	391
	296	390
	296	389
	296	388
.PEN_UP
.PEN_DOWN
	302	378
	301	378
	300	378
	299	378
	298	378
	298	377
	297	377
	297	376
	297	375
	297	374
	298	373
	299	373
	300	373
	301	373
	301	372
	302	372
	301	371
	300	371
	299	370
	298	370
	297	370
	297	369
	296	369
.PEN_UP
.PEN_DOWN
	309	392
	310	391
	311	391
	312	390
	313	389
	314	389
	315	389
	316	388
	317	388
	318	388
	319	388
	320	388
	320	387
	319	386
	319	385
	318	384
	318	383
	318	382
	318	381
	318	380
	318	379
	318	378
	318	377
	318	376
	318	375
	319	373
	319	372
	320	371
	320	370
	320	369
	319	369
	318	368
	317	368
	316	368
	315	368
	314	368
	313	368
	312	368
	312	367
	311	367
	310	368
	309	368
	308	368
.PEN_UP
.PEN_DOWN
	331	383
	332	383
	333	384
	334	384
	335	384
	336	384
	337	384
	338	383
	339	383
	340	383
	341	383
	342	383
	342	382
	343	382
	343	381
.PEN_UP
.PEN_DOWN
	370	387
	369	387
	368	387
	367	387
	366	387
	365	387
	364	387
	363	387
	362	387
	361	387
	360	388
	359	388
	358	388
	357	388
	356	388
	355	388
	354	388
	353	387
	353	386
	353	385
	353	384
	353	383
	354	382
	354	381
	354	380
	354	379
	354	377
	354	376
	354	375
	353	375
	353	374
	352	373
	352	372
	351	372
	351	371
	351	370
	351	369
	352	369
	353	369
	354	369
	355	369
	356	369
	357	369
	358	369
	358	370
	359	370
	360	370
	361	370
	361	369
	362	369
	363	368
	364	368
.PEN_UP
.PEN_DOWN
	375	385
	376	385
	377	385
	377	384
	377	383
	377	382
	377	381
	376	380
	376	379
	375	378
	375	377
	374	375
	374	374
	374	373
	374	372
.PEN_UP
.PEN_DOWN
	382	386
	382	385
	382	384
	381	383
	381	382
	381	381
	381	380
	381	379
	381	378
	381	377
	381	375
	381	374
.PEN_UP
.PEN_DOWN
	369	383
	369	382
	370	381
	371	380
	374	380
	375	380
	377	381
	378	381
	380	381
	381	381
	382	381
	383	381
	384	381
	385	381
.PEN_UP
.PEN_DOWN
	370	375
	371	374
	372	374
	374	374
	376	374
	378	375
	380	375
	381	375
	383	375
	385	376
	386	376
	388	376
.PEN_UP
.PEN_DOWN
	399	385
	400	384
	401	384
	400	383
	399	382
	399	381
	399	380
	398	379
	398	378
	397	377
	397	376
	397	375
	397	374
	397	373
	397	372
	397	371
.PEN_UP
.PEN_DOWN
	407	387
	407	386
	406	385
	406	384
	405	383
	405	381
	404	380
	404	379
	404	378
	404	377
	404	376
	404	375
	404	374
.PEN_UP
.PEN_DOWN
	392	382
	393	381
	394	381
	395	381
	396	381
	397	381
	398	381
	399	381
	401	382
	402	382
	403	382
	404	382
	405	382
	407	382
.PEN_UP
.PEN_DOWN
	390	375
	390	374
	391	374
	392	374
	393	374
	394	374
	395	374
	396	374
	398	374
	400	374
	402	374
	403	374
	404	374
	405	375
.PEN_UP
.PEN_DOWN
	419	388
	418	386
	418	385
	417	384
	416	384
	416	383
	415	381
	414	380
	414	379
	413	378
	413	377
	412	376
	412	375
	411	374
	411	373
	411	372
	412	372
.PEN_UP
.PEN_DOWN
	426	390
	426	389
	425	388
	424	388
	424	387
	424	386
	423	384
	423	383
	422	382
	422	380
	422	379
	422	378
	422	377
	422	376
	422	375
.PEN_UP
.PEN_DOWN
	405	386
	406	385
	407	384
	408	384
	409	384
	410	383
	411	383
	414	383
	416	383
	418	383
	419	382
	421	382
	422	382
	423	382
.PEN_UP
.PEN_DOWN
	410	377
	411	376
	413	376
	414	376
	415	376
	416	376
	418	376
	419	376
	420	376
	422	376
.PEN_UP
.PEN_DOWN
	440	399
	441	399
	441	398
	441	397
	440	397
	439	396
	438	394
	438	393
	438	392
	437	391
	437	390
	437	389
	437	388
	437	387
	437	386
	436	386
.PEN_UP
.PEN_DOWN
	445	385
	445	384
	444	384
	443	384
	442	383
	441	382
	441	381
	441	380
	442	379
	443	379
	444	378
	445	378
	446	378
	446	377
	446	376
	445	376
	444	376
	443	376
	442	376
	441	375
.PEN_UP
.PEN_DOWN
	451	394
	451	393
	451	394
	452	394
	453	394
	454	394
	454	393
	455	393
	456	393
	457	393
	458	393
	459	393
	459	392
	459	391
	459	390
	459	389
	458	388
	458	386
	458	385
	457	384
	457	382
	456	381
	456	380
	456	379
	456	378
	455	378
	455	377
	455	375
	455	374
	455	373
	455	372
	455	371
	455	370
	455	369
	455	368
	454	368
	454	369
	453	369
	452	369
	450	369
	449	369
	448	369
	448	368
.PEN_UP
.PEN_DOWN
	468	381
	468	380
	468	379
	468	378
	469	377
	469	376
	470	376
	470	375
.PEN_UP
.PEN_DOWN
	470	366
	469	364
	469	363
	469	362
	468	362
	468	361
	467	361
	467	360
	466	360
	466	359
	465	359
	464	359
	464	358
	463	358
.PEN_UP
.PEN_DOWN
	502	395
	501	395
	500	395
	500	394
	499	394
	498	394
	498	393
	497	393
	495	393
	495	392
	494	392
	493	392
	493	391
	493	390
	494	390
	494	389
	495	389
	496	389
	497	389
	497	388
	497	387
	497	386
	496	386
	496	385
	495	385
	495	384
	496	384
	497	384
	498	384
	499	384
	499	383
	498	382
	497	381
	496	381
	495	380
	495	379
	494	379
	494	378
	494	377
	494	376
	495	376
	495	375
	496	374
	497	374
	497	373
	497	372
	498	372
	498	371
	498	370
	500	370
.PEN_UP
.PEN_DOWN
	509	389
	509	388
	509	387
	510	387
	511	387
	512	386
	513	386
	514	385
	515	385
	516	384
	517	384
	518	383
	518	382
	518	381
	518	380
	517	380
	517	379
	516	379
	516	378
	515	378
	514	377
	513	376
	512	376
	511	375
	510	375
	510	374
.PEN_UP
.PEN_DOWN
	521	387
	522	387
	522	386
	523	386
	524	386
	525	386
	526	386
	526	385
	527	385
	528	385
	528	384
	529	384
	529	383
	530	383
	530	382
	530	381
	530	380
	530	379
	529	378
	529	377
	528	377
	528	376
	527	376
	527	375
	527	374
	526	374
	526	373
	526	372
	525	372
	524	372
.PEN_UP
.PEN_DOWN
	535	388
	535	387
	536	387
	537	387
	537	386
	538	386
	539	385
	540	385
	541	384
	542	383
	543	383
	543	382
	544	382
	544	381
	545	381
	546	380
	546	379
	545	379
	545	378
	544	378
	544	377
	543	377
	543	376
	542	376
	541	375
	540	375
	539	375
	539	374
	539	373
.PEN_UP
.PEN_DOWN
	554	395
	554	394
	554	393
	553	393
	553	392
	553	391
.PEN_UP
.PEN_DOWN
	562	383
	562	382
	561	382
	560	382
	559	382
	558	381
	557	381
	556	381
	555	380
	555	379
	556	379
	556	378
	557	378
	558	378
	559	378
	559	377
	560	377
	561	376
	561	375
	560	375
	559	375
	558	374
	557	374
	556	373
	555	373
	554	372
	553	372
.PEN_UP
.PEN_DOWN
	567	400
	567	399
	568	399
	569	398
	570	397
	571	397
	572	397
	572	396
	573	396
	573	395
	574	395
	574	394
	573	394
	572	394
	572	393
	571	393
	570	393
	569	392
	568	392
	568	391
	568	390
	568	389
	568	388
	569	388
	569	387
	569	386
	569	385
	568	385
	568	384
	568	383
	567	383
	567	382
	568	381
	569	380
	570	380
	570	379
	571	379
	572	378
	572	377
	572	376
	572	375
	571	375
	570	374
	569	374
	568	373
	567	373
	567	372
.PEN_UP
.PEN_DOWN
	596	389
	596	388
	596	387
	595	386
	595	385
	595	384
	595	382
	595	381
	595	380
	595	379
	595	378
	595	377
	595	376
	596	375
.PEN_UP
.PEN_DOWN
	587	382
	588	381
	589	381
	590	381
	592	381
	593	381
	595	381
	596	381
	600	382
	601	382
.PEN_UP
.PEN_DOWN
	631	387
	631	388
	630	388
	629	388
	628	388
	627	388
	626	388
	624	387
	623	387
	623	386
	622	386
	621	386
	621	385
	620	385
	620	384
	621	384
	621	383
	622	383
	622	382
	623	382
	624	382
	625	382
	625	381
	627	381
	628	381
	628	380
	627	380
	627	379
	626	379
	625	379
	625	378
	626	378
	627	378
	628	378
	628	377
	627	377
	627	376
	626	375
	625	375
	624	375
	624	374
	623	373
	623	372
	623	371
	624	371
	625	370
	626	370
	626	369
	627	369
	628	369
	629	369
.PEN_UP
.PEN_DOWN
	635	382
	636	381
	637	381
	638	382
	639	382
	640	382
	641	382
	642	382
	643	382
	644	382
	645	382
	646	382
.PEN_UP
.PEN_DOWN
	655	382
	655	383
	656	383
	657	383
	658	383
	659	383
	660	383
	661	383
	662	383
	663	382
	664	382
	665	382
.PEN_UP
.PEN_DOWN
	672	380
	672	381
	673	381
	674	381
	675	381
	676	381
	677	381
	678	381
	679	381
	680	381
	681	381
.PEN_UP
.PEN_DOWN
	693	396
	693	395
	692	395
	691	394
	690	393
	690	392
	690	391
.PEN_UP
.PEN_DOWN
	702	382
	701	382
	700	381
	699	381
	698	381
	697	381
	696	381
	696	380
	696	379
	697	379
	697	378
	698	378
	699	378
	700	378
	700	377
	701	377
	702	376
	702	375
	701	375
	701	374
	700	374
	699	374
	698	373
	697	373
	696	373
.PEN_UP
.PEN_DOWN
	711	396
	711	395
	712	395
	712	394
	712	393
	713	393
	714	392
	715	392
	715	391
	716	390
	716	389
	717	389
	717	388
	716	388
	716	387
	715	387
	714	387
	713	386
	712	386
	711	385
	711	384
	711	383
	711	382
	711	381
	712	381
	712	380
	713	380
	714	380
	714	379
	715	379
	714	379
	714	378
	713	378
	713	377
	713	376
	712	376
	712	375
	712	374
	712	373
	713	373
	713	372
	713	371
	714	371
	714	370
	713	370
	712	370
	711	370
	710	370
	709	370
.PEN_UP
