
.WRITER_ID BobStrong
.STYLE PRINTED
.PEN_DOWN
	97	371
	97	370
	97	369
	98	369
	98	370
	99	371
	99	372
	99	373
	99	374
	99	375
	100	377
	100	378
	100	380
	101	382
	102	383
	103	385
	104	386
	104	387
	105	388
	106	388
	107	389
	109	389
	109	390
	110	390
	111	390
	111	389
	111	388
	110	385
	109	383
	109	381
	108	379
	108	378
	107	376
	107	375
	107	373
	107	372
	108	371
	108	370
	108	369
	109	368
	109	367
	110	367
.PEN_UP
.PEN_DOWN
	97	376
	98	376
	99	376
	99	377
	100	377
	100	378
	101	378
	102	378
	103	378
	104	378
	105	378
	106	378
	107	378
	108	378
.PEN_UP
.PEN_DOWN
	131	381
	130	380
	129	380
	128	380
	128	379
	127	379
	126	378
	125	376
	124	375
	123	374
	123	373
	124	373
	125	373
	125	372
	126	372
	127	372
	128	372
	129	372
	130	371
	131	371
	132	371
	133	371
.PEN_UP
.PEN_DOWN
	145	380
	144	380
	143	379
	142	379
	141	379
	141	378
	140	378
	139	377
	138	376
	136	375
	136	374
	136	373
	136	372
	136	371
	137	371
	138	371
	139	371
	140	371
	143	372
	144	373
	145	373
	146	374
	147	375
	147	376
	147	377
	147	378
	147	379
	147	378
	146	377
	145	376
	145	375
	144	374
	144	373
	143	371
	143	370
	143	369
	143	368
	143	367
	143	366
	143	365
	143	364
	143	363
.PEN_UP
.PEN_DOWN
	159	378
	159	377
	158	376
	157	376
	157	375
	157	374
	157	373
	157	372
	157	371
	158	371
	158	370
	159	370
	160	370
	161	370
	162	370
	163	370
	164	371
	165	372
	165	373
	165	374
	166	375
	166	377
	166	378
	166	379
.PEN_UP
.PEN_DOWN
	175	375
	175	374
	175	373
	174	373
	173	372
	173	371
	173	370
	174	370
.PEN_UP
.PEN_DOWN
	176	386
	177	387
	178	387
	178	388
	179	388
.PEN_UP
.PEN_DOWN
	190	376
	190	375
	190	374
	190	373
	190	372
	189	371
	189	370
	189	369
	190	369
	190	370
	190	371
	191	372
	191	373
	191	375
	191	376
	191	377
	192	378
	192	379
	192	380
	193	381
	194	381
	195	381
	196	381
	197	381
	198	381
.PEN_UP
.PEN_DOWN
	206	377
	206	376
	207	376
	208	376
	209	376
	210	376
	211	376
	212	377
	213	377
	213	378
	214	378
	214	379
	213	380
	212	381
	211	381
	210	381
	209	381
	208	380
	207	380
	206	379
	205	379
	204	378
	202	376
	202	375
	202	374
	202	373
	203	372
	203	371
	204	371
	206	371
	207	370
	210	370
	212	370
	214	370
	215	370
	216	370
	217	370
	218	370
	219	370
	220	370
.PEN_UP
.PEN_DOWN
	252	393
	253	393
	254	393
	255	394
	256	394
	257	394
	258	394
	259	394
	260	394
	261	394
	262	394
	263	394
	263	393
	263	392
	263	391
	262	390
	261	390
	260	389
	259	388
	257	386
	256	385
	255	385
	254	384
	253	383
	252	382
	252	381
	252	380
	253	379
	255	379
	256	378
	257	378
	258	378
	260	378
	261	378
	262	378
	263	378
	264	378
	265	378
	266	378
	267	378
	267	377
	268	377
	268	376
.PEN_UP
.PEN_DOWN
	285	393
	284	393
	283	393
	282	393
	280	392
	279	391
	279	390
	279	389
	279	388
	280	388
	281	388
	283	388
	284	388
	285	388
	285	389
	285	390
	285	391
	285	392
	285	393
	284	393
	283	393
	282	393
	282	392
	283	392
	284	392
	285	392
	286	392
	288	392
	289	392
	290	392
	291	392
	292	392
	293	392
	294	392
	295	392
	294	392
	294	391
	293	391
	292	390
	292	389
	291	389
	291	388
	291	387
	291	386
	290	385
	290	384
	289	383
	287	381
	286	380
	286	378
	285	377
	284	376
	283	375
	283	374
	283	373
	283	372
.PEN_UP
.PEN_DOWN
	298	382
	299	382
	299	381
	298	381
	297	381
	296	381
	296	380
	295	379
	295	378
	295	377
	296	377
	297	377
	298	377
	299	377
	301	377
	302	377
	303	378
	304	379
	304	380
	304	381
	303	381
	303	382
	302	382
	301	383
	300	383
	299	383
	298	383
	297	382
.PEN_UP
.PEN_DOWN
	330	389
	330	388
	329	387
	329	386
	329	384
	329	383
	329	382
	329	380
	328	379
	328	378
	328	377
	328	375
	327	374
	326	373
	326	372
	325	371
	325	372
	326	372
	326	373
	326	374
	326	375
	327	375
	327	376
	327	378
	328	379
	329	380
	329	382
	330	384
	331	387
	332	389
	333	391
	334	392
	335	393
	336	394
	337	393
	337	392
	337	390
	337	389
	337	388
	336	387
	336	386
	336	385
	336	384
	336	383
	336	382
	336	381
	336	380
	337	380
	338	381
	339	382
	340	382
	341	384
	342	384
	342	385
	343	386
	344	387
	344	388
	345	388
	345	389
	346	390
	347	391
	347	392
	348	392
	348	391
	348	390
	348	389
	348	388
	348	387
	348	386
	347	385
	346	382
	346	380
	346	379
	345	377
	345	376
	345	375
	344	374
	344	373
	344	372
	344	371
	344	370
	345	370
.PEN_UP
.PEN_DOWN
	364	391
	364	390
	364	389
	364	388
	364	387
	363	386
	363	385
	362	384
	362	383
	362	381
	361	380
	361	379
	360	377
	360	376
	360	374
	359	373
	359	372
	359	371
	359	370
.PEN_UP
.PEN_DOWN
	378	391
	378	390
	378	389
	378	388
	377	388
	377	387
	376	386
	375	384
	374	382
	374	380
	373	379
	373	378
	372	376
	372	375
	371	375
	371	374
	371	373
	371	372
	371	371
	372	370
	373	370
	374	370
	375	370
	376	370
	377	370
	378	370
	379	371
	380	371
	381	371
	382	371
	383	371
	384	372
	385	372
	386	372
	387	372
.PEN_UP
.PEN_DOWN
	394	391
	395	390
	395	389
	395	388
	394	385
	393	384
	393	382
	392	380
	392	379
	392	377
	392	376
	392	375
	392	374
	392	373
	392	372
	392	371
	392	370
.PEN_UP
.PEN_DOWN
	410	392
	410	391
	410	390
	410	389
	409	388
	408	387
	407	386
	406	385
	405	384
	404	384
	402	383
	401	382
	400	381
	399	381
	398	380
	397	380
	397	379
	396	378
	397	377
	397	376
	398	376
	398	375
	399	375
	400	375
	402	374
	403	373
	404	373
	405	372
	406	372
	407	371
	408	370
	409	370
	409	369
	409	368
.PEN_UP
.PEN_DOWN
	458	394
	458	395
	457	396
	456	396
	455	396
	454	396
	453	395
	452	395
	451	394
	450	393
	449	392
	448	391
	447	389
	446	388
	445	386
	444	384
	443	381
	442	380
	442	379
	442	377
	442	376
	442	375
	442	374
	442	373
	442	372
	442	371
.PEN_UP
.PEN_DOWN
	438	383
	439	383
	440	383
	441	383
	442	383
	443	383
	444	384
	445	384
	446	384
	447	384
	448	384
	449	384
	450	384
.PEN_UP
.PEN_DOWN
	459	379
	459	378
	458	378
	458	377
	457	377
	457	376
	456	376
	456	375
	456	374
	456	373
	457	372
	458	372
	459	372
	460	372
	461	372
	462	372
	463	372
	464	372
	465	373
	466	373
	466	374
	466	375
	466	376
	465	377
	464	378
	463	379
	462	379
	460	380
	459	380
	458	380
.PEN_UP
.PEN_DOWN
	473	377
	473	376
	473	375
	473	374
	474	373
	474	372
	474	371
	474	370
	474	369
	475	370
	475	372
	475	373
	475	374
	475	375
	475	376
	475	377
	476	378
	476	379
	477	380
	477	381
	478	382
	479	383
	480	383
	481	383
	482	383
	483	383
	484	383
	485	383
	486	383
.PEN_UP
.PEN_DOWN
	525	385
	525	384
	524	384
	523	383
	522	383
	521	383
	519	382
	518	381
	517	381
	517	380
	516	379
	515	379
	514	379
	514	378
	513	377
	513	376
	513	375
	513	374
	514	374
	515	373
	516	373
	517	373
	518	373
	519	372
	520	372
	521	371
	522	371
	523	370
	524	370
	525	369
	526	369
	526	368
.PEN_UP
.PEN_DOWN
	544	383
	544	382
	543	382
	542	382
	541	382
	540	382
	539	381
	537	381
	536	381
	535	381
	534	380
	533	380
	533	379
	532	379
	531	378
	531	377
	532	376
	533	375
	534	374
	535	374
	535	373
	536	373
	537	372
	538	371
	539	371
	540	370
	541	369
	541	368
	541	367
	542	367
	543	367
.PEN_UP
.PEN_DOWN
	577	386
	576	386
	575	386
	574	386
	573	386
	572	387
	571	387
	570	387
	568	387
	567	387
	566	387
	565	386
	564	385
	563	385
	563	384
	563	383
	563	382
	563	381
	564	380
	565	379
	566	378
	567	378
	568	377
	569	377
	570	377
	571	376
	571	375
	570	374
	569	373
	568	373
	567	372
	566	372
	566	371
	564	370
	563	370
	563	369
	562	369
.PEN_UP
.PEN_DOWN
	573	395
	574	395
	573	394
	573	393
	572	390
	572	388
	571	386
	570	384
	570	382
	570	380
	569	378
	569	377
	568	375
	568	374
	567	373
	567	371
	566	370
.PEN_UP
.PEN_DOWN
	585	388
	586	388
	587	388
	588	388
	589	388
	590	388
	591	388
	592	387
	593	387
	594	387
	595	387
	595	386
	596	386
	595	385
	594	385
	592	385
	591	384
	590	384
	589	383
	588	382
	588	381
	588	380
	589	379
	590	378
	591	378
	591	377
	592	377
	593	376
	594	376
	594	375
	594	374
	594	373
	594	372
	593	372
	593	371
	592	371
	591	371
	589	370
	587	370
	585	370
	584	370
	582	370
	581	370
	580	370
.PEN_UP
