
.WRITER_ID BobStrong
.STYLE PRINTED
.PEN_DOWN
	111	382
	111	381
	111	380
	110	380
	109	379
	108	378
	107	377
	106	376
	106	375
	105	375
	105	373
	104	372
	104	370
	104	369
	104	368
	105	368
	105	367
	106	367
	107	367
	108	367
	110	367
	111	367
	113	367
	115	368
	118	370
	119	371
	120	371
	120	372
	120	373
	120	374
	119	375
	118	376
	117	376
	114	376
	113	376
	111	376
.PEN_UP
.PEN_DOWN
	129	380
	129	379
	129	378
	129	377
	129	376
	128	375
	128	373
	128	372
	128	371
	127	370
	127	369
	127	368
	127	369
	128	370
	128	371
	128	372
	129	372
	129	373
	129	375
	130	376
	130	377
	131	378
	131	379
	132	379
	132	380
	133	380
	134	380
	135	380
	136	380
	137	380
	137	379
	138	379
	138	378
	139	378
	139	377
	139	376
	139	375
	139	374
	139	373
	138	372
	138	371
	138	370
	137	370
	137	369
.PEN_UP
.PEN_DOWN
	176	376
	175	376
	174	376
	173	376
	172	375
	171	374
	171	373
	171	372
	171	371
	172	371
	172	370
	173	370
	175	369
	176	369
	177	369
	178	369
	179	369
	180	370
	181	370
	181	371
	181	372
	180	373
	180	374
	179	374
	178	375
	177	375
	177	376
	176	376
	175	376
	174	376
	173	376
.PEN_UP
.PEN_DOWN
	187	376
	188	376
	188	375
	188	374
	188	373
	188	372
	188	371
	187	371
	187	370
	188	370
	188	371
	189	371
	190	373
	191	373
	191	374
	192	374
	192	375
	193	376
	194	377
	194	378
	195	378
	196	378
	196	377
	196	376
	196	375
	196	374
	196	373
	196	372
	196	371
	196	370
.PEN_UP
.PEN_DOWN
	204	376
	205	376
	206	376
	207	376
	208	376
	209	376
	209	377
	211	377
	212	377
	212	378
	211	379
	210	379
	209	379
	208	379
	207	379
	206	379
	205	378
	204	377
	203	376
	202	375
	202	374
	202	372
	202	371
	203	370
	205	369
	207	368
	208	368
	210	368
	211	368
.PEN_UP
.PEN_DOWN
	250	387
	250	386
	250	385
	249	384
	249	383
	249	382
	249	380
	249	378
	249	376
	248	375
	248	373
	248	372
	248	371
	247	370
	247	369
	247	368
	247	367
	247	366
.PEN_UP
.PEN_DOWN
	256	378
	255	378
	253	378
	252	378
	251	378
	251	377
	250	377
	249	377
	249	376
	249	375
	248	374
	248	373
	248	372
	248	371
	249	371
	250	370
	251	370
	251	369
	252	369
	253	368
	254	368
	255	368
	256	368
.PEN_UP
.PEN_DOWN
	264	377
	264	376
	264	375
	264	374
	264	373
	264	372
	264	371
	264	370
	264	369
	264	368
	265	369
	265	370
	266	370
	266	371
	266	372
	267	373
	267	374
	268	375
	269	377
	269	378
	270	379
	271	379
	272	379
	272	378
	272	377
	272	376
	272	375
	272	374
	272	373
	272	372
	272	371
	272	370
	272	369
.PEN_UP
.PEN_DOWN
	281	377
	281	378
	282	378
	283	378
	284	377
	285	377
	286	377
	287	377
	288	377
	288	378
	287	379
	286	379
	285	379
	284	379
	283	378
	282	378
	281	377
	280	376
	279	375
	279	373
	279	372
	280	371
	282	370
	283	369
	284	369
	285	369
	286	369
	288	369
.PEN_UP
.PEN_DOWN
	296	376
	297	376
	298	376
	298	375
	299	375
	300	375
	301	375
	302	375
	303	375
	304	375
	305	375
	306	376
	306	377
	305	377
	305	378
	305	379
	304	379
	303	380
	302	380
	301	380
	300	379
	299	378
	298	378
	298	377
	297	376
	297	375
	296	375
	296	373
	297	372
	297	371
	298	371
	298	370
	299	370
	300	369
	301	369
.PEN_UP
.PEN_DOWN
	314	371
	314	370
	314	369
	314	368
	314	367
	314	366
	314	365
	314	364
	314	363
	314	362
	313	360
.PEN_UP
.PEN_DOWN
	363	394
	362	393
	361	393
	360	392
	359	390
	359	389
	358	388
	357	386
	357	385
	356	383
	356	381
	356	379
	356	378
	356	376
	356	374
	357	373
	358	372
	358	371
	359	371
	360	370
	361	370
	362	370
	363	370
	364	371
	365	371
	366	372
.PEN_UP
.PEN_DOWN
	350	380
	350	379
	351	379
	352	379
	353	380
	355	380
	357	380
	358	380
	360	381
	361	381
	363	381
	364	381
	365	381
	366	381
	367	381
	369	381
	370	381
.PEN_UP
.PEN_DOWN
	381	396
	382	395
	382	394
	381	393
	381	391
	381	390
	380	388
	380	386
	380	384
	379	382
	379	378
	378	376
	378	375
	378	374
	378	373
	378	372
	378	371
	378	370
	379	370
	379	371
	380	371
	381	371
	381	372
	382	372
	382	373
	383	374
	383	375
	384	376
	384	377
	385	378
	386	379
	387	379
	387	378
	387	377
	387	376
	387	375
	387	374
	387	373
	387	372
	388	371
	388	370
	389	370
	390	370
.PEN_UP
.PEN_DOWN
	399	380
	400	380
	401	380
	402	380
	403	380
	405	381
	406	381
	407	381
	408	382
	408	383
	407	384
	406	384
	405	384
	404	383
	403	383
	402	382
	401	381
	400	380
	399	379
	399	378
	399	377
	399	376
	399	375
	399	374
	400	374
	401	373
	402	373
	403	372
	404	372
	405	372
	406	372
	407	372
	408	372
	409	372
.PEN_UP
.PEN_DOWN
	446	393
	447	393
	447	392
	447	391
	447	390
	447	389
	446	386
	446	384
	445	382
	444	380
	443	377
	442	374
	442	372
	442	371
	441	370
	441	369
	441	368
	441	367
	442	367
	443	368
	443	369
	443	370
	444	371
	444	372
	444	373
	445	374
	446	376
	447	378
	447	379
	448	380
	449	380
	450	380
	451	380
	452	380
	452	379
	452	377
	452	376
	452	375
	452	374
	452	373
	451	372
	451	371
	450	371
	450	370
	449	370
	448	369
	447	368
	446	368
	445	368
	444	368
	444	369
.PEN_UP
.PEN_DOWN
	458	377
	458	376
	459	376
	460	376
	461	376
	462	376
	463	376
	463	377
	464	377
	465	377
	465	378
	466	378
	466	379
	465	379
	465	380
	464	380
	463	380
	463	379
	462	379
	461	379
	460	378
	459	377
	459	376
	458	375
	458	374
	458	373
	458	372
	458	371
	458	370
	458	369
	459	369
	460	368
	460	367
	461	367
	462	367
	464	367
	465	367
	466	367
.PEN_UP
.PEN_DOWN
	479	388
	480	388
	480	387
	479	387
	479	386
	479	385
	478	384
	477	381
	477	380
	477	379
	476	378
	476	376
	476	375
	476	374
	476	373
	476	372
	476	371
	476	370
	477	370
	478	369
	480	369
	480	368
	482	368
	483	368
	484	368
.PEN_UP
.PEN_DOWN
	470	380
	471	380
	473	379
	474	379
	475	379
	476	379
	477	379
	478	379
	480	379
	480	380
	482	380
.PEN_UP
.PEN_DOWN
	498	393
	499	392
	499	391
	498	390
	497	389
	496	387
	495	386
	495	384
	494	383
	494	381
	494	380
	494	378
	493	377
	493	376
	493	375
	493	374
	493	373
	493	372
	493	371
	493	370
	494	370
	494	369
	495	369
	496	369
	497	369
	499	369
	500	369
	500	370
	501	370
.PEN_UP
.PEN_DOWN
	488	382
	489	382
	490	382
	491	382
	492	383
	493	383
	494	383
	495	383
	496	383
	498	383
.PEN_UP
.PEN_DOWN
	507	377
	508	377
	509	377
	510	377
	511	377
	512	377
	513	377
	514	377
	515	378
	516	378
	516	379
	516	380
	515	381
	514	381
	512	380
	511	380
	510	379
	509	378
	508	377
	507	377
	506	376
	506	375
	506	374
	506	373
	507	372
	509	371
	510	371
	511	371
	512	371
	514	371
	515	371
	516	371
.PEN_UP
.PEN_DOWN
	525	378
	526	377
	526	376
	526	375
	525	374
	525	373
	525	372
	525	371
	525	370
	526	369
	526	370
	527	371
	527	372
	527	373
	527	374
	527	375
	527	376
	527	377
	527	379
	528	380
	528	381
	529	382
	530	383
	531	383
	532	383
	533	383
	535	384
	536	384
	537	384
	538	384
	539	384
	540	384
	541	383
	542	383
	543	382
.PEN_UP
