
.WRITER_ID BobStrong
.STYLE PRINTED
.PEN_DOWN
	129	406
	128	406
	127	405
	126	405
	125	405
	124	405
	122	405
	121	405
	119	404
	118	403
	116	403
	115	403
	114	402
	112	401
	111	400
	110	399
	109	398
	108	398
	107	397
	107	395
	107	394
	107	393
	108	392
	109	392
	110	391
	112	390
	113	390
	116	389
	117	389
	120	389
	121	388
	124	387
	125	386
	126	385
	127	385
	127	384
	127	383
	127	382
	126	382
	125	381
	125	380
	122	379
	121	379
	120	378
	118	377
	117	377
	116	376
	115	376
	113	375
	112	375
	110	374
	109	373
	108	372
.PEN_UP
.PEN_DOWN
	138	383
	138	382
	138	381
	139	381
	140	381
	142	381
	143	381
	144	381
	145	381
	146	381
	146	382
	147	382
	147	383
	146	384
	145	384
	145	385
	144	385
	143	385
	142	385
	141	384
	139	384
	138	383
	137	383
	136	381
	135	380
	134	379
	134	378
	134	377
	134	376
	135	376
	136	375
	137	374
	138	373
	141	373
	143	373
.PEN_UP
.PEN_DOWN
	157	381
	157	380
	158	380
	159	380
	160	380
	161	380
	162	380
	162	381
	163	381
	164	381
	164	382
	164	383
	164	384
	163	385
	162	385
	161	385
	160	385
	159	384
	158	384
	157	383
	156	382
	155	381
	154	380
	153	380
	153	378
	152	378
	152	377
	152	376
	152	375
	153	375
	154	373
	155	373
	156	372
	157	372
	159	372
	160	372
	161	372
	163	372
	164	372
	165	372
	166	373
.PEN_UP
.PEN_DOWN
	181	400
	182	400
	183	400
	184	400
	186	399
	187	399
	188	399
	189	399
	190	399
	191	398
	192	398
	192	397
	192	396
	191	396
	191	395
	190	394
	189	393
	189	392
	188	392
	188	391
	187	391
	186	390
	186	389
	186	388
.PEN_UP
.PEN_DOWN
	187	376
	187	375
	187	374
	187	373
.PEN_UP
.PEN_DOWN
	214	407
	214	406
	213	405
	213	404
	213	403
.PEN_UP
.PEN_DOWN
	219	403
	218	403
	218	402
	217	402
	217	401
	216	401
	216	400
	216	399
	217	398
.PEN_UP
.PEN_DOWN
	257	387
	257	388
	256	388
	256	389
	255	389
	255	388
	254	388
	253	387
	252	386
	251	385
	251	384
	250	384
	250	383
	249	382
	249	381
	249	380
	250	379
	251	379
	251	378
	252	378
	253	377
	253	376
	253	375
	252	375
	251	375
	250	375
	249	374
	248	374
	247	374
	247	373
	246	373
	245	373
	244	372
	243	372
	243	371
.PEN_UP
.PEN_DOWN
	273	379
	273	378
	272	378
	270	378
	269	378
	268	378
	268	377
	267	377
	266	377
	266	376
	265	376
	265	375
	265	374
	265	373
	265	372
	266	371
	267	371
	267	370
	268	370
	270	370
.PEN_UP
.PEN_DOWN
	281	374
	281	373
	281	372
	281	371
	281	369
	281	368
	280	368
	280	369
	280	370
	280	371
	280	372
	280	373
	280	374
	280	375
	280	377
	281	378
	282	379
	283	380
	284	380
	285	380
	286	380
	287	380
	288	380
	289	380
	290	380
	291	380
	292	380
.PEN_UP
.PEN_DOWN
	295	374
	296	375
	297	375
	298	375
	299	375
	300	375
	301	375
	302	375
	303	376
	304	376
	305	376
	305	377
	304	377
	303	378
	302	378
	301	378
	300	378
	299	378
	298	377
	296	377
	296	376
	295	375
	294	375
	293	374
	293	373
	293	372
	293	371
	294	370
	295	370
	296	369
	297	369
	299	369
	300	369
	301	369
.PEN_UP
.PEN_DOWN
	311	374
	312	374
	313	375
	314	375
	315	376
	316	376
	318	377
	319	377
	319	378
	319	379
	318	379
	317	379
	316	378
	315	378
	314	378
	313	377
	312	377
	312	376
	311	375
	310	373
	310	372
	311	371
	312	370
	313	370
	314	370
	315	369
	317	369
.PEN_UP
.PEN_DOWN
	341	375
	340	376
	339	377
	338	377
	337	377
	336	377
	334	376
	333	376
	332	375
	331	375
	331	374
	330	373
	329	372
	329	371
	330	369
	331	369
	332	369
	333	368
	334	368
	335	368
	336	368
	338	368
	339	368
.PEN_UP
.PEN_DOWN
	349	392
	349	391
	349	390
	348	389
	347	388
	347	387
	347	385
	346	384
	346	382
	346	380
	345	377
	345	376
	345	375
	345	373
	344	372
	344	371
	344	370
	344	369
	345	369
	346	370
	346	371
	347	371
	348	372
	349	373
	349	374
	350	375
	351	376
	352	377
	353	377
	353	376
	353	375
	353	374
	353	373
	353	372
	354	371
	354	370
	355	370
.PEN_UP
.PEN_DOWN
	363	376
	364	376
	365	376
	366	376
	367	376
	368	377
	369	377
	370	377
	371	377
	371	378
	370	379
	369	379
	368	379
	367	379
	366	378
	366	377
	365	377
	364	376
	363	375
	363	374
	363	373
	364	372
	365	372
	366	371
	367	371
	368	371
.PEN_UP
.PEN_DOWN
	383	373
	383	374
	383	375
	382	375
	381	375
	380	375
	379	375
	379	374
	378	374
	377	373
	376	372
	376	371
	375	371
	375	370
	375	369
	376	369
	376	368
	377	368
	378	368
	379	368
	381	368
	382	368
	383	369
	384	369
	385	370
	385	371
	386	371
	386	372
	387	373
	387	374
	387	375
	387	377
	387	379
	387	381
	387	383
	387	384
	387	386
	387	388
	387	389
	388	391
	388	392
	388	393
	388	392
	387	390
	387	389
	387	387
	387	385
	386	383
	386	381
	386	379
	386	376
	386	375
	386	374
	386	373
	386	372
	386	371
	387	370
.PEN_UP
.PEN_DOWN
	419	390
	420	390
	420	391
	421	391
	421	392
	422	392
	421	392
	421	391
	421	390
	421	389
	420	388
	419	387
	419	386
	418	383
	417	382
	417	380
	417	379
	417	378
	417	377
	419	376
	419	375
	420	375
	421	375
	422	374
	423	374
	424	374
	425	374
	426	374
	427	374
.PEN_UP
.PEN_DOWN
	419	381
	421	381
	422	381
	423	381
	424	381
	425	381
	426	381
.PEN_UP
.PEN_DOWN
	445	396
	444	396
	443	396
	443	395
	443	394
	442	393
	442	392
	442	388
	442	386
	442	384
	442	383
	442	381
	442	380
	442	378
	442	377
	441	376
	441	375
	441	374
	441	373
	441	372
	441	373
	442	373
	442	374
	442	375
	443	376
	443	377
	444	378
	445	379
	445	380
	446	380
	447	380
	448	380
	449	380
	449	379
	448	379
	448	378
	448	377
	448	376
	448	375
	448	374
	448	373
	448	372
	449	372
.PEN_UP
.PEN_DOWN
	458	380
	458	379
	459	379
	459	378
	460	378
	461	378
	462	378
	463	379
	464	379
	465	379
	466	380
	467	380
	468	381
	468	382
	468	383
	467	383
	466	383
	465	383
	464	383
	463	383
	462	382
	461	382
	460	381
	459	380
	459	379
	458	378
	458	377
	458	376
	458	375
	458	374
	459	374
	459	373
	460	373
	461	373
	463	373
	464	373
	465	373
	466	373
	467	373
	469	373
	470	373
	471	373
	472	373
.PEN_UP
.PEN_DOWN
	508	390
	508	391
	508	392
	508	393
	507	392
	507	391
	506	390
	506	389
	505	387
	505	386
	505	384
	504	380
	504	378
	503	376
	503	375
	502	374
	502	372
	502	371
	501	371
	501	370
	501	369
	502	369
	503	370
	504	371
	505	372
	505	373
	507	375
	507	376
	508	377
	509	378
	511	380
	512	380
	513	380
	514	380
	515	380
	516	380
	516	379
	517	378
	517	377
	517	376
	517	375
	516	375
	516	374
	515	373
	515	372
	515	371
.PEN_UP
.PEN_DOWN
	524	375
	523	375
	522	375
	522	374
	521	374
	520	373
	520	372
	521	371
	521	370
	522	370
	524	369
	526	369
	527	369
	528	370
	529	370
	530	371
	530	372
	529	374
	527	374
	527	375
	526	375
	525	375
	524	375
	523	375
	522	375
	521	375
	520	375
.PEN_UP
.PEN_DOWN
	539	375
	539	374
	538	373
	538	372
	538	371
	538	370
	538	369
	539	370
	539	371
	540	371
	541	372
	541	373
	542	373
	542	374
	543	374
	543	375
	544	376
	545	377
	546	378
	547	378
	547	377
	547	376
	546	375
	546	374
	546	373
	547	373
	548	373
	549	374
	550	374
	550	375
	552	375
	552	376
	553	376
	553	377
	554	377
	554	376
	554	375
	554	374
	554	373
	554	372
	554	371
	554	370
	555	370
.PEN_UP
.PEN_DOWN
	567	375
	567	374
	566	374
	565	374
	565	373
	565	372
	565	371
	566	371
	567	371
	568	370
	569	370
	570	370
	571	370
	572	370
	574	370
	574	371
	575	371
	575	372
	576	372
	576	373
	576	374
	576	375
	577	375
	577	376
	577	377
	577	378
.PEN_UP
.PEN_DOWN
	587	375
	587	374
	586	374
	586	373
	585	373
	584	372
	584	371
	583	371
	583	370
	584	370
	585	370
	585	371
	586	371
	586	372
	587	372
	587	373
	588	374
	589	375
	590	376
	591	376
	591	377
	592	377
	593	377
	594	377
	594	376
	594	375
	594	374
	594	373
	594	372
	594	371
	594	370
	594	369
.PEN_UP
.PEN_DOWN
	611	375
	611	376
	610	376
	610	377
	609	377
	607	377
	606	377
	605	377
	604	376
	603	375
	602	375
	601	374
	601	373
	601	372
	601	371
	601	370
	601	369
	602	369
	603	368
	604	368
	604	367
	605	367
	606	366
	607	366
	608	366
	609	366
.PEN_UP
.PEN_DOWN
	622	377
	622	376
	622	375
	621	375
	621	374
	620	374
	620	373
	619	372
	619	371
	619	370
	620	370
	620	369
	621	368
	622	368
	624	368
	625	368
	626	368
	627	368
	628	368
	629	369
	630	370
	631	370
	631	371
	632	372
	632	373
.PEN_UP
.PEN_DOWN
	640	389
	641	389
	641	388
	641	387
	641	386
	641	384
	640	383
	640	381
	639	380
	639	378
	638	375
	638	374
	638	373
	637	372
	637	371
	637	370
	637	369
	637	368
.PEN_UP
.PEN_DOWN
	650	378
	650	377
	649	376
	649	375
	648	375
	648	374
	648	373
	648	372
	648	371
	648	370
	648	369
	649	369
	650	368
	651	368
	652	368
	653	368
	653	369
	654	369
	655	369
	655	370
	656	370
	656	371
	657	371
	657	372
	657	373
	658	375
	658	376
	658	377
	659	377
	659	378
	659	379
	658	379
.PEN_UP
.PEN_DOWN
	672	378
	672	379
	671	379
	670	380
	669	380
	669	379
	668	379
	668	378
	668	377
	668	376
	668	375
	668	374
	669	374
	669	373
	670	373
	671	372
	672	372
	673	371
	673	370
	672	370
	671	370
	670	370
	668	369
	667	369
	666	369
	665	368
	664	368
.PEN_UP
.PEN_DOWN
	679	372
	680	371
	681	371
	680	371
	680	370
.PEN_UP
.PEN_DOWN
	705	401
	706	400
	706	399
	706	398
	707	398
	707	397
.PEN_UP
.PEN_DOWN
	712	398
	712	397
	712	396
	713	396
.PEN_UP
.PEN_DOWN
	724	385
	725	385
	725	384
	724	384
	724	383
	724	382
	724	380
	724	379
	724	378
	723	376
	723	375
	722	374
	722	373
	721	373
	721	372
	722	372
	722	373
	723	374
	723	375
	724	376
	725	377
	725	379
	726	380
	727	382
	728	384
	729	385
	729	386
	729	385
	730	384
	730	383
	731	382
	731	380
	732	379
	732	378
	733	377
	733	376
	734	375
	736	374
	737	374
	738	374
	739	374
	740	374
	740	375
	741	375
	742	376
	742	377
	742	378
	742	379
	742	380
	742	381
	742	383
	742	384
	743	385
	743	387
	743	389
	744	390
	744	391
	745	393
.PEN_UP
.PEN_DOWN
	756	375
	755	375
	755	374
	755	373
	756	373
	758	373
	759	373
	760	373
	761	373
	762	374
	762	375
	762	376
	762	377
	761	378
	760	379
	759	379
	758	379
	757	379
	756	379
.PEN_UP
