
.WRITER_ID BobStrong
.STYLE PRINTED
.PEN_DOWN
	79	387
	79	386
	79	385
	80	385
	80	384
	80	383
	79	383
	79	382
	78	382
	77	381
	77	380
	76	379
	76	378
	75	377
	75	375
	74	374
	74	373
	74	372
	74	370
	74	369
	74	368
	74	367
	74	366
	75	366
.PEN_UP
.PEN_DOWN
	78	386
	79	386
	80	386
	81	386
	83	386
	84	386
	85	386
	86	385
	87	385
	88	384
	89	383
	90	382
	90	380
	90	379
	89	379
	89	378
	88	377
	88	376
	87	376
	86	375
	85	375
	85	374
	84	374
	83	373
	82	372
	81	372
	80	371
	79	371
	78	371
	77	370
	76	370
	75	370
	74	370
.PEN_UP
.PEN_DOWN
	103	386
	104	385
	104	384
	103	383
	103	382
	103	381
	103	380
	102	379
	102	377
	101	376
	101	374
	101	373
	101	372
	101	371
	101	370
	101	369
	101	368
.PEN_UP
.PEN_DOWN
	106	384
	106	383
	107	383
	108	383
	109	383
	110	383
	111	383
	112	383
	113	383
	114	383
	115	383
	116	383
	117	383
	118	382
	119	382
	119	381
	118	380
	117	380
	117	379
	116	379
	115	378
	114	377
	113	376
	112	376
	111	375
	109	374
	109	373
	108	372
	108	371
	108	370
	108	369
	109	369
	110	369
	111	368
	112	368
	113	368
	114	368
	115	368
	116	368
	117	368
	117	369
	118	369
	119	369
	120	369
.PEN_UP
.PEN_DOWN
	124	383
	124	384
	125	384
	125	383
	127	383
	128	383
	129	383
	130	383
	131	383
	132	383
	133	383
	134	383
	135	382
	135	381
	135	380
	134	379
	133	378
	132	377
	132	376
	131	375
	130	375
	129	374
	128	372
	127	371
	126	370
	125	369
	125	368
	124	367
	124	366
	125	366
	126	366
	127	366
	128	366
	129	366
	130	367
	131	367
	132	368
	134	368
	135	368
	136	368
	137	368
	138	368
.PEN_UP
.PEN_DOWN
	145	388
	146	388
	147	388
	147	387
	147	386
	146	385
	146	384
	146	383
	146	382
	146	381
	146	380
	147	379
	148	379
	149	379
	150	379
	151	380
	152	381
	153	382
	154	383
	154	384
	155	384
	156	387
	157	388
	157	389
	158	390
	158	391
.PEN_UP
.PEN_DOWN
	150	377
	150	376
	150	375
	150	374
	149	373
	149	372
	149	371
	149	370
	149	369
	149	368
	149	367
	149	366
	149	365
.PEN_UP
.PEN_DOWN
	202	388
	203	388
	204	388
	203	388
	203	387
	202	386
	201	384
	201	382
	200	381
	200	380
	200	379
	199	377
	199	376
	199	375
	199	373
	199	372
	199	371
	199	370
	199	369
	199	368
	200	368
.PEN_UP
.PEN_DOWN
	213	385
	213	384
	212	384
	211	384
	210	384
	209	384
	209	383
	208	383
	208	382
	207	382
	206	381
	205	381
	204	381
	204	380
	204	379
	204	378
	204	377
	205	376
	206	375
	207	375
	207	374
	208	373
	208	372
	209	372
	210	371
	210	370
	211	370
	211	369
	211	368
	212	368
.PEN_UP
.PEN_DOWN
	221	383
	220	382
	220	381
	219	381
	219	380
	219	379
	218	378
	218	377
	217	376
	217	375
	217	374
	217	373
	216	372
	216	370
	217	370
	218	369
	219	369
	219	368
	220	368
	221	368
	223	368
	224	368
	224	369
	225	369
	226	369
	227	369
	228	369
	229	368
.PEN_UP
.PEN_DOWN
	234	382
	235	382
	235	381
	234	381
	233	381
	233	380
	232	380
	232	379
	232	378
	232	377
	231	376
	231	375
	231	374
	231	373
	231	372
	231	371
	231	370
	232	370
	233	370
	234	370
	236	370
	237	371
	238	371
	239	372
	239	373
	240	373
	241	374
	241	375
	242	376
	242	377
	243	379
	243	380
	243	381
	243	382
	243	383
.PEN_UP
.PEN_DOWN
	248	376
	248	375
	247	374
	247	373
	246	372
	246	371
	246	370
	245	370
	245	369
	244	368
	244	367
	245	367
	245	368
	246	369
	247	370
	247	371
	247	373
	248	374
	248	375
	248	376
	248	377
	249	378
	249	379
	249	378
	249	377
	249	376
	249	375
	249	374
	250	373
	250	372
	250	371
	251	370
	252	370
	253	370
	254	370
	255	370
	256	371
	257	371
	258	372
	259	372
	259	373
	260	374
	260	375
	260	376
	259	377
	259	378
	259	379
	258	380
	258	381
	257	381
.PEN_UP
.PEN_DOWN
	267	384
	268	384
	268	383
	268	382
	268	381
	268	380
	267	377
	267	376
	267	375
	267	374
	267	373
	267	372
	267	371
	267	370
	267	369
	267	368
	267	367
.PEN_UP
.PEN_DOWN
	276	383
	277	382
	277	381
	276	381
	276	380
	275	380
	275	379
	274	378
	273	377
	272	377
	271	376
	270	376
	269	375
	268	375
	268	374
	268	373
	268	372
	269	372
	269	371
	270	371
	271	370
	272	370
	273	370
	273	369
	274	369
	274	368
.PEN_UP
.PEN_DOWN
	285	383
	285	382
	285	381
	284	380
	284	378
	284	377
	283	376
	283	375
	283	374
	283	373
	283	372
	283	371
	283	370
	284	370
.PEN_UP
.PEN_DOWN
	285	383
	286	383
	287	383
	287	384
	288	384
	289	384
	290	385
	291	385
	292	385
	293	385
	294	385
	295	384
	296	384
.PEN_UP
.PEN_DOWN
	283	379
	284	378
	284	377
	285	377
	286	377
	287	377
	288	377
	289	377
	290	377
	291	377
	292	377
	293	377
	294	377
.PEN_UP
.PEN_DOWN
	280	372
	280	371
	281	371
	281	370
	282	370
	283	370
	284	370
	285	370
	286	370
	288	370
	290	371
	291	371
	292	371
	293	371
	294	371
	295	371
	295	372
	296	372
.PEN_UP
.PEN_DOWN
	304	385
	304	384
	304	383
	303	383
	303	382
	303	381
	303	380
	302	379
	302	378
	301	377
	301	376
	301	375
	301	374
	300	374
	300	373
	300	372
	300	371
	300	370
	301	370
.PEN_UP
.PEN_DOWN
	303	386
	304	386
	304	387
	305	387
	306	387
	307	387
	308	388
	309	388
	311	388
	311	387
	312	387
	313	387
	314	386
	315	385
	315	384
	316	384
	316	383
	316	382
	316	381
	315	380
	314	379
	313	379
	312	379
	312	378
	311	378
	310	378
	309	378
	309	377
	307	377
	306	377
	306	376
	307	376
	307	375
	308	375
	309	375
	310	375
	310	374
	311	374
	311	373
	311	372
	312	372
	312	371
	312	370
	313	369
	314	369
.PEN_UP
.PEN_DOWN
	335	384
	335	385
	334	385
	333	385
	331	385
	330	385
	329	385
	328	385
	327	385
	326	385
	325	384
	324	384
	323	384
	322	383
	322	382
	323	381
	324	380
	325	380
	326	380
	327	379
	329	379
	330	378
	331	378
	332	377
	333	376
	333	375
	333	374
	333	373
	332	373
	332	372
	331	372
	330	372
	329	371
	328	371
	327	371
	326	371
	325	371
	324	371
	323	371
.PEN_UP
.PEN_DOWN
	354	392
	355	392
	354	393
	355	393
	356	393
	357	393
	358	393
	359	393
	362	393
	363	393
	364	393
	365	393
	366	393
	367	392
	367	391
	366	390
	365	389
	364	388
	362	387
	361	386
	360	385
	359	384
	358	384
	357	382
	356	381
	356	380
	355	380
	355	379
	355	378
	356	378
	357	378
	358	378
	360	378
	361	378
	362	378
	363	378
	364	378
	365	378
	366	377
	367	377
	367	376
	367	375
.PEN_UP
.PEN_DOWN
	382	387
	382	388
	381	388
	381	387
	381	386
	381	385
	380	383
	380	382
	380	381
	380	380
	380	379
	380	378
	380	377
	380	376
	380	375
.PEN_UP
.PEN_DOWN
	396	389
	395	389
	394	389
	394	388
	393	387
	392	386
	391	384
	390	382
	390	381
	389	380
	389	378
	389	377
	389	376
	389	375
	390	374
	390	373
	391	373
	391	372
	392	372
	393	372
	394	372
	396	372
	397	372
	398	372
	398	373
	398	374
	398	375
	397	376
	397	377
	396	378
	395	378
	394	379
	393	379
	394	379
	395	379
	396	379
	397	379
	398	380
	399	380
	401	380
	402	380
	403	380
	404	380
	405	380
.PEN_UP
.PEN_DOWN
	408	386
	408	385
	409	386
	410	386
	411	386
	412	386
	413	386
	414	386
	415	386
	416	385
	417	385
	417	384
	416	383
	416	382
	415	381
	415	380
	414	379
	413	379
	413	378
	412	377
	411	376
	411	375
	410	375
	409	374
	408	374
	408	373
	408	372
	408	371
	409	371
	409	370
	410	370
	411	370
	412	370
	413	370
	414	370
	415	370
	416	370
	417	370
	418	370
	419	369
	420	369
	420	368
	421	368
.PEN_UP
.PEN_DOWN
	433	380
	432	380
	432	379
	431	378
	431	377
	430	376
	430	375
	429	374
	429	373
	429	372
	428	371
	427	370
	426	369
	426	368
	427	368
	428	369
	429	370
	430	371
	430	372
	430	373
	431	374
	431	375
	431	376
	432	378
	432	379
	433	381
	433	382
	435	385
	435	386
	436	387
	436	388
	437	388
	438	388
	438	387
	438	386
	438	385
	438	384
	438	383
	439	382
	439	381
	439	379
	439	378
	439	377
	440	376
	440	374
	440	373
	441	372
	441	371
	441	370
	441	369
	441	368
	441	367
	442	367
	442	366
	443	366
.PEN_UP
.PEN_DOWN
	425	376
	426	376
	428	376
	429	376
	430	376
	431	376
	433	376
	434	376
	435	376
	436	377
	437	377
	438	377
	439	377
	441	377
	442	377
.PEN_UP
.PEN_DOWN
	463	385
	462	385
	460	385
	459	385
	458	385
	457	384
	456	384
	455	383
	454	383
	454	382
	453	381
	452	379
	452	377
	452	374
	452	373
	452	372
	453	371
	454	370
	455	369
	456	369
	457	369
	458	369
	459	369
	460	369
	460	370
	460	371
	460	372
	460	373
	459	373
	459	374
	458	375
	457	376
	456	376
	455	377
	456	377
	457	377
	458	377
	459	377
	460	377
	461	377
	462	377
	463	378
	464	378
.PEN_UP
.PEN_DOWN
	476	387
	477	387
	476	387
	475	387
	473	387
	472	387
	471	386
	470	385
	469	384
	468	383
	467	382
	467	380
	467	379
	467	378
	467	377
	467	375
	467	374
	467	373
	467	372
	468	371
	469	370
	470	370
	471	370
	472	370
	473	370
	474	370
	475	371
	475	372
	475	373
	475	374
	475	375
	475	376
	475	377
	475	378
	474	378
	473	377
	474	377
	475	377
	476	377
	477	377
.PEN_UP
.PEN_DOWN
	493	386
	493	385
	493	384
	492	384
	492	383
	492	382
	491	381
	491	379
	491	378
	491	377
	490	377
	490	376
	490	375
	491	374
.PEN_UP
.PEN_DOWN
	491	387
	492	387
	493	388
	494	388
	495	388
	496	388
	497	388
	498	388
	500	388
	501	388
	502	388
	503	388
.PEN_UP
.PEN_DOWN
	494	381
	495	381
	496	381
	497	381
.PEN_UP
.PEN_DOWN
	484	372
	485	372
	486	372
	487	372
	488	372
	489	372
	490	372
	491	372
	492	372
	493	372
	495	372
	496	372
	497	372
	498	372
	498	371
	499	371
	500	371
.PEN_UP
.PEN_DOWN
	514	392
	514	391
	513	390
	512	389
	511	388
	511	387
	510	386
	510	385
	509	384
	509	383
	509	382
	509	381
	508	380
	508	379
	508	378
	508	377
.PEN_UP
.PEN_DOWN
	511	394
	512	394
	512	395
	513	395
	513	394
	514	394
	515	393
	516	393
	517	392
	518	392
	519	391
	521	389
	522	388
	523	388
	523	387
	524	387
	525	386
	525	385
	525	384
	526	384
	526	383
	526	382
	526	381
	526	380
	525	380
	525	379
	524	378
	523	378
	523	377
	522	377
	522	376
	521	376
	520	376
	519	375
	517	375
	516	375
	515	375
	514	375
	513	375
.PEN_UP
.PEN_DOWN
	535	384
	536	384
	536	383
.PEN_UP
.PEN_DOWN
	538	370
	538	369
	537	368
	537	367
	537	366
	536	366
	536	365
	536	364
	536	363
	535	362
	534	361
	533	361
	532	361
	531	360
.PEN_UP
.PEN_DOWN
	570	381
	570	380
	570	379
	569	378
	569	377
	568	377
	568	376
	568	375
	569	375
	569	376
	569	377
	569	378
	569	379
	568	380
	568	381
	567	381
	566	382
	565	382
	564	382
	563	382
	562	382
	562	381
	561	381
	560	381
	559	380
	559	379
	558	379
	557	379
	557	378
	557	377
	557	376
	558	376
	559	376
	560	375
	561	375
	562	375
	563	375
	564	375
	565	375
	567	375
	568	375
	569	375
	570	375
	571	375
	572	375
.PEN_UP
.PEN_DOWN
	590	382
	590	381
	590	380
	589	379
	588	377
	588	376
	588	375
	588	374
	587	373
	587	371
	586	370
	586	369
	586	368
	587	369
	588	370
	588	371
	589	371
	589	372
	590	373
	590	374
	590	375
	591	376
	591	377
	591	376
	591	375
	591	374
	591	373
	592	372
	592	371
	593	370
	593	369
	594	369
	595	368
	596	368
	596	369
	597	369
	597	370
	598	371
	598	372
	599	373
	599	375
	599	376
	599	377
	599	379
	599	380
	599	381
.PEN_UP
.PEN_DOWN
	610	379
	610	378
	609	377
	609	376
	608	376
	608	375
	608	374
	607	372
	607	371
	607	370
	606	369
	606	368
	606	367
	606	366
	606	367
	607	368
	607	369
	607	370
	608	371
	608	372
	608	373
	609	374
	610	377
	610	379
	611	380
	612	382
	612	384
	613	385
	614	385
	614	386
	614	387
	615	387
	616	387
	617	387
	617	386
	617	385
	618	384
	618	383
	618	382
	618	380
	618	379
	618	378
	618	376
	617	374
	617	372
	617	371
	617	370
	617	369
	617	368
	618	367
	618	366
.PEN_UP
.PEN_DOWN
	607	375
	608	375
	609	375
	610	375
	611	375
	612	375
	615	375
	616	375
	617	375
	618	375
	619	375
	620	376
.PEN_UP
.PEN_DOWN
	627	383
	628	383
	628	382
	628	381
	628	380
	628	379
	629	379
	629	378
	629	377
	629	375
	630	375
	630	374
	631	373
	632	372
	632	371
	633	371
	634	371
	634	372
	635	372
	635	373
	636	373
	636	374
	636	375
	637	375
	637	376
	638	379
	638	380
	638	381
	639	383
	639	384
	639	385
	640	387
	640	388
	640	389
	641	389
	642	388
.PEN_UP
.PEN_DOWN
	649	382
	649	381
	649	380
	649	379
	648	379
	648	378
	648	377
	648	376
	648	375
	648	374
	648	373
	648	372
	648	371
	648	370
	649	369
.PEN_UP
.PEN_DOWN
	650	381
	651	381
	651	382
	652	383
	653	384
	654	384
	655	384
	656	384
	657	384
	658	384
	659	384
	660	384
	661	384
	661	383
.PEN_UP
.PEN_DOWN
	649	376
	650	376
	652	376
	653	376
	654	376
	655	376
	656	376
	657	376
.PEN_UP
.PEN_DOWN
	644	370
	644	369
	645	369
	646	369
	647	369
	648	369
	649	369
	650	370
	651	370
	652	370
	654	370
	655	370
	656	370
	657	370
	658	370
	660	370
.PEN_UP
.PEN_DOWN
	672	383
	673	382
	672	382
	672	381
	671	381
	670	379
	670	378
	670	377
	670	375
	669	375
	669	374
	669	373
	669	372
	669	371
	669	370
	670	370
.PEN_UP
.PEN_DOWN
	670	383
	670	384
	671	384
	672	384
	673	384
	673	383
	674	383
	675	383
	676	382
	677	381
	678	381
	679	381
	679	380
	679	379
	680	379
	680	377
	680	376
	680	375
	680	374
	679	373
	679	372
	678	372
	678	371
	677	371
	676	370
	675	370
	674	369
	673	369
	672	369
	671	369
	670	369
	669	369
	668	369
	668	370
.PEN_UP
.PEN_DOWN
	690	381
	690	382
	690	381
	691	381
	691	380
	692	380
	692	379
.PEN_UP
.PEN_DOWN
	692	371
	693	370
	694	369
	694	368
	694	367
	694	366
	694	365
	693	365
	692	364
	691	363
	690	362
	689	362
	688	361
	687	361
	686	361
	685	361
.PEN_UP
.PEN_DOWN
	717	385
	718	385
	717	385
	717	384
	716	383
	716	382
	716	381
	716	380
	716	379
	715	378
	715	377
	715	376
	715	375
	716	375
	716	376
	715	378
	715	379
	714	379
	714	380
	713	381
	712	381
	711	381
	710	381
	709	381
	709	380
	709	379
	709	378
	710	378
	711	377
	712	377
	713	377
	714	377
	715	377
	716	377
	717	377
	718	377
	720	377
	721	377
	722	377
	723	377
.PEN_UP
.PEN_DOWN
	736	383
	736	382
	735	382
	735	381
	734	381
	734	380
	734	379
	733	379
	733	378
	733	377
	733	376
	733	375
	733	374
	733	373
	734	373
	734	372
	735	372
	736	372
	737	372
	737	373
	737	374
	737	375
	737	376
	738	377
	738	378
	738	377
	738	376
	739	376
	739	375
	740	374
	740	373
	741	373
	741	372
	742	372
	743	372
	744	373
	745	373
	745	374
	746	375
	746	376
	747	377
	747	378
	747	379
	747	380
	747	381
	747	382
	748	382
	748	383
	748	384
.PEN_UP
.PEN_DOWN
	756	380
	757	380
	757	379
	756	379
	756	378
	755	376
	754	375
	753	374
	753	373
	753	372
	752	371
	752	370
	753	370
	753	371
	754	372
	754	373
	755	375
	755	376
	756	378
	756	379
	757	380
	757	381
	758	382
	758	384
	759	385
	759	386
	760	386
	761	386
	762	385
	762	384
	762	383
	762	382
	762	381
	762	380
	762	379
	762	378
	763	377
	763	376
	763	375
	763	374
	763	373
	763	372
	764	372
	764	371
	764	370
.PEN_UP
.PEN_DOWN
	754	375
	755	375
	756	375
	757	375
	758	376
	759	376
	760	376
	761	376
	762	376
	763	376
.PEN_UP
.PEN_DOWN
	774	384
	774	383
	774	382
	774	381
	774	380
	774	379
	775	378
	775	377
	775	376
	776	375
	777	374
	778	373
	779	372
	780	372
.PEN_UP
.PEN_DOWN
	781	386
	781	385
	780	384
	779	384
	777	383
	776	382
	775	381
	774	380
	774	379
	773	378
	772	378
	771	377
	771	376
	770	375
	770	374
	769	373
	769	372
	769	371
.PEN_UP
.PEN_DOWN
	788	384
	788	383
	788	382
	788	381
	787	380
	787	378
	786	377
	786	376
	786	375
	786	374
	786	373
	786	372
	786	371
	786	370
.PEN_UP
.PEN_DOWN
	788	384
	789	384
	790	385
	791	385
	792	385
	794	385
	795	385
	796	385
.PEN_UP
.PEN_DOWN
	786	378
	786	377
	787	377
	788	377
	789	377
	790	377
	791	377
	792	377
	793	377
	794	377
.PEN_UP
.PEN_DOWN
	782	372
	782	371
	783	371
	784	371
	786	371
	787	371
	788	371
	789	371
	790	371
	791	371
	792	371
.PEN_UP
.PEN_DOWN
	804	384
	804	383
	804	382
	804	381
	803	380
	803	379
	803	378
	803	377
	803	376
	802	376
	802	375
	802	374
	802	373
.PEN_UP
.PEN_DOWN
	803	387
	804	387
	804	386
	805	386
	806	386
	807	386
	808	385
	809	385
	810	384
	811	384
	812	384
	813	383
	814	382
	814	381
	815	381
	815	380
	815	379
	815	377
	814	377
	814	376
	814	375
	813	375
	812	374
	811	374
	811	373
	810	373
	809	372
	808	372
	807	372
	806	371
	805	371
	804	371
	803	371
	802	371
	801	371
	800	371
.PEN_UP
.PEN_DOWN
	831	393
	831	392
	831	391
	831	390
	830	390
	830	389
	829	388
	828	387
	828	386
	828	385
	828	384
	827	383
	827	382
	827	381
	828	380
.PEN_UP
.PEN_DOWN
	823	370
	824	370
	824	369
	825	369
	825	368
.PEN_UP
