
.WRITER_ID BobStrong
.STYLE PRINTED
.PEN_DOWN
	98	385
	98	384
	98	383
	97	383
	97	382
	97	381
	96	380
	96	379
	95	377
	95	376
	95	375
	95	374
	95	372
	95	371
	96	370
	96	369
	97	368
	98	368
	99	367
	102	367
	103	367
	104	367
	105	367
	106	367
	107	367
.PEN_UP
.PEN_DOWN
	87	378
	88	378
	89	378
	90	379
	91	379
	92	379
	94	379
	96	379
	97	379
	98	379
	99	379
	100	379
	102	380
.PEN_UP
.PEN_DOWN
	114	395
	114	394
	114	393
	114	392
	114	391
	113	389
	113	388
	113	387
	113	385
	112	384
	111	380
	111	379
	111	378
	111	377
	111	376
	111	375
	111	374
	111	373
	111	372
	111	371
	111	370
	111	369
	111	370
	112	370
	112	371
	113	371
	113	372
	114	373
	114	374
	115	375
	115	376
	116	377
	117	378
	118	378
	119	378
	119	377
	119	376
	119	375
	120	374
	120	373
	120	372
	121	371
	122	370
.PEN_UP
.PEN_DOWN
	134	378
	134	379
	134	380
	133	380
	132	380
	131	379
	130	378
	129	377
	128	376
	127	376
	127	374
	126	373
	126	372
	126	371
	126	369
	127	369
	128	369
	129	369
	130	369
	131	370
	132	371
	133	371
	133	373
	134	373
	134	374
	134	375
	134	376
	134	377
	134	376
	134	375
	135	374
	136	373
	137	372
.PEN_UP
.PEN_DOWN
	149	394
	148	394
	148	393
	147	392
	147	391
	146	388
	146	386
	146	385
	146	383
	146	381
	146	379
	146	377
	146	375
	146	374
	146	373
	146	371
	146	370
	146	369
	147	368
	148	368
	149	368
	150	368
	152	368
	152	369
	154	369
.PEN_UP
.PEN_DOWN
	139	376
	140	376
	141	376
	141	377
	143	377
	144	378
	146	378
	149	378
	150	378
	151	379
	152	379
	153	379
	154	379
.PEN_UP
.PEN_DOWN
	183	380
	183	379
	183	378
	182	377
	182	376
	181	376
	181	374
	180	373
	179	372
	179	371
	179	370
	179	369
	180	369
	181	369
	182	369
	182	370
	183	370
	184	371
	185	371
	185	372
	186	372
	186	373
	187	374
	187	375
	188	375
	188	376
	188	375
	188	374
	188	373
	189	372
	190	371
	191	371
	192	371
	193	371
	194	371
	195	371
	195	372
	196	373
	196	374
	196	375
	196	376
	196	377
	196	378
	196	379
	196	380
	196	381
	195	381
.PEN_UP
.PEN_DOWN
	206	379
	206	380
	205	380
	204	380
	203	380
	202	380
	201	379
	201	378
	200	378
	200	377
	200	376
	199	376
	199	375
	199	374
	199	373
	199	372
	200	371
	201	371
	202	371
	203	371
	204	371
	205	372
	205	373
	205	374
	205	375
	205	374
	205	373
	205	372
	206	372
	206	371
	207	371
	208	371
	209	371
.PEN_UP
.PEN_DOWN
	223	382
	222	382
	221	382
	220	382
	219	382
	218	382
	218	381
	217	381
	216	380
	216	379
	216	378
	216	377
	216	376
	217	376
	218	376
	219	376
	220	375
	222	375
	223	375
	223	374
	224	374
	224	373
	225	373
	225	372
	225	371
	224	371
	223	370
	222	369
	221	369
	220	368
	219	368
	218	368
	218	367
	217	367
	216	367
.PEN_UP
.PEN_DOWN
	260	392
	260	391
	259	390
	259	389
	258	389
	258	387
	257	386
	257	384
	256	382
	256	380
	255	377
	255	376
	255	374
	254	373
	254	372
	254	371
	254	370
	254	369
	254	368
	255	369
	255	370
	256	370
	256	371
	257	372
	258	373
	259	375
	260	376
	260	377
	261	378
	262	379
	263	379
	264	379
	264	378
	264	376
	264	375
	264	374
	264	373
	264	372
	263	371
	263	370
	263	369
	262	369
	261	368
	260	368
	259	368
	258	368
	257	368
.PEN_UP
.PEN_DOWN
	267	375
	268	375
	269	375
	270	375
	271	376
	272	376
	273	376
	274	376
	275	377
	277	378
	277	379
	277	380
	277	381
	276	381
	275	381
	274	381
	273	380
	272	380
	272	379
	271	378
	270	377
	270	376
	269	375
	268	374
	268	373
	268	372
	268	371
	268	369
	269	369
	269	368
	270	368
	271	367
	272	367
	273	367
	274	367
	275	367
	277	368
	278	368
	279	369
	281	370
.PEN_UP
.PEN_DOWN
	293	389
	293	388
	293	387
	292	386
	291	385
	291	384
	290	383
	290	381
	290	380
	290	379
	289	377
	289	376
	289	375
	289	374
	289	373
	289	371
	290	370
	290	369
.PEN_UP
.PEN_DOWN
	285	380
	286	380
	287	379
	288	379
	290	379
	291	379
	292	379
	293	379
	294	379
	295	378
	296	378
	297	378
	298	378
.PEN_UP
.PEN_DOWN
	312	392
	312	391
	312	390
	311	389
	311	388
	311	387
	311	386
	311	385
	310	383
	310	382
	309	381
	309	379
	308	377
	308	376
	308	374
	308	373
	308	372
	309	371
.PEN_UP
.PEN_DOWN
	299	379
	300	379
	301	379
	302	379
	303	379
	305	379
	306	379
	307	379
	310	379
.PEN_UP
.PEN_DOWN
	319	378
	319	377
	320	377
	321	377
	322	377
	322	378
	323	378
	324	378
	324	379
	325	379
	326	379
	327	380
	326	380
	325	380
	324	380
	323	380
	322	380
	321	379
	320	378
	319	377
	319	376
	318	375
	318	374
	318	373
	318	372
	318	371
	318	370
	319	370
	320	370
	321	370
	322	370
	323	370
	324	370
	325	370
	327	371
.PEN_UP
.PEN_DOWN
	333	377
	334	377
	334	376
	333	376
	333	375
	333	374
	332	372
	332	371
	331	371
	331	370
	331	369
	331	368
	331	367
	332	368
	332	369
	332	370
	333	371
	333	372
	333	373
	334	375
	335	376
	335	378
	336	379
	336	380
	337	380
	337	381
	338	381
	339	381
.PEN_UP
.PEN_DOWN
	370	389
	371	389
	371	390
	372	390
	373	390
	373	389
	373	388
	372	387
	372	385
	371	384
	370	382
	369	380
	368	379
	367	377
	366	376
	365	373
	365	372
	365	371
	365	370
	365	369
	366	368
	367	368
	368	368
	370	367
	371	367
	373	367
	374	367
.PEN_UP
.PEN_DOWN
	360	378
	361	378
	362	378
	364	379
	365	379
	367	379
	369	380
	371	380
	373	380
	374	380
	375	380
	376	380
	377	380
.PEN_UP
.PEN_DOWN
	391	395
	391	394
	391	393
	391	392
	390	391
	389	389
	389	388
	388	387
	388	385
	387	383
	387	381
	387	379
	386	375
	386	374
	386	372
	386	371
	386	370
	386	369
	385	368
	385	367
	386	367
	387	367
	387	368
	388	368
	388	369
	389	370
	389	371
	390	372
	390	373
	392	375
	392	376
	393	376
	394	376
	394	375
	394	374
	394	373
	394	372
	394	371
	394	370
	395	370
	395	369
.PEN_UP
.PEN_DOWN
	405	375
	405	376
	405	377
	404	377
	403	377
	402	377
	402	376
	401	376
	400	376
	400	375
	399	375
	398	374
	398	373
	398	372
	398	371
	399	371
	400	371
	401	370
	402	370
	403	371
	404	371
	405	371
	406	372
	407	372
	407	373
	407	374
	407	373
	408	372
	409	371
	410	371
.PEN_UP
.PEN_DOWN
	420	379
	420	378
	420	377
	419	377
	419	376
	418	375
	418	374
	417	373
	417	372
	417	371
	418	371
	418	372
	419	372
	420	373
	421	374
	421	375
	422	375
	424	377
	425	377
	426	378
	427	379
	428	380
	429	380
	430	380
	431	379
	432	379
	432	377
	432	376
	432	375
	432	374
	432	373
	432	372
	432	371
.PEN_UP
.PEN_DOWN
	459	376
	458	376
	458	375
	458	374
	458	373
	457	372
	457	371
	456	370
	455	370
	455	369
	455	370
	456	370
	457	371
	458	371
	459	372
	459	373
	460	374
	460	375
	460	376
	461	376
	461	377
	462	377
	462	378
	463	377
	463	376
	463	375
	463	374
	463	373
	464	373
	465	374
	466	374
	467	374
	468	375
	469	375
	470	375
	470	376
	471	376
	472	377
	473	377
	474	377
	474	376
	474	375
	474	374
	473	373
	473	372
	473	371
	474	370
	474	369
.PEN_UP
.PEN_DOWN
	488	374
	488	375
	488	376
	488	377
	488	378
	487	378
	487	379
	486	379
	485	379
	484	379
	483	378
	482	377
	481	376
	480	376
	480	375
	480	374
	480	373
	480	372
	480	371
	481	371
	482	370
	484	370
	486	370
	487	370
	488	371
	489	371
	489	372
	490	372
	490	373
	490	374
	490	373
	490	372
	490	371
	491	371
	491	370
	492	370
.PEN_UP
.PEN_DOWN
	508	374
	508	375
	506	375
	505	375
	504	375
	503	375
	502	375
	501	374
	500	373
	500	372
	500	371
	501	371
	502	371
	502	370
	503	370
	504	370
	505	371
	506	371
	507	371
	508	372
	509	372
	509	371
	509	370
	510	369
	510	368
	510	367
	510	366
	511	363
	511	362
	511	360
	511	359
	511	358
	511	357
	511	356
	511	355
	511	354
	510	354
	510	353
	509	353
	508	353
	507	353
	506	353
	505	353
	505	354
	504	354
	503	355
	503	356
.PEN_UP
.PEN_DOWN
	521	379
	522	378
	523	377
	523	376
	523	375
	523	374
	523	373
	523	372
	523	371
	522	370
	522	369
.PEN_UP
.PEN_DOWN
	528	387
	528	388
.PEN_UP
.PEN_DOWN
	545	377
	545	378
	545	379
	544	379
	543	379
	542	379
	541	379
	540	379
	539	379
	538	378
	538	377
	537	377
	536	376
	536	375
	536	374
	535	372
	535	371
	535	370
	536	369
	537	368
	538	367
	539	367
	540	367
	541	367
	543	367
	544	367
	545	367
	545	368
	546	368
	547	368
	548	368
	548	369
	548	370
.PEN_UP
.PEN_DOWN
	560	370
	559	370
	558	370
	558	369
	559	369
	560	369
	560	370
	560	371
.PEN_UP
