
.WRITER_ID BobStrong
.STYLE PRINTED
.PEN_DOWN
	114	379
	114	380
	115	380
	115	381
	114	381
	114	380
	113	379
	113	378
	113	377
	113	376
	113	375
	113	374
	113	373
	114	372
	114	371
	115	370
	116	370
	116	369
	117	369
	118	369
	119	369
	120	369
	121	370
	122	370
	124	371
	124	372
	125	372
	125	373
	125	374
	125	375
	126	375
	126	376
	126	377
	126	378
	126	379
	126	378
	125	378
	125	377
	125	376
	125	375
	125	374
	125	371
	126	369
	126	368
	126	367
	127	366
	127	365
	127	363
	127	362
	128	361
	128	360
	128	358
	128	357
	127	357
	127	356
	127	355
	126	355
	125	354
	124	354
	123	354
	122	354
	121	354
	120	354
	119	354
.PEN_UP
.PEN_DOWN
	137	373
	136	374
	135	374
	134	374
	133	374
	132	374
	132	373
	132	372
	132	371
	133	370
	134	369
	135	369
	136	368
	137	368
	138	368
	138	369
	138	370
	138	371
	138	372
	138	373
	137	374
	137	375
	137	376
	136	376
	136	377
.PEN_UP
.PEN_DOWN
	146	374
	146	373
	145	373
	144	373
	144	372
	144	371
	145	370
	145	369
	146	369
	146	368
	147	367
	148	367
	149	366
	150	366
	151	366
	152	367
	153	367
	154	367
	155	368
	155	369
	156	369
	156	370
	156	371
	156	372
	156	374
	156	375
.PEN_UP
.PEN_DOWN
	166	371
	165	371
	165	370
	165	369
	165	368
	165	367
	165	366
	166	366
	166	365
	166	366
	166	367
	166	368
	167	369
	167	370
	168	371
	169	373
	170	374
	170	375
	171	375
	171	376
	172	376
	173	376
	173	375
	174	374
	174	373
	175	372
	175	371
	175	370
	176	370
	176	369
	176	368
	177	368
	177	367
.PEN_UP
.PEN_DOWN
	192	375
	191	376
	190	376
	189	376
	188	376
	187	376
	186	376
	185	375
	185	374
	184	373
	184	372
	184	371
	184	370
	184	369
	184	368
	185	367
	186	367
	187	367
	188	367
	189	367
	190	367
	191	368
	192	368
	192	369
	193	370
	193	371
	193	372
	193	373
	193	374
	193	375
	193	374
	193	373
	193	372
	194	371
	195	370
	195	369
	195	368
	195	366
	196	363
	196	362
	196	361
	196	360
	196	359
	195	358
	195	357
	194	356
	193	356
	193	355
	191	354
	190	354
	189	354
	189	353
	188	353
	187	353
	186	353
	185	353
	185	352
.PEN_UP
.PEN_DOWN
	240	396
	240	397
	240	396
	239	395
	239	393
	239	392
	239	390
	238	388
	238	386
	238	384
	238	382
	238	380
	238	377
	238	376
	238	375
	238	374
	238	373
	239	372
	239	371
	240	370
.PEN_UP
.PEN_DOWN
	259	379
	259	380
	259	381
	257	382
	256	382
	255	382
	254	382
	254	381
	253	381
	252	381
	252	380
	251	380
	251	379
	250	377
	250	376
	250	375
	251	374
	251	373
	252	373
	253	373
	254	372
	255	372
	256	372
	257	373
	258	373
	259	374
	259	375
	260	375
	260	376
	260	377
	260	378
	259	378
	259	377
	260	376
	261	375
	261	374
	262	373
.PEN_UP
.PEN_DOWN
	282	373
	282	374
	282	375
	282	376
	282	377
	282	378
	281	378
	281	379
	280	379
	279	379
	278	378
	277	378
	276	378
	275	377
	274	377
	273	376
	272	376
	272	375
	272	374
	272	373
	273	372
	274	372
	275	372
	276	372
	277	372
	279	372
	280	373
	281	373
	282	374
	283	374
	283	375
	284	375
	284	376
	284	377
	284	378
	284	379
	284	380
	284	381
	283	384
	283	385
	283	386
	283	387
	283	388
	283	389
	283	390
	283	389
	283	387
	283	386
	283	384
	283	383
	283	382
	283	380
	284	379
	284	378
	284	377
	284	375
	284	374
	284	373
	285	372
	285	371
.PEN_UP
.PEN_DOWN
	295	380
	295	379
	295	378
	295	377
	295	376
	295	375
	295	374
	295	373
	295	372
	295	371
	296	371
	296	370
.PEN_UP
.PEN_DOWN
	298	384
	299	384
	300	385
	301	385
	302	385
	302	386
.PEN_UP
.PEN_DOWN
	310	375
	311	375
	311	376
	312	376
	313	376
	314	376
	315	377
	316	377
	317	377
	318	377
	319	378
	319	379
	319	380
	318	380
	317	380
	316	380
	315	380
	312	380
	311	379
	310	378
	309	377
	308	376
	307	375
	306	375
	306	373
	306	372
	306	371
	308	369
	310	368
	311	368
	312	368
.PEN_UP
.PEN_DOWN
	332	380
	332	381
	330	381
	329	381
	329	380
	328	380
	327	380
	326	379
	325	379
	324	378
	323	377
	323	376
	323	375
	324	374
	325	374
	326	373
	327	373
	328	373
	329	373
	330	372
	329	372
	328	371
	327	371
	326	371
	325	371
	324	371
	324	370
.PEN_UP
.PEN_DOWN
	332	362
	333	361
.PEN_UP
.PEN_DOWN
	388	382
	389	382
	389	383
	389	384
	388	384
	387	384
	385	384
	384	383
	383	383
	382	382
	381	382
	380	381
	379	381
	378	380
	379	379
	380	378
	381	378
	383	378
	384	377
	386	377
	388	377
	389	376
	390	376
	391	376
	391	375
	390	375
	389	374
	388	374
	387	374
	386	374
	384	373
	383	373
	381	373
.PEN_UP
.PEN_DOWN
	398	396
	397	396
	397	395
	397	394
	397	393
	397	391
	397	389
	397	387
	397	385
	397	383
	397	381
	396	379
	396	377
	396	376
	395	375
	395	374
	395	373
	396	373
	396	374
	397	374
	397	375
	398	375
	398	376
	399	377
	399	378
	400	379
	401	380
	401	381
	402	381
	402	382
	403	382
	403	381
	403	380
	403	379
	403	378
	403	377
	403	376
	403	375
	404	374
	404	373
	405	373
.PEN_UP
.PEN_DOWN
	411	378
	412	378
	412	377
	412	376
	412	375
	413	374
	414	373
	416	373
	417	372
	418	372
	419	372
	420	372
	421	372
	422	373
	423	373
	423	374
	422	375
	422	376
	421	377
	420	377
	420	378
	419	379
	418	379
	417	380
	416	381
	414	381
.PEN_UP
.PEN_DOWN
	428	377
	428	376
	428	375
	428	374
	428	373
	429	373
	429	372
	429	371
	430	371
	431	371
	432	371
	433	371
	434	371
	436	371
	437	371
	438	371
	439	371
	439	372
	440	373
	440	374
	440	375
	440	376
	439	376
	439	378
	438	379
	438	380
.PEN_UP
.PEN_DOWN
	446	393
	446	392
	445	391
	445	390
	445	388
	444	386
	444	384
	444	382
	444	380
	444	378
	444	376
	444	374
	444	373
	445	370
	445	369
	445	368
	445	367
	446	366
.PEN_UP
.PEN_DOWN
	460	372
	459	373
	459	374
	459	375
	458	375
	458	376
	457	376
	456	376
	455	376
	454	376
	453	376
	451	375
	450	374
	450	373
	449	373
	449	372
	449	371
	449	370
	450	370
	450	369
	451	369
	452	369
	454	369
	456	369
	457	369
	458	369
	459	370
	460	371
	461	372
	462	373
	462	374
	462	375
	462	376
	463	379
	463	381
	463	382
	463	384
	463	386
	463	388
	463	389
	463	391
	463	390
	463	389
	463	387
	463	385
	462	383
	462	381
	462	379
	462	377
	462	375
	462	374
	462	371
	462	370
	462	369
	462	368
	462	367
.PEN_UP
.PEN_DOWN
	502	373
	502	372
	501	372
	500	372
	500	371
	499	371
	498	371
	498	370
	498	369
	498	368
	498	367
	498	366
	499	366
	500	365
	501	365
	502	365
	503	365
	504	365
	505	366
	506	366
	506	367
	507	367
	507	368
	508	369
	508	370
	508	371
	509	372
	509	371
	509	370
	509	369
	509	366
	509	365
	509	363
	509	362
	510	360
	510	358
	510	357
	510	355
	511	353
	511	352
	511	351
	511	350
	511	349
	510	348
	509	348
	508	348
	507	348
	506	348
	505	348
	504	349
	504	350
.PEN_UP
.PEN_DOWN
	525	376
	526	377
	525	377
	524	377
	524	376
	523	376
	522	375
	521	374
	521	373
	521	372
	521	371
	522	371
	522	370
	523	370
	524	370
	525	370
	527	370
	528	371
	529	371
	529	372
	529	373
	529	374
	529	375
	529	376
	528	377
	527	378
	526	378
	525	378
.PEN_UP
.PEN_DOWN
	537	376
	537	375
	538	374
	538	373
	539	371
	540	370
	541	369
	542	369
	543	368
	544	368
	545	369
	546	370
	546	371
	546	372
	547	372
	547	373
	547	374
	547	375
.PEN_UP
.PEN_DOWN
	561	397
	562	397
	563	397
	564	398
	565	398
	566	398
	567	398
	569	398
	570	398
	571	398
	571	397
	571	396
	571	395
	571	394
	571	393
	570	393
	569	392
	569	391
	568	390
	567	389
	566	387
.PEN_UP
.PEN_DOWN
	567	371
	567	369
	567	368
	567	367
	568	366
	569	366
	570	366
.PEN_UP
.PEN_DOWN
	613	394
	613	395
	613	394
	612	393
	612	392
	612	390
	611	389
	611	388
	610	386
	610	384
	610	382
	609	380
	609	379
	609	377
	609	376
	609	375
	610	372
	610	371
	610	370
	610	369
	611	368
	611	367
	611	366
	612	366
	612	365
	613	365
.PEN_UP
.PEN_DOWN
	629	389
	629	388
	629	387
	629	386
	629	384
	628	383
	628	381
	628	379
	627	377
	627	376
	627	375
	627	374
	627	373
	627	372
	627	371
	627	370
.PEN_UP
.PEN_DOWN
	619	381
	620	381
	621	381
	623	381
	624	381
	626	381
	628	381
	630	381
	631	381
.PEN_UP
.PEN_DOWN
	650	394
	649	394
	649	393
	648	393
	647	393
	646	392
	646	391
	645	390
	645	389
	644	388
	644	387
	644	386
	644	385
	644	384
	645	383
.PEN_UP
.PEN_DOWN
	660	377
	659	377
	658	377
	657	378
	656	378
	655	378
	654	378
	653	377
	652	377
	652	376
	652	375
	652	374
	652	373
	653	373
	654	372
	655	371
	656	371
	657	370
	658	370
	658	369
	658	368
	657	368
	657	367
	656	367
	655	367
	654	367
	654	366
	653	366
	652	366
	651	366
.PEN_UP
