
.WRITER_ID BobStrong
.STYLE PRINTED
.PEN_DOWN
	124	394
	123	394
	123	393
	122	393
	122	392
	121	392
	121	391
	120	391
	120	390
	119	390
	119	389
	118	388
	117	387
	117	386
	116	384
	116	383
	116	381
	116	380
	115	379
	115	377
	115	376
	115	375
	116	374
	116	373
	118	371
	119	371
	120	370
	121	370
	122	370
	122	369
	123	369
	124	369
	125	369
.PEN_UP
.PEN_DOWN
	107	382
	108	383
	110	384
	111	384
	112	384
	113	384
	114	384
	116	384
	117	384
	119	384
	120	383
	121	383
	122	383
	123	383
.PEN_UP
.PEN_DOWN
	131	378
	131	377
	131	376
	130	375
	130	374
	130	373
	130	372
	130	371
	131	372
	131	373
	131	374
	131	375
	131	376
	131	378
	131	379
	132	380
	132	381
	132	382
	133	383
	134	383
	135	384
	136	384
	138	384
	139	384
	140	384
	141	384
	142	384
.PEN_UP
.PEN_DOWN
	140	376
	141	376
	141	377
	142	377
	143	378
	144	378
	145	378
	146	379
	147	379
	148	379
	150	380
	151	380
	152	380
	152	381
	151	381
	150	381
	148	380
	147	380
	145	379
	145	378
	143	377
	143	376
	142	375
	141	374
	140	373
	140	372
	140	370
	141	370
	142	369
	143	369
.PEN_UP
.PEN_DOWN
	163	377
	161	377
	160	376
	159	376
	158	376
	157	376
	156	376
	155	376
	155	375
	154	375
	154	374
	153	374
	152	373
	152	372
	152	371
	153	371
	154	371
	155	371
	157	371
	158	371
	160	372
	161	372
	162	373
	162	374
	162	375
	161	375
	161	374
	160	374
	160	373
	160	372
	160	371
	161	371
	162	370
	163	370
	164	370
	165	370
.PEN_UP
.PEN_DOWN
	180	391
	181	391
	181	390
	180	389
	179	389
	178	386
	178	385
	177	383
	177	381
	177	379
	176	378
	176	376
	176	375
	176	374
	176	373
	176	372
	176	371
	176	369
.PEN_UP
.PEN_DOWN
	172	380
	173	380
	175	380
	176	380
	177	380
	179	380
	181	380
	182	380
	183	380
	184	380
.PEN_UP
.PEN_DOWN
	192	375
	193	375
	194	375
	195	376
	196	376
	197	376
	198	376
	199	376
	201	376
	201	377
	202	377
	202	378
	202	379
	201	379
	199	378
	198	378
	197	377
	196	377
	195	377
	194	376
	193	375
	192	375
	191	374
	191	373
	191	372
	191	371
	192	371
	192	370
	193	370
	193	369
	195	369
	196	369
.PEN_UP
.PEN_DOWN
	215	375
	214	375
	213	375
	212	376
	211	376
	210	375
	209	375
	209	374
	207	374
	206	373
	205	372
	205	371
	205	370
	206	369
	207	369
	208	369
	209	369
	210	369
	211	369
	212	369
	213	370
	215	370
	215	371
	216	371
	216	372
	216	373
	216	374
	216	375
	216	376
	216	378
	217	379
	217	382
	217	383
	217	385
	217	386
	217	387
	217	388
	217	389
	217	388
	217	387
	217	385
	216	384
	216	382
	216	381
	216	380
	216	378
	216	377
	216	376
	216	374
	216	373
	217	371
.PEN_UP
.PEN_DOWN
	252	393
	251	392
	251	391
	250	390
	250	389
	250	387
	250	385
	249	383
	249	381
	249	380
	249	378
	248	376
	248	375
	247	374
	247	373
	247	372
	247	371
	247	372
	248	373
	249	374
	250	375
	250	376
	251	377
	251	378
	252	379
	253	379
	254	379
	255	378
	255	377
	255	376
	256	375
	256	374
	256	373
	255	373
	255	372
	254	372
	253	371
	252	371
	251	371
	250	371
	249	371
	248	371
	247	371
.PEN_UP
.PEN_DOWN
	265	377
	264	377
	263	377
	263	376
	263	375
	263	374
	263	373
	264	373
	264	372
	265	372
	266	371
	267	371
	268	371
	269	371
	270	371
	271	371
	272	371
	273	371
	273	372
	273	373
	273	374
	274	374
	274	373
	275	373
	275	372
	275	371
	275	370
	275	369
	275	368
	275	366
	275	365
	275	364
	275	363
	275	362
	275	361
	275	360
	274	360
	274	359
	273	358
	272	358
	271	358
	269	357
	268	357
	267	357
	266	357
.PEN_UP
.PEN_DOWN
	326	386
	325	385
	324	385
	323	385
	322	385
	321	385
	320	385
	320	384
	319	384
	318	384
	318	383
	317	383
	315	382
	315	381
	314	381
	314	380
	315	380
	316	379
	318	379
	320	379
	322	378
	323	378
	324	378
	325	377
	325	376
	324	376
	322	375
	322	374
	320	374
	320	373
	318	373
	316	373
	315	372
	314	372
	313	371
.PEN_UP
.PEN_DOWN
	336	377
	337	377
	336	378
	335	378
	334	378
	333	378
	332	377
	331	376
	331	375
	331	374
	332	373
	333	373
	334	372
	335	372
	336	372
	338	372
	339	372
	340	372
	341	372
	342	372
	342	373
	342	374
	342	375
	342	376
	341	376
	340	377
	339	378
	339	379
	338	379
	337	380
	336	380
	335	380
	335	379
	334	379
	334	378
.PEN_UP
.PEN_DOWN
	350	375
	350	374
	350	373
	350	372
	350	371
	351	371
	351	372
	352	373
	353	373
	354	374
	355	375
	356	376
	357	377
	357	378
	358	379
	358	380
	359	380
	360	379
	360	378
	360	377
	360	376
	360	375
	361	375
	361	376
	362	376
	363	376
	364	376
	365	376
	367	377
	368	378
	368	379
	369	379
	370	379
	369	379
	369	378
	369	377
	369	376
	369	375
	369	374
	369	373
	369	372
	369	371
	370	371
.PEN_UP
.PEN_DOWN
	378	379
	379	378
	379	379
	380	379
	381	379
	382	379
	384	379
	385	379
	386	379
	387	379
	387	380
	388	380
	387	381
	386	381
	385	381
	383	381
	382	380
	381	380
	380	379
	379	378
	378	377
	377	377
	377	376
	377	375
	377	374
	379	373
	380	372
	381	372
	382	372
	384	371
	385	371
	387	371
	389	371
.PEN_UP
.PEN_DOWN
	428	378
	427	378
	426	378
	425	378
	424	377
	423	376
	422	376
	421	375
	420	375
	419	374
	419	373
	419	372
	419	371
	419	370
	421	370
	421	369
	422	369
	423	369
	424	370
	425	370
	425	371
	426	371
	427	372
	427	373
	427	374
	427	375
	427	376
	427	377
	426	375
	426	374
	426	373
	426	372
	426	371
	426	370
	427	370
	427	369
	428	368
.PEN_UP
.PEN_DOWN
	443	374
	443	373
	443	372
	442	371
	442	370
	442	369
	442	368
	442	367
	442	366
	443	366
	443	367
	444	368
	444	369
	444	370
	444	371
	444	372
	445	373
	445	374
	446	376
	447	377
	447	378
	448	379
	449	379
	450	378
.PEN_UP
.PEN_DOWN
	464	380
	463	380
	462	380
	461	379
	459	379
	459	378
	458	378
	457	377
	457	376
	457	375
	457	374
	457	373
	457	372
	457	371
	457	370
	458	369
	459	368
	460	367
	461	367
	462	367
	463	367
	464	367
	466	367
	468	367
	469	367
.PEN_UP
.PEN_DOWN
	486	377
	487	377
	489	377
	490	377
	490	378
	490	379
	490	380
	490	381
	489	382
	488	382
	488	383
	487	383
	486	383
	485	383
	484	383
	483	382
	482	382
	480	381
	479	380
	478	380
	478	379
	478	378
	478	377
	478	376
	479	375
	480	375
	481	374
	483	374
	486	374
	487	374
	488	374
	490	374
	491	374
	492	374
	492	375
	493	375
	493	376
	493	377
	493	378
	492	379
	491	379
	490	378
	490	377
	489	376
	489	374
	490	374
	490	373
	491	372
	492	371
	493	371
	493	370
	494	370
	495	370
.PEN_UP
.PEN_DOWN
	511	378
	512	378
	512	377
	512	376
	512	374
	511	373
	511	372
	511	371
	510	371
	509	370
	510	370
	511	371
	512	371
	512	372
	513	373
	514	375
	515	376
	516	376
	516	377
	517	378
	518	379
	518	380
	519	380
	520	380
	520	379
	520	378
	519	378
	519	377
	519	376
	518	375
	518	374
	518	373
	518	372
	518	371
.PEN_UP
.PEN_DOWN
	529	378
	530	378
	531	378
	532	378
	533	377
	534	377
	535	377
	535	378
	536	378
	537	378
	538	378
	538	379
	538	380
	537	380
	537	381
	536	381
	534	381
	532	381
	530	381
	529	380
	528	380
	528	379
	527	378
	527	377
	527	376
	527	375
	528	374
	529	373
	532	372
	533	372
	535	372
	537	371
	538	371
	540	371
.PEN_UP
.PEN_DOWN
	575	373
	575	372
	575	371
	575	370
	575	369
	574	368
	574	367
	574	366
	573	365
	573	364
	573	363
	572	362
	572	360
	571	359
	571	358
	571	357
	570	355
	570	354
	569	353
	568	353
	568	354
	569	356
	569	357
	569	358
	569	359
	569	360
	570	362
	570	363
	570	365
	571	366
	572	368
	573	370
	575	374
	576	376
	578	378
	579	379
	580	380
	581	380
	582	380
	583	380
	584	380
	585	380
	586	379
	586	378
	586	377
	586	376
	586	375
	586	374
	585	373
	584	372
	583	371
	582	371
	581	370
	579	369
	578	369
	577	369
	576	369
	575	369
	574	369
	573	369
	572	369
.PEN_UP
.PEN_DOWN
	593	374
	593	373
	593	372
	593	371
	593	370
	593	369
	593	368
	593	369
	593	370
	594	371
	594	372
	594	373
	595	374
	595	375
	595	376
	596	378
	596	379
	597	380
	598	381
	599	381
.PEN_UP
.PEN_DOWN
	612	378
	612	377
	611	377
	610	376
	609	376
	607	375
	607	374
	607	373
	607	372
	607	371
	607	370
	608	369
	609	369
	611	368
	612	368
	614	368
	614	369
	615	369
	616	370
	617	370
	617	371
	617	372
	617	373
	617	374
	616	376
	615	377
	614	377
	613	378
	612	378
	611	378
.PEN_UP
.PEN_DOWN
	627	379
	626	379
	625	379
	624	379
	623	379
	622	378
	622	377
	622	376
	622	375
	622	373
	623	372
	623	371
	624	371
	624	370
	625	370
	626	369
	626	368
	627	368
	628	368
	630	368
.PEN_UP
.PEN_DOWN
	640	376
	641	376
	642	376
	643	376
	643	377
	644	377
	645	377
	645	378
	645	379
	644	379
	643	379
	641	379
	640	379
	639	379
	638	378
	637	377
	635	376
	634	375
	634	374
	634	373
	634	372
	634	371
	635	370
	636	370
	637	370
	639	370
.PEN_UP
.PEN_DOWN
	659	379
	658	379
	658	378
	658	377
	658	376
	658	375
	659	374
	660	374
	660	373
	661	372
	662	372
	662	371
	661	370
	660	370
	658	370
	658	369
	657	369
	656	369
	655	369
	654	369
.PEN_UP
.PEN_DOWN
	676	380
	675	379
	674	379
	673	379
	673	378
	672	378
	672	377
	671	377
	671	376
	671	375
	671	374
	672	373
	672	372
	673	372
	674	371
	676	370
	677	369
	677	368
	677	367
	676	367
	675	367
	674	367
	673	367
	672	367
	671	366
	670	366
	669	366
.PEN_UP
