
.WRITER_ID BobStrong
.STYLE PRINTED
.PEN_DOWN
	112	388
	112	389
	111	389
	110	389
	110	390
	110	389
	109	389
	109	388
	109	387
	109	386
	108	385
	108	384
	108	383
	108	381
	107	378
	107	377
	107	376
	106	374
	106	372
	106	371
	106	370
	106	369
	106	368
	105	368
	105	367
	105	368
	105	369
.PEN_UP
.PEN_DOWN
	106	387
	107	387
	107	388
	108	388
	108	389
	109	389
	110	390
	111	390
	113	391
	114	391
	115	392
	117	392
	118	392
	119	392
	120	392
	121	392
	122	391
	122	390
	122	389
	122	388
	122	387
	122	386
	121	385
	120	385
	120	384
	119	383
	117	382
	116	381
	113	380
	112	379
	111	379
	110	378
	109	378
	108	378
	107	378
	106	378
	106	379
.PEN_UP
.PEN_DOWN
	125	376
	125	375
	126	375
	128	375
	129	375
	130	375
	131	375
	132	376
	133	376
	134	376
	134	377
	134	378
	134	379
	133	379
	132	379
	131	379
	130	379
	129	378
	128	378
	126	377
	126	376
	125	376
	124	375
	123	374
	122	373
	122	372
	122	371
	122	370
	122	369
	124	368
	125	368
	126	367
	127	367
	128	367
	130	367
	131	368
	132	368
	134	368
	134	369
	136	369
.PEN_UP
.PEN_DOWN
	142	372
	142	371
	141	371
	141	370
	141	369
	141	370
	142	370
	142	371
	142	372
	142	373
	143	374
	143	375
	143	376
	144	377
	144	378
	144	379
	145	379
	145	380
	146	380
	147	380
	148	381
	149	381
	150	381
	151	381
	152	381
	153	381
.PEN_UP
.PEN_DOWN
	161	390
	161	389
	160	389
	160	388
	160	386
	159	385
	159	382
	159	380
	158	378
	158	377
	158	375
	157	374
	157	372
	157	371
	157	370
	157	369
	156	368
	157	368
	158	368
	158	369
	158	370
	159	371
	160	373
	160	374
	161	375
	162	376
	162	378
	163	379
	164	379
	165	379
	165	380
	166	380
	167	380
	167	379
	167	378
	168	377
	168	376
	168	375
	168	374
	168	373
	168	372
	167	371
	167	370
	167	369
	167	368
.PEN_UP
.PEN_DOWN
	180	375
	180	376
	179	376
	179	377
	178	377
	177	377
	176	377
	175	377
	175	376
	174	376
	173	376
	173	375
	172	374
	171	373
	171	371
	171	370
	172	370
	172	369
	173	369
	175	369
	176	370
	178	370
	179	371
	180	371
	181	372
	181	373
	181	374
	181	375
	180	375
	179	374
	179	373
	179	372
	180	371
	181	371
	182	370
.PEN_UP
.PEN_DOWN
	190	372
	190	371
	190	370
	190	369
	189	368
	189	367
	188	366
	188	364
	188	362
	188	360
	187	359
	187	358
	187	357
	186	356
	187	357
	187	358
	187	359
	187	360
	188	361
	188	363
	188	365
	189	366
	189	368
	190	369
	191	371
	192	373
	193	376
	194	377
	195	379
	196	380
	198	381
	199	381
	200	381
	200	380
	201	379
	201	378
	201	377
	200	376
	200	375
	199	372
	198	371
	197	370
	196	369
	195	368
	194	367
	193	367
	193	366
	192	366
.PEN_UP
.PEN_DOWN
	213	378
	213	379
	212	379
	211	379
	210	379
	209	379
	208	378
	207	378
	207	377
	206	376
	206	375
	206	374
	206	373
	207	373
	208	372
	209	372
	210	371
	211	371
	212	370
	212	369
	212	368
	211	368
	210	367
	209	367
	208	367
	207	367
	206	366
	205	366
	204	365
.PEN_UP
.PEN_DOWN
	262	388
	261	388
	260	388
	260	387
	260	386
	259	385
	258	384
	257	382
	257	380
	256	379
	256	377
	255	376
	255	374
	255	373
	255	371
	255	370
	256	369
	256	368
	257	368
	257	367
	258	367
	259	367
	260	367
	261	367
	262	367
	263	367
	265	367
	266	367
	267	367
	267	368
.PEN_UP
.PEN_DOWN
	252	378
	253	378
	254	379
	255	379
	256	380
	258	380
	260	380
	261	380
	262	380
	263	380
	264	380
	264	381
.PEN_UP
.PEN_DOWN
	279	396
	278	396
	278	395
	277	394
	276	393
	275	392
	274	390
	273	386
	273	384
	272	382
	272	380
	271	378
	271	376
	270	375
	270	373
	270	372
	270	371
	270	370
	270	369
	271	369
	272	370
	273	371
	273	372
	274	373
	275	374
	276	375
	277	376
	277	377
	277	378
	278	379
	278	380
	278	379
	278	378
	279	377
	279	376
	279	375
	280	374
	280	373
	281	372
	281	371
	282	371
	282	370
	282	369
.PEN_UP
.PEN_DOWN
	288	378
	289	378
	289	379
	290	379
	291	379
	292	379
	293	379
	294	379
	295	379
	296	380
	296	381
	296	382
	295	382
	294	382
	293	382
	292	382
	291	382
	290	382
	289	381
	287	380
	286	380
	285	378
	284	377
	284	376
	284	375
	284	374
	285	373
	286	372
	287	372
	288	371
	290	371
	293	371
	294	371
	296	371
	297	371
	299	371
	300	371
.PEN_UP
.PEN_DOWN
	343	376
	342	376
	341	377
	340	377
	339	377
	337	377
	336	377
	335	376
	334	376
	334	375
	333	374
	333	373
	333	372
	333	371
	333	370
	333	369
	334	369
	334	368
	335	368
	336	368
	337	368
	338	368
	339	368
	340	369
	341	369
	341	370
	342	370
	342	371
	342	372
	342	373
	342	374
	341	374
	341	373
	341	372
	342	371
	342	370
	342	369
	343	368
	343	367
	343	366
	343	365
	343	363
	343	362
	342	361
	342	360
	342	358
	341	358
	340	357
	339	357
	338	356
	337	356
	336	356
	335	355
	334	355
	333	355
	331	355
	331	356
	329	356
	328	357
	328	358
.PEN_UP
.PEN_DOWN
	358	394
	359	394
	359	393
	359	392
	359	391
	359	389
	358	387
	358	386
	357	384
	357	382
	357	380
	356	379
	356	377
	355	376
	355	375
	355	374
	354	372
	354	371
.PEN_UP
.PEN_DOWN
	365	373
	365	374
	366	374
	366	375
	366	376
	366	377
	366	378
	365	379
	364	379
	363	379
	362	378
	361	378
	360	377
	360	376
	359	376
	359	375
	360	374
	361	373
	362	373
	363	373
	364	373
	365	374
	366	374
	366	375
	366	374
	367	374
	367	373
	368	372
	369	372
	370	371
.PEN_UP
.PEN_DOWN
	388	383
	387	383
	386	383
	385	383
	384	383
	383	383
	382	382
	381	381
	380	381
	380	380
	379	380
	379	379
	378	379
	378	378
	378	377
	379	377
	379	376
	380	376
	382	376
	382	375
	383	375
	384	375
	385	375
	386	375
	386	374
	385	374
	385	373
	384	373
	383	373
	382	372
	381	372
	380	372
	379	371
	378	371
	377	371
	377	370
	376	370
.PEN_UP
.PEN_DOWN
	401	382
	400	382
	399	382
	399	381
	398	381
	397	380
	397	379
	397	378
	397	377
	398	377
	400	376
	401	376
	402	376
	402	375
	403	375
	404	374
	404	373
	404	372
	403	372
	402	371
	401	371
	400	371
	399	371
	399	370
	398	370
	397	370
	396	369
.PEN_UP
.PEN_DOWN
	445	375
	446	375
	446	374
	445	373
	445	372
	445	371
	444	369
	444	368
	444	365
	443	364
	443	362
	442	361
	441	360
	441	359
	440	359
	440	358
	439	358
	439	357
	439	358
	438	358
	438	359
	438	361
	438	362
	438	363
	438	364
	438	366
	439	369
	440	371
	441	373
	442	376
	443	378
	444	379
	446	380
	446	381
	448	381
	449	381
	450	381
	451	381
	453	381
	454	381
	455	381
	455	380
	455	379
	455	378
	454	377
	453	376
	451	374
	450	373
	449	373
	447	372
	446	372
	445	371
	444	371
	443	371
	442	371
.PEN_UP
.PEN_DOWN
	464	394
	465	394
	465	393
	464	392
	464	391
	463	387
	462	385
	461	383
	461	381
	460	380
	459	378
	459	376
	458	375
	458	374
	458	372
	458	371
.PEN_UP
.PEN_DOWN
	476	375
	476	376
	476	377
	476	378
	475	379
	474	379
	473	379
	472	378
	471	378
	470	378
	468	377
	467	376
	466	375
	465	375
	465	374
	465	373
	466	373
	467	373
	469	373
	470	373
	471	373
	472	373
	473	374
	474	374
	475	374
	475	375
	476	375
	476	376
	475	376
	475	375
	475	374
	475	373
	475	371
	476	371
	476	370
	477	369
	478	369
.PEN_UP
.PEN_DOWN
	494	398
	495	398
	495	397
	494	395
	494	394
	494	393
	493	391
	493	389
	493	386
	493	385
	492	381
	492	380
	492	379
	492	377
	491	376
	491	375
	491	374
.PEN_UP
.PEN_DOWN
	483	386
	484	385
	485	385
	487	385
	488	386
	489	386
	490	386
	491	386
	492	386
	493	386
	494	386
	495	385
	496	385
.PEN_UP
.PEN_DOWN
	501	380
	502	380
	502	379
	503	379
	504	379
	505	378
	506	378
	507	378
	508	378
	508	379
	509	379
	510	379
	511	379
	511	380
	511	381
	511	382
	511	383
	510	383
	509	383
	508	383
	507	382
	505	381
	503	381
	502	380
	501	379
	500	378
	500	377
	500	376
	500	375
	500	374
	500	373
	503	371
	504	371
	505	371
	506	371
	508	371
	509	371
.PEN_UP
.PEN_DOWN
	530	381
	529	381
	528	381
	527	381
	526	381
	525	381
	524	381
	523	380
	522	380
	521	379
	521	378
	521	377
	521	376
	522	375
	523	375
	524	374
	525	374
	526	374
	527	373
	527	372
	527	371
	526	370
	525	370
	524	369
	523	369
	523	368
	521	368
	520	368
	520	367
	519	367
.PEN_UP
.PEN_DOWN
	564	377
	564	376
	563	376
	562	375
	562	374
	562	373
	561	373
	561	372
	561	371
	562	371
	563	371
	564	372
	565	372
	565	373
	566	373
	567	374
	567	375
	568	375
	568	376
	569	376
	569	375
	570	375
	570	374
	570	373
	570	372
	570	370
	571	369
	572	369
	573	369
	574	369
	575	370
	576	371
	577	371
	577	372
	578	373
	578	374
	578	375
	579	375
	579	376
	579	377
	580	378
	580	379
	580	380
.PEN_UP
.PEN_DOWN
	585	377
	586	376
	587	376
	588	377
	589	377
	590	377
	591	377
	593	377
	593	378
	594	378
	594	379
	594	380
	593	380
	592	380
	591	380
	590	379
	589	378
	587	377
	587	376
	585	375
	585	374
	585	373
	585	372
	585	371
	586	371
	587	370
	588	369
	589	369
	591	368
	593	368
	594	368
.PEN_UP
.PEN_DOWN
	609	377
	610	376
	610	375
	610	374
	610	373
	610	371
	610	370
	609	369
	609	368
	609	367
	609	368
	609	369
	609	370
	609	371
	609	372
	610	373
	610	375
	610	376
	611	376
	611	377
	612	378
	612	379
	613	379
	613	380
	614	380
	614	381
	615	381
	616	381
	617	381
.PEN_UP
.PEN_DOWN
	624	377
	625	377
	626	377
	627	377
	628	378
	629	378
	629	379
	630	379
	630	380
	629	381
	628	381
	628	382
	627	382
	626	382
	625	382
	624	381
	623	381
	623	380
	622	380
	621	379
	621	378
	621	377
	621	376
	621	375
	621	374
	622	373
	622	372
	623	372
	624	371
	628	371
	629	370
	631	370
	633	370
	635	369
	636	369
	638	369
	639	369
	640	369
	641	369
.PEN_UP
