
.WRITER_ID BobStrong
.STYLE PRINTED
.PEN_DOWN
	125	373
	124	372
	124	371
	123	371
	123	370
	122	369
	122	368
	121	367
	121	366
	120	365
	119	362
	119	361
	119	360
	119	358
	119	357
	118	356
	118	355
	119	355
	119	356
	119	357
	119	358
	120	359
	120	361
	120	362
	120	363
	121	367
	121	369
	122	372
	122	374
	123	376
	123	378
	124	379
	125	380
	125	381
	126	382
	127	382
	128	382
	129	382
	129	381
	130	380
	130	378
	131	377
	131	376
	131	375
	131	373
	131	372
	130	371
	130	370
	129	369
	128	368
	126	367
	125	366
	124	366
	122	366
	121	366
	120	366
.PEN_UP
.PEN_DOWN
	139	375
	139	374
	137	374
	136	373
	135	373
	134	372
	133	371
	133	370
	133	369
	134	368
	135	367
	136	367
	138	367
	139	368
	140	368
	141	368
	142	369
	142	370
	143	370
	143	371
	143	372
	143	373
	143	374
	142	375
	141	375
	140	376
	139	376
	138	376
	137	376
	136	376
	135	376
	133	375
	132	374
.PEN_UP
.PEN_DOWN
	153	374
	153	373
	153	372
	152	372
	152	371
	152	370
	152	369
	153	369
	153	368
	153	367
	153	366
	153	365
.PEN_UP
.PEN_DOWN
	150	382
	151	382
	151	383
	152	383
	152	384
	153	384
	154	384
	155	384
.PEN_UP
.PEN_DOWN
	163	373
	163	372
	163	371
	164	371
	164	370
	164	369
	164	368
	164	369
	164	370
	165	370
	165	371
	166	371
	166	372
	167	373
	167	374
	169	376
	170	376
	170	377
	171	377
	171	378
	172	378
	173	378
	173	377
	174	377
	175	376
	175	375
	175	374
	175	373
	175	372
	175	371
	175	370
	175	369
	175	368
	175	367
	175	366
.PEN_UP
.PEN_DOWN
	190	393
	190	392
	189	392
	189	391
	188	390
	188	389
	188	385
	188	384
	188	382
	188	380
	188	379
	188	377
	188	376
	188	374
	188	373
	188	372
	188	371
	189	369
	190	368
	191	367
	192	367
	193	367
.PEN_UP
.PEN_DOWN
	182	380
	183	380
	184	380
	185	380
	187	380
	189	380
	190	380
	191	380
	192	380
	194	380
	195	380
	196	380
.PEN_UP
.PEN_DOWN
	202	376
	202	377
	203	377
	204	377
	205	377
	206	377
	207	377
	208	377
	209	377
	210	377
	210	378
	211	378
	212	379
	212	380
	211	380
	210	380
	209	380
	208	380
	207	379
	206	379
	205	378
	204	376
	203	376
	202	375
	202	374
	202	373
	202	372
	202	371
	203	371
	204	370
	205	370
	206	370
.PEN_UP
.PEN_DOWN
	224	377
	224	378
	223	378
	222	378
	221	378
	220	378
	219	377
	218	377
	217	376
	216	375
	215	374
	214	373
	214	372
	214	371
	214	370
	215	370
	216	370
	217	370
	218	371
	221	371
	222	372
	223	372
	224	373
	224	374
	225	375
	226	376
	226	377
	226	378
	226	379
	225	380
	225	383
	225	384
	225	386
	225	387
	225	389
	225	390
	225	391
	224	389
	224	388
	224	386
	223	385
	223	383
	223	381
	223	380
	223	378
	223	376
	223	375
	223	374
	223	373
	223	372
	224	371
.PEN_UP
.PEN_DOWN
	267	373
	267	374
	266	374
	266	375
	265	375
	264	375
	264	376
	263	376
	262	376
	261	376
	260	376
	259	375
	258	374
	257	373
	257	372
	256	371
	256	370
	256	369
	256	368
	256	367
	257	367
	258	367
	259	367
	260	367
	261	368
	262	368
	263	369
	263	370
	263	371
	263	372
	263	373
	263	374
	263	375
	263	376
	263	375
	263	374
	263	373
	263	372
	264	371
	264	370
	265	369
	266	369
	266	368
	267	368
	268	368
.PEN_UP
.PEN_DOWN
	279	390
	279	391
	278	391
	277	391
	277	390
	277	389
	276	387
	276	385
	275	384
	275	381
	275	380
	275	378
	275	376
	275	374
	275	372
	275	370
	276	369
	276	368
	277	367
	278	367
	279	366
	280	366
	281	366
	283	366
	283	367
.PEN_UP
.PEN_DOWN
	267	381
	267	379
	268	379
	269	379
	270	379
	272	379
	274	379
	275	379
	277	379
	281	379
	283	379
.PEN_UP
.PEN_DOWN
	322	376
	321	377
	320	377
	319	377
	318	377
	317	377
	316	377
	315	376
	314	376
	314	375
	313	375
	312	374
	312	373
	312	372
	312	371
	312	370
	312	369
	313	368
	314	368
	315	368
	316	368
	317	368
	318	369
	319	369
	319	370
	320	371
	320	372
	320	373
	321	373
	321	374
	321	375
	322	375
	322	374
	323	373
	323	372
	324	371
	325	369
	325	368
	326	367
.PEN_UP
.PEN_DOWN
	391	378
	390	378
	390	379
	389	379
	388	379
	388	380
	387	381
	386	381
	385	381
	384	381
	382	381
	381	380
	380	380
	379	379
	377	377
	376	376
	375	376
	375	375
	375	374
	375	373
	376	372
	377	371
	378	371
	379	370
	381	369
	383	369
	387	368
	389	368
.PEN_UP
.PEN_DOWN
	398	377
	398	376
	397	376
	396	376
	396	375
	395	373
	395	372
	395	371
	396	370
	397	370
	398	369
	400	369
	401	369
	403	370
	404	370
	405	371
	405	372
	404	373
	404	374
	403	375
	403	376
	402	376
	400	378
	399	378
	398	378
	397	379
	396	379
	395	379
.PEN_UP
.PEN_DOWN
	414	390
	413	390
	412	390
	412	389
	411	389
	410	387
	410	386
	409	384
	409	382
	409	380
	409	377
	410	375
	410	374
	410	372
	411	371
	411	370
.PEN_UP
.PEN_DOWN
	420	378
	420	377
	420	376
	419	376
	418	376
	417	376
	417	375
	417	374
	417	373
	418	372
	419	371
	421	371
	422	370
	423	370
	424	370
	425	370
	426	370
	426	371
	426	372
	426	373
	425	373
	425	374
	424	375
	424	376
	423	377
	422	377
	421	378
	420	379
	419	379
	418	378
.PEN_UP
.PEN_DOWN
	434	374
	434	373
	434	372
	434	371
	435	371
	435	370
	435	369
	436	368
	436	367
	436	368
	436	369
	436	370
	436	371
	436	372
	437	373
	437	375
	437	376
	437	377
	436	378
	436	379
	436	380
	436	381
	436	382
	437	382
	438	383
	439	383
	440	383
	441	383
	442	383
	443	383
	444	383
	445	383
	446	383
	447	383
.PEN_UP
.PEN_DOWN
	453	377
	454	376
	455	376
	456	376
	457	376
	458	376
	459	376
	460	376
	461	376
	462	376
	463	375
.PEN_UP
.PEN_DOWN
	469	375
	470	375
	471	375
	472	375
	473	375
	474	375
	475	375
	476	376
	477	376
	477	377
	477	378
	476	378
	475	378
	474	378
	473	377
	472	377
	471	376
	470	375
	470	374
	469	373
	469	372
	469	371
	469	370
	469	369
	470	368
	471	368
	472	368
	473	368
	474	368
	475	368
	476	368
	476	369
	477	369
	478	370
	479	370
	480	370
.PEN_UP
.PEN_DOWN
	489	374
	489	373
	489	372
	489	371
	488	371
	488	370
	487	369
	487	368
	487	367
	488	368
	488	369
	489	370
	490	371
	491	372
	492	373
	492	374
	493	375
	494	376
	495	377
	497	379
	497	380
	498	380
	498	379
	498	377
	498	376
	498	375
	498	374
	498	373
	498	372
	498	371
	498	370
	498	369
.PEN_UP
.PEN_DOWN
	517	379
	517	380
	516	380
	515	380
	515	379
	514	379
	513	379
	512	378
	511	377
	510	377
	509	376
	508	376
	507	375
	507	374
	507	373
	507	372
	507	371
	508	370
	510	369
	511	369
	512	369
	513	369
	515	369
	516	369
	519	369
	520	369
	521	369
.PEN_UP
.PEN_DOWN
	529	375
	529	374
	529	373
	529	372
	528	371
	528	370
	527	370
	527	371
	527	372
	527	373
	527	374
	527	375
	527	376
	528	377
	528	378
	528	379
	528	380
	529	381
	531	382
	532	383
	533	383
	534	384
	536	384
	537	384
	538	384
	539	384
	539	383
.PEN_UP
.PEN_DOWN
	547	382
	547	381
	547	380
	546	380
	546	379
	546	378
	546	377
	546	376
	547	376
	547	375
	548	374
	549	374
	549	373
	550	373
	551	373
	552	373
	553	373
	554	374
	555	375
	556	376
	556	377
	556	378
	556	379
	556	380
	556	381
	556	382
.PEN_UP
.PEN_DOWN
	568	382
	567	382
	565	382
	564	383
	563	383
	562	383
	561	383
	560	383
	560	382
	561	381
	561	380
	562	380
	563	380
	564	379
	565	379
	565	378
	566	378
	567	378
	568	377
	569	377
	570	376
	571	376
	571	375
	571	374
	570	374
	569	374
	568	373
	567	373
	566	372
	565	372
	564	372
	563	371
	562	371
	561	371
	561	370
.PEN_UP
.PEN_DOWN
	581	392
	581	393
	580	393
	579	392
	579	389
	579	388
	579	386
	579	384
	579	382
	579	380
	579	379
	579	378
	579	376
	579	375
	580	374
	580	372
	580	371
	581	370
.PEN_UP
.PEN_DOWN
	572	383
	573	383
	574	383
	575	384
	576	384
	577	384
	578	385
	580	385
	581	385
	582	384
	583	384
	584	384
	584	383
.PEN_UP
.PEN_DOWN
	589	378
	589	377
	590	377
	591	377
	592	377
	594	377
	594	378
	595	378
	596	378
	597	378
	598	379
	598	380
	598	381
	597	381
	596	381
	595	381
	594	380
	593	380
	592	380
	591	379
	590	377
	589	376
	589	375
	589	374
	589	373
	590	372
	591	372
	591	371
	593	371
.PEN_UP
.PEN_DOWN
	610	374
	610	375
	610	376
	609	376
	608	376
	607	376
	606	376
	605	376
	604	376
	603	376
	602	375
	602	374
	602	373
	602	372
	603	372
	604	372
	605	372
	606	372
	607	372
	608	373
	608	374
	608	375
	609	376
	609	377
	609	378
	609	380
	609	381
	609	382
	609	384
	609	387
	609	389
	610	390
	610	392
	610	393
	611	394
	611	395
	611	396
	611	395
	611	394
	611	392
	611	390
	611	388
	610	386
	610	384
	610	382
	610	380
	610	378
	610	377
	610	375
	610	374
	610	373
	611	372
	611	371
	612	371
	613	371
.PEN_UP
.PEN_DOWN
	648	379
	649	380
	650	380
	650	379
	650	378
	649	377
	649	374
	648	373
	648	372
	647	371
	646	369
	646	368
	646	367
	645	366
	645	365
	645	364
	644	363
	644	362
	645	362
	644	362
	644	363
	644	365
	644	366
	644	367
	644	369
	645	371
	645	372
	646	375
	646	377
	647	379
	648	381
	649	382
	649	383
	650	385
	651	385
	652	385
	652	386
	653	386
	654	386
	656	386
	657	386
	658	386
	659	385
	660	384
	661	383
	661	382
	661	381
	661	380
	660	380
	660	379
	659	378
	658	377
	657	376
	656	376
	655	375
	653	374
	653	373
	652	373
	651	373
	650	373
	650	372
	649	372
	648	372
	648	373
.PEN_UP
.PEN_DOWN
	670	381
	670	382
	669	382
	668	382
	667	381
	666	381
	666	380
	664	380
	664	379
	663	378
	663	377
	662	376
	662	375
	663	374
	664	374
	665	374
	666	374
	667	375
	668	375
	669	375
	669	376
	670	376
	671	377
	671	378
	672	378
	672	379
	672	380
	671	380
	671	381
	671	380
	671	379
	671	378
	671	377
	672	376
	672	375
	673	374
	673	373
	674	373
	675	372
	676	372
.PEN_UP
.PEN_DOWN
	687	399
	687	398
	688	397
	688	396
	688	395
	688	394
	688	392
	688	390
	688	388
	688	386
	687	385
	687	381
	687	379
	686	378
	686	377
	686	376
	686	375
	686	374
	686	373
	686	372
	686	371
	687	371
.PEN_UP
.PEN_DOWN
	696	378
	697	378
	698	379
	700	379
	701	379
	702	380
	703	380
	704	380
	704	381
	705	381
	705	382
	705	383
	704	383
	703	383
	702	383
	701	383
	700	382
	699	382
	698	381
	697	380
	695	379
	695	378
	695	377
	695	376
	695	375
	695	374
	696	374
	696	373
	697	373
	698	372
	700	372
	700	371
	702	371
	704	371
	705	371
.PEN_UP
.PEN_DOWN
	719	394
	719	393
	719	392
	719	390
	718	389
	718	388
	718	386
	717	383
	717	381
	717	380
	717	379
	717	377
	717	376
	717	375
	717	374
	717	373
	717	372
	717	371
	717	370
	717	369
	718	369
.PEN_UP
.PEN_DOWN
	711	385
	712	385
	713	385
	714	385
	715	385
	717	385
	719	386
	720	386
	721	386
	722	386
	723	386
	725	386
	726	386
	727	386
	728	386
	729	386
.PEN_UP
.PEN_DOWN
	741	394
	741	393
	741	392
	740	392
	740	391
	739	388
	739	387
	739	385
	738	384
	738	382
	738	380
	738	379
	738	378
	738	377
	738	376
	738	375
	738	373
	738	372
.PEN_UP
.PEN_DOWN
	733	381
	734	381
	734	382
	735	382
	736	383
	737	383
	740	383
	741	383
	742	383
	743	383
	744	383
.PEN_UP
.PEN_DOWN
	746	380
	746	379
	747	379
	748	379
	749	379
	750	379
	751	379
	752	380
	753	380
	754	380
	755	381
	755	382
	755	383
	754	383
	753	383
	752	383
	752	382
	749	381
	748	380
	747	380
	746	379
	745	379
	744	378
	744	377
	744	376
	744	375
	745	374
	746	373
	747	373
	748	373
	750	372
	751	372
	753	372
	754	372
	756	372
	757	372
	759	372
	760	372
	761	372
.PEN_UP
