
.WRITER_ID BobStrong
.STYLE PRINTED
.PEN_DOWN
	128	383
	127	382
	126	382
	125	382
	123	381
	122	380
	121	380
	120	380
	119	379
	117	378
	116	378
	115	378
	115	377
	115	376
	116	376
	117	376
	118	376
	120	376
	121	376
	122	376
	122	375
	123	375
	124	374
	124	373
	124	372
	123	371
	122	370
	121	369
	120	369
	120	368
	119	368
	118	367
	117	367
	116	367
	116	366
.PEN_UP
.PEN_DOWN
	136	378
	135	378
	134	378
	133	377
	132	377
	131	376
	130	375
	129	374
	128	374
	128	373
	128	372
	128	371
	128	370
	128	369
	128	368
	129	367
	130	367
	131	367
	132	367
	133	367
	134	367
	136	367
	137	367
	139	367
.PEN_UP
.PEN_DOWN
	148	373
	148	372
	148	371
	148	370
	148	371
	148	372
	147	372
	147	373
	147	374
	147	375
	147	376
	147	378
	147	379
	147	380
	148	381
	148	382
	149	382
	150	383
	151	384
	152	384
	153	384
	154	384
	155	384
	156	384
	157	384
	158	384
	159	383
.PEN_UP
.PEN_DOWN
	161	378
	162	378
	163	378
	164	378
	165	378
	166	377
	167	377
	168	377
	169	377
	169	378
	170	378
	170	379
	169	379
	169	380
	168	380
	167	380
	166	380
	165	379
	164	378
	162	378
	162	377
	161	376
	160	375
	160	374
	160	373
	161	373
	162	372
	163	371
	164	371
	165	371
	166	371
	167	371
	168	371
.PEN_UP
.PEN_DOWN
	185	377
	184	377
	183	377
	182	377
	181	377
	180	377
	180	376
	179	376
	178	375
	177	375
	177	374
	176	373
	176	372
	175	371
	176	370
	177	370
	178	370
	179	371
	181	371
	182	371
	183	372
	184	372
	185	373
	185	374
	185	375
	185	374
	184	374
	184	373
	184	372
	184	371
	185	371
	186	371
	186	370
	187	370
	188	370
	189	370
	190	371
	191	372
	192	372
	192	373
	193	373
	194	373
	194	374
	195	374
	196	375
	197	376
	197	377
	198	377
	198	378
.PEN_UP
.PEN_DOWN
	198	377
	198	376
	198	375
	198	374
	197	373
	197	372
	197	371
	197	370
	197	371
	198	371
	199	371
	199	372
	200	373
	200	374
	200	375
	201	376
	202	377
	202	378
	203	378
	203	377
	203	376
	203	375
	203	374
	203	373
	204	373
	205	374
	206	374
	207	375
	208	375
	208	376
	209	376
	209	377
	210	377
	210	378
	210	377
	210	376
	210	375
	209	374
	209	373
	209	372
	209	371
	209	370
	209	369
	209	368
.PEN_UP
.PEN_DOWN
	219	376
	219	375
	219	376
	220	376
	220	375
	221	375
	222	374
	223	374
	224	374
	225	374
	226	374
	227	374
	228	374
	229	374
	229	375
	228	375
	228	376
	227	377
	226	377
	225	377
	223	377
	222	377
	221	376
	220	375
	220	374
	221	373
	223	372
	224	371
	225	371
	226	371
	227	370
	228	369
	229	369
	230	368
	231	368
	232	367
.PEN_UP
.PEN_DOWN
	249	376
	249	377
	248	377
	248	378
	247	379
	246	379
	246	380
	245	380
	244	380
	243	380
	241	379
	240	378
	240	377
	239	376
	238	376
	238	375
	237	374
	237	373
	237	372
	237	371
	239	371
	241	371
	242	371
	244	372
	245	372
	246	373
	247	374
	248	374
	249	375
	250	376
	250	377
	251	380
	251	381
	251	382
	251	384
	251	385
	250	387
	250	388
	250	390
	250	392
	250	393
	250	394
	250	396
	250	395
	250	394
	250	393
	250	391
	250	389
	250	388
	250	385
	251	381
	251	380
	251	378
	251	376
	252	375
	252	374
	252	373
	252	372
	252	371
	253	371
	253	370
.PEN_UP
.PEN_DOWN
	300	382
	299	382
	299	383
	298	383
	297	383
	296	383
	295	383
	293	382
	293	381
	292	381
	291	380
	291	379
	291	378
	291	377
	291	376
	292	376
	293	375
	294	375
	295	375
	296	376
	297	376
	298	376
	298	377
	298	378
	299	378
	299	379
	299	380
	299	379
	300	379
	301	378
	302	378
	302	377
	303	377
	304	376
	305	376
	306	375
	307	374
	308	374
	308	373
	309	373
.PEN_UP
.PEN_DOWN
	325	395
	325	396
	325	395
	324	394
	323	393
	323	392
	323	390
	322	389
	322	388
	321	386
	321	385
	321	383
	321	381
	321	380
	321	377
	321	376
	322	375
	322	374
	323	374
	323	373
	324	373
	324	372
	325	372
	326	372
	329	372
	331	372
.PEN_UP
.PEN_DOWN
	316	382
	317	382
	318	383
	319	383
	320	384
	322	384
	323	384
	325	384
	326	384
	328	384
	329	384
	331	384
	332	384
.PEN_UP
.PEN_DOWN
	369	392
	370	392
	369	392
	369	391
	368	389
	368	388
	368	386
	367	384
	367	383
	367	381
	367	379
	366	378
	366	376
	366	375
	365	374
	365	372
	364	371
	364	370
	364	369
	365	369
	365	370
	365	371
	366	371
	366	372
	367	373
	367	374
	369	375
	369	376
	370	376
	371	377
	372	377
	373	377
	374	377
	374	376
	374	375
	374	374
	374	373
	374	372
	374	371
	374	370
	375	370
	375	369
	375	368
	376	368
.PEN_UP
.PEN_DOWN
	386	376
	386	375
	386	374
	386	372
	386	371
	386	370
	386	369
	386	368
.PEN_UP
.PEN_DOWN
	383	385
	384	385
	384	386
	385	386
	386	386
	387	386
.PEN_UP
.PEN_DOWN
	397	376
	397	375
	398	374
	398	373
	397	372
	397	371
	397	370
	398	370
	399	371
	400	371
	400	372
	401	373
	402	374
	402	375
	403	375
	403	376
	404	376
	405	376
	405	375
	405	374
	405	373
	406	373
	407	373
	407	374
	408	374
	409	374
	410	375
	411	375
	412	375
	413	376
	413	377
	414	377
	414	376
	414	375
	414	374
	414	373
	414	372
	414	371
	415	371
.PEN_UP
.PEN_DOWN
	431	373
	430	374
	429	374
	429	373
	429	372
.PEN_UP
.PEN_DOWN
	476	392
	476	393
	477	393
	477	392
	477	391
	477	390
	477	389
.PEN_UP
.PEN_DOWN
	487	392
	487	391
	487	390
	487	389
.PEN_UP
.PEN_DOWN
	498	386
	498	385
	498	384
	498	383
	498	381
	498	379
	497	377
	497	376
	497	374
	496	373
	495	371
	495	370
	495	369
	494	368
	494	367
	493	366
	493	367
	494	367
	494	368
	494	369
	495	371
	495	372
	495	374
	496	375
	496	377
	497	379
	497	380
	498	382
	499	385
	499	386
	500	388
	500	389
	501	389
	502	389
	503	389
	503	388
	503	387
	504	386
	505	383
	505	381
	506	380
	506	378
	507	377
	507	376
	508	375
	509	374
	509	373
	510	372
	510	371
	511	371
	512	371
	513	371
	514	371
	515	371
	515	372
	515	373
	515	374
	515	375
	515	378
	515	379
	515	381
	515	383
	515	385
	515	387
	515	389
	515	391
	515	392
	515	394
	516	395
	517	395
.PEN_UP
.PEN_DOWN
	530	376
	529	375
	529	374
	529	373
	529	372
	530	372
	530	371
	531	371
	533	371
	534	371
	535	372
	536	373
	536	374
	536	375
	536	376
	535	376
	535	378
	535	379
	535	380
	533	381
	532	381
	531	381
	530	380
.PEN_UP
.PEN_DOWN
	560	376
	560	375
	560	374
	561	374
	561	373
	561	372
	560	371
	560	370
	560	369
	559	366
	559	365
	559	364
	558	363
	558	362
	557	361
	557	360
	557	359
	557	360
	556	360
	556	361
	556	362
	556	363
	556	364
	557	366
	557	367
	557	369
	557	371
	558	372
	558	374
	559	375
	559	376
	560	377
	561	378
	562	378
	563	378
	564	378
	565	378
	566	377
	566	376
	566	375
	566	374
	566	373
	565	372
	565	371
	564	371
	563	370
	562	370
	561	369
	560	369
	559	369
.PEN_UP
.PEN_DOWN
	579	378
	579	377
	579	376
	578	376
	578	375
	577	374
	576	372
	576	371
	576	370
	577	370
	577	369
.PEN_UP
.PEN_DOWN
	578	390
	579	390
	579	391
	580	391
.PEN_UP
.PEN_DOWN
	591	375
	591	374
	591	373
	590	372
	590	371
	589	370
	588	370
	588	369
	588	368
	589	367
	590	367
	591	367
	592	368
	592	369
	593	370
	593	371
	593	373
	594	375
	594	376
	595	377
	595	378
	596	379
	596	380
	597	380
	598	380
	598	379
	599	379
	599	378
	599	377
	599	376
	599	375
	599	374
	599	373
	599	372
	600	372
	600	370
	600	369
	601	368
	601	367
	601	366
	602	366
.PEN_UP
.PEN_DOWN
	615	394
	616	394
	616	393
	616	392
	616	391
	616	388
	616	387
	615	385
	615	383
	615	381
	615	380
	615	378
	615	377
	614	376
	614	375
	613	373
	613	372
	613	371
	613	370
	614	370
	614	369
.PEN_UP
.PEN_DOWN
	624	384
	626	384
	627	384
	626	384
	625	384
	624	383
	622	382
	621	381
	619	380
	618	380
	617	379
	616	378
	615	377
	615	376
	615	375
	615	374
	616	374
	616	373
	618	372
	619	372
	620	371
	621	371
	622	371
	623	371
	624	371
	625	371
	625	370
	626	370
	626	369
	627	369
.PEN_UP
.PEN_DOWN
	646	400
	646	401
	647	401
	647	402
	648	402
	648	401
	648	400
	647	400
	647	399
	647	398
	646	396
	646	394
	645	393
	645	392
	644	391
	644	390
	643	389
	643	388
	643	387
	642	387
	642	386
	642	385
	642	384
	643	383
.PEN_UP
.PEN_DOWN
	641	372
	641	371
	641	370
	641	369
	641	368
	642	368
	643	368
	644	368
	645	369
	645	370
	645	371
	645	372
	644	372
	642	372
	641	372
.PEN_UP
