
.WRITER_ID BobStrong
.STYLE PRINTED
.PEN_DOWN
	116	399
	116	398
	116	397
	116	396
	116	397
	116	398
	116	399
	116	400
	116	401
	115	401
	115	402
	114	402
	113	402
	112	402
	111	402
	110	402
	109	402
	108	402
	106	401
	104	400
	104	399
	102	398
	101	396
	100	395
	100	394
	100	393
	100	392
	100	390
	100	389
	100	388
	100	387
	100	385
	100	384
	100	383
	101	382
	101	381
	101	380
	101	379
	102	379
	102	378
.PEN_UP
.PEN_DOWN
	93	384
	94	384
	94	385
	95	385
	97	385
	98	385
	99	386
	100	386
	102	386
	103	386
	104	386
	105	386
	106	386
	108	386
.PEN_UP
.PEN_DOWN
	121	382
	121	383
	120	383
	119	383
	118	383
	117	383
	116	382
	115	382
	113	381
	111	380
	110	380
	110	379
	110	378
	110	377
	111	377
	112	377
	113	377
	114	377
	115	377
	116	377
	117	378
	118	378
	119	379
	120	379
	120	380
	119	380
	119	379
	119	378
	119	377
	119	376
	119	375
	120	375
	120	374
	121	374
.PEN_UP
.PEN_DOWN
	130	380
	130	379
	129	379
	129	378
	129	377
	129	376
	129	375
	129	374
.PEN_UP
.PEN_DOWN
	129	387
	129	388
	129	389
	130	389
	131	389
	131	390
	132	390
	132	391
	133	391
.PEN_UP
.PEN_DOWN
	147	395
	147	394
	147	393
	146	391
	146	390
	146	389
	145	387
	145	386
	145	384
	145	382
	145	381
	145	380
	145	378
	145	377
	145	376
	144	374
	144	373
	144	372
.PEN_UP
.PEN_DOWN
	153	379
	154	378
	155	378
	156	378
	157	379
	158	379
	159	379
	160	380
	161	380
	162	381
	162	382
	162	383
	162	384
	161	385
	160	385
	159	385
	158	384
	157	383
	156	383
	155	382
	154	381
	153	380
	152	379
	151	378
	150	376
	150	375
	150	374
	151	374
	151	373
	152	373
	153	373
	154	373
	156	373
	157	373
	159	373
	160	373
	161	373
.PEN_UP
.PEN_DOWN
	180	376
	180	377
	179	378
	178	379
	177	379
	176	378
	175	378
	174	378
	172	376
	171	376
	171	375
	170	374
	170	373
	170	372
	170	371
	171	371
	172	371
	173	371
	175	371
	176	372
	177	372
	178	373
	179	374
	180	375
	180	376
	181	377
	181	378
	181	379
	181	381
	181	382
	181	384
	181	385
	181	387
	181	388
	181	389
	181	391
	181	392
	181	393
	181	394
	181	393
	181	392
	181	390
	181	389
	181	387
	181	385
	181	383
	180	381
	180	377
	180	376
	180	375
	180	374
	180	373
	180	372
	180	371
	180	370
.PEN_UP
.PEN_DOWN
	220	381
	221	381
	221	382
	221	383
	220	382
	220	380
	220	379
	220	378
	220	377
	220	376
	220	375
	220	374
	220	373
	221	373
	222	373
	223	373
	224	374
	225	375
	225	376
	226	376
	226	377
	226	378
	226	379
	226	380
	227	380
	226	380
	226	379
	226	378
	226	377
	227	377
	227	376
	228	376
	228	375
	229	375
	229	374
	231	374
	233	374
	234	375
	235	375
	236	375
	237	376
	238	376
	238	377
	238	378
	238	379
	238	380
	238	381
	237	382
	237	383
	237	384
	237	385
.PEN_UP
.PEN_DOWN
	252	381
	252	380
	252	379
	251	378
	251	377
	251	376
	251	375
	251	374
.PEN_UP
.PEN_DOWN
	250	389
	251	390
	252	391
	253	392
	254	392
	254	393
	255	393
	255	394
	256	394
	257	394
.PEN_UP
.PEN_DOWN
	261	377
	262	377
	262	378
	263	378
	264	379
	265	379
	266	379
	267	380
	268	380
	269	380
	270	380
	271	380
	271	379
	270	379
	269	378
	268	378
	267	377
	267	376
	266	376
	265	375
	264	374
	264	373
	264	372
	264	371
	265	371
	266	371
	267	371
	268	371
	269	371
	270	371
.PEN_UP
.PEN_DOWN
	288	374
	288	375
	288	376
	287	377
	286	377
	286	378
	285	378
	284	377
	283	377
	282	376
	281	376
	280	376
	280	375
	279	374
	279	373
	278	372
	278	371
	279	371
	279	370
	280	370
	281	370
	282	370
	283	370
	284	370
	285	371
	286	371
	286	372
	287	373
	287	374
	287	375
	287	376
	287	375
	287	374
	288	374
	288	373
	289	372
.PEN_UP
.PEN_DOWN
	299	378
	299	377
	299	376
	299	375
	299	374
	299	373
	299	372
	299	371
	299	370
	299	369
	299	370
	300	370
	300	371
	301	372
	301	373
	302	375
	303	376
	303	377
	303	378
	304	378
	304	379
	304	380
	305	380
	305	381
	306	381
	307	381
	308	381
.PEN_UP
.PEN_DOWN
	324	376
	324	377
	323	378
	322	378
	321	378
	320	378
	319	377
	318	377
	317	377
	316	376
	315	376
	314	375
	314	373
	314	372
	314	371
	315	371
	316	371
	317	371
	318	371
	319	371
	321	371
	322	372
	322	373
	323	373
	323	374
	324	375
	324	376
	324	377
	325	378
	325	379
	325	380
	325	383
	325	384
	326	385
	326	387
	326	388
	326	389
	326	390
	326	391
	326	392
	325	392
	325	391
	324	390
	324	389
	323	387
	323	385
	323	384
	322	382
	322	380
	322	379
	322	376
	322	375
	322	374
	323	373
	323	372
	324	371
	324	370
	325	370
	325	369
.PEN_UP
.PEN_DOWN
	376	388
	376	387
	376	388
	375	388
	375	387
	375	386
	374	385
	374	383
	374	382
	374	381
	373	378
	373	376
	373	375
	373	373
	372	372
	372	371
	371	371
	371	370
	371	369
	371	368
	372	368
	373	368
.PEN_UP
.PEN_DOWN
	385	381
	384	381
	384	380
	383	380
	382	380
	381	379
	380	378
	379	378
	378	377
	377	377
	377	376
	376	376
	376	375
	376	374
	376	373
	377	372
	378	372
	378	371
	379	371
	380	370
	381	370
	382	370
	383	369
	384	369
	385	369
	386	368
	387	368
.PEN_UP
.PEN_DOWN
	399	378
	400	378
	399	377
	399	376
	399	375
	399	374
	399	373
	399	371
	399	370
	399	369
	399	368
	399	369
	399	370
	400	370
	400	371
	401	372
	401	373
	401	374
	402	375
	403	376
	404	378
	405	379
	405	380
	406	380
	407	380
	408	380
	408	379
	408	378
	408	376
	408	375
	408	374
	408	373
	407	372
	407	371
	407	370
	407	369
	407	368
.PEN_UP
.PEN_DOWN
	414	376
	415	376
	416	376
	417	376
	418	376
	419	377
	420	377
	421	377
	422	377
	423	377
	424	377
	424	378
	424	379
	424	380
	423	380
	421	380
	420	380
	419	379
	418	379
	418	378
	416	377
	415	376
	414	376
	414	375
	414	373
	414	372
	414	371
	415	371
	416	370
	418	370
	419	369
	420	369
	421	368
	422	368
	424	368
	425	368
	426	368
	427	368
	428	369
.PEN_UP
.PEN_DOWN
	435	376
	435	375
	434	374
	434	373
	433	373
	433	372
	433	371
	434	371
	434	370
	435	370
	435	369
	436	369
	437	369
	438	369
	438	370
	439	370
	440	371
	441	372
	442	373
	442	374
	443	374
	442	374
	442	373
	443	372
	443	371
	444	370
	445	369
	446	368
	447	368
	447	369
	448	369
	449	370
	449	371
	450	372
	450	373
	450	374
	451	374
	451	375
	452	376
	452	377
	453	378
	453	379
.PEN_UP
.PEN_DOWN
	480	385
	481	385
	482	386
	482	387
	483	387
	484	387
	484	388
	483	388
	483	387
	483	386
	482	385
	481	383
	480	381
	480	380
	479	378
	478	376
	477	375
	477	373
	477	371
	477	369
	477	368
	478	367
	479	367
	480	367
	482	366
	483	366
	486	366
	488	366
	490	367
	493	367
	495	367
	496	368
	497	368
	497	369
	497	370
.PEN_UP
.PEN_DOWN
	474	380
	476	380
	477	380
	478	380
	479	380
	480	380
	480	381
	481	381
	482	381
	483	381
	484	381
	485	381
	486	381
.PEN_UP
.PEN_DOWN
	509	398
	509	397
	509	396
	508	394
	508	393
	508	392
	507	390
	506	388
	505	383
	505	381
	504	379
	504	377
	503	376
	503	374
	502	373
	502	371
	502	370
	502	369
	503	369
	504	370
	505	371
	506	372
	507	373
	508	375
	509	376
	510	377
	511	378
	512	379
	512	380
	513	380
	514	380
	514	379
	514	378
	514	377
	513	376
	513	375
	513	374
	512	373
	512	372
	512	371
	512	370
.PEN_UP
.PEN_DOWN
	526	378
	525	379
	524	379
	523	379
	522	378
	521	377
	521	376
	520	376
	520	375
	520	374
	520	373
	520	372
	521	371
	522	371
	523	371
	524	371
	525	371
	526	371
	527	372
	527	373
	527	374
	527	375
	527	376
	527	375
	527	374
	527	373
	528	372
	528	371
	529	371
	530	371
	531	370
	532	370
	533	370
.PEN_UP
.PEN_DOWN
	548	397
	548	396
	547	396
	547	394
	546	393
	545	390
	544	388
	544	386
	543	384
	543	382
	542	380
	542	379
	542	377
	542	376
	542	375
	542	374
	542	373
	542	371
	543	370
	544	370
	545	369
	546	369
	548	369
	549	369
	551	369
.PEN_UP
.PEN_DOWN
	533	384
	533	383
	534	383
	534	382
	536	382
	540	382
	542	382
	544	382
	546	381
	548	381
	550	381
	551	381
	552	382
	553	382
	554	382
	555	382
.PEN_UP
.PEN_DOWN
	583	381
	582	381
	581	382
	580	382
	578	382
	577	382
	576	382
	575	382
	574	381
	573	381
	572	381
	571	380
	571	379
	572	378
	573	378
	574	377
	575	377
	577	376
	578	376
	579	376
	580	375
	581	375
	582	375
	582	374
	581	374
	581	373
	580	373
	579	373
	578	373
	577	373
	576	373
	575	372
	573	371
	572	371
	571	371
	571	370
.PEN_UP
.PEN_DOWN
	590	378
	589	377
	588	377
	587	377
	587	376
	587	375
	587	374
	587	373
	587	372
	588	372
	590	370
	591	370
	593	369
	594	369
	595	369
	596	370
	597	370
	597	371
	597	372
	597	373
	597	374
	597	375
	596	375
	596	376
	595	376
	595	377
	594	377
	593	377
	592	377
	591	377
	589	377
.PEN_UP
.PEN_DOWN
	606	376
	606	375
	605	374
	605	373
	605	372
	605	371
	604	370
	604	369
	605	369
	606	370
	607	370
	607	371
	608	371
	608	372
	609	373
	610	373
	610	374
	610	375
	611	376
	612	378
	612	379
	613	380
	613	379
	613	377
	613	376
	613	375
	613	374
	614	374
	615	374
	615	375
	616	375
	616	376
	617	376
	617	377
	618	377
	619	378
	620	379
	621	379
	621	378
	621	377
	621	376
	621	375
	621	374
	621	373
	621	372
	621	371
	621	370
.PEN_UP
.PEN_DOWN
	633	378
	634	378
	634	377
	635	377
	636	377
	637	377
	638	377
	639	377
	640	377
	640	378
	641	379
	641	380
	640	381
	639	381
	637	381
	636	381
	635	381
	634	381
	633	380
	632	380
	631	379
	630	378
	630	377
	629	376
	629	374
	629	373
	629	372
	630	371
	631	371
	632	370
	634	370
	635	370
	636	370
	637	370
	639	370
	642	370
	643	370
	644	370
	645	371
	646	371
	647	371
	648	371
	649	371
	649	372
.PEN_UP
