
.WRITER_ID BobStrong
.STYLE PRINTED
.PEN_DOWN
	146	400
	147	399
	146	399
	146	398
	145	398
	144	398
	143	398
	142	398
	142	399
	141	399
	140	399
	139	399
	138	399
	137	400
	136	400
	135	400
	133	401
	132	401
	131	401
	130	401
	129	401
	128	401
	128	400
	128	399
	128	398
	128	397
	128	396
	128	395
	127	394
	127	393
	127	392
	126	392
	126	391
	126	390
	125	388
	125	387
	125	386
	124	385
	124	384
	124	383
	124	382
	124	381
	124	380
	124	379
	124	378
	124	377
	125	377
	126	377
	127	377
	127	378
	128	378
	129	378
	130	378
	131	378
	132	379
	133	379
	134	379
	135	379
	136	379
	137	379
	138	379
	139	379
	140	379
	140	378
.PEN_UP
.PEN_DOWN
	161	403
	160	403
	159	403
	158	402
	157	402
	156	402
	155	401
	154	400
	152	398
	151	397
	150	396
	149	395
	149	393
	148	392
	147	391
	147	389
	147	388
	147	387
	147	385
	148	384
	149	382
	150	381
	150	380
	151	379
	152	378
	153	378
	154	377
	155	377
.PEN_UP
.PEN_DOWN
	170	396
	169	396
	168	395
	166	393
	165	392
	165	391
	164	390
	164	389
	164	388
	163	387
	163	385
	163	384
	163	382
	164	381
	165	380
	166	379
	167	379
	168	379
	169	379
	170	379
	171	379
	172	380
	173	380
	174	381
	175	382
	175	383
	174	384
	173	385
	172	385
	171	385
	170	385
	168	385
	167	385
	164	385
	163	384
	162	384
.PEN_UP
.PEN_DOWN
	177	403
	178	403
	179	402
	180	402
	181	402
	183	402
	184	401
	185	401
	187	400
	188	399
	189	398
	190	396
	190	394
	190	393
	190	391
	189	390
	189	389
	189	388
	188	386
	188	385
	187	384
	186	383
	186	382
	184	380
	184	379
	183	379
	182	379
.PEN_UP
.PEN_DOWN
	218	402
	219	402
	218	402
	217	401
	216	401
	216	399
	215	398
	213	396
	212	394
	211	393
	211	391
	210	390
	210	388
	209	386
	209	385
	209	383
	209	382
	209	380
	210	378
	211	377
	212	376
	213	376
	214	375
	215	375
	216	375
	217	375
.PEN_UP
.PEN_DOWN
	225	396
	226	396
	226	397
	227	397
	228	397
	229	397
	230	397
	232	397
	233	397
	234	397
	235	397
	236	396
	237	396
	239	395
	240	395
	241	395
	241	394
	242	394
	242	393
	242	392
	241	391
	240	389
	240	388
	239	388
	238	386
	238	385
	237	384
	236	384
	236	383
	235	382
	235	381
	235	380
	235	379
	235	378
	235	377
	235	376
	235	375
.PEN_UP
.PEN_DOWN
	249	406
	250	406
	251	406
	251	405
	252	405
	252	404
	253	403
	253	402
	254	402
	255	400
	256	399
	257	396
	258	395
	259	393
	259	392
	260	390
	260	389
	260	388
	260	386
	260	384
	259	383
	258	382
	258	381
	256	379
	255	378
	254	377
	253	376
	253	375
.PEN_UP
.PEN_DOWN
	284	399
	284	398
	283	398
	282	397
	281	397
	280	396
	279	396
	278	395
	278	393
	277	393
	276	391
	276	389
	275	385
	275	384
	275	382
	275	380
	276	379
	276	377
	277	376
	277	375
	278	374
	279	373
	280	372
	281	372
	283	371
	284	371
.PEN_UP
.PEN_DOWN
	301	397
	300	397
	299	397
	298	396
	297	396
	296	395
	296	394
	296	393
	296	392
	296	391
	297	390
	298	390
	299	390
	300	390
	301	390
	301	391
	302	391
	303	392
	303	393
	304	394
	304	395
	304	396
	304	397
	303	398
	303	399
	303	400
	302	400
	301	400
	300	400
	299	400
	298	400
	297	400
	296	399
.PEN_UP
.PEN_DOWN
	300	386
	299	386
	298	385
	298	384
	297	383
	297	382
	297	381
	297	380
	297	379
	298	379
	298	378
	298	377
	300	377
	301	377
	302	377
	303	377
	305	377
	306	378
	307	379
	307	380
	307	382
	306	384
	305	386
	305	387
	304	387
	303	387
	302	387
	301	387
	300	387
	299	387
.PEN_UP
.PEN_DOWN
	319	395
	319	396
	318	396
	318	397
	318	398
	318	399
	319	399
	319	398
	320	397
	320	396
	321	395
	322	393
	322	392
	324	389
	324	388
	324	387
	324	385
	324	384
	324	382
	324	381
	324	380
	324	379
	323	378
	322	377
	321	376
	320	375
	319	375
	318	374
	317	374
	317	373
.PEN_UP
.PEN_DOWN
	348	401
	347	401
	347	400
	346	400
	345	399
	344	398
	343	397
	341	396
	341	394
	339	393
	337	389
	337	387
	336	385
	336	383
	336	381
	336	379
	336	377
	337	375
	338	374
	339	373
	340	372
	341	371
	343	370
	344	370
	345	370
.PEN_UP
.PEN_DOWN
	370	391
	371	391
	371	392
	371	393
	371	394
	371	395
	371	396
	370	396
	370	397
	369	397
	369	398
	369	399
	368	399
	366	400
	365	400
	364	400
	363	400
	361	400
	360	399
	359	399
	358	398
	357	398
	357	397
	356	397
	356	396
	356	395
	356	394
	356	393
	357	393
	359	392
	361	392
	362	392
	363	392
	364	392
	365	392
	367	392
	368	392
	369	392
	370	392
	370	393
	369	393
	369	392
	367	391
	367	390
	366	388
	365	387
	365	386
	365	385
	364	383
	364	382
	363	381
	363	379
	363	377
	362	376
	362	375
	362	374
	363	374
	363	373
	364	373
.PEN_UP
.PEN_DOWN
	383	404
	384	404
	385	404
	385	403
	386	403
	387	402
	387	401
	388	400
	388	399
	389	398
	390	397
	391	395
	391	393
	392	392
	392	390
	392	388
	392	387
	391	383
	391	381
	390	380
	389	379
	388	377
	387	376
	386	375
	385	375
	384	374
	383	373
	382	372
	381	372
.PEN_UP
.PEN_DOWN
	434	408
	434	407
	434	406
	433	406
	433	405
	430	403
	429	402
	428	401
	426	399
	425	397
	424	396
	423	394
	422	393
	421	391
	421	389
	421	388
	421	386
	422	383
	422	382
	423	380
	424	379
	425	379
	427	378
.PEN_UP
.PEN_DOWN
	447	392
	447	393
	446	393
	446	394
	445	394
	444	395
	443	395
	442	395
	441	394
	440	394
	439	393
	439	392
	438	389
	438	388
	438	387
	438	386
	439	384
	440	383
	441	382
	442	381
	444	381
	446	380
	448	380
	449	380
	453	380
	453	381
	455	381
	455	382
	455	384
	455	386
	454	387
	453	389
	451	390
	450	392
	446	393
	445	394
	443	394
	442	394
	441	394
	441	393
.PEN_UP
.PEN_DOWN
	463	408
	464	408
	464	407
	465	407
	466	406
	467	405
	467	404
	467	403
	467	402
	468	401
	468	399
	469	398
	469	396
	469	395
	469	393
	470	391
	470	389
	470	385
	470	383
	470	381
	470	379
	469	378
	469	376
	468	375
	468	374
	467	373
	467	372
	467	371
	466	371
	465	371
.PEN_UP
.PEN_DOWN
	481	408
	482	407
	483	407
	484	407
	486	407
	487	407
	488	407
	489	407
	490	407
	491	406
	492	406
	492	405
	492	404
	492	403
	492	402
	492	401
	492	400
	492	398
	492	397
	492	396
	493	394
	493	393
	493	392
	493	391
	493	390
	494	388
	494	387
	494	386
	494	383
	494	382
	495	381
	495	380
	495	379
	495	378
	494	377
	494	376
	493	375
	492	374
	491	374
	491	373
	490	373
	489	373
	488	373
	487	374
	486	374
	485	374
	484	375
	483	375
.PEN_UP
