
.WRITER_ID BobStrong
.STYLE PRINTED
.PEN_DOWN
	158	398
	158	399
	157	399
	157	398
	156	398
	156	397
	155	397
	154	397
	152	396
	151	395
	150	395
	150	394
	151	394
	151	393
	152	393
	153	393
	154	393
	155	393
	155	392
	156	392
	156	391
	155	390
	155	389
	154	389
	153	388
	153	387
	153	386
	154	386
	155	386
	156	386
	155	386
	155	385
	154	385
	154	384
	153	383
	153	382
	153	381
	153	379
	154	379
	154	378
	154	377
	154	376
	155	376
	155	375
	156	375
	156	374
	157	373
	157	372
	157	371
	158	370
	159	370
	160	370
.PEN_UP
.PEN_DOWN
	178	395
	178	394
	178	392
	177	391
	177	390
	177	388
	176	387
	176	386
	176	384
	176	383
	175	381
	175	380
	175	379
	175	377
	174	376
	174	375
	174	374
.PEN_UP
.PEN_DOWN
	180	396
	181	396
	182	395
	183	395
	183	394
	184	394
	184	393
	185	393
	185	392
	185	391
	185	390
	184	390
	184	389
	183	389
	183	388
	182	388
	181	387
	180	386
	179	386
	178	385
	177	384
	178	384
	179	384
	180	384
	181	384
	182	384
	183	384
	184	384
	184	383
	185	383
	185	382
	185	381
	185	380
	185	379
	184	378
	183	377
	182	376
	182	375
	181	375
	180	374
	179	374
	178	373
	177	373
	176	373
	175	373
	174	373
	173	373
.PEN_UP
.PEN_DOWN
	198	383
	199	382
	199	381
	199	380
	199	379
	199	378
	199	377
	199	376
	199	375
	199	374
	198	374
	198	375
	198	376
	198	377
	198	378
	198	379
	198	380
	198	381
	198	382
	198	383
	199	385
	199	386
	200	387
	200	388
	201	388
	202	389
	203	389
	204	390
	205	390
	206	390
	207	389
	208	389
	209	389
.PEN_UP
.PEN_DOWN
	221	384
	220	384
	219	384
	218	384
	217	384
	216	383
	215	382
	214	382
	214	381
	213	380
	213	379
	213	378
	213	377
	214	377
	215	376
	216	376
	217	376
	218	376
	220	377
	221	377
	221	378
	221	379
	221	380
	221	379
	221	378
	221	377
	222	377
	223	376
	224	376
	224	375
.PEN_UP
.PEN_DOWN
	246	387
	245	388
	244	388
	243	388
	242	388
	241	388
	240	388
	240	387
	239	386
	239	385
	238	384
	238	383
	238	382
	238	381
	238	380
	238	379
	239	378
	240	377
	240	376
	241	375
	243	375
	244	375
.PEN_UP
.PEN_DOWN
	251	386
	251	385
	252	385
	252	384
	254	385
	255	385
	256	385
	257	385
	258	385
	259	386
	259	387
	258	388
	257	388
	256	388
	255	388
	254	388
	253	388
	252	387
	251	386
	249	385
	248	384
	247	383
	246	382
	246	381
	246	380
	246	379
	247	379
	247	378
	248	378
	249	377
	251	377
	252	376
	253	376
	255	376
	256	376
	258	376
	259	376
.PEN_UP
.PEN_DOWN
	289	398
	289	397
	288	396
	287	395
	286	394
	286	393
	286	392
	286	390
	286	389
	287	389
	287	388
	288	388
	289	388
	290	388
	291	388
	292	388
	293	388
	294	389
	296	390
	297	391
	298	391
	299	392
	299	393
	299	394
	299	395
	299	396
	299	397
.PEN_UP
.PEN_DOWN
	291	384
	291	383
	291	381
	291	380
	291	379
	291	378
	291	377
	291	376
	291	375
	291	374
	291	373
	291	372
	291	371
	291	370
.PEN_UP
.PEN_DOWN
	307	384
	307	383
	306	382
	305	381
	305	380
	305	379
	305	378
	305	377
	306	376
	307	376
	308	375
	309	375
	310	375
	311	376
	312	376
	313	376
	313	377
	313	378
	313	379
	313	380
	312	382
	311	382
	310	383
	309	384
	308	384
	307	384
	306	384
.PEN_UP
.PEN_DOWN
	319	381
	318	381
	318	380
	317	380
	316	380
	315	379
	314	378
	314	377
	314	375
	315	375
	316	375
	317	375
	318	375
	320	375
	321	375
	322	375
	324	376
	325	376
	325	377
	326	378
	327	378
	327	379
	327	380
	327	381
.PEN_UP
.PEN_DOWN
	334	380
	335	379
	336	379
	336	378
	335	377
	335	376
	335	375
	334	375
	334	374
	334	373
	335	373
	335	374
	335	375
	336	376
	336	377
	336	378
	337	380
	338	381
	338	382
	339	384
	340	385
	340	386
	341	386
	341	387
	342	387
	343	387
.PEN_UP
.PEN_DOWN
	358	383
	357	383
	356	383
	355	383
	354	383
	352	383
	351	383
	350	383
	349	383
	348	382
	348	381
	348	380
	349	379
	350	378
	351	377
	352	377
	354	376
	355	376
	356	376
	357	375
	357	374
	356	374
	354	373
	354	372
	352	372
	351	372
	349	371
	348	371
.PEN_UP
.PEN_DOWN
	365	379
	366	379
	367	379
	368	379
	369	379
	370	379
	371	379
	372	379
	373	379
	374	379
	375	380
	375	381
	375	382
	374	382
	373	382
	371	382
	370	382
	369	382
	368	382
	367	381
	366	380
	365	379
	364	379
	364	378
	363	377
	363	376
	363	375
	364	374
	365	374
	365	373
	367	373
	368	372
	369	372
	371	372
	372	372
.PEN_UP
.PEN_DOWN
	387	392
	387	391
	387	390
	387	389
	386	388
	386	387
	385	385
	385	384
	385	383
	385	382
	385	380
	385	378
	385	377
	385	376
	385	375
	385	374
.PEN_UP
.PEN_DOWN
	407	392
	406	392
	406	393
	405	393
	404	393
	404	392
	403	391
	402	391
	402	390
	401	390
	400	389
	400	388
	399	388
	399	387
	398	386
	398	385
	398	384
	397	381
	397	380
	397	379
	397	378
	397	377
	397	376
	397	375
	397	374
	397	373
	397	372
.PEN_UP
.PEN_DOWN
	392	381
	393	380
	394	380
	395	380
	396	380
	397	381
	398	381
	399	381
	400	381
	401	381
	402	381
	403	381
.PEN_UP
.PEN_DOWN
	414	400
	414	399
	414	398
	415	398
	416	398
	417	398
	418	398
	419	398
	420	398
	421	398
	422	397
	423	397
	424	397
	425	397
	425	396
	424	396
	422	395
	421	395
	421	394
	420	394
	420	393
	419	393
	419	392
	419	391
	419	390
	419	389
	419	388
	420	388
	421	387
	422	387
	423	386
	424	386
	424	385
	425	385
	425	384
	425	383
	425	382
	424	382
	424	381
	424	380
	425	379
	426	379
	427	378
	428	378
	428	377
	428	376
	427	375
	426	374
	425	374
	423	374
	422	373
	421	373
	420	373
	419	372
	418	372
	418	371
.PEN_UP
.PEN_DOWN
	445	386
	444	386
	444	387
	444	386
	445	385
	446	385
	446	384
	446	383
.PEN_UP
.PEN_DOWN
	447	372
	448	371
	448	370
	448	369
	448	368
	447	367
	446	366
	445	364
	444	363
	444	362
	443	361
	442	360
.PEN_UP
.PEN_DOWN
	503	387
	503	388
	502	388
	501	388
	501	389
	500	389
	500	390
	499	390
	498	390
	497	390
	496	390
	495	389
	494	389
	493	388
	492	388
	492	387
	492	386
	492	385
	492	384
	493	384
	494	384
	494	383
	495	383
	496	383
	497	383
	498	383
	499	384
	499	385
	499	386
	499	387
	499	386
	499	385
	500	385
	500	384
	501	384
	502	384
	503	384
	504	385
	505	385
	506	386
	506	387
	506	388
	505	389
	504	390
	504	391
	502	391
	501	392
	500	393
	499	393
	497	394
	496	394
	495	394
	493	394
	492	394
	489	394
	487	393
	486	393
	484	392
	483	391
	483	390
	482	389
	482	388
	482	386
	482	385
	483	383
	485	380
	487	379
	489	378
	491	377
	494	376
	497	375
	499	375
	500	375
.PEN_UP
.PEN_DOWN
	523	385
	524	385
	525	385
	527	385
	528	385
	529	385
	531	386
	532	386
	533	386
	534	387
	535	388
	535	389
	535	390
	534	390
	533	390
	532	390
	531	390
	530	390
	528	389
	527	389
	526	388
	524	387
	523	386
	521	384
	520	382
	520	381
	520	380
	520	379
	520	378
	520	377
	521	377
	522	376
	524	376
.PEN_UP
.PEN_DOWN
	548	383
	547	383
	546	384
	545	384
	543	384
	543	383
	542	383
	541	382
	540	382
	539	381
	539	380
	539	379
	539	378
	539	377
	540	376
	541	376
	542	376
	543	376
	544	376
	545	376
	545	377
	546	377
	547	378
	548	378
	548	379
	547	378
	547	377
	547	376
	547	375
	548	375
	549	374
	550	374
.PEN_UP
.PEN_DOWN
	560	387
	559	387
	559	388
	558	388
	557	388
	556	388
	556	387
	556	386
	556	385
	556	384
	556	383
	557	382
	557	381
	557	380
	557	379
	558	379
	559	378
	560	378
	560	377
	560	376
	561	376
	561	375
	561	374
	560	373
	560	372
	559	372
	558	372
	557	372
	556	372
	555	372
	554	372
.PEN_UP
.PEN_DOWN
	573	382
	574	382
	575	382
	576	382
	576	383
	577	383
	578	383
	579	383
	579	384
	580	384
	581	384
	581	385
	581	386
	580	387
	579	387
	578	387
	576	386
	576	385
	575	385
	574	384
	573	383
	572	382
	571	382
	571	381
	570	380
	570	379
	570	378
	570	377
	571	376
	572	375
	573	375
	574	375
	575	375
	577	374
	578	374
	579	374
	581	374
	582	374
.PEN_UP
.PEN_DOWN
	614	384
	613	384
	613	385
	612	385
	612	386
	611	386
	611	387
	610	387
	610	388
	609	389
	608	390
	607	390
	606	390
	605	390
	605	389
	604	389
	604	388
	603	388
	603	387
	603	386
	603	385
	604	385
	604	384
	605	384
	606	384
	607	384
	608	384
	609	384
	610	384
	610	385
	610	386
	610	385
	610	384
	611	384
	612	384
	613	384
	614	384
	615	384
	616	384
	616	385
	617	385
	617	386
	617	387
	617	388
	617	389
	616	390
	616	391
	616	392
	615	393
	613	394
	612	394
	611	395
	609	395
	608	395
	607	395
	605	395
	604	395
	602	394
	601	393
	599	392
	598	391
	596	388
	596	386
	596	384
	596	383
	596	381
	598	379
	599	378
	600	377
	602	376
	604	375
	606	374
	608	374
	613	374
.PEN_UP
.PEN_DOWN
	640	400
	639	400
	640	400
	640	401
	639	402
	639	403
	639	402
	638	402
	638	401
	638	399
	637	398
	636	397
	636	395
	636	394
	635	392
	635	390
	635	388
	634	385
	634	383
	634	382
	634	381
	634	379
	634	378
	634	377
	634	376
	634	375
	635	374
	635	373
.PEN_UP
.PEN_DOWN
	653	386
	652	386
	650	386
	649	386
	648	385
	647	384
	646	383
	645	381
	645	380
	645	379
	646	378
	646	377
	647	377
	648	377
	649	377
	650	378
	651	379
	651	380
	651	381
	652	382
	651	382
	651	381
	650	380
	650	379
	650	378
	651	377
	652	376
	652	375
	653	375
.PEN_UP
.PEN_DOWN
	668	386
	667	386
	666	386
	664	386
	663	386
	662	385
	662	384
	662	383
	662	382
	663	382
	664	381
	665	380
	667	379
	668	378
	669	378
	669	377
	670	377
	670	376
	671	376
	671	375
	670	375
	669	375
	669	374
	668	374
	667	374
	667	373
	666	373
	665	372
	664	371
	664	370
	663	370
.PEN_UP
.PEN_DOWN
	684	395
	685	395
	685	396
	685	397
	684	397
	684	396
	684	395
	683	394
	682	393
	681	391
	681	389
	681	388
	681	386
	681	385
	681	384
	681	382
	681	381
	681	379
	681	378
	681	377
	682	376
	682	375
	683	375
	684	375
	684	374
	685	374
	686	374
	687	374
	687	373
	688	373
	689	373
.PEN_UP
.PEN_DOWN
	676	389
	677	388
	678	388
	679	389
	680	389
	682	389
	683	389
	685	389
	686	389
	687	389
	689	389
	690	388
	691	388
.PEN_UP
.PEN_DOWN
	700	368
	700	367
	699	366
	698	366
.PEN_UP
