
.WRITER_ID BobStrong
.STYLE PRINTED
.PEN_DOWN
	96	390
	96	391
	95	391
	95	389
	94	387
	94	386
	94	384
	94	383
	94	381
	94	380
	94	379
	94	378
	93	376
	93	374
	93	373
	94	374
	94	375
	94	376
	95	376
	95	377
	95	378
	95	380
	96	380
	96	381
	97	382
	98	383
	98	384
	99	384
	100	384
	101	384
	102	384
	102	383
	103	383
	103	382
	104	380
	104	379
	105	378
	105	377
	105	376
	105	375
	105	374
	105	373
	105	372
	104	371
	104	370
	102	368
	101	368
	101	367
	100	367
	99	367
	99	366
	98	366
	97	366
	96	366
	96	367
	95	367
	94	367
	93	368
	93	369
.PEN_UP
.PEN_DOWN
	109	377
	110	377
	111	377
	112	377
	113	377
	114	377
	115	376
	117	376
	118	377
	119	377
	120	378
	120	379
	120	380
	119	380
	118	381
	117	381
	116	381
	115	381
	114	381
	113	380
	112	380
	112	379
	111	378
	110	377
	110	376
	110	375
	110	374
	110	373
	111	371
	112	371
	113	370
	114	370
	115	369
	116	369
	117	369
	119	368
	120	368
	121	368
	122	368
.PEN_UP
.PEN_DOWN
	131	376
	130	376
	130	375
	130	374
	130	373
	130	372
	130	371
	131	371
	132	371
	133	371
	133	372
	134	372
	134	373
	134	374
	134	375
	135	375
	136	374
	136	373
	137	372
	138	371
	139	371
	140	371
	141	371
	142	372
	143	373
	144	374
	144	375
	144	376
	144	377
	144	378
	143	378
.PEN_UP
.PEN_DOWN
	153	377
	153	376
	152	376
	152	375
	151	375
	151	374
	151	373
	151	372
	151	371
.PEN_UP
.PEN_DOWN
	150	392
	151	392
	152	393
.PEN_UP
.PEN_DOWN
	167	391
	167	390
	167	389
	167	387
	166	386
	166	385
	166	383
	166	381
	166	380
	166	378
	167	377
	167	376
	167	374
	167	373
	167	371
	167	370
	167	369
	167	368
.PEN_UP
.PEN_DOWN
	184	375
	183	376
	182	377
	181	378
	180	378
	179	378
	178	378
	176	378
	175	377
	175	376
	174	376
	173	375
	173	374
	172	374
	172	373
	172	372
	172	371
	173	371
	175	370
	176	370
	177	370
	178	370
	179	370
	180	370
	181	370
	181	371
	182	371
	182	372
	182	373
	182	374
	182	375
	182	376
	182	377
	182	378
	182	379
	182	380
	182	382
	182	383
	182	385
	182	387
	182	389
	183	390
	183	391
	183	390
	183	389
	183	386
	183	385
	183	384
	183	382
	183	380
	182	379
	182	378
	182	376
	182	375
	182	374
	182	373
	183	372
	183	371
	183	370
	184	370
	184	369
	185	369
.PEN_UP
.PEN_DOWN
	192	376
	193	376
	194	376
	195	376
	196	376
	197	377
	198	377
	199	377
	200	378
	200	379
	200	380
	199	380
	198	380
	197	380
	196	380
	195	380
	194	379
	193	378
	192	377
	192	376
	191	375
	191	374
	191	373
	191	372
	192	371
	193	371
	193	370
	194	370
	195	370
	196	370
	197	370
	198	370
.PEN_UP
.PEN_DOWN
	206	369
	206	368
	206	369
	207	369
	207	370
	207	371
	207	372
	207	373
	207	375
	207	376
	208	377
	208	378
	209	379
	209	380
	209	381
	210	381
	210	382
	211	382
	212	382
	213	382
	214	382
.PEN_UP
.PEN_DOWN
	223	377
	224	377
	225	377
	226	377
	227	377
	228	377
	229	378
	229	379
	228	379
	227	379
	226	379
	225	378
	224	377
	223	377
	223	376
	222	376
	222	375
	222	374
	221	373
	221	372
	222	371
	223	371
	224	371
	225	371
	226	371
.PEN_UP
.PEN_DOWN
	240	376
	240	377
	239	377
	238	377
	238	378
	236	378
	235	378
	234	378
	233	377
	232	376
	232	375
	232	374
	232	373
	232	372
	232	371
	233	371
	233	370
	234	370
	234	369
	235	369
	236	369
	237	369
	238	369
	239	370
	240	371
	241	372
	241	373
	241	374
	241	375
	241	376
	241	377
	241	378
	241	380
	241	381
	241	383
	242	386
	242	388
	242	389
	243	391
	243	392
	242	392
	241	389
	241	388
	241	386
	240	384
	240	382
	240	380
	240	378
	240	376
	240	375
	240	374
	240	372
	240	371
	241	369
	241	368
.PEN_UP
.PEN_DOWN
	304	385
	303	385
	302	385
	302	384
	301	384
	300	384
	299	383
	298	382
	297	381
	296	380
	295	379
	294	378
	293	377
	292	375
	292	374
	292	373
	292	372
	292	371
	293	371
	294	371
	296	370
	297	370
	299	370
	301	370
	304	371
	307	371
	309	371
	310	372
	311	372
.PEN_UP
.PEN_DOWN
	315	395
	316	395
	316	394
	316	392
	316	390
	315	389
	315	387
	315	385
	314	383
	314	381
	314	379
	314	377
	314	376
	314	374
	313	373
	313	371
	313	370
	314	370
	314	371
	315	371
	316	372
	316	373
	317	374
	317	375
	318	376
	318	377
	319	378
	319	379
	320	380
	321	381
	322	382
	323	382
	324	382
	324	381
	325	381
	325	380
	325	379
	326	378
	326	377
	326	376
	326	375
	326	374
	326	373
	326	372
	326	371
.PEN_UP
.PEN_DOWN
	338	378
	338	379
	337	380
	337	381
	336	381
	335	381
	335	380
	334	380
	334	379
	333	379
	332	378
	332	377
	331	376
	331	375
	331	374
	332	373
	333	372
	334	372
	335	372
	336	372
	336	373
	337	373
	337	374
	338	374
	338	375
	338	376
	338	377
	338	378
	339	378
	339	377
	340	376
	340	375
	340	374
	341	374
	341	373
	341	372
	342	372
	342	371
.PEN_UP
.PEN_DOWN
	352	378
	352	377
	352	376
	352	375
	352	374
	353	373
	353	372
	353	371
	353	370
	353	369
	353	370
	353	371
	353	372
	353	373
	353	374
	353	375
	353	376
	353	377
	354	379
	354	380
	355	381
	355	382
	356	382
	356	383
	357	383
	358	383
	359	383
	360	383
	361	383
	362	383
	363	383
.PEN_UP
.PEN_DOWN
	368	379
	368	377
	367	376
	367	375
	367	374
	366	373
	366	372
	366	371
	367	371
	368	371
	369	372
	369	373
	370	373
	370	374
	370	375
	371	376
	371	377
	371	379
	372	380
	373	381
	373	382
	374	384
	375	384
	375	383
	375	377
	375	376
	375	375
	375	374
	375	373
	376	372
	377	372
	378	373
	379	374
	380	375
	380	376
	381	376
	382	378
	382	379
	382	380
	383	381
	384	382
	384	383
	384	382
	384	381
	384	380
	383	379
	383	378
	383	377
	383	376
	383	375
	383	374
	384	374
	384	373
	384	371
	385	371
	385	370
.PEN_UP
.PEN_DOWN
	392	377
	393	377
	394	377
	395	377
	396	377
	397	377
	398	377
.PEN_UP
.PEN_DOWN
	417	383
	416	383
	415	383
	413	383
	412	383
	411	382
	410	382
	410	381
	409	380
	409	379
	409	378
	410	377
	410	376
	411	376
	412	376
	413	375
	414	375
	414	374
	415	374
	416	374
	416	373
	417	373
	417	372
	416	372
	415	371
	414	371
	413	371
	412	370
	410	370
	410	369
	409	369
.PEN_UP
.PEN_DOWN
	421	380
	422	379
	423	379
	423	378
	424	378
	425	378
	426	377
	427	377
	428	377
	429	377
	430	377
	431	377
	431	378
	431	379
	430	380
	429	380
	428	381
	427	381
	426	380
	425	380
	424	379
	423	378
	422	377
	421	376
	420	375
	420	374
	420	373
	420	372
	420	371
	421	370
	422	369
	423	369
	424	368
	425	368
	426	368
	427	368
	428	368
.PEN_UP
.PEN_DOWN
	444	389
	445	389
	445	388
	445	387
	444	384
	444	383
	444	381
	443	380
	443	379
	443	377
	443	376
	443	375
	442	374
	442	373
	442	372
	442	371
	442	370
	443	369
.PEN_UP
.PEN_DOWN
	455	392
	455	391
	455	390
	455	389
	455	388
	454	386
	454	384
	453	382
	453	379
	452	377
	452	376
	452	375
	452	374
	451	373
	451	372
	451	371
	451	370
	452	370
.PEN_UP
.PEN_DOWN
	461	377
	462	377
	463	376
	464	376
	465	376
	466	376
	467	376
	467	377
	468	378
	468	379
	468	380
	467	380
	465	380
	464	380
	463	379
	462	379
	461	378
	460	377
	460	376
	459	375
	459	374
	459	373
	459	372
	459	371
	459	370
	460	369
	461	368
	462	368
	463	368
	464	368
.PEN_UP
.PEN_DOWN
	476	381
	476	380
	476	379
	476	378
	476	377
	476	376
	476	375
	476	374
	476	373
	476	372
	475	371
	475	370
	474	370
	474	371
	475	371
	475	372
	475	373
	475	374
	476	375
	476	376
	476	378
	477	379
	477	380
	477	381
	478	382
	478	383
	479	383
	479	384
	480	384
	481	384
	482	384
	483	384
	483	383
	484	383
	484	382
	485	382
.PEN_UP
.PEN_DOWN
	492	371
	492	370
	491	370
	490	370
	490	371
	491	371
.PEN_UP
.PEN_DOWN
	527	392
	527	391
	527	390
	527	389
	527	388
	527	386
	528	385
	528	383
	528	380
	528	379
	528	378
	527	377
	527	376
	527	375
	526	375
	526	374
	525	374
.PEN_UP
.PEN_DOWN
	527	394
	528	394
	528	395
	529	396
	530	396
	532	397
	534	397
	535	397
	537	397
	538	397
	539	396
	541	396
	542	396
	543	395
	544	395
	544	394
	544	393
	543	392
	543	391
	542	390
	541	389
	540	389
	539	388
	537	387
	536	386
	534	386
	533	385
	531	384
	530	384
	529	383
	529	382
	530	382
	531	381
	532	381
	534	381
	536	381
	538	381
	538	380
	540	380
	541	380
	542	380
	542	379
	542	378
	542	377
	542	376
	540	376
	540	375
	539	374
.PEN_UP
.PEN_DOWN
	556	381
	557	380
	557	379
	556	379
	556	378
	555	377
	554	377
	554	376
	554	375
	554	374
	554	373
.PEN_UP
.PEN_DOWN
	557	391
	557	392
	557	393
	558	393
	558	392
.PEN_UP
.PEN_DOWN
	568	378
	567	377
	567	376
	566	376
	565	376
	564	375
	564	374
	564	373
	564	372
	565	371
	566	371
	566	372
	567	372
	568	372
	568	373
	569	374
	570	375
	570	376
	570	377
	571	378
	571	379
	572	380
	572	381
	573	382
	574	382
	574	381
	574	380
	574	379
	574	378
	574	377
	574	376
	573	376
	573	374
	573	373
	573	372
	574	372
	574	371
	575	371
.PEN_UP
.PEN_DOWN
	589	383
	588	383
	587	383
	586	383
	585	382
	584	382
	583	381
	583	380
	582	380
	581	379
	579	377
	579	376
	579	375
	579	374
	579	373
	581	372
	582	371
	583	371
	584	371
	587	371
.PEN_UP
.PEN_DOWN
	596	378
	597	378
	598	379
	599	379
	600	379
	601	379
	602	380
	603	380
	604	380
	604	381
	604	382
	603	382
	603	383
	602	383
	601	383
	600	383
	599	382
	598	382
	597	381
	596	381
	595	380
	594	379
	594	378
	593	377
	593	376
	593	374
	593	373
	594	373
	594	372
	595	371
	596	371
	598	371
	599	371
	601	370
	602	370
	604	370
.PEN_UP
.PEN_DOWN
	616	380
	616	379
	615	379
	615	378
	615	377
	614	377
	614	376
	613	376
	613	375
	613	374
	613	373
	613	372
	614	371
	615	371
	616	371
	617	371
	617	372
	618	372
	618	373
	619	374
	619	375
	620	376
	621	377
	621	378
	621	377
	621	376
	621	375
	622	374
	622	373
	622	372
	622	371
	623	371
	624	371
	625	371
	625	372
	626	373
	626	374
	626	375
	626	376
	627	378
	627	379
.PEN_UP
.PEN_DOWN
	639	382
	639	381
	638	381
	638	380
	637	379
	636	378
	636	377
	636	376
	636	375
	636	374
	637	373
	638	373
	638	372
	639	372
	640	372
	641	372
	643	372
	644	372
.PEN_UP
.PEN_DOWN
	639	390
	640	390
	640	391
	640	392
.PEN_UP
.PEN_DOWN
	645	376
	645	375
	645	374
	646	374
	646	373
	646	372
	646	371
	646	370
	646	371
	647	371
	647	372
	647	373
	648	373
	648	374
	649	375
	649	376
	650	376
	650	377
	650	378
	651	379
	652	379
	653	379
	654	379
	655	378
	655	377
	655	376
	655	375
	655	374
	655	373
	655	372
	655	371
	655	370
	655	369
.PEN_UP
.PEN_DOWN
	670	376
	669	377
	669	378
	668	378
	667	378
	666	378
	665	377
	664	377
	663	376
	662	376
	661	375
	660	374
	660	373
	659	372
	659	371
	659	370
	660	369
	661	369
	662	369
	663	369
	664	370
	666	370
	667	371
	668	371
	669	372
	671	373
	671	374
	672	375
	672	376
	672	377
	672	378
	672	380
	672	381
	672	382
	672	384
	672	386
	672	389
	672	390
	672	391
	672	392
	673	391
	673	389
	673	388
	673	387
	673	385
	673	384
	673	382
	673	380
	673	379
	673	378
	673	376
	673	375
	673	373
	672	372
	672	371
	672	370
	673	369
	674	369
.PEN_UP
.PEN_DOWN
	705	375
	706	375
	705	375
	704	375
	703	375
	702	375
	700	375
	700	374
	698	374
	697	373
	697	372
	697	371
	698	371
	699	370
	700	370
	701	370
	702	370
	703	370
	704	371
	705	372
	705	373
	705	374
	705	375
	705	374
	705	373
	705	372
	705	371
	705	370
	705	369
	705	367
	705	365
	705	364
	705	363
	705	362
	705	361
	705	360
	705	359
	704	358
	703	358
	702	358
	701	358
	700	358
	699	358
	698	358
	697	358
.PEN_UP
.PEN_DOWN
	713	373
	712	373
	712	372
	712	371
	712	370
	712	369
	713	369
	713	368
	714	367
	715	367
	716	367
	717	367
	718	368
	718	369
	718	370
	717	371
	717	372
	716	373
	716	374
	715	375
	714	376
.PEN_UP
.PEN_DOWN
	731	391
	730	391
	730	390
	729	390
	729	389
	728	387
	727	386
	726	385
	726	384
	726	383
	726	382
	726	381
	726	380
	726	378
	726	377
	726	376
	727	373
	727	372
	728	371
	728	370
	729	369
	730	368
	731	368
	733	368
	734	368
	735	369
.PEN_UP
.PEN_DOWN
	719	382
	719	381
	719	380
	720	380
	722	380
	723	380
	724	380
	726	380
	728	380
	730	380
	731	380
	733	380
.PEN_UP
.PEN_DOWN
	758	380
	757	380
	757	381
	755	381
	754	381
	753	381
	752	381
	751	381
	750	381
	749	380
	748	379
	747	378
	747	376
	748	376
	748	375
	749	374
	750	374
	751	374
	752	373
	753	373
	754	373
	756	373
	758	374
	759	375
	760	376
	760	377
	760	378
	760	379
	759	380
	759	381
	759	383
	759	384
	759	386
	759	388
	759	389
	759	390
	760	391
	760	392
	760	393
	760	394
	760	393
	760	392
	759	390
	759	389
	759	387
	759	385
	759	384
	759	382
	758	379
	758	378
	758	376
	758	375
	758	374
	758	373
	759	372
	759	371
	760	371
.PEN_UP
.PEN_DOWN
	768	380
	769	380
	768	380
	768	379
	767	379
	767	378
	767	377
	767	376
	768	376
	768	375
	769	374
	770	373
	771	373
	772	373
	773	373
	774	373
	775	373
	775	374
	776	374
	776	375
	776	376
	776	377
	776	378
	775	379
	775	380
	774	380
	773	381
	772	381
	771	381
	770	381
	769	381
.PEN_UP
.PEN_DOWN
	783	378
	782	378
	782	377
	782	376
	781	376
	781	375
	781	374
	782	374
	782	373
	783	373
	784	373
	785	373
	786	373
	787	373
	788	373
	788	374
	789	374
	789	375
	789	376
	789	375
	789	374
	790	374
	790	373
	791	373
	792	372
	793	372
	794	372
	795	373
	796	374
	797	374
	797	375
	797	376
	797	377
	797	378
	797	379
	797	380
	797	381
.PEN_UP
.PEN_DOWN
	803	377
	804	377
	804	376
	804	375
	804	374
	803	374
	803	372
	802	371
	802	370
	802	369
	802	370
	802	371
	803	371
	803	372
	804	373
	804	374
	805	376
	806	376
	806	377
	807	378
	808	379
	809	379
	810	379
	811	379
	811	378
	811	377
	811	376
	811	375
	811	374
	811	373
	811	372
	811	371
	812	371
.PEN_UP
