
.WRITER_ID BobStrong
.STYLE PRINTED
.PEN_DOWN
	106	391
	106	390
	106	389
	105	389
	105	388
	105	387
	105	385
	104	384
	104	383
	103	381
	103	380
	103	378
	102	376
	102	375
	101	373
	100	372
	100	371
	99	370
	98	370
	98	369
	97	369
	97	370
	98	371
	98	372
	99	373
	100	374
	100	375
	101	376
	102	378
	103	379
	103	380
	104	382
	106	386
	107	388
	107	390
	108	391
	109	393
	110	394
	111	395
	112	395
	113	394
	113	393
	113	392
	113	391
	113	390
	113	389
	113	387
	113	386
	113	384
	113	383
	113	382
	113	379
	113	378
	114	376
	114	375
	115	375
	115	374
	116	374
	116	373
	117	372
	118	372
	119	372
	120	372
	121	372
.PEN_UP
.PEN_DOWN
	102	377
	103	377
	103	378
	104	379
	106	379
	108	380
	110	380
	111	381
	114	381
	115	381
	116	381
	117	381
	118	381
.PEN_UP
.PEN_DOWN
	133	391
	133	392
	132	392
	132	391
	133	391
	133	389
	133	388
	133	387
	133	385
	133	381
	132	380
	132	378
	132	376
	132	374
	131	373
	131	371
	131	370
	130	369
	130	368
	130	367
	130	366
	130	365
.PEN_UP
.PEN_DOWN
	144	376
	145	376
	145	375
	146	375
	146	374
	146	373
	146	372
	146	371
	146	370
	146	369
	146	368
	145	368
	146	369
	146	370
	146	371
	146	373
	146	374
	146	375
	146	376
	146	377
	146	378
	147	379
	147	380
	148	380
	149	380
	150	380
	151	380
	152	380
	153	380
.PEN_UP
.PEN_DOWN
	162	374
	162	373
	162	372
	162	371
	161	370
	161	369
	161	368
	162	368
.PEN_UP
.PEN_DOWN
	161	383
	162	383
	163	383
	163	384
.PEN_UP
.PEN_DOWN
	178	375
	178	374
	177	375
	177	374
	176	374
	175	373
	174	372
	174	371
	174	370
	173	370
	173	369
	174	369
	174	370
	175	370
	176	371
	177	371
	177	372
	178	372
	178	373
	179	374
	180	374
	180	373
	180	372
	181	371
	181	370
	181	368
	182	367
	182	366
	182	365
	182	364
	183	363
	183	362
	183	361
	183	360
	183	359
	183	358
	182	358
	182	357
	181	357
	181	356
	180	356
	179	356
	178	356
	176	356
	175	357
	174	357
.PEN_UP
.PEN_DOWN
	190	395
	191	394
	191	393
	191	392
	191	391
	191	389
	191	388
	191	387
	191	385
	191	383
	190	381
	190	379
	190	376
	190	374
	190	373
	190	372
	190	371
	190	370
	190	369
	190	368
	190	367
	190	366
	190	365
	191	365
	191	366
	191	367
	191	368
	191	370
	191	371
	192	372
	192	373
	192	374
	192	375
	193	376
	194	376
	195	376
	195	375
	196	375
	197	374
	198	374
	198	372
	198	371
	199	371
	199	370
	199	369
	199	368
	199	367
	199	366
.PEN_UP
.PEN_DOWN
	218	388
	218	387
	217	387
	217	386
	217	385
	216	385
	216	384
	216	383
	215	382
	215	380
	215	378
	214	377
	214	376
	214	375
	214	373
	215	372
	215	371
	216	370
	217	370
	217	369
	218	369
	219	369
	219	368
	220	368
	221	368
	222	368
	223	368
.PEN_UP
.PEN_DOWN
	209	380
	210	379
	211	380
	212	380
	213	380
	214	380
	215	380
	216	380
	218	380
	219	380
	221	380
	222	380
.PEN_UP
.PEN_DOWN
	232	394
	233	395
	233	396
	234	396
	235	397
	236	397
	237	397
	238	397
	239	397
	240	397
	241	397
	243	397
	244	396
	245	396
	245	395
	245	394
	245	393
	244	392
	244	391
	243	390
	242	388
	241	387
	241	386
	240	385
	240	384
	239	383
	239	382
	239	381
	239	380
	240	379
	241	379
.PEN_UP
.PEN_DOWN
	240	367
	241	367
	241	368
.PEN_UP
.PEN_DOWN
	262	403
	262	402
	261	402
	261	401
	260	400
	260	399
	259	398
.PEN_UP
.PEN_DOWN
	266	399
	266	398
	266	397
	265	396
	265	395
	265	394
.PEN_UP
.PEN_DOWN
	308	405
	309	404
	310	403
	310	402
	310	401
	310	400
	310	399
	310	398
.PEN_UP
.PEN_DOWN
	316	401
	317	401
	318	400
	319	400
	319	399
	319	398
	319	397
.PEN_UP
.PEN_DOWN
	339	391
	339	390
	338	389
	338	388
	337	387
	337	386
	336	383
	335	381
	335	380
	334	378
	334	376
	333	375
	333	373
	333	371
	332	370
	332	369
	332	368
	331	368
	331	367
	331	366
	332	366
	332	367
	333	368
	333	369
	333	370
	334	371
	334	373
	334	375
	335	376
	335	377
	335	379
	336	381
	336	383
	337	384
	337	386
	338	388
	338	390
	339	392
	340	393
	341	393
	341	392
	341	391
	342	391
	343	389
	343	387
	344	384
	345	383
	345	382
	345	380
	345	379
	346	378
	346	377
	346	376
	346	375
	347	374
	347	373
	347	372
	347	371
	348	371
	348	370
	348	369
	349	369
.PEN_UP
.PEN_DOWN
	334	376
	335	376
	337	377
	338	377
	339	377
	341	377
	343	378
	345	378
	347	378
	348	378
	350	378
.PEN_UP
.PEN_DOWN
	365	395
	366	394
	367	394
	366	394
	366	393
	365	392
	365	391
	365	389
	364	386
	364	385
	363	384
	363	382
	363	380
	363	379
	363	378
	363	376
	363	375
	363	374
	363	372
	363	371
	363	370
	364	370
.PEN_UP
.PEN_DOWN
	373	376
	374	375
	375	375
	376	375
	376	374
	376	373
	376	372
	376	371
	376	370
	376	369
	376	368
	375	368
	376	368
	376	369
	376	370
	376	371
	376	372
	376	373
	376	374
	376	375
	376	376
	376	377
	376	378
	377	379
	377	380
	378	380
	378	381
	379	381
	380	381
	381	381
	382	381
	383	381
	384	381
	384	380
	385	380
.PEN_UP
.PEN_DOWN
	394	375
	395	374
	395	373
	395	372
	395	371
	395	370
	395	371
.PEN_UP
.PEN_DOWN
	392	386
	393	386
	393	387
	394	387
	394	388
	395	388
	396	388
.PEN_UP
.PEN_DOWN
	413	374
	412	374
	412	375
	411	375
	409	376
	408	376
	407	376
	406	375
	405	374
	405	373
	405	372
	405	371
	405	370
	406	370
	407	370
	408	370
	409	370
	410	370
	411	370
	411	371
	412	371
	413	372
	413	373
	412	372
	412	371
	412	369
	412	368
	412	367
	412	365
	412	364
	412	363
	412	362
	412	361
	412	359
	412	358
	412	357
	412	356
	412	355
	411	355
	411	354
	410	354
	409	354
	408	354
	407	354
	406	355
	405	355
.PEN_UP
.PEN_DOWN
	422	392
	422	391
	422	390
	422	389
	422	387
	422	385
	422	381
	422	379
	422	378
	422	376
	422	374
	422	373
	422	371
	421	371
	421	370
	421	369
	421	368
	422	367
	423	367
	423	368
	423	369
	423	370
	424	371
	424	372
	425	373
	425	374
	426	375
	426	376
	427	377
	428	377
	429	377
	429	376
	429	375
	429	374
	430	373
	430	372
	430	371
	431	370
	431	369
	431	368
.PEN_UP
.PEN_DOWN
	442	389
	442	388
	441	386
	441	385
	441	384
	441	382
	440	381
	440	380
	440	378
	440	377
	439	374
	439	373
	439	372
	439	371
	439	370
	439	369
	439	368
	440	368
	440	367
	441	367
	441	366
	443	366
	444	366
	445	366
	446	366
	447	367
	448	367
	448	368
.PEN_UP
.PEN_DOWN
	437	378
	438	378
	439	378
	440	378
	441	378
	442	378
	443	378
.PEN_UP
.PEN_DOWN
	458	369
	457	369
	457	370
	457	369
	458	369
.PEN_UP
.PEN_DOWN
	498	398
	498	399
	497	399
	496	399
	496	400
	496	399
	495	399
	495	398
	495	397
	495	396
	495	395
	495	394
	495	393
	495	392
	495	391
	496	390
	496	389
	497	388
	497	387
	498	387
	500	387
	501	387
	502	387
	503	388
	504	389
	505	390
	506	391
	506	393
	507	393
	508	395
	508	396
	509	397
	509	399
	509	400
.PEN_UP
.PEN_DOWN
	501	384
	502	384
	502	383
	502	381
	501	380
	501	379
	501	378
	501	377
	501	376
	501	375
	500	374
	500	373
	500	372
	500	371
.PEN_UP
.PEN_DOWN
	511	378
	512	378
	513	378
	514	378
	515	378
	515	379
	516	379
	517	379
	518	379
	519	379
	520	380
	520	381
	520	382
	519	383
	518	383
	517	383
	516	383
	515	383
	514	382
	513	382
	512	381
	512	380
	510	380
	510	379
	510	378
	510	377
	510	375
	510	374
	511	374
	513	373
	514	372
	515	372
	517	371
	518	371
.PEN_UP
.PEN_DOWN
	529	380
	528	380
	527	380
	526	379
	525	379
	525	378
	525	377
	524	377
	524	376
	524	375
	524	374
	525	374
	526	374
	527	374
	528	374
	529	375
	530	375
	530	376
	531	376
	531	377
	532	378
	532	379
	531	379
	531	378
	531	377
	531	376
	532	375
	533	374
	533	373
	534	372
	535	372
	536	371
	537	371
	538	370
.PEN_UP
.PEN_DOWN
	546	398
	547	398
	547	397
	546	396
	546	395
	546	394
	546	392
	545	391
	545	389
	545	387
	545	385
	546	383
	546	381
	546	378
	546	377
	546	375
	546	374
	546	373
	546	372
	547	373
	547	374
	548	374
	548	375
	548	376
	549	377
	550	378
	552	380
	552	381
	554	381
	555	381
	556	381
	557	380
	557	379
	557	377
	557	376
	557	375
	557	374
	557	373
	557	372
	557	371
	558	370
.PEN_UP
.PEN_DOWN
	573	370
	573	369
	573	368
	572	367
	572	366
	571	366
	571	365
	570	364
	569	364
	568	362
	568	361
.PEN_UP
.PEN_DOWN
	598	380
	597	380
	596	380
	595	380
	594	380
	593	380
	592	380
	591	379
	591	378
	591	377
	592	377
	593	376
	594	376
	594	375
	595	375
	596	375
	596	374
	597	374
	597	373
	597	372
	597	371
	596	371
	595	371
	594	371
	594	370
	593	370
	592	370
	590	370
	589	369
	588	369
.PEN_UP
.PEN_DOWN
	608	376
	608	375
	607	375
	607	374
	607	373
	608	372
	608	371
	609	370
	610	369
	611	369
	612	368
	613	368
	614	368
	615	368
	615	369
	616	369
	616	370
	616	371
	617	371
	617	372
	617	373
	617	374
	617	375
	617	376
	617	377
	617	378
.PEN_UP
.PEN_DOWN
	626	371
	626	370
	626	369
	626	368
	626	369
	625	370
	625	371
	625	372
	626	373
	626	374
	626	375
	627	376
	627	377
	628	378
	629	379
	629	380
	630	380
	631	381
	632	381
	633	381
	634	381
	635	381
	636	381
	637	381
	638	381
.PEN_UP
.PEN_DOWN
	643	376
	644	376
	645	376
	646	376
	647	376
	648	376
	649	377
	650	377
	650	378
	651	378
	651	379
	651	380
	650	380
	650	381
	649	381
	648	381
	647	381
	646	381
	645	381
	643	380
	642	379
	641	378
	640	377
	640	376
	640	375
	639	374
	639	373
	639	372
	639	371
	640	369
	642	368
	643	368
	644	367
	645	367
	646	367
	648	367
	649	367
	650	367
	651	367
	652	367
	652	366
.PEN_UP
.PEN_DOWN
	663	373
	664	373
	664	372
	664	371
	664	370
	665	369
	665	368
	665	367
	666	366
	666	365
	666	364
	665	364
	665	363
	664	363
	663	362
	662	362
	661	362
	660	362
.PEN_UP
.PEN_DOWN
	694	409
	694	408
	694	407
	694	406
	693	406
	693	405
	693	404
	693	403
	693	402
.PEN_UP
.PEN_DOWN
	699	406
	700	405
	700	404
	700	403
	700	402
	700	401
.PEN_UP
.PEN_DOWN
	723	382
	722	382
	721	382
	720	383
	719	383
	718	383
	718	382
	718	381
	718	380
	719	380
	719	379
	720	379
	721	378
	721	377
	722	377
	722	376
	722	375
	722	374
	721	373
	720	373
	719	372
	718	372
	717	372
	716	372
	715	372
	714	372
	713	372
.PEN_UP
.PEN_DOWN
	738	377
	739	377
	739	378
	738	378
	738	379
	737	379
	736	379
	736	380
	735	380
	734	380
	733	379
	732	379
	731	378
	730	378
	730	377
	729	377
	729	376
	729	375
	729	374
	729	373
	729	372
	730	372
	731	372
	732	372
	733	372
	734	372
	735	373
	736	373
	737	374
	737	375
	738	375
	738	376
	738	377
	738	376
	738	375
	738	374
	739	373
	739	372
	739	371
	740	371
.PEN_UP
.PEN_DOWN
	749	380
	750	379
	750	378
	750	377
	750	376
	750	375
	751	374
.PEN_UP
.PEN_DOWN
	749	387
	749	388
	750	389
	751	389
	752	389
	753	389
.PEN_UP
.PEN_DOWN
	774	375
	775	375
	775	376
	775	377
	774	378
	773	379
	772	380
	771	380
	770	380
	769	380
	768	380
	767	380
	766	380
	765	380
	764	380
	763	379
	763	378
	762	377
	762	376
	762	375
	762	374
	763	373
	764	373
	765	373
	766	373
	767	373
	769	373
	770	373
	771	374
	772	375
	773	375
	773	376
	774	377
	774	378
	774	380
	774	381
	774	382
	774	384
	774	387
	774	389
	774	390
	774	392
	774	393
	774	395
	774	396
	774	395
	773	393
	773	391
	773	389
	773	387
	773	385
	773	383
	773	381
	773	380
	773	379
	773	377
	774	376
	775	374
	775	373
	776	373
	777	372
	778	372
.PEN_UP
