
.WRITER_ID BobStrong
.STYLE PRINTED
.PEN_DOWN
	92	385
	92	386
	92	385
	91	385
	90	385
	90	384
	89	383
	88	382
	88	380
	87	380
	87	378
	87	377
	87	376
	87	374
	87	373
	87	372
	87	371
	87	370
	88	368
	88	367
	89	367
	91	366
	92	365
	93	365
	94	365
.PEN_UP
.PEN_DOWN
	76	375
	76	374
	77	375
	78	375
	80	375
	83	376
	85	376
	87	376
	89	376
	91	376
	93	376
	94	376
	96	376
	97	376
.PEN_UP
.PEN_DOWN
	104	393
	103	392
	102	390
	102	389
	101	388
	101	387
	100	385
	100	383
	100	381
	99	380
	99	378
	99	376
	98	374
	98	371
	98	370
	98	369
	98	368
	98	367
	99	367
	99	366
	99	365
	100	365
	101	366
	101	367
	102	367
	103	368
	103	369
	104	370
	104	371
	105	372
	105	374
	106	374
	107	376
	107	375
	107	374
	106	374
	106	373
	106	371
	106	370
	106	369
	106	368
	106	367
	107	367
	107	366
	108	366
.PEN_UP
.PEN_DOWN
	120	372
	120	373
	120	374
	120	375
	119	376
	118	376
	118	375
	117	374
	116	373
	115	372
	115	371
	114	371
	114	370
	114	369
	114	368
	114	367
	114	366
	115	366
	116	366
	117	366
	118	366
	118	367
	119	367
	120	368
	121	369
	121	370
	121	371
	122	371
	123	371
	123	370
	124	370
	125	369
	125	368
	126	368
	126	367
	126	366
.PEN_UP
.PEN_DOWN
	136	392
	135	392
	135	391
	134	391
	134	390
	133	389
	132	388
	132	387
	131	385
	131	384
	131	383
	130	380
	130	378
	130	377
	130	376
	130	374
	130	373
	130	372
	131	371
	132	370
	133	369
	136	368
	137	367
	138	367
	139	367
	140	367
	142	367
	143	367
	144	368
.PEN_UP
.PEN_DOWN
	119	380
	119	379
	120	379
	121	380
	122	380
	124	380
	126	380
	129	381
	131	381
	134	381
	138	380
	139	380
	141	380
	142	380
	143	380
	144	380
.PEN_UP
.PEN_DOWN
	168	380
	168	381
	169	381
	170	381
	169	380
	168	379
	168	378
	167	377
	166	376
	166	375
	165	373
	165	372
	164	371
	164	369
	164	367
	164	366
	164	365
	165	364
	166	363
	167	363
	168	363
	170	363
	171	363
	172	363
	173	364
	174	365
	174	366
.PEN_UP
.PEN_DOWN
	156	374
	156	373
	157	373
	158	373
	159	373
	160	373
	162	373
	164	374
	165	374
	167	374
	169	375
	171	375
	172	375
	175	376
	176	376
.PEN_UP
.PEN_DOWN
	188	393
	188	392
	188	391
	187	391
	187	390
	186	389
	185	386
	184	385
	184	383
	184	381
	184	379
	183	377
	183	376
	183	374
	183	373
	182	371
	182	370
	182	369
	182	368
	182	367
	182	366
	183	366
	184	366
	185	367
	186	367
	187	368
	188	369
	188	370
	189	371
	190	372
	190	373
	191	374
	191	375
	192	376
	191	375
	191	374
	191	373
	192	373
	192	372
	192	371
	193	371
	193	370
	193	369
.PEN_UP
.PEN_DOWN
	200	377
	201	377
	202	377
	203	377
	204	377
	205	377
	207	377
	208	377
	209	377
	210	377
	210	378
	210	379
	210	380
	209	380
	208	380
	207	379
	206	379
	205	379
	204	378
	202	377
	201	376
	200	375
	200	374
	199	373
	199	372
	200	371
	201	371
	201	370
	202	370
	204	370
	205	370
	206	370
	207	370
.PEN_UP
.PEN_DOWN
	217	378
	217	377
	217	376
	217	375
	217	374
	217	373
	217	372
	217	371
	217	370
	217	369
	218	370
	218	371
	219	372
	219	373
	220	374
	220	375
	220	376
	221	377
	221	378
	222	379
	222	380
	222	381
	223	381
	224	381
	224	382
	225	382
	226	382
	227	382
.PEN_UP
.PEN_DOWN
	232	377
	233	377
	234	377
	235	377
	236	377
	237	377
	238	378
	239	378
	239	379
	240	379
	241	379
	241	380
	241	381
	241	382
	240	382
	239	382
	238	382
	238	381
	237	381
	236	380
	234	380
	234	379
	232	377
	230	376
	230	375
	229	374
	229	373
	229	372
	229	371
	229	370
	230	369
	230	368
	231	368
	234	368
	236	368
	237	368
	238	368
	239	369
	240	369
	241	369
	243	370
.PEN_UP
.PEN_DOWN
	262	375
	263	376
	264	376
	264	377
	265	377
	265	378
	265	377
	264	376
	264	375
	264	373
	264	372
	264	371
	265	371
	265	370
	266	370
	266	369
	267	369
	268	369
	269	369
	270	370
	271	370
	271	371
	271	372
	271	373
	272	373
	273	372
	274	372
	275	372
	276	372
	277	372
	278	372
	279	372
	280	372
	281	372
	282	373
	283	373
	283	374
	283	375
	283	376
	283	377
	283	378
	282	378
	282	379
	281	380
.PEN_UP
.PEN_DOWN
	298	377
	297	378
	296	378
	295	378
	294	378
	293	378
	292	377
	291	376
	290	375
	290	374
	289	374
	289	373
	289	372
	289	371
	289	370
	290	370
	291	370
	292	370
	293	370
	294	371
	295	371
	296	372
	296	373
	296	374
	296	375
	296	374
	296	372
	297	371
	297	370
	298	370
	299	369
.PEN_UP
.PEN_DOWN
	314	378
	313	378
	312	378
	311	378
	310	377
	309	377
	308	376
	308	375
	308	374
	309	373
	310	373
	311	372
	312	372
	314	371
	315	371
	316	371
	316	370
	317	370
	317	369
	316	368
	316	367
	314	367
	313	367
	312	367
	311	367
	310	366
	309	366
	308	366
	307	365
.PEN_UP
.PEN_DOWN
	371	376
	370	376
	368	376
	367	376
	365	376
	364	376
	363	376
	362	376
	360	375
	359	374
	358	374
	358	373
	357	373
	357	372
	358	371
	359	370
	360	370
	361	370
	362	370
	363	369
	364	369
	366	369
	367	369
	368	368
	367	367
	365	367
	363	367
	362	367
	361	366
	360	366
	359	366
	358	366
	357	365
	356	365
.PEN_UP
.PEN_DOWN
	370	373
	370	372
	370	371
	371	370
	372	369
	373	368
	374	368
	375	367
	376	367
	377	367
	378	367
	379	367
	380	368
	380	369
	380	370
	379	371
	378	372
	376	373
	374	373
	374	374
	373	374
	372	374
.PEN_UP
.PEN_DOWN
	387	376
	387	375
	387	374
	387	373
	387	372
	386	372
	386	371
	386	370
	386	369
	387	369
	388	370
	389	371
	390	371
	390	372
	391	372
	391	373
	391	374
	392	374
	392	375
	393	376
	393	377
	393	376
	393	375
	393	374
	394	373
	394	372
	395	372
	396	372
	397	372
	397	373
	398	373
	398	374
	399	374
	399	375
	400	376
	401	376
	401	375
	401	374
	401	373
	400	372
	400	371
	400	370
	400	369
	400	368
.PEN_UP
.PEN_DOWN
	407	376
	408	376
	409	376
	410	376
	411	376
	412	376
	413	376
	413	377
	414	377
	414	378
	413	378
	412	378
	411	378
	410	378
	410	377
	409	377
	408	376
	408	375
	407	374
	407	373
	407	372
	407	371
	407	370
	408	370
	408	369
	409	369
	410	368
	411	368
	412	368
	413	368
	414	368
.PEN_UP
.PEN_DOWN
	432	384
	431	383
	431	382
	430	381
	430	380
	429	379
	429	378
	428	377
	428	376
	428	373
	427	372
	427	371
	427	370
	428	369
	428	368
	429	368
	429	367
	430	367
	431	367
	432	366
	433	366
	434	366
.PEN_UP
.PEN_DOWN
	421	377
	422	376
	423	376
	424	376
	426	376
	428	376
	430	376
	431	376
	433	376
	434	376
.PEN_UP
.PEN_DOWN
	443	396
	444	396
	444	397
	445	397
	445	396
	445	395
	445	394
	444	393
	444	392
	444	390
	443	389
	443	388
	442	384
	442	383
	441	381
	441	380
	441	378
	441	377
	441	376
	441	375
	441	374
	441	373
	441	374
	442	374
	442	375
	442	376
	443	376
	443	377
	444	378
	444	380
	445	381
	446	382
	446	383
	447	383
	448	383
	449	383
	450	383
	451	382
	451	381
	451	380
	451	379
	450	377
	450	376
	449	375
	449	374
	448	372
	448	371
	448	370
	448	369
.PEN_UP
.PEN_DOWN
	462	378
	462	377
	461	376
	461	375
	461	374
	461	373
	460	373
	460	372
	460	371
.PEN_UP
.PEN_DOWN
	459	385
	460	385
	461	385
	461	386
	462	386
	462	387
	463	388
	463	389
	464	389
.PEN_UP
.PEN_DOWN
	473	375
	472	373
	472	372
	471	372
	471	371
	471	370
	471	369
	472	369
	473	369
	473	370
	474	371
	475	372
	476	373
	476	374
	477	375
	477	376
	478	377
	478	378
	479	379
	480	379
	481	379
	481	378
	482	378
	482	377
	482	376
	483	375
	483	374
	483	373
	483	372
	483	371
	483	370
	483	369
	483	368
.PEN_UP
.PEN_DOWN
	498	375
	497	376
	497	377
	497	378
	496	378
	496	379
	495	379
	495	378
	494	378
	494	377
	493	377
	492	376
	492	375
	491	374
	491	373
	490	372
	490	371
	490	369
	491	369
	491	368
	492	368
	493	368
	494	368
	495	368
	496	368
	497	370
	498	370
	498	371
	498	372
	498	373
	498	374
	499	374
	500	374
	500	373
	501	372
	502	371
	503	370
	503	369
	504	368
	504	366
	504	365
	504	363
	504	362
	504	361
	504	360
	503	359
	503	358
	502	357
	501	356
	500	355
	499	354
	498	354
	497	354
	496	354
	495	353
	494	353
	493	353
	492	353
.PEN_UP
.PEN_DOWN
	517	369
	516	369
	516	368
	516	369
	515	369
	515	370
	515	369
	515	368
	515	367
	515	366
	515	365
	515	364
	515	363
	515	361
	515	360
	515	359
	515	358
	514	357
	513	356
	513	355
	512	355
	511	354
	510	353
	509	353
	508	353
.PEN_UP
.PEN_DOWN
	560	385
	559	386
	558	386
	557	386
	556	386
	555	386
	554	386
	553	385
	550	385
	549	384
	548	384
	547	383
	546	382
	545	381
	545	380
	545	379
	546	378
	548	378
	549	378
	551	378
	552	377
	553	377
	555	377
	556	377
	556	376
	555	376
	555	375
	553	375
	552	374
	551	373
	550	373
	548	372
	547	372
	546	371
	545	371
.PEN_UP
.PEN_DOWN
	566	375
	565	375
	564	374
	562	374
	561	374
	561	373
	562	372
	563	372
	564	371
	565	371
	567	371
	569	371
	569	372
	570	372
	571	372
	572	373
	572	374
	572	375
	572	376
	572	377
	571	378
	570	379
	569	379
	568	380
.PEN_UP
.PEN_DOWN
	579	379
	579	378
	578	377
	578	376
	578	375
	578	374
	579	373
	579	372
	580	373
	580	374
	581	375
	581	376
	582	376
	582	377
	583	378
	583	379
	583	380
	584	380
	584	381
	585	382
	585	381
	584	380
	584	379
	584	378
	585	377
	586	377
	587	377
	588	378
	589	378
	589	379
	590	379
	591	379
	591	380
	592	380
	593	381
	593	382
	593	381
	593	380
	592	379
	592	378
	592	377
	592	376
	592	375
	593	374
	593	373
	594	373
.PEN_UP
.PEN_DOWN
	603	379
	604	379
	605	379
	606	380
	607	380
	609	380
	610	380
	611	380
	612	381
	612	382
	613	382
	613	383
	612	383
	610	383
	610	382
	609	382
	608	381
	607	381
	606	380
	605	379
	604	378
	604	377
	603	376
	603	375
	603	374
	604	373
	604	372
	605	371
	607	371
	608	371
	609	371
	610	371
.PEN_UP
.PEN_DOWN
	627	379
	627	378
	627	377
	626	376
	626	375
	626	374
	626	372
	626	371
	627	371
	628	371
	629	371
	630	371
	630	372
	631	372
	631	373
	632	374
	632	375
	632	376
	633	375
	633	374
	634	374
	634	373
	635	373
	635	372
	636	371
	637	371
	638	371
	638	370
	639	370
	640	370
	641	371
	642	371
	642	372
	642	373
	642	374
	643	375
	643	376
	643	377
	643	378
	643	379
.PEN_UP
.PEN_DOWN
	652	392
	652	391
	653	390
	653	389
	653	388
	652	387
	652	385
	652	384
	651	382
	651	381
	650	380
	650	378
	650	376
	649	375
	649	374
	649	373
	649	372
	649	371
	649	370
	650	370
	651	370
	651	371
	652	371
	652	372
	653	372
	653	373
	654	374
	655	374
	656	376
	657	376
	657	375
	657	374
	657	373
	657	372
	658	371
	658	370
	659	369
	660	368
.PEN_UP
.PEN_DOWN
	668	378
	668	377
	669	377
	670	377
	671	377
	672	377
	673	377
	674	377
	675	377
	676	378
	676	379
	677	379
	677	380
	676	381
	676	382
	675	382
	674	382
	673	382
	672	381
	671	380
	670	380
	669	379
	667	376
	666	376
	666	375
	666	373
	666	372
	666	371
	667	370
	668	370
	669	369
	670	369
	671	368
	674	368
	675	368
.PEN_UP
.PEN_DOWN
	687	378
	687	377
	687	376
	687	375
	687	374
	687	373
	687	372
	687	371
	687	370
	688	370
	688	371
	688	372
	688	373
	688	374
	688	375
	688	376
	689	377
	689	378
	689	379
	690	380
	690	381
	691	381
	691	382
	692	382
	693	382
	694	382
	695	382
	696	382
	697	382
.PEN_UP
.PEN_DOWN
	702	379
	702	378
	703	377
	704	377
	705	377
	706	377
	707	377
	708	378
	709	379
	710	380
	710	381
	710	382
	710	383
	710	384
	709	384
	708	384
	707	384
	706	383
	705	383
	704	382
	703	382
	702	381
	700	380
	699	379
	699	378
	698	376
	698	375
	698	374
	698	373
	698	372
	699	371
	700	371
	701	371
	702	370
	703	370
	704	370
	706	370
	707	370
	708	371
.PEN_UP
.PEN_DOWN
	719	372
	719	371
	719	370
	719	369
	719	368
	719	366
	719	365
	719	364
	719	363
	718	362
	718	361
	718	360
	717	360
	717	359
.PEN_UP
