
.WRITER_ID BobStrong
.STYLE PRINTED
.PEN_DOWN
	117	394
	117	395
	118	395
	119	396
	118	395
	117	394
	117	393
	117	392
	117	391
	117	390
	117	389
.PEN_UP
.PEN_DOWN
	125	397
	125	396
	125	395
	125	394
	125	393
	125	392
	125	391
	125	390
	125	389
.PEN_UP
.PEN_DOWN
	142	382
	143	382
	143	381
	144	381
	144	380
	145	380
	145	379
	147	379
	147	378
	148	376
	148	375
	149	374
	149	373
	149	372
	150	371
	150	370
.PEN_UP
.PEN_DOWN
	151	381
	150	381
	149	380
	148	379
	147	379
	146	378
	145	377
	144	376
	144	375
	142	374
	141	373
	141	372
	140	371
	140	370
	140	369
.PEN_UP
.PEN_DOWN
	163	381
	162	381
	162	380
	161	379
	161	378
	161	377
	162	376
	162	375
	163	374
	164	373
	165	373
	166	373
	166	374
	167	374
	168	375
	168	376
	168	377
	169	378
	169	379
	169	378
	169	377
	169	376
	169	375
	170	374
	170	373
	170	371
	171	370
	171	369
	171	368
	171	367
	171	366
	171	363
	171	362
	171	361
	171	360
	171	359
	170	358
	169	357
	168	356
	167	356
	166	356
	166	355
	165	355
	164	355
.PEN_UP
.PEN_DOWN
	184	381
	185	381
	186	381
	186	382
	187	382
	188	382
	190	382
	190	381
	191	381
	191	380
	192	380
	192	379
	192	378
	191	377
	191	376
	190	375
	189	375
	189	374
	188	373
	187	372
	187	371
	186	371
	186	370
	187	370
	187	369
	188	369
	189	369
	190	369
	193	369
	194	369
	195	369
	196	369
.PEN_UP
.PEN_DOWN
	199	380
	200	380
	200	381
	201	381
	202	381
	204	381
	205	381
	206	381
	208	381
	209	381
	210	380
	211	380
	212	380
	212	379
	213	379
	213	378
	213	377
	212	376
	212	375
	210	375
	209	374
	208	373
	206	373
	205	372
	204	371
	203	370
	202	369
	202	368
	203	368
	204	367
	205	367
	206	367
	207	367
	208	367
	210	367
	212	367
.PEN_UP
.PEN_DOWN
	224	379
	223	379
	223	378
	223	377
	223	376
	223	375
	224	374
	225	373
	226	373
	226	372
	227	372
	228	371
	229	371
	230	371
	231	371
	232	371
	233	371
	233	372
	234	373
	234	374
	234	375
	234	376
	234	377
	234	378
	234	379
	234	378
	234	377
	234	376
	234	375
	234	373
	234	372
	234	371
	234	370
	234	369
	234	368
	234	367
	234	366
	234	365
	234	364
	234	363
	234	361
	234	360
	234	359
	234	358
	233	358
	233	357
	232	357
	231	357
	229	357
	228	356
	227	356
	226	356
	226	355
.PEN_UP
.PEN_DOWN
	247	376
	248	376
	249	376
	250	376
	251	376
	252	376
	253	375
	254	374
	254	373
	254	372
	254	371
	253	370
	252	369
	251	369
	250	368
	248	367
	247	366
	246	366
	245	366
.PEN_UP
.PEN_DOWN
	264	406
	264	405
	263	405
	263	404
	263	403
	263	402
	263	401
	263	400
	262	400
	262	399
	262	398
.PEN_UP
.PEN_DOWN
	269	402
	268	402
	268	401
	268	400
	267	400
	267	399
	267	398
.PEN_UP
.PEN_DOWN
	289	384
	290	384
	290	385
	291	385
	291	386
	292	386
	292	387
	292	388
	291	387
	291	386
	290	385
	290	384
	289	382
	289	381
	289	379
	289	378
	289	377
	290	377
	290	376
	291	376
	292	376
	293	376
	295	376
	296	377
	297	378
	297	379
	297	380
	297	381
	297	382
	298	381
	299	381
	299	380
	300	380
	301	379
	302	379
	303	379
	304	379
	305	379
	306	379
	307	379
	308	379
	308	380
	308	381
	308	382
	308	383
	308	384
	308	385
.PEN_UP
.PEN_DOWN
	322	399
	322	398
	321	398
	320	397
	319	396
	318	395
	318	393
	317	392
	317	390
	317	388
	317	387
	317	382
	317	381
	317	379
	317	378
	317	376
	317	375
	317	374
	317	373
	317	374
	318	375
	319	375
	319	376
	320	377
	321	378
	321	379
	322	380
	323	382
	324	383
	325	383
	326	383
	326	382
	326	381
	326	380
	326	379
	326	378
	326	377
	326	376
	327	376
	327	375
	328	375
	329	375
.PEN_UP
.PEN_DOWN
	339	383
	340	383
	341	383
	342	383
	343	384
	344	384
	345	384
	345	385
	346	385
	346	386
	346	387
	345	387
	344	387
	343	387
	342	386
	341	386
	340	385
	339	384
	337	383
	336	382
	335	381
	334	381
	334	380
	334	379
	334	378
	334	377
	335	376
	336	376
	337	375
	340	374
	341	374
	342	373
	343	373
	344	373
.PEN_UP
.PEN_DOWN
	351	384
	352	383
	353	383
	354	383
	356	383
	357	384
	358	384
	358	385
	358	386
	357	386
	356	386
	355	386
	354	386
	353	386
	352	385
	351	385
	350	384
	349	383
	348	382
	348	381
	348	380
	348	379
	348	377
	349	377
	350	376
	351	376
	352	375
	353	375
	354	375
	356	375
	357	375
.PEN_UP
.PEN_DOWN
	368	386
	369	386
	370	386
	371	386
	372	386
	373	386
	373	385
	374	385
	374	384
	373	383
	372	382
	372	381
	371	381
	371	380
	371	379
	370	379
	370	378
	369	377
	369	376
	369	375
	370	374
	370	373
	371	373
	372	373
	373	373
	374	373
	375	373
	376	372
	377	372
.PEN_UP
.PEN_DOWN
	384	384
	384	383
	385	383
	386	383
	387	383
	388	383
	389	383
	390	383
	390	384
	391	384
	392	384
	392	385
	392	386
	391	386
	390	386
	389	386
	387	386
	386	385
	385	384
	384	383
	384	382
	383	381
	383	380
	383	379
	383	378
	384	377
	384	376
	385	376
	386	375
	387	375
	388	375
	389	375
	390	375
.PEN_UP
.PEN_DOWN
	405	380
	406	380
	407	380
	407	381
	408	381
	408	382
	408	383
	407	384
	406	384
	405	384
	404	384
	403	384
	402	384
	400	384
	399	383
	398	383
	396	381
	396	380
	396	379
	396	378
	396	377
	397	376
	398	375
	399	375
	400	375
	401	375
	404	376
	406	376
	407	377
	408	377
	409	378
	410	379
	410	380
	411	381
	411	382
	411	383
	412	384
	412	387
	412	388
	411	390
	411	391
	411	393
	411	394
	411	395
	410	394
	410	393
	409	392
	409	391
	409	389
	409	388
	408	387
	408	385
	408	384
	408	383
	408	381
	408	380
	408	378
	408	377
	409	376
	409	375
.PEN_UP
.PEN_DOWN
	454	387
	454	388
	453	388
	453	387
	452	387
	452	386
	451	385
	451	384
	451	383
	451	382
	450	381
	450	380
	450	378
	450	377
	450	376
	450	373
	451	372
	452	372
	452	371
	453	370
	454	370
	455	370
	455	369
	456	369
	457	369
.PEN_UP
.PEN_DOWN
	443	380
	444	380
	445	380
	446	380
	447	381
	449	381
	450	381
	451	381
	453	381
	454	381
	455	381
	456	381
	457	381
	459	381
	460	382
.PEN_UP
.PEN_DOWN
	468	397
	468	396
	468	395
	467	394
	467	392
	466	391
	466	389
	465	387
	464	385
	464	384
	463	382
	463	379
	463	378
	462	376
	462	374
	462	373
	462	372
	462	371
	463	371
	464	373
	465	374
	465	375
	466	375
	467	376
	468	378
	468	379
	469	379
	469	380
	470	381
	471	381
	471	380
	471	379
	471	378
	471	377
	471	376
	471	375
	471	373
	471	372
	471	371
	472	370
.PEN_UP
.PEN_DOWN
	480	380
	480	379
	481	379
	482	379
	482	380
	483	380
	484	380
	485	380
	487	381
	488	381
	489	381
	490	382
	491	382
	492	382
	492	383
	492	384
	491	385
	491	386
	490	386
	489	386
	488	386
	487	386
	486	386
	485	386
	484	385
	483	385
	482	384
	481	383
	480	381
	479	380
	479	379
	479	378
	479	377
	479	376
	480	375
	481	374
	482	373
	484	373
	485	373
	489	372
	490	372
	492	372
	493	372
	494	372
.PEN_UP
.PEN_DOWN
	531	384
	529	385
	527	385
	525	385
	524	385
	523	385
	522	385
	521	384
	520	384
	519	384
	519	383
	519	382
	519	381
	519	380
	520	379
	521	379
	522	378
	523	378
	524	377
	526	377
	527	376
	528	376
	529	375
	531	374
	531	373
	530	373
	529	372
	528	372
	527	372
	526	372
	523	372
	522	372
	521	372
	520	371
	519	371
	518	371
	517	371
	517	370
.PEN_UP
.PEN_DOWN
	539	379
	539	378
	538	377
	538	376
	538	375
	537	375
	537	374
	536	373
	536	372
	535	372
	535	371
	536	371
	537	372
	537	373
	538	373
	538	374
	539	375
	540	376
	542	378
	542	379
	543	380
	544	381
	545	382
	546	382
	547	382
	547	381
	547	380
	547	379
	546	378
	546	377
	546	376
	546	375
	546	374
	546	373
.PEN_UP
.PEN_DOWN
	560	380
	560	381
	559	382
	559	383
	558	383
	558	384
	557	384
	556	384
	555	383
	554	382
	553	381
	552	380
	552	379
	551	378
	551	376
	551	375
	550	375
	550	374
	550	373
	551	372
	552	372
	553	372
	554	372
	555	372
	556	373
	557	373
	557	374
	558	374
	559	375
	559	376
	559	377
	559	378
	560	378
	560	379
	559	378
	559	377
	559	376
	559	375
	560	374
	561	373
	561	372
	562	371
.PEN_UP
.PEN_DOWN
	572	382
	573	382
	573	383
	574	383
	575	383
	576	383
	577	383
	578	383
	579	383
	580	383
	581	382
	582	382
	582	381
	582	380
	581	379
	580	378
	579	378
	578	377
	577	376
	576	376
	574	375
	573	374
	571	373
	571	372
	572	372
	572	371
	574	371
	576	371
	577	371
	578	371
.PEN_UP
.PEN_DOWN
	587	382
	588	382
	589	382
	590	382
	591	382
	593	382
	594	382
	595	382
	595	381
	596	380
	596	379
	595	379
	594	378
	594	377
	593	377
	593	376
	591	375
	591	374
	590	374
	590	373
	590	372
	590	371
	590	370
	591	370
	592	369
	593	368
	594	368
	595	368
	596	368
	597	368
.PEN_UP
.PEN_DOWN
	610	379
	610	378
	610	377
	610	376
	610	375
	611	374
	611	373
	612	372
	613	372
	614	372
	616	372
	617	372
	618	372
	619	372
	619	373
	620	373
	620	374
	621	374
	621	375
	622	376
	622	377
	622	378
	621	378
	621	377
	620	377
	620	376
	620	375
	619	374
	619	373
	619	372
	619	371
	619	370
	619	369
	619	368
	619	366
	619	365
	619	364
	619	362
	620	361
	621	359
	621	358
	621	357
	621	356
	620	355
	619	355
	618	354
	617	354
	616	354
	614	354
	613	353
	612	353
	611	353
	610	353
.PEN_UP
.PEN_DOWN
	649	385
	650	385
	651	385
	652	385
	653	385
	653	386
	654	386
	655	386
	656	386
	657	386
	658	385
	659	385
	661	385
	662	384
	662	383
	661	383
	661	382
	660	381
	659	380
	658	380
	657	379
	656	379
	655	379
	654	378
	653	378
	653	377
	652	377
	652	376
	653	375
	654	375
	655	375
	656	374
	657	374
	659	374
	660	374
	662	373
	664	373
	665	373
.PEN_UP
.PEN_DOWN
	674	381
	673	381
	671	381
	670	381
	669	381
	669	380
	669	379
	669	378
	669	377
	669	376
	670	375
	673	374
	674	373
	675	373
	676	373
	677	373
	678	373
	679	374
	679	375
	679	376
	679	377
	679	378
	678	379
	678	381
	678	382
	674	383
	672	383
	671	383
	670	383
	669	383
.PEN_UP
.PEN_DOWN
	687	379
	686	378
	686	377
	685	377
	684	376
	684	375
	684	374
	684	373
	684	372
	685	372
	686	373
	687	373
	687	374
	688	374
	689	375
	690	376
	690	377
	691	377
	691	378
	692	380
	693	381
	693	382
	692	381
	692	380
	692	379
	693	379
	693	378
	694	378
	695	378
	696	378
	697	378
	698	378
	698	379
	699	379
	700	379
	700	380
	701	380
	701	379
	701	378
	701	376
	701	375
	701	374
	702	374
	702	373
	703	373
	704	373
.PEN_UP
.PEN_DOWN
	719	400
	719	399
	719	398
	718	397
	718	395
	718	393
	717	391
	717	389
	716	387
	716	385
	715	384
	715	382
	714	380
	713	378
	713	377
	713	376
	713	375
	713	374
	713	373
	714	373
	715	373
	715	374
	716	374
	717	375
	717	376
	718	377
	718	379
	719	380
	719	381
	720	382
	722	384
	723	384
	724	384
	725	384
	725	383
	725	382
	726	381
	726	380
	726	379
	726	378
	725	378
	725	377
	725	376
	724	376
	724	375
	723	374
	723	373
	720	373
	720	372
	719	372
	718	372
	717	372
	716	372
	715	372
.PEN_UP
.PEN_DOWN
	734	380
	734	379
	734	378
	733	377
	732	376
	732	375
	732	374
	733	373
.PEN_UP
.PEN_DOWN
	738	395
	738	396
	739	396
	740	396
	741	396
	742	395
.PEN_UP
.PEN_DOWN
	745	378
	745	377
	746	377
	748	377
	749	376
	750	376
	751	376
	752	376
	753	376
	753	377
	754	377
	754	378
	755	378
	755	379
	754	380
	754	381
	753	381
	752	381
	751	381
	749	381
	748	381
	747	380
	746	380
	745	379
	745	378
	744	378
	744	377
	743	376
	743	375
	743	374
	745	373
	747	372
	748	372
	749	371
	750	371
	751	371
	752	371
	753	371
	754	371
	755	371
	756	371
	757	371
	758	371
.PEN_UP
.PEN_DOWN
	777	372
	778	372
	778	371
	778	372
	777	372
	776	373
.PEN_UP
