
.WRITER_ID BobStrong
.STYLE PRINTED
.PEN_DOWN
	138	399
	138	398
	138	397
	138	396
	138	395
	138	394
	137	393
	137	391
	136	389
	136	388
	135	386
	135	384
	133	380
	133	378
	133	377
	132	375
	132	373
	132	372
	131	370
	131	369
	131	368
	131	366
	130	365
.PEN_UP
.PEN_DOWN
	155	384
	155	385
	155	386
	155	387
	155	388
	155	389
	154	389
	153	389
	152	389
	151	389
	149	388
	148	388
	147	387
	146	386
	145	385
	144	384
	143	383
	142	382
	142	381
	142	380
	142	379
	143	378
	144	378
	145	378
	147	378
	148	379
	149	379
	150	379
	151	380
	152	381
	153	382
	154	384
	154	385
	154	386
	154	387
	153	388
	152	388
	152	387
	151	386
	151	385
	151	384
	151	383
	151	382
	151	381
	151	380
	151	379
	151	378
	151	377
	152	376
	152	375
	153	374
.PEN_UP
.PEN_DOWN
	184	392
	184	391
	183	390
	182	388
	182	387
	182	385
	181	384
	181	382
	181	380
	180	379
	180	378
	180	377
	180	376
	180	375
	180	374
.PEN_UP
.PEN_DOWN
	170	383
	171	382
	172	382
	173	382
	175	383
	177	383
	179	383
	180	383
	182	383
	184	383
	185	383
	188	383
.PEN_UP
.PEN_DOWN
	196	402
	198	401
	197	401
	197	400
	197	399
	196	398
	196	397
	196	396
	196	394
	196	392
	196	390
	196	388
	196	387
	195	383
	195	381
	195	380
	194	379
	194	378
	194	377
	194	376
	194	375
	194	376
	194	377
	194	378
	195	379
	195	380
	195	381
	196	382
	196	384
	197	385
	199	388
	200	388
	200	389
	201	389
	202	389
	203	388
	204	388
	204	387
	205	386
	205	385
	206	384
	206	383
	206	382
	206	381
	206	380
	206	379
	205	378
	205	377
	204	375
	203	375
	202	374
	201	374
	200	373
	199	373
	199	372
	198	372
	197	372
	196	372
	195	372
.PEN_UP
.PEN_DOWN
	223	406
	223	405
	222	405
	222	404
	222	403
	221	402
	221	401
	220	400
	219	398
	219	396
	218	393
	218	391
	216	387
	216	384
	215	382
	215	380
	215	379
	215	377
	214	375
	214	374
	214	373
	214	372
	215	371
.PEN_UP
.PEN_DOWN
	265	396
	265	395
	264	395
	264	394
	263	393
	262	392
	262	391
	261	391
	260	390
	259	389
	258	388
	256	386
	255	386
	255	385
	253	384
	252	383
	252	382
	251	382
	251	381
	252	380
	252	379
	253	379
	254	379
	255	378
	256	378
	257	378
	258	378
	259	378
	260	378
	261	378
	261	377
	262	377
	262	376
	262	375
	262	374
.PEN_UP
.PEN_DOWN
	270	389
	271	389
	272	389
	272	390
	273	390
	274	390
	275	390
	276	390
	277	389
	278	389
	279	389
	280	389
	281	389
.PEN_UP
.PEN_DOWN
	267	380
	268	379
	269	379
	270	379
	272	379
	273	379
	274	379
	276	379
	278	379
	279	379
	280	379
	281	379
	282	379
	283	379
.PEN_UP
.PEN_DOWN
	313	400
	313	399
	313	398
	312	397
	312	396
	310	394
	310	393
	308	391
	307	386
	306	384
	306	382
	305	380
	305	378
	305	376
	305	375
	304	374
	304	372
	304	371
	304	370
	305	370
	305	368
.PEN_UP
.PEN_DOWN
	325	383
	326	383
	326	384
	326	385
	326	386
	325	388
	324	388
	323	389
	322	389
	321	389
	320	389
	320	388
	319	388
	317	387
	317	386
	317	385
	317	384
	317	383
	317	382
	317	381
	318	381
	319	381
	320	381
	321	381
	322	381
	323	382
	323	383
	323	384
	323	383
	322	383
	322	382
	322	381
	322	380
	322	379
	323	378
	324	377
	325	377
	325	376
	326	376
.PEN_UP
.PEN_DOWN
	344	399
	344	398
	343	397
	343	395
	342	394
	342	392
	341	390
	341	388
	340	384
	340	382
	339	380
	339	379
	339	378
	338	377
	338	375
	338	374
	338	373
	338	372
	338	371
.PEN_UP
.PEN_DOWN
	375	388
	375	387
	374	387
	373	385
	372	383
	371	382
	370	381
	370	380
	370	379
	370	378
	370	377
	370	376
	370	375
.PEN_UP
.PEN_DOWN
	364	382
	364	381
	365	381
	366	381
	368	381
	369	381
	370	381
	371	381
	373	381
	374	381
	375	381
	376	381
.PEN_UP
.PEN_DOWN
	399	398
	399	397
	399	396
	399	395
	398	394
	398	393
	397	392
	396	390
	395	388
	394	385
	393	383
	393	381
	392	379
	392	378
	392	376
	391	375
	391	373
	391	372
	391	371
	391	370
	391	369
.PEN_UP
.PEN_DOWN
	412	398
	412	397
	412	396
	411	394
	411	393
	410	392
	410	390
	409	388
	409	387
	408	383
	408	382
	407	380
	407	379
	407	378
	407	377
	407	376
	407	375
	407	376
	408	377
	408	378
	408	379
	409	379
	409	380
	410	381
	410	383
	412	385
	414	386
	415	386
	416	386
	416	385
	417	385
	417	384
	417	383
	416	382
	416	381
	416	380
	415	379
	414	379
	414	378
	414	377
	413	377
	412	376
	410	376
	409	376
	408	375
	407	375
	406	375
.PEN_UP
.PEN_DOWN
	432	402
	432	401
	432	400
	432	397
	432	396
	431	394
	431	393
	430	391
	429	389
	429	387
	428	385
	427	384
	427	382
	426	380
	426	379
	425	376
	425	375
	425	374
	425	373
.PEN_UP
