
.WRITER_ID BobStrong
.STYLE PRINTED
.PEN_DOWN
	125	396
	126	397
	126	398
	127	398
	127	397
	126	397
	126	396
	125	395
	125	393
	124	392
	123	390
	122	386
	121	384
	121	383
	120	381
	120	380
	120	378
	120	377
	120	376
	120	375
	120	374
	121	373
	121	372
	122	371
	123	371
	124	371
	125	370
	126	370
	127	370
	128	370
	129	370
	130	370
	131	370
	131	371
.PEN_UP
.PEN_DOWN
	113	382
	114	382
	114	383
	115	384
	116	384
	117	385
	118	385
	119	385
	120	385
	121	385
	122	385
	123	385
	124	385
	125	385
.PEN_UP
.PEN_DOWN
	146	378
	146	377
	145	377
	144	377
	143	377
	142	377
	141	376
	140	376
	139	375
	138	374
	137	373
	137	372
	138	372
	139	372
	141	372
	142	372
	143	372
	144	373
	146	374
	147	374
	148	375
	149	375
	149	376
	149	377
	149	378
	149	379
	148	379
	147	379
	146	379
	145	379
	144	379
.PEN_UP
.PEN_DOWN
	157	379
	156	379
	155	379
	155	378
	155	377
	154	376
	154	375
	154	373
	155	373
	155	372
	156	372
	157	371
	158	371
	159	371
	160	371
	161	371
	162	372
	163	372
	165	373
	165	374
	165	375
	165	376
	165	377
	164	378
	163	378
	163	379
	161	379
	159	379
	158	379
	157	379
	156	379
	155	379
	155	378
.PEN_UP
.PEN_DOWN
	180	395
	180	394
	180	393
	179	393
	179	391
	179	389
	179	388
	179	385
	179	383
	179	382
	179	381
	179	380
	179	378
	179	377
	179	376
	179	375
	179	374
	179	373
	179	372
.PEN_UP
.PEN_DOWN
	188	387
	188	386
	187	386
	186	386
	186	385
	185	385
	184	385
	183	384
	183	383
	182	383
	182	382
	182	381
	181	381
	181	380
	181	379
	181	378
	181	377
	182	377
	182	376
	183	376
	183	375
	184	375
	185	375
	185	374
	186	374
	187	374
	188	374
	189	374
	190	374
.PEN_UP
.PEN_DOWN
	236	377
	236	378
	235	378
	235	379
	234	379
	233	379
	232	379
	231	379
	230	379
	229	378
	228	378
	227	377
	226	377
	226	376
	225	376
	224	375
	223	375
	223	374
	223	373
	224	373
	225	373
	226	373
	227	374
	228	374
	229	375
	230	375
	230	376
	231	376
	231	377
	232	377
	232	376
	233	376
	233	375
	234	375
	234	374
	235	372
	236	372
	237	371
	237	370
	238	369
	239	369
.PEN_UP
.PEN_DOWN
	249	387
	249	386
	249	385
	249	384
	249	383
	249	381
	249	380
	249	379
	249	378
	249	377
	249	376
	249	375
	249	373
	249	372
	250	371
.PEN_UP
.PEN_DOWN
	262	389
	262	388
	262	387
	262	386
	262	385
	262	384
	262	382
	262	380
	262	379
	262	378
	262	375
	262	374
	262	373
	263	372
	263	371
	263	370
	263	369
	264	369
	264	368
.PEN_UP
.PEN_DOWN
	296	383
	296	382
	296	381
	296	380
	296	379
	296	378
	296	377
	295	375
	295	374
	294	371
	294	370
	293	369
	293	368
	293	367
	293	366
	293	365
.PEN_UP
.PEN_DOWN
	284	380
	284	379
	285	379
	286	379
	288	378
	289	378
	291	378
	293	378
	294	378
	296	377
	298	377
	299	377
	302	377
	304	378
	305	378
	305	379
.PEN_UP
.PEN_DOWN
	313	393
	313	392
	313	391
	313	390
	313	389
	313	388
	313	386
	313	384
	312	383
	312	381
	312	380
	312	378
	312	376
	312	375
	311	374
	311	373
	311	372
	311	371
	311	370
	312	370
	313	371
	314	372
	315	372
	316	373
	317	374
	317	375
	318	376
	319	377
	320	378
	321	379
	322	379
	322	378
	321	378
	321	377
	321	376
	321	375
	320	374
	320	373
	320	372
	320	371
	321	370
	322	369
.PEN_UP
.PEN_DOWN
	333	377
	332	376
	331	375
	330	375
	330	374
	331	373
	332	372
	333	372
	333	371
	334	371
	335	371
	336	371
	337	371
	338	371
	339	371
	339	372
	339	373
	339	374
	339	375
	338	375
	338	376
	337	377
	336	378
	335	379
	334	379
	333	379
	332	379
.PEN_UP
.PEN_DOWN
	353	380
	354	380
	353	381
	352	381
	351	381
	351	380
	350	380
	350	379
	350	378
	351	377
	352	376
	352	375
	353	375
	354	374
	355	373
	355	372
	355	371
	354	371
	354	370
	353	370
	352	369
	351	369
	351	368
	350	368
.PEN_UP
.PEN_DOWN
	360	376
	361	376
	362	376
	363	377
	364	377
	366	377
	367	377
	368	378
	369	378
	370	378
	371	378
	371	379
	372	379
	372	380
	371	381
	370	381
	369	381
	368	381
	367	380
	366	380
	365	380
	364	379
	363	378
	362	377
	362	376
	362	375
	362	374
	363	373
	363	372
	364	372
	366	371
	367	371
	369	371
	370	371
	373	371
	375	371
	376	371
	378	371
.PEN_UP
.PEN_DOWN
	424	371
	423	371
	423	370
	423	369
	422	369
	422	368
	422	367
	421	367
	421	366
	421	365
	420	364
	420	363
	419	362
	418	361
	418	359
	417	358
	417	357
	417	355
	416	355
	416	353
	416	352
	416	351
	416	350
	415	350
	414	350
	414	351
	414	352
	414	353
	414	355
	414	356
	414	357
	414	358
	414	360
	414	361
	414	362
	415	364
	416	366
	416	367
	417	368
	417	371
	418	372
	419	373
	419	374
	420	375
	421	375
	422	375
	423	376
	424	376
	425	376
	428	376
	429	376
	430	376
	431	376
	432	375
	432	374
	432	373
	432	372
	431	371
	430	370
	429	370
	428	369
	426	369
	425	369
	424	368
	423	368
	422	368
	422	367
	421	367
	420	367
	419	367
	418	367
.PEN_UP
.PEN_DOWN
	439	375
	440	374
	441	374
	441	373
	441	372
	441	371
	441	370
	441	369
	441	368
	441	367
.PEN_UP
.PEN_DOWN
	442	382
	442	383
	443	383
	444	384
	445	384
	446	384
.PEN_UP
.PEN_DOWN
	461	374
	462	373
	462	374
	461	375
	460	375
	459	375
	458	375
	457	375
	456	375
	455	375
	454	374
	453	373
	452	373
	452	372
	452	371
	452	370
	452	369
	453	368
	453	367
	454	367
	455	366
	457	366
	459	366
	460	366
	461	366
	462	366
	463	366
.PEN_UP
.PEN_DOWN
	477	389
	476	388
	476	387
	476	385
	476	382
	476	380
	476	378
	476	376
	476	375
	476	373
	476	372
	476	370
	476	369
	476	368
	476	367
	476	366
	476	365
.PEN_UP
.PEN_DOWN
	463	379
	464	378
	465	378
	466	378
	467	378
	468	378
	470	378
	471	378
	473	378
	476	378
	477	378
	479	378
	480	378
	482	378
.PEN_UP
.PEN_DOWN
	494	373
	493	372
	493	371
	493	370
	493	369
	493	368
	493	367
	493	366
	494	366
	494	365
	495	365
	495	364
	497	364
	498	364
	499	364
	501	365
	502	365
	503	366
	503	367
	504	367
	504	368
	504	369
	505	371
	505	372
	505	373
	505	374
.PEN_UP
.PEN_DOWN
	512	373
	512	372
	512	371
	512	370
	512	369
	513	368
	513	367
	513	366
	513	365
	512	365
	512	366
	512	367
	512	368
	512	369
	512	370
	512	371
	512	372
	513	373
	513	374
	514	376
	515	377
	515	378
	516	378
	516	379
	517	379
	518	379
	519	379
	520	379
.PEN_UP
.PEN_DOWN
	523	373
	524	372
	525	372
	526	372
	526	373
	527	373
	528	373
	529	373
	530	374
	531	374
	532	374
	533	375
	533	376
	534	376
	534	377
	534	378
	533	378
	532	378
	531	378
	530	378
	529	377
	528	377
	527	376
	526	375
	525	375
	525	374
	524	372
	524	371
	524	370
	525	370
	525	369
	526	368
	527	367
	529	366
	530	366
	531	366
	532	366
.PEN_UP
.PEN_DOWN
	552	379
	550	379
	549	379
	548	378
	547	378
	546	377
	546	376
	546	375
	547	375
	548	374
	549	374
	550	374
	551	373
	553	372
	554	372
	555	371
	556	371
	556	370
	556	369
	555	369
	554	368
	553	367
	552	367
	551	366
	550	366
	549	366
	548	366
	548	365
	547	365
	547	364
	547	363
	546	363
.PEN_UP
.PEN_DOWN
	595	381
	595	382
	594	383
	593	384
	592	384
	591	384
	590	384
	589	383
	588	383
	587	381
	587	380
	587	379
	587	378
	587	377
	587	376
	588	376
	589	376
	590	376
	591	376
	593	376
	594	376
	594	377
	595	377
	595	378
	595	379
	595	380
	594	381
	594	382
	592	383
	591	383
.PEN_UP
.PEN_DOWN
	633	392
	632	393
	631	394
	630	395
	629	395
	629	396
	628	396
	626	397
	625	397
	624	397
	623	397
	622	397
	621	397
	620	397
	619	397
	618	396
	617	395
	617	394
	616	391
	616	389
	616	387
	616	385
	616	384
	616	382
	616	380
	616	379
	616	378
	616	376
	616	375
	616	373
	616	372
	617	371
.PEN_UP
.PEN_DOWN
	612	380
	613	381
	614	381
	615	381
	616	381
	617	381
	619	381
	620	382
	621	382
	622	382
	624	382
	625	382
	626	382
.PEN_UP
