
.WRITER_ID BobStrong
.STYLE PRINTED
.PEN_DOWN
	112	391
	112	390
	112	389
	112	387
	112	386
	112	385
	112	384
	113	384
	113	383
	113	382
	113	381
.PEN_UP
.PEN_DOWN
	119	392
	119	391
	120	391
	120	390
	120	389
	120	388
	120	387
.PEN_UP
.PEN_DOWN
	140	378
	141	378
	140	378
	140	379
	139	379
	139	380
	138	380
	137	380
	136	380
	135	379
	134	379
	133	378
	133	377
	133	376
	134	375
	135	375
	136	375
	137	376
	137	377
	137	378
	138	378
	139	378
	140	378
	140	379
	141	379
	141	380
	140	380
	140	381
	139	382
	138	383
	137	383
	136	384
	135	384
	134	384
	133	384
	132	383
	131	383
	130	382
	129	382
	128	381
	127	380
	127	379
	127	378
	126	377
	126	376
	126	375
	126	374
	127	372
	128	371
	129	370
	130	370
	131	369
	132	369
	134	369
	136	369
	137	369
	138	370
	140	370
	142	370
.PEN_UP
.PEN_DOWN
	158	390
	157	390
	157	389
	156	388
	155	388
	155	387
	154	387
	154	386
	154	387
	155	388
	156	388
	156	389
	156	390
	157	390
	157	391
	157	392
	158	392
	158	393
	158	394
	159	394
	159	395
	160	395
	160	394
	161	393
	162	393
	162	392
	163	392
	164	392
	165	392
	166	392
	167	393
	168	394
	168	395
	168	396
.PEN_UP
.PEN_DOWN
	177	384
	178	384
	178	383
	179	383
	180	383
	181	383
	182	383
	183	383
	184	383
	185	383
	186	383
	187	383
	188	382
.PEN_UP
.PEN_DOWN
	202	391
	203	391
	203	392
	203	393
	204	393
	204	394
	205	394
	205	395
	205	396
	206	397
	206	398
	206	399
	207	399
	207	398
	207	397
	208	396
	208	395
	208	394
	208	393
	209	393
	210	392
	210	391
	210	390
	211	390
	211	391
.PEN_UP
.PEN_DOWN
	222	374
	223	374
	223	373
	223	372
	223	371
	223	370
	223	369
	223	368
	223	367
	223	366
	222	366
	222	365
	221	365
	221	364
	219	364
	218	363
	217	363
	216	363
.PEN_UP
.PEN_DOWN
	245	401
	245	400
	244	400
	244	399
	243	399
	243	398
	243	397
	243	396
.PEN_UP
.PEN_DOWN
	250	398
	250	397
	249	397
	249	396
	249	395
	249	394
.PEN_UP
.PEN_DOWN
	294	376
	294	375
	295	375
	295	374
	295	373
	295	372
	294	371
	294	370
	294	369
	293	368
	293	367
	293	366
	294	366
	294	367
	294	368
	294	370
	294	371
	295	372
	295	373
	295	374
	295	375
	296	376
	296	378
	296	379
	296	380
	296	381
	296	382
	297	383
	298	384
	299	384
	300	384
	301	384
	302	384
	303	383
	304	383
	305	383
	306	383
	307	383
.PEN_UP
.PEN_DOWN
	310	376
	311	376
	312	376
	313	376
	314	376
	314	377
	315	377
	316	377
	316	378
	316	379
	315	379
	314	379
	313	379
	312	379
	311	379
	310	378
	309	378
	308	377
	308	376
	308	375
	308	374
	308	372
	309	371
	310	370
	311	370
	312	370
	313	370
	314	370
	315	370
	317	370
.PEN_UP
.PEN_DOWN
	329	372
	329	371
	329	370
	328	369
	328	368
	327	367
	327	366
	327	364
	327	363
	327	361
	327	360
	327	359
	328	359
	328	360
	328	361
	328	362
	328	363
	328	364
	328	365
	329	367
	329	368
	329	370
	330	372
	330	374
	330	375
	331	379
	332	380
	333	381
	334	381
	334	382
	335	382
	336	382
	337	382
	337	381
	338	381
	339	380
	339	379
	339	378
	339	377
	339	376
	339	375
	338	374
	337	374
	337	373
	336	373
	334	372
	333	371
	332	371
	331	371
	331	370
	330	370
	329	370
.PEN_UP
.PEN_DOWN
	351	395
	351	394
	351	393
	351	392
	351	391
	351	390
	351	388
	351	384
	351	383
	351	381
	351	379
	351	378
	351	377
	351	375
	351	374
.PEN_UP
.PEN_DOWN
	363	381
	364	379
	364	378
	364	377
	364	376
	364	375
	364	374
	364	373
	364	372
.PEN_UP
.PEN_DOWN
	366	388
	367	388
	368	388
	369	389
	370	389
	371	389
.PEN_UP
.PEN_DOWN
	377	376
	378	376
	379	376
	380	376
	380	377
	382	377
	383	378
	385	378
	385	379
	386	379
	387	379
	388	380
	388	381
	388	382
	387	382
	385	382
	384	382
	383	382
	382	381
	381	381
	380	380
	379	379
	378	378
	377	377
	377	376
	377	375
	377	374
	377	373
	378	372
	379	371
	380	371
	381	371
	382	370
.PEN_UP
.PEN_DOWN
	399	377
	399	378
	399	379
	398	379
	397	379
	396	379
	395	379
	394	378
	393	377
	392	376
	391	375
	391	374
	391	373
	391	372
	391	371
	392	371
	393	371
	394	371
	395	371
	397	372
	398	373
	399	373
	400	374
	401	375
	402	378
	402	379
	403	380
	403	382
	403	384
	403	386
	403	388
	403	391
	403	393
	403	394
	403	396
	403	399
	403	400
	403	399
	402	398
	402	397
	402	395
	402	393
	401	391
	401	386
	401	384
	401	382
	401	380
	401	379
	401	377
	401	376
	401	375
	402	375
	402	374
	403	373
	404	373
	405	373
.PEN_UP
.PEN_DOWN
	448	391
	449	391
	450	392
	449	392
	449	391
	449	390
	448	389
	448	388
	448	387
	447	385
	446	383
	446	381
	444	378
	444	377
	443	375
	443	373
	444	372
	444	371
.PEN_UP
.PEN_DOWN
	461	393
	461	394
	461	393
	461	391
	460	390
	460	389
	460	388
	459	386
	459	384
	459	382
	459	381
	458	379
	458	377
	458	376
	458	375
	458	373
	458	372
	458	371
	458	370
.PEN_UP
.PEN_DOWN
	448	383
	449	383
	450	383
	452	383
	453	383
	454	383
	456	383
	457	383
	459	383
	460	383
.PEN_UP
.PEN_DOWN
	471	378
	470	377
	469	377
	469	376
	468	375
	468	374
	468	373
	469	373
	470	373
	471	373
	472	373
	473	373
	474	374
	475	374
	475	375
	475	376
	475	377
	475	378
	474	379
	474	380
	473	381
	472	381
	471	382
	470	382
	469	382
.PEN_UP
.PEN_DOWN
	487	394
	487	393
	486	392
	486	391
	486	390
	486	388
	486	387
	485	385
	485	384
	485	382
	485	380
	485	379
	484	378
	484	377
	484	375
	484	374
	484	373
	485	373
	486	373
	486	374
	487	375
	487	376
	488	377
	488	378
	489	379
	490	379
	490	380
	492	381
	493	381
	493	380
	493	379
	493	378
	493	377
	493	376
	492	375
	491	374
	489	373
	488	373
	487	373
	486	373
	485	373
.PEN_UP
.PEN_DOWN
	505	394
	505	393
	505	391
	505	390
	505	388
	505	387
	505	385
	505	383
	505	381
	505	379
	504	378
	504	377
	504	375
	503	373
	503	372
	503	371
	503	372
	503	373
	504	374
	504	375
	505	376
	505	377
	506	379
	506	380
	507	381
	508	382
	510	383
	511	383
	512	382
	512	381
	512	380
	512	379
	512	378
	512	376
	511	376
	511	375
	510	374
	510	373
	509	373
	509	372
	508	372
	507	371
	506	371
	505	371
	504	370
.PEN_UP
.PEN_DOWN
	518	379
	519	379
	520	379
	521	379
	522	379
	523	379
	524	379
	525	379
	526	379
	527	379
	528	379
	529	380
	529	381
	529	382
	529	383
	528	383
	527	383
	526	383
	526	382
	524	382
	523	382
	523	381
	522	381
	521	380
	520	379
	519	378
	519	377
	519	375
	519	374
	520	374
	520	373
	521	372
	522	372
	523	371
	524	371
	525	371
	526	371
.PEN_UP
.PEN_DOWN
	546	382
	547	382
	546	382
	545	382
	544	382
	543	382
	542	382
	541	381
	539	380
	538	380
	537	379
	536	378
	535	378
	535	377
	536	376
	537	375
	538	375
	539	375
	540	375
	542	375
	543	375
	544	374
	545	374
	545	373
	544	373
	544	372
	543	372
	542	371
	540	371
	540	370
	539	370
	538	370
	537	370
	537	369
	536	369
.PEN_UP
.PEN_DOWN
	561	370
	560	371
	559	371
	559	370
	560	370
.PEN_UP
