
.WRITER_ID BobStrong
.STYLE PRINTED
.PEN_DOWN
	105	389
	105	390
	105	391
	106	391
	106	392
	107	392
	106	391
	106	390
	106	389
	105	389
	105	388
	105	387
	105	386
	105	385
	104	383
	104	381
	104	378
	103	377
	103	375
	103	374
	103	372
	103	371
	103	370
	103	369
	103	368
	102	368
	103	368
	103	369
	104	369
	104	370
	104	371
	105	373
	106	374
	106	376
	107	376
	107	377
	108	378
	109	378
	109	379
	110	379
	111	378
	111	377
	111	376
	112	376
	112	375
	112	374
	113	373
	113	372
	114	372
	114	371
	115	371
	115	370
.PEN_UP
.PEN_DOWN
	121	377
	120	378
	120	379
	121	379
	121	380
	122	380
	123	380
	125	380
	127	380
	128	380
	130	380
	129	380
	128	380
	127	380
	125	380
	125	379
	123	379
	122	378
	121	378
	120	377
	119	376
	119	375
	118	374
	118	373
	118	372
	120	370
	121	370
	122	370
	124	369
	125	369
	127	369
	129	369
.PEN_UP
.PEN_DOWN
	168	379
	167	379
	166	379
	164	379
	163	379
	162	379
	162	378
	162	377
	162	376
	163	375
	164	374
	165	374
	166	373
	167	373
	169	373
	170	372
	171	371
	170	370
	169	369
	168	369
	167	369
	166	369
	165	369
	164	369
	163	368
	162	368
	161	368
	159	368
	159	367
.PEN_UP
.PEN_DOWN
	178	376
	177	376
	176	376
	176	375
	176	374
	176	373
	176	372
	177	371
	177	370
	178	370
	179	369
	181	369
	181	370
	182	370
	183	371
	183	372
	183	373
	182	374
	182	375
	181	375
	181	376
	180	376
	179	376
	178	376
	177	376
.PEN_UP
.PEN_DOWN
	190	374
	189	374
	188	374
	186	374
	185	374
	185	373
	185	372
	186	372
	186	371
	187	371
	188	370
	189	370
	191	369
	192	369
	193	369
	194	369
	194	370
	195	370
	195	371
	195	372
	194	373
	194	374
	194	375
	193	375
	192	376
	191	376
	191	375
	190	375
.PEN_UP
.PEN_DOWN
	202	374
	203	374
	203	373
	203	372
	203	371
	203	370
	203	369
	204	369
	204	370
	204	371
	205	372
	206	373
	206	374
	207	375
	207	376
	208	376
	208	377
	210	379
	210	380
	211	380
	211	381
	212	381
	213	380
	214	379
	214	378
	215	376
	216	375
	216	374
	217	373
	217	372
	218	371
	219	370
	220	369
.PEN_UP
.PEN_DOWN
	271	398
	271	397
	271	396
	271	395
	271	394
	271	393
	270	392
	269	390
	269	389
	268	385
	267	383
	267	381
	267	380
	267	378
	268	376
	268	375
	269	374
	270	373
	271	373
	272	372
	274	372
	277	371
	278	371
	279	371
	280	371
.PEN_UP
.PEN_DOWN
	265	381
	266	381
	267	382
	268	383
	269	383
	271	383
	272	384
	273	384
	274	384
	276	384
	279	384
	280	384
	281	384
.PEN_UP
.PEN_DOWN
	289	379
	288	379
	287	379
	286	378
	285	377
	285	376
	285	375
	286	374
	287	373
	289	373
	290	373
	292	373
	293	373
	294	374
	297	375
	297	376
	297	377
	297	378
	296	379
	295	380
	294	380
	293	381
	292	381
	290	381
	289	381
	288	381
	287	381
.PEN_UP
.PEN_DOWN
	306	378
	305	378
	304	378
	303	378
	302	378
	301	377
	301	376
	301	375
	302	374
	305	374
	306	373
	308	373
	309	373
	310	373
	311	374
	312	374
	313	375
	313	376
	313	377
	312	378
	311	379
	309	380
	308	380
	307	381
	306	381
	305	381
.PEN_UP
.PEN_DOWN
	322	391
	323	391
	323	390
	323	389
	323	388
	323	387
	322	386
	322	385
	322	384
	322	383
	322	381
	321	379
	321	378
	320	376
	320	375
	320	374
	320	373
	319	371
	319	369
	319	368
	319	367
	319	366
.PEN_UP
.PEN_DOWN
	333	380
	332	381
	331	381
	330	381
	329	381
	329	380
	328	380
	327	380
	326	380
	326	379
	325	379
	324	378
	323	378
	322	376
	321	376
	321	375
	321	374
	321	373
	322	373
	323	373
	324	372
	326	372
	327	372
	328	372
	330	371
	331	371
	332	371
	333	371
	334	371
	335	371
	336	371
	337	371
	337	370
.PEN_UP
.PEN_DOWN
	365	385
	366	384
	366	383
	367	383
	367	382
	367	381
	367	380
	368	380
	369	380
	370	380
	371	380
	372	380
	373	380
	374	380
	375	381
	375	382
	376	382
	376	383
	375	384
	375	385
	374	385
	373	386
	372	386
	371	386
	370	386
	368	385
	366	385
	365	384
	364	382
	363	382
	363	381
	363	380
	363	379
	363	378
	363	377
	363	376
	364	376
	365	375
	366	374
	368	373
	370	372
	371	372
	373	372
	374	371
	375	371
	376	371
	376	370
	377	370
.PEN_UP
.PEN_DOWN
	387	375
	387	376
	387	375
	388	375
	388	374
	389	374
	389	373
	390	373
	391	373
	392	373
	392	374
	392	375
	392	376
	392	377
	392	379
	392	380
	392	381
	392	382
	393	382
	393	383
	394	383
.PEN_UP
.PEN_DOWN
	404	379
	405	379
	405	378
	406	377
	407	377
	408	377
	408	376
	409	376
	410	376
	411	376
	411	377
	412	377
	413	378
	414	379
	414	380
	413	381
	412	382
	410	382
	409	382
	409	381
	408	381
	407	380
	406	379
	405	379
	405	378
	405	377
	405	376
	405	375
	405	374
	406	373
	407	372
	408	372
	409	371
	410	371
	411	371
	412	370
	413	370
	414	370
	415	370
	418	370
	419	370
	420	371
.PEN_UP
.PEN_DOWN
	429	375
	430	374
	430	373
	430	372
	430	371
	431	371
	431	370
	431	369
	431	370
	431	371
	431	372
	431	373
	431	374
	431	375
	431	376
	431	377
	432	377
	432	378
	433	380
	434	380
	435	380
	436	380
	437	380
	438	380
	439	380
	440	380
	441	380
	442	380
.PEN_UP
.PEN_DOWN
	449	378
	449	377
	449	376
	448	375
	447	375
	447	374
	447	373
	448	373
	449	372
	452	372
	453	372
	454	372
	455	372
	456	373
	457	373
	458	374
	458	375
	458	376
	458	377
	458	378
	458	379
	458	377
	458	376
	458	375
	458	374
	458	373
	458	372
	458	371
	458	370
	459	369
	459	367
	459	366
	459	364
	459	363
	459	362
	459	361
	459	360
	459	359
	459	358
	458	358
	458	357
	457	356
	457	355
	455	354
	454	353
	453	353
	452	352
	451	352
	450	351
	449	351
	449	350
.PEN_UP
.PEN_DOWN
	501	378
	500	378
	499	378
	498	377
	497	377
	496	377
	496	376
	495	376
	495	375
	494	375
	494	374
	494	373
	494	372
	494	371
	495	371
	496	371
	498	371
	499	372
	501	372
	503	373
	504	373
	505	374
	506	374
	507	375
	507	376
	507	377
	506	379
	505	379
	503	380
	502	380
	500	380
	499	380
	498	380
	497	379
	495	379
	494	378
.PEN_UP
.PEN_DOWN
	520	374
	521	374
	521	373
	521	372
	520	371
	520	369
	520	368
	520	367
	520	366
	520	364
	519	363
	519	361
	519	360
	519	359
	519	358
	518	358
	519	358
	519	359
	519	360
	519	361
	519	362
	519	363
	519	365
	519	366
	520	368
	520	369
	520	371
	520	373
	521	377
	522	379
	522	380
	522	381
	523	382
	524	382
	525	383
	526	383
	527	383
	528	381
	529	380
	529	379
	529	378
	529	377
	528	376
	528	375
	527	374
	525	373
	524	373
	522	372
	521	372
	520	372
.PEN_UP
.PEN_DOWN
	536	374
	536	372
	536	371
	535	370
	535	369
	535	368
	535	367
	535	366
	535	365
	535	364
	535	362
	536	361
	535	362
	535	363
	535	364
	535	365
	535	366
	536	367
	536	369
	536	370
	537	372
	538	374
	538	375
	539	378
	540	380
	541	380
	542	381
	543	381
	543	382
	544	382
	545	382
	545	381
	545	380
	544	380
	544	379
	543	378
	543	377
	542	377
	542	376
	541	376
	540	375
	539	375
	538	374
.PEN_UP
.PEN_DOWN
	553	376
	552	376
	551	376
	551	375
	550	375
	550	374
	550	373
	550	372
	550	371
	551	371
	552	371
	553	370
	554	370
	556	370
	557	370
	558	370
	559	370
	560	371
	561	371
	561	372
	561	373
	561	374
	560	375
	560	376
	559	377
	558	378
	557	378
	556	379
	555	379
	554	379
	553	379
	552	379
	551	378
	551	377
	551	376
.PEN_UP
.PEN_DOWN
	571	376
	571	375
	572	375
	572	374
	572	373
	573	373
	573	372
	573	371
	573	370
	574	370
	574	369
	574	370
	573	371
	573	372
	573	373
	572	374
	572	375
	572	376
	572	377
	572	378
	572	379
	573	380
	573	381
	574	382
	574	383
	575	383
	576	383
	577	383
	578	383
	578	382
	579	382
	580	382
.PEN_UP
.PEN_DOWN
	598	394
	598	393
	597	392
	597	391
	597	390
	597	389
	596	389
	596	388
	596	387
	596	386
	596	385
	596	384
	596	382
	595	380
	595	379
	595	378
	595	377
	595	376
	595	375
	596	374
	596	373
	597	372
	598	371
	599	371
	600	371
	601	371
	602	371
	603	371
	604	371
.PEN_UP
.PEN_DOWN
	590	383
	591	383
	593	384
	594	384
	595	384
	596	385
	597	385
	599	385
	600	385
	601	385
	602	385
	603	385
	605	385
	606	385
	606	384
.PEN_UP
.PEN_DOWN
	614	379
	613	378
	612	378
	611	378
	611	377
	610	376
	610	375
	610	374
	610	373
	611	373
	611	372
	612	372
	613	371
	615	371
	616	370
	617	370
	618	370
	619	371
	620	371
	621	371
	621	372
	622	373
	622	375
	622	376
	622	377
	622	378
.PEN_UP
.PEN_DOWN
	630	374
	630	373
	629	373
	629	372
	629	371
	629	370
	629	369
	629	368
	630	368
	630	369
	630	370
	630	371
	631	371
	632	372
	632	373
	633	374
	633	376
	634	376
	635	377
	636	378
	636	379
	637	379
	638	380
	639	380
	639	379
	640	378
	640	377
	640	376
	640	375
	640	373
	640	372
	640	371
	641	371
	641	370
.PEN_UP
.PEN_DOWN
	653	375
	653	374
	653	373
	652	373
	652	372
	652	371
	652	370
	652	369
	653	369
.PEN_UP
.PEN_DOWN
	653	385
	654	385
	654	386
	654	387
	654	388
	654	389
	654	390
	655	391
	656	391
.PEN_UP
.PEN_DOWN
	671	389
	670	387
	669	386
	668	385
	668	383
	668	382
	668	380
	668	379
	668	378
	668	377
	668	376
	668	375
	668	374
	668	373
	669	372
	669	371
.PEN_UP
.PEN_DOWN
	664	380
	664	379
	665	378
	666	378
	666	379
	667	379
	668	380
	669	380
	670	380
	671	380
	672	380
	673	379
	674	379
.PEN_UP
.PEN_DOWN
	686	378
	686	377
	685	377
	685	376
	684	376
	684	375
	684	374
	684	373
	685	372
	685	371
	686	371
	687	371
	688	371
	689	371
	690	372
	691	372
	692	373
	693	373
	693	374
	694	375
	695	375
	695	376
	696	377
	697	377
	697	378
	698	379
	697	379
	697	378
	696	378
	696	377
	696	376
	695	376
	695	375
	695	374
	695	372
	696	370
	696	369
	696	367
	696	366
	696	364
	697	363
	697	362
	697	361
	698	359
	698	358
	699	357
	699	356
	699	353
	699	352
	698	351
	697	351
	697	350
	696	350
	695	350
	694	350
	693	350
	691	350
	690	350
	689	350
	688	350
	687	350
	687	349
.PEN_UP
