
.WRITER_ID BobStrong
.STYLE PRINTED
.PEN_DOWN
	97	390
	97	391
	98	391
	98	392
	98	391
	97	390
	97	389
	97	388
	97	385
	97	384
	96	383
	96	381
	96	380
	96	378
	96	377
	96	376
	95	375
	95	374
	95	373
	95	372
.PEN_UP
.PEN_DOWN
	96	391
	97	391
	98	391
	98	392
	99	392
	101	392
	102	392
	103	392
	105	392
	105	391
	106	391
	107	391
	108	390
	108	389
	108	388
	108	387
	108	386
	107	386
	107	385
	106	385
	105	384
	104	383
	103	383
	102	382
	101	381
	99	381
	98	380
	97	380
	98	380
	99	380
	100	380
	102	380
	103	380
	104	380
	105	380
	107	380
	108	379
	109	379
	109	378
	109	377
	108	376
	107	375
	106	375
	105	374
	104	374
	103	373
	102	373
	101	373
	100	372
	98	372
	98	371
	97	371
	96	371
.PEN_UP
.PEN_DOWN
	114	378
	115	377
	115	376
	115	375
	115	373
	115	372
	115	371
	115	370
	115	369
	115	368
	115	369
	115	370
	116	371
	116	372
	116	374
	116	375
	116	376
	116	377
	117	378
	117	379
	117	380
	118	380
	119	380
	119	381
	120	381
	121	381
	122	381
	123	381
	124	381
	125	381
	126	381
.PEN_UP
.PEN_DOWN
	130	377
	130	376
	129	376
	128	376
	127	376
	127	375
	126	375
	125	375
	125	374
	125	373
	126	372
	127	371
	128	371
	129	371
	130	371
	131	371
	132	371
	133	371
	135	371
	136	371
	137	371
	137	372
	137	373
	136	373
	136	374
	135	374
	134	375
	133	375
	132	375
	131	375
	130	375
	129	375
.PEN_UP
.PEN_DOWN
	148	391
	148	390
	148	389
	148	388
	147	386
	146	385
	146	384
	146	383
	146	381
	146	380
	146	378
	146	376
	146	375
	146	374
	146	373
	146	372
	146	371
	145	370
	145	369
.PEN_UP
.PEN_DOWN
	155	380
	155	379
	154	379
	153	379
	152	379
	151	378
	150	378
	150	377
	149	377
	149	376
	148	376
	147	375
	147	374
	147	373
	147	372
	148	372
	149	371
	150	371
	151	371
	152	370
	153	370
	154	370
.PEN_UP
.PEN_DOWN
	160	376
	161	376
	162	376
	163	376
	164	376
	165	376
	166	376
	167	376
	168	377
	169	377
	169	378
	169	379
	168	379
	167	379
	166	378
	165	378
	164	377
	163	377
	163	376
	162	376
	161	375
	161	374
	161	373
	161	372
	161	371
	162	370
	163	369
	164	369
	165	369
	166	369
	167	369
	168	369
	169	369
	170	369
	171	369
	172	369
	173	369
	173	370
	174	370
.PEN_UP
.PEN_DOWN
	181	375
	181	374
	180	373
	180	372
	180	371
	180	370
	180	369
	181	369
	181	370
	182	371
	183	371
	184	372
	184	373
	185	374
	186	376
	187	376
	188	377
	188	378
	189	378
	189	379
	189	378
	189	377
	189	376
	189	375
	189	374
	189	373
	190	372
	190	371
	190	370
	190	369
.PEN_UP
.PEN_DOWN
	221	385
	221	384
	221	383
	220	382
	220	381
	219	380
	218	378
	217	377
	216	375
	216	374
	215	372
	215	370
	214	369
	214	368
	213	367
	214	367
	215	367
	216	368
	217	369
	217	370
	218	371
	218	372
	219	373
	220	374
	220	375
	221	376
	221	377
	222	379
	223	382
	223	384
	224	386
	224	387
	225	388
	225	389
	226	389
	226	388
	226	387
	226	386
	226	385
	226	384
	226	383
	227	382
	227	381
	227	380
	227	379
	227	378
	228	378
	229	378
	230	378
	231	379
	233	380
	233	381
	234	381
	234	382
	235	383
	236	384
	237	384
	237	385
	237	386
	238	386
	238	387
	238	386
	237	385
	237	384
	236	382
	236	380
	236	379
	236	377
	235	375
	235	372
	235	371
	235	370
	235	369
	235	368
	235	367
	236	367
	236	366
.PEN_UP
.PEN_DOWN
	247	375
	246	375
	245	374
	244	374
	244	373
	244	372
	244	371
	244	370
	244	369
	245	369
	246	369
	246	368
	247	368
	248	368
	249	368
	250	368
	251	369
	252	369
	252	370
	252	371
	252	372
	252	373
	251	374
	251	375
	251	376
	250	376
	249	376
	248	376
	247	376
.PEN_UP
.PEN_DOWN
	258	374
	257	374
	256	374
	256	373
	256	372
	257	371
	258	371
	258	370
	259	370
	260	370
	261	370
	262	370
	263	370
	264	371
	264	372
	264	373
	264	374
	264	375
	263	376
	262	376
	260	376
	259	376
	258	376
.PEN_UP
.PEN_DOWN
	273	373
	274	372
	274	371
	274	370
	273	370
	273	369
	272	368
	271	367
	272	367
	273	368
	273	369
	274	369
	274	370
	275	371
	275	372
	277	374
	277	375
	278	376
	279	377
	279	378
	280	379
	281	379
	282	379
	282	378
	282	377
	282	376
	282	375
	282	374
	282	373
	282	372
	282	371
	282	370
	282	369
	281	369
	281	368
	281	367
.PEN_UP
.PEN_DOWN
	294	381
	293	381
	292	381
	292	380
	291	380
	291	379
	291	378
	291	377
	291	376
	292	375
	293	374
	294	373
	295	373
	296	373
	296	372
	297	372
	297	371
	298	371
	298	370
	298	369
	298	368
	297	368
	297	367
	296	367
	295	367
	294	367
	293	367
	292	367
	291	367
	290	367
	289	367
	289	366
.PEN_UP
.PEN_DOWN
	345	381
	346	381
	347	382
	347	383
	346	383
	345	382
	345	381
	344	380
	343	380
	343	379
	343	377
	343	376
	343	375
	343	374
	343	373
	343	372
	343	371
	344	369
	345	368
	345	367
	346	367
	347	366
	348	366
	349	366
	350	366
	352	366
	353	366
	354	367
	355	367
.PEN_UP
.PEN_DOWN
	336	372
	337	372
	337	373
	338	373
	339	373
	340	374
	341	374
	342	374
	343	375
	344	375
	347	375
	348	375
	349	376
	350	376
	351	376
	352	376
.PEN_UP
.PEN_DOWN
	360	394
	359	394
	359	393
	359	392
	359	390
	359	389
	359	386
	359	384
	359	383
	359	381
	359	379
	359	378
	359	377
	359	376
	359	375
	359	374
	358	373
	358	372
	359	372
	360	372
	360	373
	361	373
	361	374
	362	376
	363	376
	364	377
	364	379
	365	380
	366	381
	367	382
	368	382
	369	381
	369	380
	369	379
	369	378
	369	377
	369	376
	369	375
	369	374
	369	373
	370	372
	370	371
	370	370
.PEN_UP
.PEN_DOWN
	379	377
	379	378
	380	378
	380	379
	380	380
	379	380
	378	380
	377	380
	376	380
	376	379
	375	378
	374	378
	374	377
	373	376
	373	375
	373	374
	373	373
	373	372
	373	371
	374	371
	375	371
	376	371
	377	371
	378	371
	379	372
	380	372
	381	373
	381	374
	381	375
	381	376
	381	377
	380	377
	380	376
	380	375
	380	374
	381	373
	382	372
	383	371
	385	371
	385	370
	386	370
.PEN_UP
.PEN_DOWN
	396	391
	396	390
	395	390
	394	389
	393	389
	392	388
	392	387
	392	386
	392	385
	392	383
	392	381
	392	380
	392	379
	392	377
	392	375
	393	374
	393	373
	394	372
	395	371
	396	371
	397	371
	399	371
	400	371
	401	372
	402	372
	403	372
.PEN_UP
.PEN_DOWN
	380	382
	381	382
	382	382
	384	383
	386	383
	388	383
	390	384
	392	384
	395	384
	396	384
	399	384
.PEN_UP
.PEN_DOWN
	448	372
	449	372
	449	373
	448	373
	448	374
	447	374
	446	375
	445	375
	444	375
	443	375
	442	375
	441	375
	440	375
	439	374
	438	373
	437	373
	437	372
	436	371
	436	370
	436	369
	436	368
	437	367
	438	367
	439	367
	440	366
	441	366
	443	366
	444	366
	445	367
	446	367
	448	368
	449	369
	450	370
	450	371
	450	372
	450	373
	450	374
	450	375
	449	376
	449	377
	448	379
	448	380
	448	381
	448	383
	448	384
	449	385
	449	386
	450	386
	450	385
	450	384
	450	383
	449	381
	449	380
	449	379
	449	378
	449	376
	450	374
	450	372
	450	371
	451	370
	451	369
	451	368
	451	367
	452	367
	452	366
.PEN_UP
.PEN_DOWN
	465	377
	465	376
	465	375
	465	374
	464	373
	464	372
	464	371
	464	370
	464	369
.PEN_UP
.PEN_DOWN
	465	383
	465	384
	466	385
	467	385
	467	386
	469	386
	470	386
.PEN_UP
.PEN_DOWN
	484	377
	484	376
	483	376
	482	376
	481	377
	480	377
	479	377
	478	377
	476	377
	476	376
	476	375
	477	375
	478	374
	479	373
	480	373
	481	373
	482	372
	483	372
	483	371
	484	371
	485	371
	486	371
	486	370
	486	369
	485	369
	484	369
	483	369
	482	369
	481	368
	480	368
	478	368
	477	368
	476	368
	475	367
	474	367
	473	367
.PEN_UP
.PEN_DOWN
	498	371
	498	372
	498	373
	497	373
	497	374
	496	375
	495	375
	494	374
	493	374
	492	373
	492	372
	491	371
	491	370
	491	369
	492	369
	493	368
	494	368
	495	368
	496	369
	497	369
	498	370
	499	371
	499	372
	499	371
	499	370
	499	369
	500	369
	500	368
	500	367
	501	367
	501	366
.PEN_UP
.PEN_DOWN
	518	378
	518	379
	517	379
	517	380
	516	380
	515	379
	514	379
	513	378
	512	378
	511	378
	511	377
	510	376
	510	375
	511	375
	511	374
	512	373
	513	373
	514	373
	515	373
	515	372
	517	372
	519	372
	519	371
	518	371
	517	371
	516	370
	515	370
	513	369
	512	369
	511	369
	511	368
	510	368
	510	367
.PEN_UP
.PEN_DOWN
	531	382
	531	380
	531	378
	530	376
	530	374
	530	373
	529	371
	529	370
	529	368
	529	367
	529	366
.PEN_UP
.PEN_DOWN
	525	382
	525	381
	526	381
	526	380
	527	380
	528	380
	531	379
	532	379
	533	379
	534	378
	536	378
.PEN_UP
.PEN_DOWN
	540	374
	541	374
	542	375
	543	375
	544	375
	546	375
	547	376
	548	376
	548	377
	548	378
	547	378
	546	378
	545	378
	544	378
	543	378
	542	377
	541	377
	540	376
	539	376
	538	375
	538	374
	538	372
	538	371
	538	370
	539	370
	540	369
	541	369
	542	368
	543	368
	544	368
	546	368
	549	368
	550	368
	551	369
.PEN_UP
.PEN_DOWN
	558	378
	559	378
	559	377
	559	376
	559	375
	559	374
	559	373
	558	373
	558	372
	558	371
	557	371
	557	370
	556	370
	556	371
	556	372
	557	373
	557	374
	557	375
	558	376
	558	377
	559	378
	560	379
	561	380
	561	381
	562	382
	563	384
	563	385
	564	385
	565	385
	566	385
	566	384
	567	384
	568	383
	569	383
	570	382
	571	382
	572	381
.PEN_UP
.PEN_DOWN
	616	384
	616	385
	616	386
	615	386
	614	386
	613	386
	612	386
	611	385
	609	385
	608	384
	607	384
	606	383
	605	383
	603	382
	602	381
	601	380
	601	379
	602	379
	604	378
	605	378
	607	378
	609	378
	611	378
	614	378
	615	378
	616	377
	615	377
	614	377
	612	377
	610	376
	608	376
	607	375
	606	375
	605	375
	604	374
.PEN_UP
.PEN_DOWN
	627	394
	627	395
	627	394
	627	392
	627	391
	627	390
	627	388
	626	387
	626	385
	625	384
	625	381
	624	380
	624	378
	624	377
	623	377
	623	376
	623	375
	624	374
.PEN_UP
.PEN_DOWN
	615	385
	616	385
	617	385
	618	386
	619	386
	621	387
	622	387
	624	387
	625	387
	627	387
	628	387
	629	387
	629	386
	631	386
	632	386
.PEN_UP
.PEN_DOWN
	637	380
	638	380
	638	379
	638	378
	638	377
	637	377
	637	376
	636	376
	636	375
	635	375
	635	376
	636	377
	636	379
	636	380
	636	381
	637	382
	637	383
	637	384
	637	385
	638	385
	639	386
	640	386
	641	386
	642	386
	644	386
	645	385
	646	385
	647	385
	648	385
	649	385
	650	385
	650	384
.PEN_UP
.PEN_DOWN
	658	380
	657	380
	656	380
	655	379
	655	378
	655	377
	655	376
	656	375
	656	374
	657	374
	658	373
	658	372
	659	372
	660	372
	661	372
	662	373
	663	374
	663	375
	663	376
	663	377
	664	378
	664	379
	664	380
	665	381
	665	382
	666	383
.PEN_UP
.PEN_DOWN
	678	380
	678	381
	677	381
	676	382
	675	382
	674	382
	672	381
	672	380
	672	379
	672	378
	672	377
	672	376
	672	375
	673	374
	674	373
	675	372
	677	371
	678	371
	679	371
	680	371
	681	371
	682	371
	683	371
	684	371
.PEN_UP
.PEN_DOWN
	696	394
	696	393
	696	392
	696	391
	696	390
	695	389
	695	388
	695	386
	695	385
	695	384
	695	382
	695	381
	695	380
	694	379
	694	378
.PEN_UP
.PEN_DOWN
	706	386
	705	386
	704	386
	704	385
	703	385
	702	385
	701	384
	700	383
	699	382
	698	382
	697	381
	697	380
	696	380
	696	379
	696	378
	696	377
	697	377
	697	376
	698	376
	699	376
	700	375
	701	375
	702	375
	703	375
	704	375
	705	375
	705	374
	706	374
.PEN_UP
.PEN_DOWN
	728	376
	729	375
	729	374
	728	374
	727	374
	726	374
	727	374
	728	374
.PEN_UP
