
.WRITER_ID BobStrong
.STYLE PRINTED
.PEN_DOWN
	106	386
	106	387
	107	387
	106	387
	106	388
	105	388
	105	387
	104	386
	104	385
	103	383
	103	381
	103	380
	103	378
	103	376
	103	375
	103	373
	103	372
	103	371
	104	369
	104	368
	105	367
	106	367
	107	366
	108	366
	109	366
	110	366
	111	366
	112	367
.PEN_UP
.PEN_DOWN
	95	378
	96	378
	96	379
	97	379
	98	380
	99	380
	100	380
	102	380
	103	380
	104	380
	105	380
	106	380
	108	380
	110	379
	111	379
.PEN_UP
.PEN_DOWN
	121	393
	122	393
	122	392
	122	391
	122	390
	123	388
	123	387
	123	385
	123	383
	123	381
	123	379
	123	377
	123	376
	123	374
	123	372
	123	371
	123	370
	123	369
	123	368
	123	367
	122	367
	123	367
	123	368
	124	368
	124	369
	125	369
	125	370
	125	371
	126	371
	126	372
	127	373
	127	374
	128	375
	129	375
	130	375
	130	374
	130	373
	130	372
	130	371
	130	370
	130	369
	131	369
	131	368
	132	367
	133	367
	134	367
.PEN_UP
.PEN_DOWN
	137	377
	138	377
	138	378
	139	378
	140	378
	141	378
	142	378
	143	378
	144	378
	145	378
	145	379
	144	379
	143	379
	142	378
	141	377
	140	377
	139	376
	138	375
	137	374
	137	373
	137	372
	138	371
	139	371
	140	370
	141	370
	142	370
	143	370
	144	370
	145	370
	147	370
	148	370
.PEN_UP
.PEN_DOWN
	176	396
	176	395
	176	394
	176	392
	175	390
	175	388
	175	386
	175	384
	174	381
	174	377
	174	375
	174	374
	174	372
	174	371
	174	370
	175	369
	175	368
	175	367
	176	367
	177	367
	178	367
	178	366
	179	366
	178	366
.PEN_UP
.PEN_DOWN
	191	376
	192	376
	192	375
	192	374
	193	374
	193	373
	193	372
	193	371
	193	370
	193	369
.PEN_UP
.PEN_DOWN
	193	388
	193	389
	193	390
	193	389
.PEN_UP
.PEN_DOWN
	209	385
	209	386
	208	385
	207	384
	207	383
	206	381
	206	380
	205	378
	205	377
	205	375
	204	374
	204	373
	204	371
	204	370
	205	369
	205	368
	205	367
	206	366
	207	365
	208	364
	209	364
.PEN_UP
.PEN_DOWN
	200	378
	201	378
	202	378
	204	378
	205	378
	206	378
	207	378
	208	378
	210	378
	212	378
.PEN_UP
.PEN_DOWN
	227	382
	227	381
	227	380
	226	379
	225	378
	225	377
	224	376
	224	375
	224	374
	224	371
	224	370
	224	369
.PEN_UP
.PEN_DOWN
	215	377
	216	376
	217	376
	218	376
	219	376
	221	376
	223	376
	225	376
	226	376
.PEN_UP
.PEN_DOWN
	241	396
	242	395
	241	394
	240	393
	240	392
	239	390
	239	388
	238	386
	238	384
	237	382
	237	380
	236	378
	236	377
	236	374
	236	373
	236	372
	236	371
	237	370
	237	369
.PEN_UP
.PEN_DOWN
	245	379
	246	379
	246	378
	247	378
	248	378
	249	378
	250	378
	251	378
	252	378
	253	378
	253	379
	254	379
	255	380
	255	381
	254	381
	253	381
	252	381
	251	381
	251	380
	249	379
	248	379
	247	378
	246	377
	245	376
	245	375
	245	374
	246	374
	246	373
	247	372
	248	372
	249	372
	250	371
	251	371
	252	371
	253	371
	254	371
	255	371
	256	371
	257	371
	258	371
	258	370
	259	370
	260	370
	261	370
	261	369
	261	368
.PEN_UP
.PEN_DOWN
	286	380
	287	380
	286	380
	285	380
	285	379
	285	378
	284	377
	284	376
	284	375
	283	374
	283	373
	282	372
	282	371
	282	370
	282	369
	281	368
	281	367
	281	366
	281	365
	282	365
	282	366
	283	367
	283	368
	284	369
	285	371
	286	372
	287	373
	287	374
	288	375
	288	377
	288	378
	288	379
	289	380
	289	381
	289	382
	290	383
	290	382
	290	381
	291	380
	291	379
	291	378
	291	377
	292	375
	292	374
	292	373
	292	372
	292	373
	293	373
	293	374
	294	374
	294	375
	295	375
	295	376
	296	376
	296	377
	297	377
	298	379
	299	380
	300	381
	300	382
	301	382
	301	383
	302	383
	303	383
	303	382
	303	380
	303	379
	303	378
	303	377
	303	376
	303	375
	302	374
	302	373
	302	372
	302	371
	302	370
	303	369
.PEN_UP
.PEN_DOWN
	321	377
	321	378
	321	379
	321	380
	320	380
	319	380
	318	380
	317	380
	316	380
	314	380
	312	379
	311	378
	310	377
	310	376
	310	375
	310	374
	310	373
	310	372
	311	372
	312	371
	313	371
	314	371
	315	371
	316	371
	317	372
	318	372
	319	373
	319	374
	319	375
	319	376
	319	375
	320	374
	320	373
	321	373
	321	372
	322	371
	323	371
	323	370
	325	370
.PEN_UP
.PEN_DOWN
	333	379
	333	378
	332	378
	332	377
	332	376
	331	376
	331	375
	331	374
	331	373
	331	371
	332	370
	332	369
	332	368
	333	368
	333	369
	334	369
	334	370
	334	371
	334	372
	335	372
	335	373
	336	374
	336	375
	337	377
	338	378
	339	379
	340	379
	341	379
	341	378
	342	377
	342	376
	342	375
	343	375
	343	374
	344	373
	344	372
	344	371
	345	370
	345	369
	346	368
.PEN_UP
.PEN_DOWN
	394	395
	394	394
	393	393
	393	392
	392	390
	390	387
	390	385
	389	383
	388	381
	388	380
	388	377
	388	376
	388	374
	388	373
	389	372
	389	371
	389	370
	390	368
	390	367
.PEN_UP
.PEN_DOWN
	380	381
	381	381
	382	381
	383	381
	384	381
	386	381
	388	382
	389	382
	391	382
	392	382
	393	382
	394	382
.PEN_UP
.PEN_DOWN
	405	377
	404	377
	404	376
	403	376
	402	376
	401	376
	400	376
	400	375
	400	374
	401	373
	401	372
	402	372
	404	371
	405	371
	406	371
	407	371
	408	371
	409	371
	410	371
	410	372
	410	373
	409	375
	408	375
	408	376
	407	377
	406	377
	405	377
	404	377
	403	377
	402	377
.PEN_UP
.PEN_DOWN
	458	378
	459	378
	460	378
	461	378
	461	379
	461	380
	461	381
	460	381
	460	382
	459	382
	458	383
	456	384
	455	384
	454	384
	452	384
	451	383
	449	383
	448	383
	447	382
	446	381
	445	381
	445	380
	445	379
	445	378
	446	377
	447	377
	448	376
	450	376
	452	376
	454	376
	456	376
	457	376
	459	377
	460	377
	461	377
	462	378
	463	378
	463	379
	463	380
	462	380
	461	380
	460	380
	459	380
	458	380
	458	379
	459	379
	459	378
	460	377
	461	376
	462	376
	463	376
	464	375
	465	374
	466	374
	467	373
	468	373
	469	372
.PEN_UP
.PEN_DOWN
	481	379
	481	378
	480	377
	480	376
	479	374
	479	373
	478	372
	478	371
	478	370
	478	368
	478	367
	478	365
	478	364
	478	363
	478	362
	478	361
	478	360
	478	361
	477	361
	477	362
	477	363
	477	364
	477	365
	477	366
	477	368
	477	369
	478	373
	480	375
	481	377
	482	379
	483	381
	484	382
	485	382
	486	382
	487	382
	488	382
	489	382
	489	381
	489	380
	489	379
	488	379
	488	378
	487	377
	486	376
	485	375
	484	374
	483	372
	482	371
	481	371
	480	370
	479	370
	478	369
.PEN_UP
.PEN_DOWN
	498	376
	498	375
	498	374
	498	373
	498	372
	497	371
	497	370
	497	369
	497	368
	497	367
	497	366
	497	365
	497	364
	497	363
	496	363
	496	364
	496	365
	496	366
	497	367
	497	368
	497	370
	498	371
	499	374
	499	376
	500	378
	501	379
	502	380
	503	382
	503	383
	504	383
	505	384
	506	384
	506	383
	506	382
	506	381
	505	380
	505	379
	504	378
	504	377
	504	376
	503	375
	502	373
	502	372
	502	371
	501	371
.PEN_UP
.PEN_DOWN
	512	377
	513	378
	514	378
	515	378
	516	379
	517	379
	518	379
	519	379
	519	380
	520	380
	520	381
	519	381
	518	381
	517	381
	516	381
	515	381
	514	380
	513	380
	512	379
	511	378
	511	377
	510	377
	510	375
	510	374
	510	373
	511	373
	512	373
	513	372
	514	372
	515	372
	517	372
	518	372
.PEN_UP
.PEN_DOWN
	537	380
	536	380
	535	380
	533	380
	532	380
	531	380
	530	379
	529	379
	528	378
	527	377
	527	376
	527	375
	527	374
	527	373
	528	373
	528	372
	529	372
	529	371
	530	371
	531	371
	532	371
	533	371
	534	371
	535	372
	536	372
	537	373
	537	374
	537	375
	537	376
	537	377
	537	378
	537	377
	537	376
	537	375
	538	374
	539	373
	540	373
	541	373
	542	372
	543	372
.PEN_UP
.PEN_DOWN
	556	379
	556	378
	556	377
	556	376
	556	375
	556	374
	556	373
	556	372
	556	371
	556	370
	556	371
	557	372
	557	373
	557	374
	557	375
	557	376
	558	376
	558	378
	559	380
	559	381
	559	383
	559	384
	559	385
	560	386
	560	387
	561	387
	563	387
	564	387
	565	387
	566	387
	567	387
	568	387
	569	387
	570	387
	571	387
	572	387
	573	386
	574	386
.PEN_UP
