
.WRITER_ID BobStrong
.STYLE PRINTED
.PEN_DOWN
	117	395
	118	395
	119	394
	119	395
	118	395
	118	394
	118	393
	118	392
	117	391
	117	390
	117	389
	116	388
	116	386
	116	385
	116	384
	116	382
	115	381
	115	380
	115	379
	115	376
	115	375
	115	374
	115	373
	115	372
	115	373
	115	374
	116	375
	116	376
	116	377
	117	378
	118	379
	118	380
	119	381
	120	382
	121	382
	123	383
	124	383
	125	383
	126	382
	126	381
	126	380
	126	379
	125	378
	124	378
	124	377
	123	376
	122	376
	121	375
	120	374
	119	374
	119	373
	118	373
.PEN_UP
.PEN_DOWN
	136	381
	137	381
	138	381
	138	382
	139	382
	140	383
	140	384
	139	384
	138	385
	137	385
	136	385
	135	385
	135	384
	134	384
	132	382
	131	381
	131	380
	130	379
	130	378
	130	377
	130	376
	130	375
	131	375
	132	374
	134	373
	135	373
.PEN_UP
.PEN_DOWN
	153	378
	154	378
	154	379
	154	380
	153	380
	152	380
	151	379
	150	379
	149	378
	148	377
	147	376
	147	375
	147	374
	148	374
	149	374
	150	374
	151	374
	152	375
	153	375
	154	377
	155	378
	155	379
	156	380
	156	381
	156	382
	156	383
	156	384
	156	385
	156	387
	156	389
	156	390
	156	391
	156	392
	156	393
	157	393
	157	392
	157	391
	157	390
	156	389
	156	387
	156	386
	156	384
	156	383
	156	382
	156	380
	156	378
	157	375
	157	374
.PEN_UP
.PEN_DOWN
	176	375
	176	374
	175	374
	174	374
	175	374
	176	374
	175	374
	174	374
	175	374
.PEN_UP
.PEN_DOWN
	223	395
	224	394
	224	393
	224	392
	223	390
	223	388
	222	386
	222	384
	221	381
	221	379
	220	376
	219	373
	218	371
	218	370
	217	368
	217	367
	217	366
	217	365
	218	365
.PEN_UP
.PEN_DOWN
	233	394
	233	393
	233	392
	233	391
	232	390
	232	389
	232	387
	232	385
	232	384
	231	382
	231	380
	231	378
	231	377
	231	374
	231	373
	231	371
	231	370
	231	369
.PEN_UP
.PEN_DOWN
	221	377
	222	377
	223	377
	224	377
	226	377
	227	378
	228	378
	230	378
	231	378
	232	378
.PEN_UP
.PEN_DOWN
	241	375
	242	375
	243	375
	243	376
	244	376
	245	376
	246	376
	247	377
	248	377
	249	377
	250	377
	250	378
	251	378
	251	379
	250	379
	249	379
	248	379
	246	379
	245	379
	244	378
	243	377
	242	376
	241	375
	241	374
	241	373
	242	372
	243	371
	244	371
	245	371
	247	370
	249	370
	251	370
	252	369
	253	369
	254	369
	255	369
.PEN_UP
.PEN_DOWN
	286	393
	286	392
	286	391
	285	389
	285	388
	284	386
	284	384
	283	381
	283	379
	283	377
	282	375
	282	374
	281	372
	281	369
	281	368
	281	367
	281	366
	282	366
	283	367
	284	367
	284	368
	285	369
	285	370
	286	371
	287	372
	288	373
	289	375
	289	376
	290	377
	291	377
	292	377
	292	376
	292	375
	292	374
	292	373
	292	372
	292	371
.PEN_UP
.PEN_DOWN
	299	374
	299	373
	298	373
	298	372
	299	371
	299	370
	300	369
	301	369
	302	369
	302	368
	303	368
	304	368
	305	368
	306	368
	307	369
	308	369
	308	370
	308	371
	307	371
	307	372
	307	373
	306	373
	305	374
	303	374
	303	375
	302	375
	301	375
	300	375
.PEN_UP
.PEN_DOWN
	315	372
	315	371
	315	370
	315	369
	314	368
	314	367
	313	366
	313	365
	313	364
	312	362
	312	361
	312	359
	312	358
	312	357
	312	356
	312	357
	312	358
	312	359
	313	360
	313	361
	313	362
	313	364
	314	365
	315	368
	316	370
	316	372
	317	374
	318	375
	319	376
	319	377
	320	377
	321	378
	322	378
	323	378
	324	377
	325	377
	325	376
	325	375
	325	374
	324	373
	323	373
	323	372
	321	371
	320	371
	319	371
	318	370
	317	370
	316	370
	316	369
	315	369
.PEN_UP
.PEN_DOWN
	332	375
	333	375
	334	375
	335	375
	336	375
	338	376
	339	376
	340	377
	340	378
	340	379
	339	380
	338	380
	336	380
	335	380
	335	379
	334	379
	333	378
	332	378
	332	377
	330	376
	330	375
	330	374
	330	373
	331	373
	331	372
	332	371
	333	371
	334	371
	335	370
	336	370
	337	370
	339	370
.PEN_UP
.PEN_DOWN
	353	375
	352	375
	352	376
	351	376
	350	376
	349	375
	348	375
	347	375
	347	374
	346	374
	345	373
	345	372
	345	371
	345	370
	346	370
	347	369
	348	369
	349	369
	350	370
	351	370
	352	371
	353	371
	354	371
	354	372
	355	373
	355	375
	355	376
	355	377
	355	378
	355	379
	355	381
	355	382
	355	384
	355	386
	355	388
	355	390
	355	392
	355	394
	355	395
	355	396
	355	395
	355	393
	355	392
	355	390
	355	389
	354	384
	354	383
	354	381
	354	379
	354	377
	354	376
	354	375
	354	374
	354	373
	354	372
	354	371
.PEN_UP
.PEN_DOWN
	399	392
	400	392
	399	392
	398	392
	397	392
	397	391
	396	390
	395	389
	394	387
	394	385
	393	383
	392	381
	392	380
	391	376
	390	375
	390	373
	390	372
	389	371
	389	370
	389	369
	389	368
	390	368
	391	368
	391	369
	391	370
	392	370
	392	371
	392	372
	392	373
	393	375
	394	376
	394	378
	396	381
	396	382
	397	382
	397	383
	398	383
	398	382
	399	381
	399	380
	400	380
	400	379
	400	376
	400	375
	400	374
	400	372
	400	371
	401	370
	401	369
	401	368
	401	367
.PEN_UP
.PEN_DOWN
	411	379
	411	378
	412	378
	413	378
	414	378
	416	379
	417	379
	419	379
	420	380
	421	380
	422	380
	422	381
	422	382
	421	382
	420	382
	419	382
	418	382
	417	382
	416	382
	415	382
	414	381
	413	381
	412	380
	410	378
	409	377
	409	376
	409	375
	409	374
	410	373
	411	372
	412	372
	414	371
	416	371
	418	371
	422	371
.PEN_UP
.PEN_DOWN
	466	378
	465	379
	464	379
	462	379
	461	378
	460	378
	460	377
	459	376
	459	375
	459	374
	458	373
	458	372
	458	371
	459	370
	459	368
	460	368
	461	368
	462	368
.PEN_UP
.PEN_DOWN
	482	375
	481	375
	480	375
	479	375
	477	375
	477	374
	477	373
	478	372
	479	372
	480	371
	481	371
	483	370
	485	370
	486	370
	487	370
	488	371
	488	372
	488	373
	487	374
	487	375
	486	375
	485	376
	484	377
	483	378
	482	378
	481	379
	480	379
	479	379
	478	379
	477	379
	477	380
.PEN_UP
.PEN_DOWN
	495	376
	495	375
	494	375
	493	375
	492	375
	492	374
	492	373
	492	372
	492	371
	493	371
	493	370
	494	369
	495	369
	496	368
	497	367
	498	367
	499	367
	501	367
	502	367
	502	368
	503	368
	503	369
	503	370
	503	371
	503	372
	503	373
	503	374
	503	375
	503	376
	503	377
.PEN_UP
.PEN_DOWN
	516	392
	516	391
	516	390
	516	389
	516	388
	515	386
	515	384
	515	383
	515	381
	514	377
	514	376
	514	374
	513	373
	513	372
	513	371
	513	370
	513	369
	513	368
	513	367
	514	367
.PEN_UP
.PEN_DOWN
	529	373
	530	373
	530	374
	530	375
	529	375
	528	375
	527	375
	526	375
	525	375
	524	375
	522	373
	521	373
	521	372
	521	371
	521	370
	521	369
	521	368
	522	367
	523	367
	525	367
	526	367
	527	367
	528	367
	529	368
	530	369
	531	370
	532	371
	532	372
	532	373
	532	376
	532	377
	533	379
	533	380
	533	382
	533	384
	534	386
	534	388
	535	390
	535	391
	535	392
	535	393
	535	392
	534	391
	534	390
	533	389
	533	387
	533	385
	532	381
	532	380
	532	378
	532	377
	532	375
	532	374
	532	373
	532	372
	532	371
	533	370
	533	369
	534	369
.PEN_UP
.PEN_DOWN
	544	378
	545	377
	545	376
	544	375
	544	374
	544	373
	543	372
	543	371
	542	371
	542	370
	542	369
	542	368
	542	367
	542	366
	541	366
	542	367
	542	368
	543	369
	544	370
	544	371
	545	371
	546	372
	546	374
	547	375
	548	376
	548	377
	549	378
	550	379
	551	380
	551	381
	552	381
	552	380
	552	379
	551	378
	551	376
	550	375
	550	374
	550	373
	550	372
	550	371
	550	370
	550	369
	551	369
.PEN_UP
.PEN_DOWN
	567	393
	566	393
	566	392
	566	391
	565	389
	565	387
	564	386
	564	385
	564	384
	564	383
.PEN_UP
.PEN_DOWN
	581	393
	581	392
	581	391
	581	390
	581	389
	581	388
	581	387
	580	385
	580	383
	579	380
	579	378
	579	377
	578	375
	578	374
	577	373
	577	372
	577	371
	577	370
.PEN_UP
.PEN_DOWN
	571	382
	571	381
	572	381
	573	381
	574	381
	575	381
	577	381
	578	381
	580	380
	581	380
	582	380
	583	380
	584	380
	585	380
	587	381
.PEN_UP
.PEN_DOWN
	598	373
	598	374
	597	374
	596	374
	596	375
	597	375
	598	374
.PEN_UP
