
.WRITER_ID BobStrong
.STYLE PRINTED
.PEN_DOWN
	123	381
	124	381
	123	381
	123	382
	122	382
	121	381
	121	380
	120	380
	119	379
	118	378
	118	377
	117	376
	116	375
	116	374
	116	373
	116	372
	116	371
	117	370
	118	370
	119	370
	120	371
	121	371
	123	372
	124	373
	125	374
	125	375
	126	376
	126	377
	126	378
	126	379
	125	379
	125	380
	124	381
	123	381
	122	381
	121	380
.PEN_UP
.PEN_DOWN
	133	378
	133	377
	133	376
	133	375
	133	374
	133	373
	133	372
	133	371
	133	370
	134	370
	134	369
	134	370
	133	370
	133	371
	133	372
	133	373
	133	374
	133	375
	133	376
	133	377
	133	378
	134	379
	134	380
	134	381
	136	382
	137	383
	139	384
	140	384
	141	384
	142	384
	143	384
	143	385
	144	385
	145	385
.PEN_UP
.PEN_DOWN
	177	384
	178	384
	179	383
	180	383
	181	382
	181	381
	182	380
	182	379
	182	378
	183	376
	183	375
	183	374
	184	373
.PEN_UP
.PEN_DOWN
	186	388
	186	387
	185	387
	184	386
	182	384
	181	383
	181	382
	180	381
	179	380
	179	379
	178	378
	178	377
	178	376
	178	375
.PEN_UP
.PEN_DOWN
	185	391
	185	390
	184	389
	184	388
	184	386
	183	385
	183	384
	183	380
	183	379
	183	378
	183	377
	183	376
	183	375
	183	374
.PEN_UP
.PEN_DOWN
	174	381
	175	381
	176	381
	178	382
	179	382
	181	382
	183	383
	184	383
	186	383
	188	383
	189	384
.PEN_UP
.PEN_DOWN
	206	390
	207	390
	208	390
	208	391
	209	391
	210	391
	211	391
	212	391
	213	391
	215	391
	216	391
	217	391
	218	391
	219	390
	220	390
	221	390
	222	389
	222	388
	222	387
	222	386
	221	386
	220	385
	219	384
	218	382
	217	381
	216	380
	215	379
	214	378
	213	377
	212	376
	211	375
	210	374
	209	373
	208	372
	207	372
	207	370
	208	370
	209	370
	210	370
	212	371
	213	371
	216	371
	217	371
	218	371
	219	371
	220	370
	221	370
	222	370
	223	370
	224	370
	225	370
	226	370
	227	370
.PEN_UP
.PEN_DOWN
	240	388
	239	388
	239	387
	239	386
	238	386
	237	384
	237	383
	237	382
	236	381
	236	380
	235	379
	235	378
	235	377
	235	376
	234	375
	234	374
	233	374
	233	373
	233	372
	234	373
	235	375
	235	376
	235	378
	236	379
	236	380
	237	382
	237	383
	238	385
	239	387
	240	388
	241	390
	243	391
	243	392
	244	392
	245	392
	245	393
	246	393
	247	393
	248	393
	248	392
	248	391
	249	391
	249	390
	249	389
	249	388
	249	386
	249	385
	249	384
	249	383
	249	381
	249	379
	249	378
	250	377
	250	376
	250	375
	250	374
	251	374
	251	373
	252	373
.PEN_UP
.PEN_DOWN
	237	379
	238	379
	240	379
	241	379
	242	380
	243	380
	244	380
	245	380
	246	381
	247	381
	248	381
	249	381
.PEN_UP
.PEN_DOWN
	262	388
	262	389
	262	390
	261	390
	261	389
	261	388
	260	387
	260	385
	259	381
	258	379
	258	378
	258	376
	257	375
	257	374
	257	372
	257	371
	257	370
	257	369
.PEN_UP
.PEN_DOWN
	261	393
	262	393
	263	393
	264	393
	265	392
	266	392
	267	392
	269	392
	270	392
	272	391
	273	391
	274	390
	275	389
	275	388
	275	387
	275	386
	275	385
	274	385
	274	384
	273	384
	272	384
	272	383
	271	383
	270	383
	269	383
	268	383
	267	383
	265	383
	264	383
	263	383
	262	383
	261	383
.PEN_UP
.PEN_DOWN
	287	385
	287	384
	288	384
	289	384
	290	383
	290	382
	292	382
	292	381
	293	380
	294	379
	295	378
	296	377
	296	376
	296	375
.PEN_UP
.PEN_DOWN
	295	392
	295	391
	295	390
	294	389
	294	388
	293	388
	293	387
	292	386
	292	385
	291	384
	291	382
	291	379
	291	378
	291	377
	291	376
	291	375
.PEN_UP
.PEN_DOWN
	292	391
	293	391
	293	390
	293	389
	293	388
	293	387
	293	386
	293	385
	293	384
	293	383
	293	381
	293	380
	293	379
	293	378
	293	377
	293	376
.PEN_UP
.PEN_DOWN
	284	384
	284	383
	285	383
	286	383
	287	383
	288	383
	290	383
	291	383
	292	382
	294	382
	295	382
	296	382
	297	382
.PEN_UP
.PEN_DOWN
	309	375
	310	375
	310	374
	311	374
	311	373
	311	372
	311	371
	311	370
	311	369
	311	368
	311	367
	311	366
	310	364
	309	363
	308	362
	307	362
	306	362
	305	362
.PEN_UP
.PEN_DOWN
	349	382
	350	382
	351	381
	351	380
	352	380
	352	379
	353	379
	353	378
	354	377
	354	376
	354	375
	354	374
	355	373
.PEN_UP
.PEN_DOWN
	356	384
	355	384
	355	383
	354	383
	354	382
	353	381
	353	380
	353	379
	353	378
	352	377
	352	376
	352	375
	352	374
	351	374
	351	373
.PEN_UP
.PEN_DOWN
	352	388
	352	387
	352	386
	351	386
	351	385
	351	384
	351	383
	351	381
	351	380
	351	379
	351	378
	352	377
	352	376
.PEN_UP
.PEN_DOWN
	342	380
	342	379
	343	379
	345	379
	346	380
	348	380
	349	380
	352	380
	353	380
	354	380
	356	380
	357	380
	358	380
	359	380
	360	380
.PEN_UP
.PEN_DOWN
	375	391
	375	390
	375	389
	375	388
	375	387
	375	386
	375	385
	375	384
	375	383
	375	382
	375	380
	375	379
	375	378
	375	377
	375	375
	375	374
	374	373
	374	372
	374	371
	374	370
	373	370
.PEN_UP
.PEN_DOWN
	387	388
	386	388
	385	387
	385	386
	384	385
	383	385
	382	384
	381	384
	381	383
	379	383
	379	382
	378	382
	377	381
	376	380
	375	380
	375	379
	375	378
	376	377
	377	376
	380	376
	381	375
	382	375
	384	375
	385	375
	386	375
	387	375
	388	374
	389	374
	390	374
	390	373
	391	373
	391	372
.PEN_UP
.PEN_DOWN
	401	388
	402	387
	402	386
	401	385
	401	383
	401	382
	401	381
	401	379
	401	378
	401	376
	401	375
	401	374
	401	373
	400	372
	400	371
	399	370
	400	371
	400	372
	401	373
	401	374
	402	375
	402	377
	403	380
	404	381
	404	383
	404	385
	405	386
	405	387
	405	388
	406	389
	407	389
	408	389
	408	388
	408	387
	408	386
	409	385
	409	384
	409	383
	409	382
	409	380
	410	379
	410	377
	410	376
	410	375
	411	374
	411	373
	411	372
	411	371
	412	370
.PEN_UP
.PEN_DOWN
	402	379
	402	378
	403	378
	404	378
	405	378
	406	378
	407	378
	408	379
	409	379
	411	379
	413	379
	414	379
	415	379
.PEN_UP
.PEN_DOWN
	424	389
	424	388
	424	387
	425	387
	425	386
	425	385
	424	384
	424	383
	424	382
	424	381
	423	380
	423	378
	422	377
	422	376
	422	375
	421	374
	421	373
	421	372
	421	371
.PEN_UP
.PEN_DOWN
	423	393
	424	393
	425	393
	426	393
	427	393
	428	393
	430	393
	431	393
	432	393
	433	393
	434	392
	435	392
	437	391
	438	390
	438	389
	438	388
	437	387
	436	386
	434	386
	433	385
	432	385
	431	384
	430	384
	429	384
	428	384
	427	384
	426	384
	425	384
.PEN_UP
.PEN_DOWN
	451	380
	450	380
	449	380
	448	380
	447	379
	446	379
	445	378
	444	377
	444	376
	444	375
	444	374
	444	373
	445	372
	446	371
	447	371
	448	371
	449	371
	450	371
	452	371
	454	371
	455	371
	456	371
	457	372
	458	372
	458	374
	458	375
	458	376
	458	377
	458	378
	457	379
	456	380
	454	381
	453	383
	452	383
	451	384
	448	384
	447	384
	446	384
	444	383
	443	382
	443	381
.PEN_UP
.PEN_DOWN
	468	383
	468	382
	469	382
	469	380
	469	379
	469	378
	469	377
	469	376
	469	375
	470	375
	470	374
	470	373
	471	373
	471	372
	472	372
	473	372
	473	373
	473	374
	473	375
	474	375
	474	376
	474	377
	475	377
	475	378
	475	379
	476	379
	476	378
	476	377
	476	376
	477	375
	477	374
	478	373
	479	372
	480	372
	481	372
	482	372
	483	372
	484	373
	485	374
	486	375
	487	376
	487	377
	487	378
	487	379
	488	380
	488	381
	488	382
	488	384
	489	385
	489	387
	490	388
	490	390
	491	391
	491	390
.PEN_UP
.PEN_DOWN
	500	384
	500	383
	501	382
	501	381
	502	380
	503	379
	504	378
	504	377
	505	376
	506	375
	507	375
	507	374
	508	373
	510	372
.PEN_UP
.PEN_DOWN
	508	385
	508	384
	507	384
	506	383
	506	382
	505	382
	504	381
	504	380
	503	379
	503	378
	503	377
	503	376
	503	375
	503	374
	503	373
.PEN_UP
.PEN_DOWN
	505	388
	505	386
	504	385
	504	384
	503	383
	503	382
	502	380
	502	379
	502	378
	502	377
	502	375
	502	372
	503	372
.PEN_UP
.PEN_DOWN
	497	380
	498	380
	500	380
	502	380
	503	380
	505	380
	507	379
	508	379
	509	379
.PEN_UP
.PEN_DOWN
	520	369
	521	369
	521	368
	521	367
	521	366
	521	365
	521	364
	520	362
	520	361
	519	360
	518	359
	517	358
	516	357
	515	357
	514	357
.PEN_UP
.PEN_DOWN
	546	390
	546	389
	546	388
	546	387
	547	386
	547	385
	548	384
	548	383
	548	381
	549	380
	549	379
	550	378
	550	377
	551	377
	552	376
	553	376
.PEN_UP
.PEN_DOWN
	554	392
	554	391
	553	391
	552	391
	551	390
	550	389
	550	388
	549	387
	548	386
	548	384
	547	383
	547	382
	547	381
	546	380
	546	379
	545	378
.PEN_UP
.PEN_DOWN
	547	391
	547	390
	547	389
	547	388
	547	387
	546	386
	546	384
	546	383
	546	382
	546	381
	546	380
	545	379
	545	378
	545	377
	545	376
	545	375
.PEN_UP
.PEN_DOWN
	535	382
	536	382
	537	382
	539	382
	540	382
	541	383
	543	383
	545	383
	546	383
	548	383
	550	383
	551	383
	552	383
	553	382
	554	382
.PEN_UP
.PEN_DOWN
	567	392
	567	391
	567	390
	567	389
	567	388
	567	387
	567	386
	567	384
	567	383
	567	382
	567	380
	567	379
	566	378
	566	375
	566	374
	565	373
	565	372
	565	371
.PEN_UP
.PEN_DOWN
	580	390
	579	389
	578	388
	577	388
	576	387
	575	387
	574	386
	573	386
	572	385
	571	385
	571	384
	570	384
	570	383
	568	382
	567	382
	567	381
	566	380
	566	379
	567	379
	567	378
	568	377
	569	376
	570	376
	571	376
	572	375
	573	375
	574	375
	575	374
	576	374
	576	373
	577	373
	578	372
	579	371
	579	370
	580	369
	580	368
.PEN_UP
.PEN_DOWN
	593	388
	593	387
	593	386
	593	384
	592	382
	592	381
	592	379
	592	377
	592	376
	592	375
	592	374
	592	373
	592	372
	592	371
.PEN_UP
.PEN_DOWN
	592	389
	593	389
	594	390
	596	391
	597	392
	598	392
	599	392
	600	392
	601	392
	602	392
	603	391
	604	391
	605	391
.PEN_UP
.PEN_DOWN
	594	383
	595	383
	596	383
	597	384
	598	384
	599	384
	600	384
.PEN_UP
.PEN_DOWN
	591	373
	592	372
	593	372
	594	372
	595	372
	596	372
	597	372
	598	372
	600	372
	601	372
	603	372
	604	372
	605	372
	606	372
	607	372
	608	372
.PEN_UP
.PEN_DOWN
	616	391
	616	390
	616	389
	616	388
	616	387
	616	385
	615	384
	615	383
	614	381
	614	380
	614	379
	614	377
	614	376
	614	375
	614	374
	613	374
	613	373
	613	372
.PEN_UP
.PEN_DOWN
	614	390
	615	390
	616	390
	616	389
	617	389
	618	389
	619	389
	620	389
	621	388
	622	388
	623	387
	623	386
	623	385
	623	384
	622	384
	622	383
	621	382
	620	381
	619	380
	618	380
	617	379
	616	379
	615	378
	614	378
	613	377
	612	377
	611	376
	612	376
	613	375
	614	375
	615	374
	616	374
	617	373
	618	373
	618	372
	619	371
	620	370
	621	369
	621	368
	621	367
	621	366
	621	365
	622	365
.PEN_UP
.PEN_DOWN
	633	392
	633	391
	632	391
	632	390
	631	389
	631	388
	631	387
	630	385
	630	384
	629	382
	629	380
	629	379
	628	378
	628	377
	628	376
	628	375
	628	374
	628	373
.PEN_UP
.PEN_DOWN
	630	393
	631	393
	632	393
	632	394
	633	394
	634	394
	635	394
	636	394
	637	394
	638	394
	639	393
	640	393
	641	393
	642	393
	643	392
	644	392
	645	391
	645	390
	645	389
	645	388
	644	388
	643	388
	642	388
	641	387
	638	387
	637	387
	636	386
	635	386
	634	386
	633	386
	632	385
	631	385
.PEN_UP
.PEN_DOWN
	653	391
	653	390
	652	390
	652	389
	651	389
	651	388
	650	388
	650	387
	649	385
	649	384
	648	383
	648	382
	647	381
	647	380
	646	378
	646	377
	646	376
	646	375
	646	374
	646	373
	647	373
	649	373
	650	373
	651	373
	652	373
	653	373
	654	374
	655	374
	656	374
	657	374
	658	374
	659	374
	659	373
.PEN_UP
.PEN_DOWN
	665	388
	666	388
	666	387
	666	386
	666	384
	666	383
	666	381
	666	380
	666	379
	666	378
	666	377
	666	376
	667	375
	668	374
	669	374
	670	374
	670	375
	671	375
	672	375
	672	376
	673	376
	673	377
	674	378
	674	379
	675	381
	675	382
	675	384
	675	385
	675	386
	674	387
.PEN_UP
.PEN_DOWN
	682	384
	683	383
	683	382
	682	381
	682	380
	681	380
	681	379
	681	378
	681	376
	680	375
	680	374
	680	373
	680	372
	680	371
	680	370
	680	369
	680	370
	681	370
	681	371
	681	372
	682	373
	682	374
	683	375
	683	376
	683	378
	684	380
	685	381
	685	383
	685	384
	685	385
	685	386
	685	385
	685	384
	685	383
	685	382
	685	381
	685	380
	686	379
	686	378
	687	378
	688	377
	689	377
	690	376
	691	376
	692	376
	693	376
	694	376
	695	376
	695	377
	696	377
	696	378
	697	379
	697	380
	698	381
	698	382
	698	383
	698	384
	698	385
	698	386
	698	388
	698	389
	697	390
	697	391
	697	392
	696	393
.PEN_UP
.PEN_DOWN
	708	391
	708	390
	708	389
	707	389
	707	388
	707	387
	707	384
	707	383
	707	381
	707	380
	707	378
	707	377
	707	376
	708	375
	708	374
	708	373
	708	372
.PEN_UP
.PEN_DOWN
	719	394
	720	393
	720	392
	720	391
	719	390
	718	389
	718	388
	717	388
	717	387
	716	386
	715	386
	715	385
	714	384
	713	384
	712	384
	711	383
	710	382
	709	382
	708	381
	708	380
	708	379
	709	378
	710	377
	711	377
	712	376
	713	375
	714	375
	715	375
	715	374
	716	374
	717	373
	718	372
	719	372
	719	371
	720	371
	721	370
	722	370
.PEN_UP
.PEN_DOWN
	731	390
	731	389
	732	388
	733	387
	734	386
	734	385
	735	384
	735	383
	736	382
	737	381
	738	380
	739	379
	741	378
	742	378
	743	377
	746	376
	746	375
	747	375
.PEN_UP
.PEN_DOWN
	743	391
	743	390
	743	389
	742	388
	741	387
	740	385
	740	384
	739	383
	739	382
	739	381
	738	380
	738	379
	738	378
	738	377
.PEN_UP
.PEN_DOWN
	741	393
	742	393
	742	392
	741	391
	741	390
	741	389
	741	388
	740	386
	740	385
	740	384
	740	382
	740	381
	740	379
	740	377
	740	376
	740	375
.PEN_UP
.PEN_DOWN
	730	382
	731	382
	732	382
	734	382
	736	382
	737	382
	741	382
	743	382
	745	382
	746	382
	747	381
	748	381
	749	381
.PEN_UP
.PEN_DOWN
	768	372
	767	372
	766	372
	766	373
	767	373
	768	373
.PEN_UP
