
.WRITER_ID BobStrong
.STYLE PRINTED
.PEN_DOWN
	109	394
	110	394
	111	394
	111	395
	110	395
	110	394
	109	394
	109	393
	108	393
	108	392
	107	392
	107	391
	107	390
	107	389
	109	388
	110	388
	111	389
	112	389
	113	390
	114	390
	115	390
	116	390
	116	391
	117	391
	117	392
	117	393
	117	394
	116	395
	115	395
	115	396
	114	396
	112	397
	111	397
	110	397
	110	396
	109	396
.PEN_UP
.PEN_DOWN
	108	386
	109	386
	109	385
	108	384
	107	383
	107	382
	107	381
	108	381
	109	380
	110	380
	111	380
	112	381
	114	381
	115	381
	116	382
	117	382
	117	383
	117	384
	117	385
	116	386
	115	387
	114	388
	112	388
	111	388
	110	388
	110	387
.PEN_UP
.PEN_DOWN
	134	388
	134	387
	134	388
	135	388
	136	388
	136	387
.PEN_UP
.PEN_DOWN
	131	375
	130	375
	130	374
	131	374
	131	373
.PEN_UP
.PEN_DOWN
	151	394
	152	394
	151	394
	150	394
	149	393
	148	392
	148	391
	147	391
	147	390
	146	389
	146	388
	145	386
	144	385
	144	384
	144	383
	144	382
	144	381
	145	381
	146	381
	147	381
	148	381
	149	381
	150	381
	151	381
	152	381
	153	381
	154	381
	155	381
	156	381
	157	381
	158	381
.PEN_UP
.PEN_DOWN
	159	388
	159	389
	158	389
	157	388
	156	387
	156	386
	156	385
	156	384
	155	383
	155	382
	155	380
	155	379
	154	378
	154	377
	154	375
	153	374
	153	373
	153	372
	153	371
	153	370
	154	369
.PEN_UP
.PEN_DOWN
	196	389
	196	388
	196	387
	196	386
	196	385
	196	384
	195	384
	195	383
	196	383
	196	384
	196	385
	196	386
	195	387
	195	388
	194	388
	193	389
	192	390
	191	390
	190	390
	189	390
	187	389
	186	389
	186	388
	185	388
	185	387
	185	386
	184	386
	184	385
	184	384
	184	383
	185	383
	186	383
	187	383
	188	383
	189	384
	190	384
	191	384
	193	384
	194	384
	195	385
	196	385
	197	385
	198	385
	199	385
.PEN_UP
.PEN_DOWN
	225	394
	226	394
	226	393
	226	392
	224	392
	224	391
	223	391
	223	390
	222	390
	222	389
	221	389
	220	388
	219	388
	219	387
	218	386
	218	385
	218	384
	218	383
	219	383
	221	383
	222	383
	223	383
	224	383
	225	383
	226	383
	227	383
	227	384
	228	384
	229	384
	230	384
	231	384
	231	385
	231	386
	230	386
	230	387
	230	388
	229	388
	230	389
	230	390
	231	390
	232	391
	232	392
	232	393
.PEN_UP
.PEN_DOWN
	233	393
	233	392
	232	392
	232	391
	232	390
	232	389
	231	387
	231	386
	230	384
	230	383
	229	380
	229	379
	228	378
	228	377
	228	376
	228	375
	228	374
	228	373
	228	372
.PEN_UP
.PEN_DOWN
	242	386
	243	386
	243	387
	243	386
.PEN_UP
.PEN_DOWN
	240	376
	240	375
	240	374
.PEN_UP
.PEN_DOWN
	253	388
	254	388
	255	389
	256	389
	257	389
	258	389
	259	389
	260	389
	261	389
	262	389
	263	388
	264	388
	264	387
	264	386
	263	385
	262	384
	261	383
	261	382
	261	381
	260	381
	259	380
	258	379
	257	378
	257	377
	256	377
	256	376
	256	375
	256	374
	256	373
	257	373
	259	373
	260	373
	261	373
	262	373
	263	373
	264	373
	265	373
	266	373
	267	373
.PEN_UP
.PEN_DOWN
	295	393
	295	392
	295	391
	294	389
	294	388
	294	387
	293	386
	293	385
	293	384
	293	383
	292	383
	292	384
	292	385
	292	386
	292	387
	291	388
	290	389
	289	390
	288	390
	287	390
	286	390
	285	390
	284	390
	283	389
	282	389
	281	388
	281	387
	281	386
	281	385
	281	384
	282	383
	284	383
	285	383
	287	383
	288	384
	290	384
	291	384
	293	384
	294	384
	296	384
	296	385
	297	385
	298	385
	299	385
.PEN_UP
.PEN_DOWN
	315	391
	314	391
	315	391
	316	391
	317	391
	318	391
	319	391
	320	391
	322	391
	323	391
	324	390
	325	390
	326	390
	326	389
	326	388
	325	387
	325	386
	324	385
	323	385
	323	384
	322	384
	321	383
	321	382
	320	382
	319	381
	318	380
	317	379
	316	378
	316	377
	316	376
	316	375
	317	375
	318	374
	319	374
	320	374
	321	374
	322	373
	323	373
	324	373
	324	372
.PEN_UP
.PEN_DOWN
	341	389
	342	389
	341	389
	340	389
	340	388
	341	387
.PEN_UP
.PEN_DOWN
	339	375
	340	375
.PEN_UP
.PEN_DOWN
	359	397
	360	397
	360	396
	360	395
	359	394
	359	393
	358	385
	358	384
	358	382
	357	381
	357	380
	357	379
	356	378
	356	377
	355	376
	355	375
	354	374
	354	373
	354	372
	354	371
	354	370
	355	370
.PEN_UP
.PEN_DOWN
	379	384
	380	384
	380	385
	380	384
.PEN_UP
.PEN_DOWN
	382	371
	382	370
	381	369
	381	368
	380	368
	380	367
	380	366
	379	365
	379	364
	378	364
	377	363
	376	362
	375	362
	374	362
	373	362
	372	362
.PEN_UP
.PEN_DOWN
	403	390
	403	391
	403	390
	404	389
	405	389
	406	388
	407	387
	408	387
	408	386
	409	385
	410	385
	410	384
	411	384
	411	383
	412	383
	412	382
	412	381
	412	380
	411	380
	411	379
	410	379
	410	378
	409	378
	408	377
	407	377
	406	376
	405	375
	404	375
	404	374
	403	374
	403	373
	403	372
.PEN_UP
.PEN_DOWN
	463	390
	462	391
	461	391
	461	392
	459	392
	458	393
	457	393
	456	393
	455	393
	454	393
	453	393
	452	393
	450	392
	449	392
	447	391
	446	391
	444	390
	443	389
	442	389
	442	388
	442	387
	442	386
	442	385
	443	385
	443	384
	446	383
	447	382
	449	381
	450	380
	452	380
	453	379
	454	379
	455	379
	456	378
	456	377
	455	377
	454	377
	453	377
	452	377
	451	376
	450	376
	449	376
	448	376
	447	376
	445	375
	444	375
	443	375
	443	374
	442	374
	442	373
	441	373
	441	372
	441	371
	442	371
.PEN_UP
.PEN_DOWN
	465	378
	465	377
	465	376
	464	376
	464	375
	464	374
	464	373
.PEN_UP
.PEN_DOWN
	466	388
	466	389
	466	390
	467	390
	467	389
	468	389
.PEN_UP
.PEN_DOWN
	475	376
	475	375
	475	374
	475	373
	475	372
	474	372
	474	371
	473	370
	473	369
	474	369
	474	370
	475	370
	476	370
	476	371
	477	372
	478	373
	478	374
	478	375
	479	376
	480	377
	480	378
	481	378
	481	377
	481	376
	481	375
	481	374
	482	374
	483	374
	484	375
	485	375
	486	375
	486	376
	486	377
	487	377
	488	377
	488	376
	488	375
	488	374
	488	373
.PEN_UP
.PEN_DOWN
	499	374
	498	373
	498	372
	498	371
.PEN_UP
.PEN_DOWN
	499	385
	500	385
	500	386
	500	387
	501	388
	502	388
	502	389
	503	389
.PEN_UP
.PEN_DOWN
	515	394
	515	393
	515	392
	514	391
	514	390
	513	390
	513	388
	512	387
	512	385
	511	381
	511	379
	511	378
	511	376
	511	375
	510	373
	510	372
	510	371
	510	370
	510	369
	510	368
.PEN_UP
.PEN_DOWN
	525	375
	526	376
	526	377
	526	378
	526	379
	525	379
	524	379
	523	379
	522	379
	521	378
	520	378
	520	377
	519	377
	518	376
	517	375
	517	374
	517	373
	517	372
	518	372
	518	371
	519	371
	520	371
	521	371
	521	372
	523	372
	524	373
	525	373
	525	374
	525	375
	526	375
	526	376
	526	375
	526	374
	526	373
	526	372
	527	371
	527	370
	528	370
.PEN_UP
.PEN_DOWN
	541	376
	541	375
	540	374
	540	373
	539	372
	539	371
	539	370
	540	369
	540	368
	541	368
	542	368
	542	369
	542	370
	542	371
	542	372
	542	373
	542	374
	542	375
	543	377
	543	378
	543	379
	543	380
	543	381
	543	382
	543	383
	543	384
	544	385
	545	385
	546	385
	547	386
	548	386
	549	386
	550	387
.PEN_UP
.PEN_DOWN
	556	402
	557	402
	558	402
	559	402
	560	402
	562	402
	563	401
	565	401
	566	400
	569	399
	570	399
	570	398
	570	397
	569	397
	568	396
	567	396
	566	395
	565	394
	564	394
	562	393
	561	393
	561	392
	560	391
	560	390
	561	390
	561	389
	562	388
	563	388
	563	387
.PEN_UP
.PEN_DOWN
	562	375
	563	374
	563	373
	562	373
	563	373
	563	372
.PEN_UP
