
.WRITER_ID BobStrong
.STYLE PRINTED
.PEN_DOWN
	123	390
	122	390
	121	390
	121	391
	120	391
	119	392
	118	392
	117	392
	117	393
	116	393
	115	393
	114	393
	113	393
	112	393
	111	393
	110	393
	109	393
	108	393
	107	392
	106	392
	106	391
	107	391
	107	390
	108	389
	108	388
	107	387
	107	386
	107	385
	107	384
	106	382
	106	381
	106	380
	106	379
	106	378
	106	377
	106	376
	106	377
	107	377
	108	377
	108	376
	109	376
	110	376
	111	376
	112	376
	113	376
	114	376
	115	376
	116	376
	117	376
	118	376
	119	376
	119	375
.PEN_UP
.PEN_DOWN
	137	400
	137	399
	137	398
	136	398
	135	397
	134	397
	133	397
	133	396
	132	396
	131	395
	130	395
	130	394
	129	393
	128	391
	127	389
	127	388
	127	387
	127	386
	127	384
	128	383
	128	382
	129	381
	129	380
	130	379
	131	377
	132	377
	133	376
	134	375
	135	374
	136	374
	136	373
	137	373
	137	372
.PEN_UP
.PEN_DOWN
	148	390
	148	389
	148	388
	147	387
	147	386
	146	385
	146	384
	146	383
	146	382
	146	381
	146	380
	146	379
	147	378
.PEN_UP
.PEN_DOWN
	156	398
	156	397
	157	397
	158	397
	158	396
	159	396
	159	395
	160	394
	160	393
	160	391
	161	389
	161	388
	161	387
	161	385
	161	384
	161	383
	161	382
	161	380
	160	379
	160	378
	159	377
	159	376
	157	375
	157	374
	156	373
	155	372
.PEN_UP
.PEN_DOWN
	198	399
	198	398
	197	397
	196	397
	196	396
	196	395
	195	395
	195	394
	195	393
	195	392
	194	391
	193	388
	193	387
	193	386
	193	385
	193	384
	193	383
	193	382
	193	381
	194	380
	194	379
	195	379
	196	379
	198	378
	199	378
	200	378
.PEN_UP
.PEN_DOWN
	214	393
	213	393
	213	392
	212	391
	211	390
	211	389
	210	388
	209	388
	208	387
	207	386
	207	385
	207	384
	207	383
	208	383
	209	383
	210	383
	211	383
	212	383
	213	383
	215	383
	216	384
	217	384
	218	384
	219	384
.PEN_UP
.PEN_DOWN
	225	401
	226	400
	227	400
	226	400
	226	399
	227	398
	228	397
	229	397
	229	396
	230	395
	230	393
	231	392
	232	391
	232	390
	232	388
	232	387
	232	385
	232	384
	231	383
	231	382
	230	381
	229	380
	228	380
	228	379
	227	379
	226	378
	225	378
	224	377
	223	376
.PEN_UP
.PEN_DOWN
	263	394
	262	394
	261	394
	260	394
	258	393
	257	392
	257	391
	257	390
	256	389
	256	388
	256	386
	255	385
	255	384
	255	382
	254	379
	254	378
	254	377
	254	375
	254	374
	255	373
	255	372
	256	371
	257	370
	259	370
.PEN_UP
.PEN_DOWN
	268	388
	269	388
	270	388
	271	388
	272	388
	273	388
	274	388
	275	388
	276	388
	277	387
	277	386
	276	386
	275	385
	274	385
	273	385
	273	384
	272	384
	271	384
	270	383
	269	383
	268	382
	268	381
	269	381
	270	381
	271	380
	272	380
	273	379
	274	379
	276	379
	277	379
	279	378
	281	378
	281	377
	281	376
	281	375
	280	375
	279	375
	278	375
	276	374
	275	374
	274	373
	273	373
	272	372
	271	372
	270	372
.PEN_UP
.PEN_DOWN
	287	394
	287	393
	288	393
	289	393
	290	392
	291	391
	292	390
	293	389
	294	388
	295	387
	297	384
	297	383
	297	382
	297	381
	297	380
	296	379
	296	378
	295	377
	294	376
	294	375
	292	375
	291	374
	290	373
	289	373
	289	372
	288	372
.PEN_UP
.PEN_DOWN
	335	394
	335	393
	334	393
	333	393
	331	391
	330	390
	330	389
	329	387
	328	385
	328	384
	327	382
	327	380
	326	378
	326	376
	326	375
	326	373
	328	370
	329	369
	329	368
	330	367
	331	367
	332	366
	333	366
.PEN_UP
.PEN_DOWN
	343	390
	343	389
	343	388
	342	388
	342	387
	341	386
	341	385
	340	384
	340	383
	340	382
	340	381
	340	380
	341	380
	342	380
	343	379
	344	379
	345	379
	346	379
	347	379
	348	379
	350	379
	351	379
	353	379
.PEN_UP
.PEN_DOWN
	352	390
	353	389
	353	388
	353	386
	353	385
	353	384
	353	382
	353	381
	353	379
	353	378
	353	377
	353	375
	353	374
	353	373
	353	372
	353	371
	353	370
.PEN_UP
.PEN_DOWN
	367	396
	367	395
	368	395
	368	394
	369	394
	369	393
	370	393
	371	392
	371	391
	372	390
	373	389
	374	388
	374	385
	375	384
	375	382
	375	381
	375	379
	374	378
	374	377
	374	375
	373	375
	373	374
	372	373
	370	371
	370	370
	369	370
	368	370
.PEN_UP
.PEN_DOWN
	410	395
	410	394
	409	394
	408	393
	407	392
	407	391
	407	390
	406	388
	405	387
	405	386
	404	385
	403	382
	403	381
	403	379
	403	378
	403	377
	404	376
	404	375
	405	374
	405	373
	406	372
	407	371
	408	370
	410	370
.PEN_UP
.PEN_DOWN
	430	390
	429	390
	428	390
	427	390
	426	390
	425	390
	424	390
	423	390
	422	390
	421	390
	420	390
	419	390
	418	390
	418	389
	417	389
	417	388
	417	387
	417	386
	417	385
	418	384
	419	384
	419	383
	420	383
	421	382
	422	381
	423	380
	424	380
	425	380
	426	379
	427	379
	428	379
	429	379
	430	379
	431	378
	432	377
	432	376
	431	375
	431	374
	430	374
	429	373
	428	373
	427	373
	426	372
	425	372
	424	372
	423	372
	422	372
	421	372
.PEN_UP
.PEN_DOWN
	443	397
	444	396
	444	395
	445	394
	446	393
	447	391
	448	390
	449	388
	450	387
	450	385
	451	384
	451	383
	451	381
	452	380
	452	379
	452	378
	452	377
	451	375
	450	374
	449	373
	448	372
	446	372
	445	372
	444	371
.PEN_UP
.PEN_DOWN
	458	397
	458	396
	459	396
	459	397
	460	397
	461	397
	462	396
	463	396
	465	396
	466	396
	467	395
	468	395
	467	394
	466	393
	466	392
	466	391
	466	390
	466	389
	466	388
	466	387
	466	386
	466	385
	466	384
	466	383
	465	382
	465	381
	465	380
	465	379
	465	378
	465	377
	465	376
	465	375
	465	374
	465	373
	465	372
	465	371
	465	370
	464	370
	464	371
	463	371
	461	372
	460	372
	459	373
	459	372
.PEN_UP
