
.WRITER_ID BillRivard
.STYLE PRINTED
.PEN_DOWN
	77	398
	78	398
	78	399
	78	400
	78	399
	78	398
	78	397
	78	396
	78	395
	77	392
	77	390
	77	389
	77	387
	76	385
	76	384
	76	383
	76	381
	76	380
	77	379
	77	378
	77	377
	78	376
	78	375
	79	375
	80	375
	81	375
	82	375
	83	375
	84	375
.PEN_UP
.PEN_DOWN
	70	384
	71	383
	72	383
	73	383
	74	383
	75	383
	77	383
	78	383
	79	384
	80	384
	82	384
	84	384
	84	385
	85	385
	86	385
.PEN_UP
.PEN_DOWN
	91	386
	91	385
	91	384
	91	383
	90	383
	90	382
	90	381
	90	380
	89	379
	89	378
	89	377
	90	376
	90	375
	91	374
	92	374
	93	374
	94	374
	95	374
	97	375
	97	376
	98	376
	98	377
	98	378
	99	379
	99	380
	99	381
	98	382
	98	383
	97	384
	96	384
	95	384
.PEN_UP
.PEN_DOWN
	128	380
	128	381
	128	382
	128	383
	127	383
	126	382
	125	382
	124	381
	123	381
	122	380
	122	379
	122	378
	122	377
	122	376
	122	375
	122	374
	122	373
	123	373
	123	372
	124	372
	125	372
	126	372
	127	372
	128	372
	129	372
	129	373
	130	373
	131	373
	131	374
	132	374
	132	375
	133	376
	133	377
	133	378
	133	379
	133	380
	133	381
	133	382
	132	383
.PEN_UP
.PEN_DOWN
	139	384
	140	384
	140	383
	140	382
	140	381
	140	380
	140	379
	140	378
	140	377
	140	376
	140	375
	140	374
	140	372
	140	371
	140	370
	140	369
	140	368
	140	367
	140	366
	141	366
	141	367
	141	368
	141	369
	141	370
	140	372
	140	373
	140	374
	140	375
	140	376
	140	378
	140	379
	140	380
	140	381
	141	382
	141	383
	142	384
	142	385
	143	385
	143	386
	144	386
	145	386
	146	387
	147	387
	148	387
	149	386
	150	386
	150	385
	150	384
	150	383
	150	382
	149	382
	149	381
	147	380
	146	379
	145	378
	145	377
.PEN_UP
.PEN_DOWN
	157	381
	158	381
	159	381
	160	381
	161	381
	161	382
	162	382
	162	383
	162	384
	163	384
	163	385
	163	386
	163	387
	162	387
	162	388
	161	388
	160	388
	159	388
	159	387
	158	387
	158	386
	157	386
	157	385
	157	384
	157	383
	157	382
	157	381
	157	380
	157	379
	157	378
	158	377
	158	376
	159	376
	160	376
	160	375
	161	375
	162	375
	163	375
.PEN_UP
.PEN_DOWN
	172	391
	172	390
	172	389
	173	387
	173	386
	173	385
	173	384
	173	383
	173	382
	173	381
	174	381
	174	380
	174	379
	174	378
	174	377
	174	376
	174	377
	174	379
	174	380
	174	381
	174	382
	174	383
	174	385
	175	385
	175	386
	176	388
	176	389
	177	389
	178	390
	179	390
	180	390
	180	391
	181	391
	182	391
	183	391
	184	390
	185	390
.PEN_UP
.PEN_DOWN
	192	389
	191	389
	190	388
	189	388
	188	387
	188	386
	187	386
	187	385
	186	384
	186	383
	186	382
	186	381
	186	379
	187	378
	188	378
	189	378
	190	378
	190	379
	191	379
	192	380
	192	381
	193	381
	193	382
	194	383
	194	384
	194	385
	194	386
	194	387
	194	388
	194	389
	194	388
	194	387
	194	386
	194	385
	194	384
	194	383
	194	382
	195	381
	195	380
	195	379
	195	378
	195	377
	196	377
.PEN_UP
.PEN_DOWN
	208	402
	208	403
	208	402
	208	401
	208	400
	208	398
	208	397
	208	396
	208	394
	208	393
	208	392
	208	391
	208	389
	208	388
	208	387
	208	385
	208	384
	208	382
	208	381
	208	380
	208	379
	209	378
	209	377
	210	377
.PEN_UP
.PEN_DOWN
	203	389
	204	389
	204	388
	205	388
	206	388
	206	389
	207	389
	208	389
	209	389
	210	389
	211	389
	211	390
	213	390
	214	390
	215	390
.PEN_UP
.PEN_DOWN
	217	382
	218	382
	219	382
	220	382
	221	382
	221	383
	222	383
	223	384
	224	385
	225	386
	225	387
	225	388
	225	389
	225	390
	224	390
	223	390
	222	390
	221	389
	220	388
	220	387
	219	386
	219	385
	219	384
	219	383
	219	382
	220	381
	221	381
	221	380
	222	380
	223	379
	225	379
	226	379
	227	378
	228	378
	229	378
.PEN_UP
.PEN_DOWN
	262	394
	262	395
	261	395
	261	394
	260	392
	260	391
	259	387
	259	385
	259	383
	259	382
	259	380
	260	379
	260	377
	260	376
	260	375
	261	374
	261	373
	261	372
	262	372
	263	372
	264	373
	265	373
.PEN_UP
.PEN_DOWN
	254	388
	254	387
	255	387
	255	386
	256	386
	257	386
	258	386
	259	386
	260	386
	262	387
	263	387
	264	387
	265	387
	266	387
	267	387
.PEN_UP
.PEN_DOWN
	273	399
	274	399
	274	398
	274	397
	274	396
	274	395
	274	394
	274	392
	275	390
	275	388
	275	387
	275	385
	275	384
	275	382
	275	381
	275	380
	275	379
	275	378
	275	377
	276	378
	277	379
	277	380
	278	381
	278	382
	279	383
	280	385
	281	386
	282	387
	283	388
	283	389
	284	390
	284	389
	284	388
	284	387
	285	386
	285	385
	285	384
	285	383
	286	382
	286	381
	286	380
	286	379
	286	378
	287	377
.PEN_UP
.PEN_DOWN
	296	383
	297	382
	298	382
	299	382
	300	382
	300	383
	301	384
	301	385
	301	386
	301	387
	301	388
	300	389
	300	390
	299	390
	298	390
	297	390
	296	390
	296	389
	295	388
	294	387
	293	386
	293	385
	292	384
	292	383
	292	382
	292	380
	293	380
	293	379
	294	378
	295	377
	296	376
	297	376
	298	376
	299	375
	300	375
	301	375
	303	375
	304	375
	305	375
.PEN_UP
.PEN_DOWN
	333	390
	334	391
	334	392
	334	393
	334	392
	334	391
	334	390
	334	389
	334	388
	334	386
	334	385
	334	383
	334	381
	334	378
	334	376
	334	375
	334	374
	334	373
	334	372
	334	371
	335	371
	335	372
	336	373
	336	374
	336	375
	337	376
	337	377
	338	378
	338	379
	340	380
	341	382
	342	383
	343	384
	343	385
	344	385
	345	384
	345	383
	345	382
	345	381
	345	380
	345	379
	345	378
	345	377
	345	376
	344	376
	344	375
	343	375
	342	374
	341	374
	340	374
	339	374
	338	374
	337	374
.PEN_UP
.PEN_DOWN
	357	381
	357	382
	356	382
	355	382
	354	382
	353	381
	352	380
	352	379
	351	378
	351	377
	351	376
	351	375
	352	373
	352	372
	353	372
	354	372
	355	372
	356	373
	357	374
	358	375
	358	376
	358	377
	359	378
	359	379
	359	380
	359	381
	359	382
.PEN_UP
.PEN_DOWN
	365	385
	366	385
	366	384
	367	384
	367	383
	368	383
	368	382
	370	381
	371	380
	372	379
	373	378
	374	377
	374	376
	375	375
	375	374
	375	373
.PEN_UP
.PEN_DOWN
	377	386
	376	385
	375	384
	374	383
	373	382
	373	381
	372	380
	371	379
	370	378
	368	376
	367	375
	367	374
	366	373
.PEN_UP
.PEN_DOWN
	383	373
	383	374
	382	374
	383	374
	384	374
.PEN_UP
.PEN_DOWN
	421	393
	421	394
	421	393
	421	392
	421	391
	421	390
	421	389
	421	387
	420	385
	420	383
	420	381
	420	380
	420	379
	420	378
	420	376
	419	376
	419	375
	419	374
	419	373
	419	372
	420	372
	420	373
.PEN_UP
.PEN_DOWN
	411	393
	412	393
	413	394
	414	394
	415	394
	416	394
	419	394
	421	394
	424	394
	426	394
	427	394
	430	394
	431	394
	432	394
	433	394
	434	394
	435	394
.PEN_UP
.PEN_DOWN
	430	381
	430	380
	430	379
	430	378
	429	377
	429	376
	429	375
	429	374
	430	374
	430	373
	431	373
	432	373
	434	373
	435	374
	436	375
	437	376
	438	376
	438	377
	439	377
	439	378
	440	378
	440	379
	440	380
	440	381
	440	380
	439	380
	439	379
	439	378
	439	377
	439	376
	439	375
	440	375
	440	374
	441	374
	441	373
	442	373
	444	373
	445	373
	446	373
	447	374
	448	375
	448	376
	449	377
	449	378
	449	379
	449	381
	449	382
	449	383
	449	384
	448	385
.PEN_UP
.PEN_DOWN
	458	382
	458	383
	457	383
	456	382
	456	381
	455	380
	454	379
	454	378
	454	377
	454	376
	454	375
	454	374
	455	374
	455	373
	456	373
	457	373
	457	374
	458	374
	458	375
	459	376
	459	378
	459	379
	459	380
	459	381
	459	382
	458	382
.PEN_UP
.PEN_DOWN
	478	397
	478	398
	478	399
	477	399
	477	400
	476	400
	476	399
	475	399
	474	398
	474	397
	473	396
	473	395
	473	394
	472	392
	472	389
	472	387
	472	385
	472	384
	472	382
	472	381
	472	379
	473	377
	473	376
	473	375
	473	374
	473	373
	473	372
	473	371
	472	371
	472	370
	472	369
	472	368
.PEN_UP
.PEN_DOWN
	462	376
	463	376
	464	376
	465	376
	466	376
	467	376
	468	376
	469	376
	470	376
	471	376
	472	376
	473	377
.PEN_UP
.PEN_DOWN
	484	398
	485	398
	485	397
	484	396
	484	395
	484	394
	484	392
	483	391
	483	389
	483	388
	483	386
	483	385
	482	384
	482	382
	482	381
	482	380
	482	378
	482	377
	482	375
	482	374
	482	373
	482	372
.PEN_UP
.PEN_DOWN
	493	384
	493	383
	492	383
	491	382
	491	381
	490	380
	490	379
	489	377
	489	376
	489	375
	489	374
	489	373
	490	373
	490	372
	491	372
	492	372
	493	372
	494	372
	494	373
	495	374
	495	375
	495	376
	495	377
	495	378
	495	380
	494	381
	494	382
	493	383
.PEN_UP
.PEN_DOWN
	503	384
	503	383
	503	382
	502	382
	502	381
	502	380
	502	379
	502	378
	502	377
	502	376
	502	375
	502	374
	503	374
	504	374
	505	374
	506	374
	506	375
	507	375
	507	376
	508	377
	509	378
	510	379
	510	380
	511	381
	511	382
	511	383
	510	383
	510	382
	510	381
	509	380
	509	379
	509	378
	509	377
	509	376
	510	375
	510	374
	511	373
	512	373
	513	373
	514	373
	515	373
	515	374
	516	375
	516	376
	517	377
	517	378
	517	379
	517	380
	517	381
	517	382
	518	383
	518	384
.PEN_UP
.PEN_DOWN
	522	378
	523	378
	524	377
	525	377
	526	378
	527	378
	528	378
	529	379
	530	380
	531	381
	532	382
	532	383
	532	384
	531	385
	531	386
	530	386
	529	386
	528	386
	528	385
	527	385
	527	384
	526	383
	525	382
	525	381
	524	380
	524	379
	524	378
	524	377
	524	376
	525	376
	526	374
	527	373
	528	373
	529	373
	530	373
	531	373
.PEN_UP
.PEN_DOWN
	545	386
	545	385
	545	384
	545	383
	545	382
	545	381
	545	380
	544	379
	544	378
	544	377
	544	376
	544	375
	544	374
	544	373
	544	372
	543	372
	543	373
	543	374
	543	375
	543	376
	544	378
	544	379
	544	380
	545	381
	545	382
	546	383
	547	383
	548	383
	549	383
	550	382
	551	382
	551	381
	552	381
	553	380
	554	380
.PEN_UP
