
.WRITER_ID BillRivard
.STYLE PRINTED
.PEN_DOWN
	72	379
	72	380
	72	381
	71	381
	71	380
	71	379
	71	378
	71	377
	71	376
	71	375
	71	374
	71	373
	71	372
	72	371
	73	371
	74	371
	75	371
	75	372
	76	372
	77	373
	78	373
	78	374
	78	375
	79	376
	80	377
	80	378
	81	378
	81	379
	81	380
	82	380
	82	381
	82	380
	82	379
	82	378
	82	377
	82	376
	82	375
	82	374
	83	374
	83	373
	83	372
	84	372
	85	371
	86	371
	87	371
	88	372
	89	372
	90	373
	90	374
	91	374
	92	376
	92	377
	93	378
	93	379
	93	380
	93	381
	92	381
	92	382
	91	383
	90	384
	90	383
	90	382
	91	382
.PEN_UP
.PEN_DOWN
	104	379
	105	379
	105	380
	105	381
	105	382
	105	383
	104	383
	103	383
	102	383
	101	383
	101	382
	100	382
	100	381
	99	381
	98	379
	98	378
	98	377
	98	376
	98	375
	98	374
	99	373
	100	372
	101	372
	102	372
	102	373
	103	373
	103	374
	104	374
	104	375
	104	376
	105	377
	105	378
	106	379
	106	380
	106	381
	106	382
	106	383
	106	382
	106	381
	107	381
	107	380
	107	379
	108	378
	108	377
	108	376
	108	375
	109	375
	109	374
	110	374
	110	375
	111	375
.PEN_UP
.PEN_DOWN
	114	383
	115	383
	115	382
	116	382
	116	381
	116	380
	116	378
	117	377
	117	376
	117	375
	117	376
	116	376
	116	377
	116	378
	116	379
	116	380
	116	381
	116	383
	116	384
	116	385
	117	386
	117	387
	118	387
	118	388
	119	388
	120	388
	121	388
	122	388
	123	388
	123	387
	124	386
	125	386
	125	385
.PEN_UP
.PEN_DOWN
	135	391
	135	390
	135	389
	135	388
	135	387
	135	386
	135	385
	135	382
	135	381
	135	380
	135	379
	135	378
	135	377
	135	376
	136	375
	136	374
	136	373
	136	372
	137	372
	138	372
	139	372
	140	373
.PEN_UP
.PEN_DOWN
	128	383
	128	382
	129	382
	130	382
	131	382
	132	382
	133	382
	134	382
	135	382
	136	383
	138	383
	139	383
	140	383
	141	383
	142	383
.PEN_UP
.PEN_DOWN
	149	386
	149	385
	149	384
	149	383
	149	382
	149	381
	149	380
	149	379
	149	378
	149	377
	149	376
	149	375
	150	375
	151	375
	152	375
	153	375
	154	376
	154	377
	155	377
	155	378
	156	380
	156	381
	157	382
	157	383
	157	381
	157	380
	157	379
	157	378
	157	376
	158	376
	158	374
	158	373
	159	372
	159	371
	159	370
	160	367
	161	366
	161	365
	161	364
	162	363
	162	362
	162	361
	162	360
	162	359
	162	358
	161	358
	160	358
	159	359
	158	360
	157	361
	157	363
	157	364
	158	365
	158	366
	159	367
	160	368
	161	369
	161	370
	162	371
	163	372
	165	373
	166	373
	167	374
	167	375
	168	375
	168	376
	169	376
	170	376
	171	376
.PEN_UP
.PEN_DOWN
	196	390
	197	391
	197	392
	197	393
	197	394
	197	395
	197	396
	197	395
	197	394
	197	393
	197	392
	197	391
	198	389
	198	387
	199	385
	200	383
	200	381
	201	379
	201	377
	202	374
	203	373
	203	372
	204	371
	204	370
	205	370
	205	371
	206	373
	206	374
	207	375
	207	376
	207	377
	208	379
	208	380
	209	382
	210	383
	210	385
	211	386
	211	385
	212	383
	212	382
	212	381
	213	380
	213	377
	214	376
	214	375
	215	374
	215	373
	216	372
	217	372
	218	372
.PEN_UP
.PEN_DOWN
	226	380
	226	379
	226	378
	226	377
	226	376
	226	375
	226	374
	226	372
	227	372
	227	371
	228	371
	229	371
	229	372
	230	372
	231	373
	232	374
	232	375
	233	376
	233	377
	233	378
	233	379
	233	380
	233	381
	233	380
	233	379
	234	379
	234	378
	234	377
	234	376
	235	375
	235	374
	235	373
	236	373
	236	372
	237	371
	238	371
.PEN_UP
.PEN_DOWN
	244	379
	244	378
	245	378
	245	377
	245	376
	245	375
	246	374
	246	373
	246	372
	246	371
	247	371
	247	372
	248	372
	249	373
	249	374
	250	375
	251	376
	251	377
	251	378
	252	379
	252	380
	253	381
	253	380
	253	379
	253	378
	253	377
	254	376
	254	374
	255	374
	255	373
	256	373
	256	374
	257	375
	258	375
	258	376
	258	377
	259	377
	259	378
	260	379
	261	380
	261	381
	262	381
	262	382
	263	383
	264	383
	264	382
	264	381
	264	380
	265	380
	265	379
	265	378
	266	377
	266	376
	267	375
	267	374
	267	373
	268	373
.PEN_UP
.PEN_DOWN
	281	382
	281	383
	281	384
	280	384
	279	384
	278	383
	277	383
	277	382
	276	382
	275	381
	275	380
	274	380
	274	379
	273	378
	273	377
	273	376
	274	375
	275	375
	276	375
	277	376
	278	377
	279	377
	279	378
	280	379
	280	380
	280	381
	280	382
	281	382
	281	381
	281	380
	281	379
	281	378
	281	377
	281	376
	282	375
	282	374
	282	373
	283	372
.PEN_UP
.PEN_DOWN
	288	384
	288	383
	288	382
	288	381
	288	380
	288	379
	288	378
	289	377
	289	376
	289	375
	289	374
	290	373
	290	374
	291	374
	291	375
	292	376
	292	377
	293	377
	293	378
	294	379
	294	380
	295	381
	295	382
	296	383
	296	384
	296	385
	297	385
	298	384
	298	383
	298	382
	298	381
	298	380
	299	378
	300	377
	300	376
	300	375
	301	374
	301	373
	301	372
	302	372
	302	371
.PEN_UP
.PEN_DOWN
	312	378
	312	379
	312	380
	312	381
	311	381
	311	382
	310	382
	309	382
	308	382
	307	381
	306	381
	306	380
	306	379
	305	378
	305	377
	305	376
	305	375
	305	374
	305	373
	306	372
	306	371
	307	370
	308	370
	309	370
	310	370
	311	370
	311	371
	312	371
	313	373
	314	374
	314	376
	314	377
	314	378
	314	379
	313	380
	313	381
	312	381
.PEN_UP
.PEN_DOWN
	321	380
	322	380
	322	379
	322	378
	322	377
	323	376
	323	375
	323	374
	324	373
	324	372
.PEN_UP
.PEN_DOWN
	337	394
	337	393
	338	392
	338	391
	338	390
	339	390
	339	389
	340	387
	340	385
	340	384
	340	383
	340	382
	340	381
	340	380
	340	378
	340	377
	340	376
	341	376
	341	375
	341	373
	341	372
	342	372
	343	372
	343	373
	343	374
	343	375
	343	376
	342	376
	342	377
	341	377
	341	378
	340	378
	338	378
	337	378
	336	378
	336	377
	335	377
	335	376
	334	376
	334	375
	334	374
	334	373
	334	372
	335	372
	335	371
	336	370
	337	370
	337	369
	338	369
	339	369
	340	370
	341	370
	342	371
	343	371
.PEN_UP
.PEN_DOWN
	373	391
	374	392
	374	393
	374	394
	374	395
	374	396
	373	396
	371	395
	370	394
	370	393
	369	392
	369	391
	369	389
	369	388
	369	386
	369	384
	369	382
	369	381
	370	377
	370	376
	371	375
	372	373
	372	372
	373	372
	373	371
	373	370
	374	370
	374	369
	374	370
.PEN_UP
.PEN_DOWN
	364	378
	364	377
	365	377
	366	377
	367	376
	368	376
	370	376
	372	377
	373	377
	374	377
	375	377
	376	377
	377	377
	378	378
.PEN_UP
.PEN_DOWN
	382	385
	383	385
	384	384
	384	383
	385	382
	385	381
	385	379
	386	378
	386	377
	386	376
	386	375
	386	374
	387	373
.PEN_UP
.PEN_DOWN
	381	393
	381	394
	380	395
	380	396
	381	396
.PEN_UP
.PEN_DOWN
	398	380
	397	381
	397	382
	396	382
	395	382
	394	382
	393	382
	392	381
	391	381
	391	380
	390	378
	390	377
	390	376
	390	375
	391	374
	392	374
	393	374
	394	374
	395	374
	395	375
	396	376
	396	377
	397	377
	397	378
	397	379
	397	380
	398	380
	398	379
	398	378
	398	377
	398	376
	398	374
	398	373
	398	371
	398	370
	399	367
	399	366
	400	364
	400	363
	401	363
	402	361
	402	360
	403	359
	403	358
	403	357
	402	356
	401	355
	400	355
	399	355
	398	355
	397	356
	396	356
	394	358
	394	359
	394	360
	395	361
	396	362
	396	363
	397	363
	399	364
	400	364
	403	365
	404	366
	405	366
	406	367
	407	367
	408	367
	409	368
.PEN_UP
.PEN_DOWN
	407	381
	407	382
	406	381
	406	380
	407	379
	407	378
	407	377
	407	376
	407	375
	408	375
	408	374
	409	373
	409	372
	410	372
	411	372
	412	372
	412	373
	413	373
	414	374
	414	375
	415	376
	415	377
	416	378
	417	380
	417	381
	418	382
	418	383
	418	384
	418	385
	418	386
	419	386
	419	385
	420	384
	420	383
	420	382
	421	381
	422	380
	422	379
	423	378
	424	377
	424	376
	425	376
	425	375
	425	374
	426	374
	427	374
.PEN_UP
.PEN_DOWN
	436	382
	437	382
	437	381
	438	380
	438	379
	438	378
	439	377
	439	376
	439	375
	439	374
	438	374
	438	373
	438	374
	438	375
	438	376
	438	377
	438	378
	438	379
	438	380
	438	381
	438	383
	439	384
	439	385
	440	385
	440	386
	441	386
	442	386
	443	386
	444	385
	445	384
	446	383
	447	383
	447	382
.PEN_UP
.PEN_DOWN
	452	378
	453	378
	454	378
	454	377
	455	377
	456	377
	457	377
	457	378
	458	378
	458	379
	458	380
	458	381
	458	382
	458	383
	457	384
	456	385
	455	385
	454	385
	453	384
	452	383
	450	382
	450	381
	449	380
	449	379
	449	378
	449	377
	449	376
	449	375
	449	374
	451	373
	452	372
	453	372
	454	372
	455	371
	456	371
	457	371
	458	370
	459	370
	460	370
	461	370
.PEN_UP
.PEN_DOWN
	500	394
	500	395
	501	396
	501	397
	501	398
	502	398
	502	399
	502	398
	502	396
	502	395
	502	394
	502	392
	502	390
	503	389
	503	387
	503	385
	504	382
	504	381
	505	379
	505	378
	505	377
	505	376
	506	376
	506	375
	506	374
	506	373
	507	373
.PEN_UP
.PEN_DOWN
	515	378
	516	378
	517	378
	518	378
	519	379
	520	379
	520	380
	521	380
	521	381
	521	382
	521	383
	521	384
	521	385
	521	386
	520	387
	520	388
	519	388
	518	388
	517	388
	516	388
	515	387
	514	386
	513	385
	513	384
	513	383
	513	381
	513	380
	514	378
	514	377
	515	377
	516	376
	516	375
	517	375
	517	374
	519	373
	520	372
	521	372
	522	372
.PEN_UP
.PEN_DOWN
	537	384
	537	385
	536	385
	535	385
	534	385
	533	385
	532	384
	531	384
	530	384
	529	383
	528	382
	528	381
	528	380
	528	379
	528	378
	528	377
	529	376
	529	375
	530	375
	531	375
	532	374
	533	374
	534	374
	535	375
	536	375
	537	376
	538	377
	539	378
	539	379
	539	380
	539	381
	539	382
	539	383
	539	384
	539	383
	539	382
	540	381
	540	380
	540	379
	541	378
	541	377
	541	376
	542	375
	542	374
	543	373
	543	372
	544	372
.PEN_UP
.PEN_DOWN
	551	385
	552	385
	552	384
	552	383
	552	382
	552	381
	552	380
	552	379
	552	378
	553	376
	553	375
	553	374
	554	374
	554	375
	555	376
	556	377
	556	378
	557	379
	557	380
	558	381
	559	382
	559	383
	560	383
	560	384
	560	385
	561	385
	561	384
	561	383
	561	382
	561	381
	561	380
	561	379
	562	379
	562	378
	562	377
	562	376
	563	374
	563	373
	563	372
	564	372
.PEN_UP
.PEN_DOWN
	573	378
	574	378
	575	378
	576	377
	577	377
	578	378
	579	378
	580	378
	580	379
	580	380
	581	381
	581	382
	581	383
	580	384
	580	385
	579	386
	577	387
	576	387
	575	386
	574	386
	574	385
	573	385
	573	384
	573	383
	573	382
	573	381
	573	379
	573	378
	574	377
	574	376
	574	375
	575	375
	576	374
	576	373
	577	372
	578	372
	579	372
	580	372
.PEN_UP
.PEN_DOWN
	595	393
	595	392
	596	391
	596	390
	596	389
	596	388
	596	386
	596	385
	596	384
	596	383
	596	381
	596	380
	596	379
	596	378
	596	376
	596	375
	597	375
	597	376
	598	377
	598	378
	598	379
	598	380
	597	381
	597	382
	596	382
	595	383
	594	383
	593	383
	592	383
	591	382
	590	382
	590	381
	589	381
	588	380
	588	379
	588	377
	588	376
	589	375
	590	374
	591	374
	592	374
	593	374
	594	374
	597	374
	598	374
	599	374
	601	374
	602	374
.PEN_UP
.PEN_DOWN
	636	381
	637	381
	637	382
	637	383
	636	384
	635	384
	634	383
	632	382
	631	381
	630	381
	630	380
	629	379
	628	378
	628	376
	628	375
	628	374
	628	373
	629	372
	630	371
	631	370
	632	370
	634	370
	635	370
	636	371
	637	371
	638	372
	639	373
	640	374
	640	376
	641	377
	641	379
	641	381
.PEN_UP
.PEN_DOWN
	647	382
	648	382
	648	383
	648	382
	648	381
	648	380
	647	379
	647	378
	647	377
	647	376
	647	374
	647	373
	647	372
	647	371
	648	371
	649	371
	650	371
	651	371
	652	372
	653	372
	653	373
	654	374
	654	375
	655	375
	655	376
	656	376
	656	377
	656	378
	657	379
	657	380
	657	381
	657	380
	658	380
	658	379
	658	378
	658	377
	658	376
	658	375
	659	373
	659	372
	659	371
	659	370
	660	369
	661	369
.PEN_UP
.PEN_DOWN
	675	394
	675	393
	675	392
	674	391
	674	390
	674	389
	674	388
	674	385
	674	384
	674	382
	674	381
	674	380
	673	379
	673	377
	673	376
	673	375
	673	374
	673	373
	673	372
	673	371
.PEN_UP
.PEN_DOWN
	662	382
	663	382
	663	381
	665	381
	666	380
	667	380
	668	380
	669	380
	671	380
	673	380
	674	380
	676	380
	677	380
	679	380
.PEN_UP
.PEN_DOWN
	686	373
	686	372
	686	371
	686	370
	685	369
	685	368
	684	368
	684	367
	684	366
	683	366
.PEN_UP
