
.WRITER_ID BillRivard
.STYLE PRINTED
.PEN_DOWN
	109	381
	109	380
	109	379
	108	378
	108	377
	108	376
	108	375
	108	374
	108	373
	108	372
	107	371
	106	368
	106	367
	106	366
	105	365
	105	364
	105	363
	104	363
	104	362
	103	362
	103	363
	103	364
	103	365
	103	366
	103	367
	103	368
	104	369
	104	371
	104	372
	105	374
	105	375
	105	376
	106	377
	107	378
	107	379
	108	380
	108	381
	109	382
	110	383
	111	383
	112	383
	113	383
	114	383
	115	382
	115	381
	116	380
	116	379
	116	378
	116	377
	115	376
	114	376
	114	375
	113	375
	112	374
	111	374
	110	374
.PEN_UP
.PEN_DOWN
	131	383
	131	382
	130	382
	130	381
	129	380
	129	379
	128	379
	128	378
	128	377
	128	376
	127	376
	127	375
	127	374
	127	373
	128	373
	128	372
.PEN_UP
.PEN_DOWN
	129	391
	129	392
	129	393
	130	393
	131	393
	132	393
.PEN_UP
.PEN_DOWN
	146	385
	147	385
	147	384
	147	383
	147	382
	147	381
	146	381
	146	380
	146	379
	146	378
	146	377
	146	376
	145	376
	145	375
	145	373
	145	374
	145	375
	146	376
	147	377
	147	378
	148	379
	149	380
	150	381
	150	382
	151	383
	152	384
	153	385
	154	385
	155	386
	156	386
	156	385
	156	384
	156	382
	156	381
	155	381
	155	380
	155	379
	155	378
	155	377
	155	376
	155	375
.PEN_UP
.PEN_DOWN
	167	391
	167	390
	167	389
	167	388
	167	387
	167	386
	167	385
	167	384
	167	383
	167	382
	167	381
	167	380
	167	378
	166	377
	166	376
	165	375
	165	374
.PEN_UP
.PEN_DOWN
	175	390
	174	390
	174	389
	173	389
	172	388
	171	387
	170	387
	169	386
	168	385
	167	385
	166	384
	166	383
	166	382
	166	381
	166	380
	167	380
	168	379
	169	378
	170	378
	171	378
	172	378
	174	377
	175	377
	176	376
	177	376
	178	376
	179	376
.PEN_UP
.PEN_DOWN
	190	377
	190	376
	190	375
	190	374
	189	373
	189	372
	188	371
	188	370
	187	369
	187	368
.PEN_UP
.PEN_DOWN
	226	382
	226	381
	226	380
	225	379
	225	378
	225	377
	224	376
	224	375
	224	374
	224	373
	224	372
.PEN_UP
.PEN_DOWN
	227	394
	227	395
	227	396
	228	396
	228	397
	229	397
	230	396
	232	396
.PEN_UP
.PEN_DOWN
	244	386
	243	386
	242	385
	241	385
	240	384
	239	384
	239	383
	238	383
	238	382
	237	381
	238	380
	239	379
	240	378
	241	377
	242	377
	242	376
	243	376
	244	376
	244	375
	244	374
	243	374
	242	374
	242	373
	241	373
	240	373
	239	372
	238	372
	237	372
	236	372
.PEN_UP
.PEN_DOWN
	279	394
	280	394
	280	395
	280	396
	279	395
	278	394
	278	393
	278	392
	277	391
	277	390
	277	389
	276	388
	276	386
	275	385
	275	384
	275	382
	274	381
	274	379
	274	378
	274	377
	274	376
	274	375
	274	374
	274	373
	275	373
	276	373
.PEN_UP
.PEN_DOWN
	266	387
	266	386
	267	386
	268	386
	269	386
	270	386
	272	386
	273	386
	275	386
	277	386
	278	386
	279	386
	280	386
.PEN_UP
.PEN_DOWN
	290	401
	290	400
	290	399
	290	398
	290	397
	290	396
	290	395
	290	394
	289	391
	289	390
	289	388
	289	387
	289	385
	288	384
	288	382
	288	381
	287	380
	287	379
	287	378
	287	377
	287	376
	287	375
	287	376
	287	377
	288	378
	289	379
	289	380
	290	381
	291	382
	291	383
	292	384
	293	385
	294	387
	295	387
	296	388
	297	388
	298	388
	298	387
	298	386
	298	385
	298	383
	298	382
	298	381
	298	380
	299	379
	299	378
	299	377
	299	376
	300	376
	300	375
	300	374
.PEN_UP
.PEN_DOWN
	312	381
	313	380
	314	380
	315	380
	315	381
	316	381
	317	381
	318	381
	318	382
	319	382
	319	383
	320	384
	320	385
	320	386
	320	387
	320	388
	320	389
	319	389
	318	389
	317	389
	316	389
	315	388
	314	388
	313	387
	313	386
	312	384
	311	383
	311	382
	311	381
	311	380
	311	379
	311	378
	311	377
	311	376
	312	376
	312	375
	313	374
	314	374
	315	374
	316	374
	317	374
.PEN_UP
.PEN_DOWN
	329	386
	330	386
	330	385
	330	384
	330	383
	330	382
	330	381
	329	381
	329	380
	329	379
	329	378
	329	377
	329	376
	329	375
	329	374
	328	374
	328	375
	328	376
	328	378
	328	379
	329	380
	329	381
	330	382
	331	383
	332	384
	333	385
	335	386
	336	387
	337	388
	339	388
	340	388
	341	388
	342	388
	343	388
	344	388
	344	387
.PEN_UP
.PEN_DOWN
	350	383
	350	382
	351	382
	351	381
	352	381
	353	381
	354	381
	355	381
	356	381
	356	382
	357	382
	358	383
	358	384
	358	385
	358	386
	358	387
	357	387
	357	388
	356	388
	355	388
	353	388
	352	388
	351	387
	350	387
	349	386
	348	385
	347	385
	347	384
	346	383
	346	382
	346	381
	346	379
	346	378
	346	377
	347	376
	347	375
	348	374
	349	374
	351	373
	352	373
	354	372
	357	372
	359	372
	360	372
	361	372
.PEN_UP
.PEN_DOWN
	380	396
	380	397
	380	398
	381	398
	381	399
	382	399
	383	399
	385	399
	386	399
	387	398
	388	398
	389	397
	389	396
	390	396
	390	395
	390	394
	390	393
	390	392
	389	392
	388	391
	387	390
	386	390
	385	389
	384	389
	383	388
	382	387
	382	386
	382	385
	382	384
	382	383
.PEN_UP
.PEN_DOWN
	384	372
	384	371
	383	371
	384	371
	385	372
	386	372
	387	372
.PEN_UP
.PEN_DOWN
	438	393
	439	393
	439	392
	439	391
	439	390
	438	389
	438	387
	438	385
	437	385
	437	384
	437	383
	437	382
	437	381
	437	380
	437	379
	436	379
.PEN_UP
.PEN_DOWN
	435	394
	436	394
	437	394
	438	394
	441	394
	442	394
	443	394
	444	394
	445	394
	446	394
	447	394
	448	394
	449	394
	450	394
.PEN_UP
.PEN_DOWN
	431	376
	432	376
	433	376
	434	376
	435	376
	436	376
	437	376
	438	377
	439	377
	440	377
	441	377
	442	377
.PEN_UP
.PEN_DOWN
	469	400
	469	401
	468	401
	467	401
	466	401
	465	400
	464	399
	463	399
	463	398
	462	397
	462	396
	462	395
	461	394
	461	393
	461	392
	461	390
	461	389
	461	387
	461	385
	461	384
	461	383
	461	382
	461	381
	461	380
	461	379
	461	378
	460	377
	460	376
.PEN_UP
.PEN_DOWN
	452	386
	452	385
	453	385
	454	385
	455	385
	456	385
	457	385
	458	385
	459	384
	460	384
	461	384
	462	384
	463	384
.PEN_UP
.PEN_DOWN
	495	382
	495	381
	494	380
	494	379
	493	378
	493	377
	493	376
	494	375
	494	374
	494	373
	495	373
	495	372
	496	372
	497	372
	498	372
	498	373
	499	373
	500	374
	502	375
	502	376
	503	376
	503	377
	504	378
	505	379
	505	380
	506	381
	506	380
	506	379
	506	377
	506	376
	507	375
	507	373
	507	372
	507	370
	507	369
	507	366
	507	365
	507	363
	507	362
	507	361
	506	360
	506	359
	506	358
	505	357
	504	357
	503	357
	503	358
.PEN_UP
.PEN_DOWN
	523	380
	523	381
	523	382
	522	382
	521	382
	520	382
	520	381
	519	381
	518	380
	517	379
	516	377
	516	376
	516	375
	516	374
	516	373
	516	372
	517	372
	517	371
	518	371
	519	371
	520	371
	522	371
	522	372
	523	372
	524	373
	524	374
	525	375
	525	376
	525	377
	525	378
	525	379
	525	380
	525	381
.PEN_UP
.PEN_DOWN
	535	381
	534	381
	534	380
	534	379
	533	378
	533	377
	533	376
	533	375
	533	374
	534	373
	534	372
	535	372
	536	372
	537	372
	538	372
	539	372
	540	372
	541	373
	542	374
	543	375
	544	375
	546	377
	547	378
	547	379
	548	380
	549	381
	549	382
	549	383
	549	382
	549	381
	549	380
	549	379
	549	378
	549	377
	549	376
	550	375
	550	374
	551	373
	554	372
	555	372
	556	371
.PEN_UP
