
.WRITER_ID BobStrong
.STYLE PRINTED
.PEN_DOWN
	109	392
	110	392
	109	392
	108	392
	107	392
	107	391
	106	391
	105	390
	104	390
	103	390
	102	389
	101	389
	100	388
	99	388
	98	387
	97	386
	96	386
	96	385
	97	384
	98	384
	99	384
	100	384
	100	383
	101	383
	102	382
	102	381
	103	381
	103	380
	104	379
	104	378
	105	378
	105	377
	106	377
	106	376
	107	376
	108	375
.PEN_UP
.PEN_DOWN
	120	398
	121	398
	122	398
	123	398
	124	398
	125	397
	127	397
	128	397
	128	396
	129	396
	129	395
	129	394
	128	394
	128	393
	127	392
	126	392
	125	391
	124	391
	123	391
	122	390
	121	390
	120	390
	120	389
	120	388
	121	388
	122	388
	123	388
	124	387
	125	387
	126	387
	127	386
	128	385
	129	385
	129	384
	129	383
	129	382
	129	381
	128	381
	126	380
	125	379
	124	379
	123	379
	122	379
	121	378
	120	378
	119	378
.PEN_UP
.PEN_DOWN
	151	393
	150	392
	149	391
	149	390
	149	389
	148	388
	148	386
	148	385
	148	384
	148	383
	148	382
	148	381
	148	380
	149	379
.PEN_UP
.PEN_DOWN
	139	388
	140	387
	141	387
	142	387
	143	387
	144	387
	145	388
	146	388
	147	388
	148	388
	149	388
	150	388
	151	388
.PEN_UP
.PEN_DOWN
	161	395
	162	395
	163	395
	164	395
	166	395
	167	395
	168	395
	169	395
	170	395
	171	394
	172	394
	172	393
	171	392
	170	391
	169	391
	168	391
	167	390
	166	390
	165	389
	164	388
	164	387
	164	386
	165	385
	166	385
	166	384
	167	384
	168	384
	169	384
	170	384
	170	383
	171	383
	171	382
	172	382
	172	381
	172	380
	171	379
	171	378
	170	377
	170	376
	169	376
	169	375
	168	375
	167	375
	167	374
	166	374
	165	374
	164	374
.PEN_UP
.PEN_DOWN
	182	396
	183	396
	183	395
	184	395
	185	394
	185	393
	186	392
	187	391
	188	390
	188	389
	189	388
	189	387
	190	386
	191	385
	191	384
	191	383
	191	382
	191	381
	190	381
	189	381
	188	380
	187	380
	185	379
	184	379
	184	378
	183	378
	183	377
	183	376
.PEN_UP
.PEN_DOWN
	216	387
	217	387
	218	387
	219	387
	220	387
	220	388
	221	388
	222	388
	223	388
	224	387
	225	387
	227	387
	228	387
	229	386
.PEN_UP
.PEN_DOWN
	215	380
	216	380
	217	380
	218	380
	219	380
	220	380
	222	380
	223	380
	224	380
	225	380
	226	380
.PEN_UP
.PEN_DOWN
	275	396
	275	395
	274	395
	273	395
	272	395
	271	395
	270	394
	269	394
	268	394
	267	393
	266	393
	265	393
	264	393
	264	392
	263	392
	262	391
	261	391
	261	390
	262	389
	263	388
	264	388
	265	387
	265	386
	266	385
	266	384
	266	383
	267	382
	267	381
	268	380
	268	379
	269	378
	269	377
	269	376
	270	376
	270	375
	271	374
.PEN_UP
.PEN_DOWN
	284	393
	285	393
	286	393
	287	393
	289	393
	289	394
	290	394
	292	394
	293	394
	294	394
	295	394
	295	393
	296	393
	295	392
	294	391
	293	391
	292	390
	291	389
	289	389
	288	388
	287	387
	286	387
	285	386
	284	385
	284	384
	283	383
	283	382
	283	381
	284	380
	285	379
	286	379
	287	379
	289	379
	290	379
	291	379
	293	379
	294	379
	295	380
	296	380
	296	379
.PEN_UP
.PEN_DOWN
	312	393
	311	393
	311	392
	310	392
	310	391
	309	390
	309	389
	309	388
	309	387
	309	386
	309	385
	309	384
	309	383
	309	382
.PEN_UP
.PEN_DOWN
	303	390
	304	390
	305	390
	306	390
	307	390
	308	390
	309	390
	309	391
	310	391
	311	391
	312	391
	313	390
	315	390
	316	390
.PEN_UP
.PEN_DOWN
	332	396
	332	395
	331	394
	330	393
	330	392
	329	390
	329	389
	329	388
	329	387
	330	387
	331	386
	332	386
	333	386
	334	386
	334	385
	335	385
	336	385
	336	384
.PEN_UP
.PEN_DOWN
	338	397
	338	396
	337	396
	337	395
	336	395
	336	394
	336	393
	335	392
	335	390
	335	389
	335	388
	334	386
	334	385
	334	382
	333	381
	333	380
	333	379
	333	378
	333	377
	333	376
	333	375
.PEN_UP
.PEN_DOWN
	347	396
	348	396
	348	395
	349	395
	349	394
	350	394
	351	393
	352	393
	353	393
	353	392
	353	391
	354	391
	354	390
	355	390
	355	389
	355	388
	355	387
	355	386
	354	386
	353	385
	352	385
	352	384
	351	383
	350	383
	349	383
	348	382
	347	382
	346	382
	346	381
	345	381
	345	380
.PEN_UP
.PEN_DOWN
	382	390
	383	390
	384	390
	385	390
	386	390
	387	389
	388	389
	389	389
	390	389
	390	388
	391	388
	392	388
.PEN_UP
.PEN_DOWN
	382	382
	383	382
	384	381
	386	381
	387	381
	388	381
	390	381
	391	381
	392	381
	393	381
.PEN_UP
.PEN_DOWN
	435	392
	434	392
	433	391
	432	391
	431	391
	430	390
	429	390
	428	390
	427	390
	426	390
	425	390
	424	389
	423	389
	422	389
	421	388
	420	388
	420	387
	420	386
	420	385
	421	384
	422	383
	422	382
	423	382
	424	380
	424	379
	425	379
	425	378
	425	377
	425	376
	426	375
	426	374
	427	373
	427	372
	428	372
	429	371
	430	371
.PEN_UP
.PEN_DOWN
	450	388
	451	388
	452	388
	451	387
	451	386
	451	385
	451	384
	451	383
	450	382
	450	379
	450	378
	449	377
	449	376
	449	375
	449	374
	449	373
	449	372
.PEN_UP
.PEN_DOWN
	469	387
	469	386
	469	385
	469	384
	469	383
	469	382
	469	381
	468	380
	468	378
	468	377
	467	376
	467	375
	467	374
	467	373
.PEN_UP
.PEN_DOWN
	463	382
	464	382
	465	382
	466	382
	467	382
	469	382
	470	382
	471	382
	473	382
.PEN_UP
.PEN_DOWN
	503	390
	502	390
	501	390
	500	390
	499	390
	498	391
	497	391
	496	391
	495	391
	494	390
	493	390
	492	389
	491	388
	490	388
	489	387
	489	386
	488	386
	488	385
	488	384
	489	383
	489	382
	489	381
	490	381
	490	380
	491	380
	492	380
	493	380
	494	380
	494	379
	495	379
	496	379
	496	378
	497	378
	497	377
	497	376
	497	375
	497	374
	496	374
	495	373
	494	373
	493	373
	492	373
	491	373
	490	373
	489	373
	488	373
	487	373
	486	373
	485	373
.PEN_UP
.PEN_DOWN
	514	390
	514	389
	515	389
	515	388
	516	388
	517	388
	517	387
	518	386
	519	386
	520	385
	521	385
	521	384
	522	384
	522	383
	523	383
	524	382
	525	382
	525	381
	526	381
	526	380
	527	379
	527	378
	526	378
	525	377
	524	376
	523	376
	522	375
	521	375
	520	374
	519	374
	518	373
	517	373
	517	372
	516	372
.PEN_UP
