
.WRITER_ID BobStrong
.STYLE PRINTED
.PEN_DOWN
	152	387
	153	388
	152	388
	152	387
	151	387
	151	386
	150	384
	150	383
	150	382
	149	380
	148	379
	148	377
	148	375
	147	374
	146	372
	146	371
	146	370
	145	369
	145	368
.PEN_UP
.PEN_DOWN
	143	388
	144	388
	145	388
	146	388
	147	389
	148	389
	149	389
	151	389
	153	390
	154	390
	155	390
	156	390
	157	390
	158	390
	159	390
.PEN_UP
.PEN_DOWN
	162	384
	163	384
	163	383
	162	382
	162	381
	161	380
	161	379
	160	377
	160	376
	160	375
	160	374
	160	373
	159	372
	159	371
	159	370
.PEN_UP
.PEN_DOWN
	171	386
	170	385
	170	384
	169	383
	168	382
	168	381
	168	379
	168	378
	167	377
	167	375
	167	374
	167	373
	167	372
.PEN_UP
.PEN_DOWN
	159	378
	160	378
	161	379
	162	379
	163	379
	164	380
	165	380
	166	380
	168	380
	169	381
	171	381
	172	381
	174	381
.PEN_UP
.PEN_DOWN
	188	388
	188	387
	187	387
	187	386
	187	384
	186	382
	186	381
	186	380
	186	379
	186	378
	186	377
	186	375
	186	374
	186	373
.PEN_UP
.PEN_DOWN
	188	388
	189	388
	190	388
	190	389
	191	389
	193	390
	194	390
	195	391
	197	391
	199	391
	200	391
	201	391
	202	391
.PEN_UP
.PEN_DOWN
	188	382
	189	382
	190	381
	191	381
	192	381
	193	381
	194	381
	195	380
	196	380
.PEN_UP
.PEN_DOWN
	188	375
	189	374
	190	374
	191	374
	192	374
	193	374
	194	374
	195	373
	196	373
	198	373
	199	373
	200	373
	200	372
	201	372
	202	372
.PEN_UP
.PEN_DOWN
	252	395
	253	394
	252	394
	251	395
	250	395
	250	394
	249	394
	248	394
	247	394
	246	394
	245	394
	244	394
	243	394
	242	393
	241	393
	240	393
	240	392
	240	391
	240	390
	241	390
	241	389
	243	389
	244	388
	245	388
	247	387
	249	387
	250	386
	251	386
	252	386
	253	385
	253	384
	253	383
	253	382
	252	382
	251	381
	250	380
	249	380
	248	379
	246	379
	246	378
	245	378
	243	377
	242	377
	241	377
.PEN_UP
.PEN_DOWN
	265	387
	264	386
	263	385
	263	384
	262	383
	262	382
	262	381
	262	380
	262	379
	262	378
	262	377
	263	377
	264	377
	265	377
	267	377
	268	377
	269	378
	270	379
	271	379
	272	380
	272	381
	273	382
	273	383
	273	384
	273	387
	273	388
	273	389
	273	390
.PEN_UP
.PEN_DOWN
	284	382
	284	381
	284	380
	283	380
	283	379
	282	379
	281	379
	281	378
	281	377
	280	376
	280	375
	280	374
	280	373
	280	372
	281	372
	281	373
	281	374
	282	375
	283	376
	283	377
	283	378
	284	380
	284	381
	285	382
	285	383
	285	384
	286	384
	286	383
	286	382
	287	381
	287	380
	287	379
	288	379
	288	378
	289	378
	289	377
	290	377
	291	376
	292	376
	293	376
	294	376
	295	377
	296	377
	296	378
	297	378
	298	379
	298	380
	299	381
	299	382
	299	383
	299	384
	299	385
	300	386
	300	387
	300	388
	300	391
	300	392
	301	393
	301	392
.PEN_UP
.PEN_DOWN
	349	379
	350	379
	351	379
	352	379
	352	380
	352	381
	351	382
	351	383
	349	383
	348	383
	347	383
	346	383
	345	383
	343	383
	342	382
	341	381
	340	380
	338	379
	338	378
	338	377
	338	376
	338	375
	339	374
	339	373
	341	372
	342	372
	344	371
	346	371
	348	370
	351	370
	353	370
.PEN_UP
.PEN_DOWN
	367	379
	367	378
	367	377
	367	376
	367	375
	366	375
	366	374
	365	373
	365	372
	364	371
	364	370
	364	369
	364	368
	364	369
	365	369
	365	370
	366	372
	366	373
	367	374
	367	375
	368	376
	369	377
	369	379
	370	380
	371	382
	373	383
	373	384
	374	384
	375	385
	376	385
	376	384
	376	383
	376	382
	376	381
	376	380
	376	379
	376	377
	376	376
	376	375
	376	374
	376	373
	376	372
	377	371
	377	370
.PEN_UP
.PEN_DOWN
	365	375
	366	375
	367	375
	369	376
	370	376
	371	376
	373	376
	374	376
	375	376
	378	377
.PEN_UP
.PEN_DOWN
	391	384
	391	383
	391	382
	390	381
	389	380
	388	379
	387	378
	387	377
	387	376
	387	375
	388	374
	388	373
	389	372
	390	372
	392	372
	393	372
	394	373
	395	374
	396	375
	396	376
	397	377
	397	378
	397	379
	398	381
.PEN_UP
.PEN_DOWN
	414	381
	414	382
	413	382
	412	382
	411	382
	410	382
	409	382
	408	381
	407	380
	406	379
	405	379
	405	378
	405	377
	405	376
	406	376
	406	375
	407	375
	408	374
	409	374
	411	373
	412	373
	413	372
	414	372
	414	371
	413	371
	412	371
	412	370
	411	370
	410	370
	409	370
	408	370
	407	370
	405	369
	404	369
	403	368
	402	368
.PEN_UP
.PEN_DOWN
	430	382
	431	382
	430	382
	430	381
	429	381
	429	380
	429	379
	428	378
	428	377
	428	376
	427	374
	427	373
	427	372
	427	371
	427	370
	428	369
.PEN_UP
.PEN_DOWN
	427	383
	427	382
	428	382
	429	382
	429	383
	430	383
	431	384
	432	384
	433	384
	434	384
	435	384
	436	384
	437	384
	438	384
.PEN_UP
.PEN_DOWN
	432	378
	433	378
	434	378
	435	378
	436	378
.PEN_UP
.PEN_DOWN
	424	372
	425	371
	426	371
	427	371
	428	371
	429	371
	430	371
	432	371
	433	371
	434	371
	435	371
	436	371
.PEN_UP
.PEN_DOWN
	454	383
	455	382
	455	381
	454	380
	453	379
	452	378
	452	377
	452	376
	452	375
	452	374
	452	373
	452	372
.PEN_UP
.PEN_DOWN
	453	384
	454	384
	454	385
	455	385
	456	386
	457	386
	458	386
	459	386
	460	386
	461	386
	462	386
	463	385
	464	385
	464	384
	465	384
	465	383
	465	382
	465	381
	465	380
	464	379
	464	378
	463	377
	462	376
	461	376
	460	375
	459	375
	458	374
	457	374
	456	374
	455	374
	454	374
	453	374
	452	374
.PEN_UP
.PEN_DOWN
	509	383
	509	382
	508	381
	508	379
	507	379
	506	377
	506	376
	505	375
	505	374
	504	373
	504	372
	503	371
	503	370
	503	371
	504	371
	504	372
	505	373
	506	374
	507	375
	508	376
	509	377
	509	378
	510	379
	511	380
	512	382
	514	385
	514	386
	515	387
	516	387
	517	388
	518	388
	518	387
	518	386
	517	385
	517	384
	517	382
	517	381
	516	380
	516	379
	516	378
	516	376
	516	375
	516	374
	516	373
	516	372
	516	371
	517	371
.PEN_UP
.PEN_DOWN
	505	379
	506	379
	507	379
	508	379
	509	379
	510	379
	511	380
	514	380
	516	380
	517	380
	518	380
	519	380
	520	380
	521	380
.PEN_UP
.PEN_DOWN
	560	379
	559	378
	558	377
	557	376
	556	375
	555	373
	555	372
	555	371
	555	370
	555	369
	556	369
	556	368
.PEN_UP
.PEN_DOWN
	555	383
	555	382
	555	383
	556	383
	557	383
	558	384
	560	384
	561	384
	563	384
	564	384
	565	384
	566	384
	567	384
	569	384
	569	383
.PEN_UP
.PEN_DOWN
	552	375
	553	375
	554	375
	555	375
	557	375
	561	375
	562	376
	563	376
	565	376
	566	376
	567	376
	568	377
.PEN_UP
.PEN_DOWN
	584	377
	584	378
	584	379
	583	379
	583	378
	582	377
	582	376
	582	375
	581	375
	580	374
	580	373
	579	372
	579	370
	578	370
	577	369
	576	367
	576	366
	576	365
	576	364
	577	364
.PEN_UP
.PEN_DOWN
	583	385
	583	386
	584	386
	585	386
	585	387
	586	387
	587	386
	588	386
	589	386
	590	386
	590	385
	591	385
	591	384
	590	384
	590	383
	589	383
	588	382
	587	382
	586	382
	586	381
	585	381
	584	381
	584	380
	583	380
	582	380
	582	379
	581	379
	580	379
	580	378
	580	377
	581	377
	582	377
	583	376
	584	375
	585	374
	585	373
	585	372
	586	372
	586	371
	587	370
	588	369
	589	368
	589	367
	590	367
	591	366
.PEN_UP
.PEN_DOWN
	610	383
	609	382
	608	382
	608	381
	607	380
	606	379
	605	378
	605	377
	604	376
	604	375
	603	374
	603	373
	602	373
	602	372
	602	371
	602	372
	602	373
	602	374
	603	374
	603	375
	604	376
	604	377
	605	378
	605	379
	606	380
	607	381
	608	383
	608	384
	609	385
	610	386
	610	387
	611	387
	612	387
	612	386
	612	384
	612	383
	612	382
	612	381
	612	379
	612	378
	611	377
	611	376
	611	375
	611	374
	611	373
	611	372
	611	371
	611	370
	612	370
.PEN_UP
.PEN_DOWN
	604	377
	605	377
	605	378
	606	378
	607	379
	608	379
	609	379
	610	379
	612	379
	613	379
	614	379
	615	378
	616	378
.PEN_UP
.PEN_DOWN
	640	382
	639	382
	638	382
	637	382
	635	382
	634	382
	633	381
	632	380
	630	379
	630	378
	630	377
	629	376
	629	375
	629	373
	629	372
	629	371
	629	370
	630	369
	630	368
	632	368
	633	367
	634	367
	635	367
	636	367
	638	367
	639	367
	640	367
	641	367
	641	368
	642	368
	642	369
	642	370
	642	371
	641	371
	641	372
	640	373
	639	373
	638	374
	637	374
	636	374
	635	374
	634	374
	635	373
	636	373
	637	373
	638	373
	639	372
	640	372
	641	372
	642	372
	642	373
.PEN_UP
.PEN_DOWN
	658	378
	658	377
	657	376
	657	375
	656	375
	656	374
	655	373
	655	372
	655	371
	654	370
	654	368
	654	367
	655	367
	657	368
	657	369
	658	369
	658	370
	659	371
	659	372
	660	373
	661	374
	661	375
	662	376
	662	377
	663	379
	664	380
	664	381
	664	380
	664	379
	663	379
	663	378
	663	376
	662	376
	662	375
	662	374
	662	373
	662	372
	663	372
	664	372
	665	373
	666	373
	667	374
	668	375
	669	376
	671	378
	672	379
	673	380
	673	379
	672	379
	672	377
	672	376
	672	375
	671	374
	671	373
	671	372
	671	371
	671	370
	672	369
	672	368
	673	368
.PEN_UP
.PEN_DOWN
	692	380
	691	379
	690	378
	690	377
	689	376
	689	375
	688	374
	687	373
	687	372
	687	370
	686	369
	686	368
	686	367
	687	367
.PEN_UP
.PEN_DOWN
	693	382
	693	383
	694	383
	695	384
	696	385
	697	385
	698	385
	699	385
	700	386
	701	386
	702	386
	703	386
	704	386
	705	385
	706	385
	707	384
.PEN_UP
.PEN_DOWN
	688	378
	689	377
	689	376
	690	376
	691	376
	692	376
	694	376
	695	376
	696	376
	697	376
	698	376
	700	376
.PEN_UP
.PEN_DOWN
	687	372
	687	371
	687	370
	688	370
	689	370
	690	370
	691	370
	692	370
	693	370
	696	369
.PEN_UP
.PEN_DOWN
	718	381
	718	380
	718	379
	717	379
	716	378
	716	377
	715	376
	714	376
	713	375
	712	374
	712	373
	711	372
	711	371
	710	370
	710	369
	712	370
	712	371
	713	372
	713	373
	714	374
	715	375
	716	376
	716	378
	717	379
	717	380
	718	381
	719	384
	719	385
	719	386
	719	385
	718	385
	718	384
	718	383
	718	381
	718	379
	718	377
	718	376
	719	375
	719	374
	720	373
	720	372
	721	371
	722	370
	723	370
	724	370
	725	371
	726	371
	726	372
	727	372
	728	373
	728	375
	729	376
	729	377
	729	378
	730	379
	730	380
	730	381
	730	382
	730	383
	730	384
	731	383
.PEN_UP
.PEN_DOWN
	756	379
	756	378
	756	377
	755	377
	754	376
	753	375
	753	374
	753	373
	752	373
	752	372
	752	371
	752	370
	752	369
	752	368
	752	367
	753	367
.PEN_UP
.PEN_DOWN
	748	383
	749	384
	750	384
	751	384
	752	385
	753	385
	754	385
	756	385
	758	384
	761	384
	763	384
	764	384
	765	384
	766	383
	768	383
	769	383
.PEN_UP
