
.WRITER_ID BobStrong
.STYLE PRINTED
.PEN_DOWN
	110	391
	111	391
	110	391
	109	390
	109	389
	109	388
	108	386
	108	384
	107	383
	106	381
	106	379
	106	377
	105	375
	105	373
	105	371
	105	370
	105	369
	105	368
	105	367
	106	367
.PEN_UP
.PEN_DOWN
	131	390
	131	391
	130	392
	129	392
	128	392
	127	392
	126	391
	125	391
	124	390
	123	390
	121	388
	120	387
	119	386
	119	384
	118	383
	118	382
	118	381
	118	380
	118	379
	119	377
	119	376
	119	375
	120	374
	120	373
	121	372
	121	371
	121	370
.PEN_UP
.PEN_DOWN
	115	377
	116	377
	116	378
	117	378
	118	378
	119	379
	120	379
	121	379
	122	379
	123	379
	124	379
	125	379
	126	379
	127	379
.PEN_UP
.PEN_DOWN
	154	393
	154	392
	154	391
	153	390
	153	389
	153	387
	153	386
	152	384
	152	383
	152	381
	151	380
	151	379
	151	376
	150	375
	150	374
	150	373
	150	372
	149	371
	149	370
	149	371
	149	372
	149	373
	150	374
	150	375
	150	376
	150	377
	150	378
	150	379
	151	379
	151	380
	152	381
	152	382
	153	383
	154	384
	154	385
	154	386
	155	387
	155	388
	156	388
	156	389
	156	390
	157	390
	157	391
	158	391
	159	391
	159	390
	159	389
	159	388
	160	388
	160	387
	160	385
	160	384
	160	383
	160	384
	161	384
	162	385
	163	385
	163	386
	164	387
	164	388
	165	388
	166	389
	166	391
	167	392
	168	393
	169	395
	170	396
	171	396
	171	395
	171	394
	171	393
	171	392
	171	391
	170	389
	170	385
	169	384
	169	382
	169	380
	169	378
	169	376
	169	375
	169	374
	169	373
	169	372
	169	371
	169	370
	170	370
.PEN_UP
.PEN_DOWN
	181	381
	181	380
	180	379
	180	378
	180	377
	180	376
	180	375
	180	374
	180	373
	180	372
	181	372
	181	371
	182	371
	183	371
	184	372
	185	372
	185	373
	186	373
	186	374
	187	374
	187	375
	187	376
	188	377
	188	378
	187	377
	187	376
	187	374
	187	373
	187	372
	187	371
	187	370
	187	369
	188	368
	188	367
	188	366
	188	365
	188	364
	187	363
	187	362
	186	362
	185	361
	184	361
	183	360
	182	360
	182	359
	181	359
	180	359
	179	358
.PEN_UP
.PEN_DOWN
	210	387
	210	386
	209	386
	209	385
	209	384
	208	383
	208	381
	207	379
	207	378
	206	376
	206	375
	205	374
	205	372
	205	371
	204	370
	204	369
	204	368
	204	367
	204	368
	205	368
	205	369
	205	370
	206	370
	206	371
	206	372
	206	373
	207	374
	207	375
	207	377
	207	378
	208	379
	208	381
	209	384
	209	386
	210	387
	210	388
	211	388
	211	389
	212	389
	212	388
	212	387
	212	386
	212	385
	213	384
	213	382
	213	380
	214	379
	215	377
	215	376
	217	373
	217	372
	218	371
	219	370
	220	369
	221	369
	222	369
	222	370
	223	370
	224	371
	224	372
	225	373
	225	374
	226	375
	226	376
	226	377
	227	379
	227	381
	228	383
	228	385
	230	390
	230	393
	231	394
	232	396
	232	397
.PEN_UP
.PEN_DOWN
	241	373
	241	374
	241	375
	240	375
	239	376
	238	376
	237	375
	236	375
	235	375
	234	374
	234	373
	233	373
	233	372
	232	371
	232	370
	232	369
	233	368
	234	368
	235	368
	236	368
	238	368
	238	369
	239	369
	240	370
	240	371
	240	372
	240	373
	240	374
	240	373
	239	372
	239	371
	239	370
	239	369
	240	369
	241	368
.PEN_UP
.PEN_DOWN
	249	375
	249	374
	249	373
	249	372
	248	371
	248	370
	248	369
	249	369
	249	370
	250	370
	250	371
	251	372
	252	373
	252	374
	253	375
	253	376
	254	376
	255	377
	255	376
	254	375
	254	374
	254	373
	255	373
	256	373
	257	373
	257	374
	258	374
	259	375
	260	375
	260	376
	261	376
	261	377
	262	377
	262	376
	262	375
	262	374
	262	373
	262	372
	262	371
	262	370
	262	369
	262	368
	263	368
.PEN_UP
.PEN_DOWN
	273	376
	273	375
	274	375
	275	375
	276	375
	277	375
	278	375
	279	375
	280	376
	281	376
	282	377
	283	377
	284	377
	284	378
	284	379
	283	380
	282	381
	281	381
	280	381
	279	381
	278	381
	276	380
	275	379
	274	379
	273	378
	273	376
	272	375
	272	374
	272	373
	273	372
	273	371
	275	371
	276	371
	278	370
	279	370
	281	370
	282	370
	284	370
	285	371
	286	371
	287	371
	288	371
	289	371
	290	370
.PEN_UP
.PEN_DOWN
	311	384
	312	384
	314	384
	315	384
	317	384
	318	384
	320	384
	321	384
	322	384
	323	383
.PEN_UP
.PEN_DOWN
	314	377
	315	377
	316	377
	317	377
	319	378
	320	378
	322	378
	324	379
	325	379
	326	379
	327	378
.PEN_UP
.PEN_DOWN
	357	396
	357	395
	357	394
	357	393
	357	392
	357	391
	357	390
	357	389
.PEN_UP
.PEN_DOWN
	363	394
	364	394
	365	393
	365	392
	365	391
.PEN_UP
.PEN_DOWN
	387	393
	388	393
	388	392
	388	391
	388	390
	388	389
	388	388
	388	387
	388	386
	389	386
	390	386
	391	386
	392	387
	393	388
	394	388
	394	389
	395	390
	395	391
	396	392
	396	393
	396	394
	396	395
	396	396
	397	396
	398	396
	399	396
.PEN_UP
.PEN_DOWN
	392	388
	392	387
	392	386
	391	386
	391	384
	391	383
	390	382
	390	380
	390	379
	389	378
	389	377
	388	376
	388	375
	388	374
	388	373
	387	372
	388	371
.PEN_UP
.PEN_DOWN
	409	381
	409	380
	408	380
	407	380
	407	379
	407	378
	407	377
	408	376
	409	376
	409	375
	410	375
	411	375
	412	375
	413	375
	414	375
	415	375
	415	376
	415	377
	414	378
	414	379
	413	379
	413	380
	412	380
	411	381
	410	381
	409	382
	407	382
	406	382
.PEN_UP
.PEN_DOWN
	419	378
	418	378
	417	378
	417	377
	417	376
	417	375
	418	375
	418	374
	419	374
	420	374
	421	374
	424	374
	425	374
	426	374
	427	374
	428	374
	429	375
	430	375
	431	376
	431	377
	431	379
.PEN_UP
.PEN_DOWN
	436	376
	436	375
	436	374
	436	373
	436	372
	436	371
	437	371
	438	372
	438	373
	439	374
	439	375
	439	376
	439	377
	439	378
	440	379
	441	381
	442	383
	443	384
	444	384
	445	384
	446	384
	447	384
.PEN_UP
.PEN_DOWN
	478	400
	478	401
	477	401
	476	400
	476	399
	476	398
	475	397
	474	395
	473	394
	473	392
	472	391
	472	390
	471	388
	471	387
	471	385
	470	384
	470	383
	470	382
	470	381
	470	380
	470	379
	471	379
.PEN_UP
.PEN_DOWN
	473	403
	473	402
	474	403
	475	403
	476	403
	478	403
	480	403
	481	403
	482	403
	483	403
	484	403
	485	403
	486	403
	486	402
	488	402
.PEN_UP
.PEN_DOWN
	471	392
	472	392
	473	392
	474	392
	475	392
	476	393
	477	393
	478	393
	479	393
	480	393
	481	393
	481	392
	482	392
.PEN_UP
.PEN_DOWN
	497	383
	498	383
	498	382
	498	381
	498	380
	498	379
	498	378
	498	377
	498	376
	498	377
	498	378
	498	379
	499	380
	499	381
	499	382
	499	383
	500	384
	500	385
	500	386
	501	386
	501	388
	502	388
	503	388
	503	389
	504	389
	505	389
	506	389
	507	389
	509	389
.PEN_UP
.PEN_DOWN
	515	385
	515	384
	515	383
	515	382
	515	381
	514	381
	514	380
	514	379
	514	378
	515	377
.PEN_UP
.PEN_DOWN
	516	394
	516	395
	517	395
	518	395
	519	395
	520	395
.PEN_UP
.PEN_DOWN
	526	380
	526	379
	527	379
	528	379
	529	379
	530	379
	531	379
	532	379
	533	379
	533	380
	534	380
	535	381
	535	382
	535	383
	535	384
	534	384
	532	384
	531	384
	531	383
	529	383
	529	382
	528	381
	527	380
	527	379
	526	379
	526	378
	526	377
	526	376
	526	374
	527	373
	528	372
	529	372
	530	372
	532	372
	533	372
.PEN_UP
.PEN_DOWN
	544	380
	544	379
	544	377
	544	376
	544	375
	544	374
	544	375
	545	375
	545	376
	546	376
	546	377
	548	379
	549	379
	549	380
	550	382
	551	383
	552	384
	552	383
	552	382
	552	381
	551	380
	551	379
	551	378
	551	377
	551	376
	552	376
	552	375
.PEN_UP
.PEN_DOWN
	571	377
	572	377
	572	378
	572	379
	572	380
	571	381
	570	381
	569	381
	568	381
	567	381
	567	380
	566	380
	565	379
	564	379
	563	378
	562	376
	562	375
	562	374
	563	374
	563	373
	564	373
	565	373
	566	373
	567	373
	568	373
	570	374
	571	375
	572	375
	572	376
	573	377
	574	378
	574	379
	574	381
	574	382
	575	383
	575	387
	576	388
	576	390
	576	392
	577	393
	577	394
	577	395
	577	396
	577	395
	576	394
	576	393
	575	392
	575	391
	574	389
	574	387
	574	385
	573	384
	573	382
	573	380
	573	379
	573	376
	573	375
	573	374
	574	374
	574	373
	574	372
.PEN_UP
.PEN_DOWN
	587	375
	588	375
	588	374
	588	373
	588	372
	588	371
	588	370
	588	369
	588	368
	588	367
	588	366
	588	365
	588	364
	588	363
	587	363
	587	362
	586	362
	585	362
	584	362
	583	362
	582	362
	581	362
	580	362
	580	363
.PEN_UP
.PEN_DOWN
	607	401
	607	400
	607	399
	607	398
	606	398
	606	397
	606	396
	605	396
.PEN_UP
.PEN_DOWN
	612	397
	611	397
	610	396
	610	395
	610	394
.PEN_UP
