
.WRITER_ID BobStrong
.STYLE PRINTED
.PEN_DOWN
	108	383
	109	383
	109	382
	108	382
	108	381
	107	381
	106	380
	106	379
	105	378
	105	377
	105	376
	105	375
	104	374
	104	373
	104	372
	103	371
	103	370
	103	368
	103	367
	102	366
	102	365
	102	364
.PEN_UP
.PEN_DOWN
	97	380
	98	380
	99	381
	101	382
	102	382
	104	382
	105	382
	107	383
	108	383
	109	383
	110	383
	111	383
	112	383
	114	382
	115	382
	116	382
.PEN_UP
.PEN_DOWN
	122	384
	123	384
	123	383
	122	382
	122	380
	121	379
	121	378
	120	376
	120	375
	119	374
	119	373
	118	372
	118	371
	117	370
	117	369
	117	368
	117	367
.PEN_UP
.PEN_DOWN
	132	386
	132	385
	131	385
	131	384
	131	381
	130	380
	130	379
	129	377
	129	376
	129	375
	129	374
	129	373
	129	372
	129	371
	129	370
	128	370
.PEN_UP
.PEN_DOWN
	117	377
	118	377
	119	377
	120	378
	121	378
	122	378
	124	379
	125	379
	127	379
	128	379
	129	379
	130	379
	131	379
	132	379
.PEN_UP
.PEN_DOWN
	148	385
	147	384
	146	383
	145	382
	145	381
	145	379
	144	378
	144	377
	143	376
	143	375
	143	374
	143	373
	143	372
	143	371
	143	370
.PEN_UP
.PEN_DOWN
	146	386
	147	386
	148	387
	149	387
	150	388
	151	388
	153	388
	154	388
	155	388
	156	388
	157	388
	158	388
	159	388
	159	387
.PEN_UP
.PEN_DOWN
	145	377
	146	377
	147	377
	148	378
	149	378
	150	378
	151	379
	153	379
	154	379
	155	379
	156	379
.PEN_UP
.PEN_DOWN
	142	370
	143	369
	144	369
	145	370
	146	370
	147	370
	150	371
	151	371
	152	371
	153	371
	154	371
	155	371
	156	371
	157	371
	158	371
	159	370
.PEN_UP
.PEN_DOWN
	202	388
	202	387
	202	386
	202	385
	202	384
	202	382
	202	381
	202	380
	201	379
	201	378
	201	377
	200	376
	200	375
.PEN_UP
.PEN_DOWN
	202	388
	203	388
	204	388
	205	389
	206	389
	207	390
	208	390
	210	391
	212	391
	213	391
	215	391
	216	391
	216	390
	217	390
.PEN_UP
.PEN_DOWN
	208	383
	209	383
	210	383
	211	383
	211	384
	212	384
	213	384
	214	384
	215	384
.PEN_UP
.PEN_DOWN
	202	376
	202	375
	203	375
	205	376
	206	376
	208	376
	209	376
	210	376
	211	376
	212	376
	213	376
	214	376
	215	375
.PEN_UP
.PEN_DOWN
	233	386
	233	385
	233	384
	234	383
	234	382
	235	381
	235	380
	235	379
	236	378
	236	377
	236	376
	237	375
	238	374
	239	372
	240	371
.PEN_UP
.PEN_DOWN
	244	385
	243	384
	242	384
	241	384
	240	383
	239	382
	238	382
	237	381
	236	380
	235	379
	234	378
	233	376
	232	374
	231	373
	230	372
	229	371
	229	370
	228	370
	228	369
.PEN_UP
.PEN_DOWN
	262	384
	262	383
	261	383
	260	382
	259	382
	258	381
	257	380
	256	379
	255	379
	255	378
	254	377
	253	376
	253	375
	253	374
	253	373
	253	372
	254	371
	255	371
	256	370
	257	370
	259	370
	260	371
	261	371
	262	371
	265	372
	265	373
	266	374
	266	375
	267	375
	267	376
	267	377
	267	378
	266	379
	266	380
	266	381
	265	382
	264	383
	263	383
	262	383
.PEN_UP
.PEN_DOWN
	260	377
	261	377
	262	376
	263	376
	263	375
	262	375
	262	374
	262	373
	262	372
	263	371
	263	370
	263	369
	264	368
.PEN_UP
.PEN_DOWN
	277	382
	278	381
	278	380
	277	379
	277	378
	277	377
	277	376
	276	375
	276	374
	276	373
	276	372
	276	371
	276	370
	277	370
	278	370
	279	370
	280	370
	281	370
	282	371
	283	371
	283	372
	284	372
	284	373
	284	374
	285	376
	286	377
	286	378
	287	379
	287	380
	287	381
	287	382
.PEN_UP
.PEN_DOWN
	301	382
	301	381
	300	380
	300	379
	299	378
	298	377
	298	376
	297	375
	297	374
	297	373
	296	372
	296	371
	296	369
	296	368
.PEN_UP
.PEN_DOWN
	324	381
	324	382
	324	383
	323	383
	322	383
	321	383
	320	383
	319	383
	318	383
	317	382
	315	382
	314	381
	314	380
	313	380
	312	379
	312	378
	312	377
	312	376
	313	376
	314	376
	315	375
	316	375
	317	375
	318	375
	319	375
	320	374
	321	374
	321	373
	321	372
	320	372
	320	371
	319	371
	319	370
	318	370
	317	369
	316	368
	315	368
	314	367
	313	367
	312	367
	312	366
	311	366
	310	366
	310	367
.PEN_UP
.PEN_DOWN
	343	378
	343	377
	343	376
	342	375
	341	375
	340	373
	339	373
	339	372
	338	371
	338	370
	338	369
	338	368
	338	367
.PEN_UP
.PEN_DOWN
	362	379
	362	378
	363	378
	363	377
	362	377
	362	376
	361	376
	361	375
	360	375
	360	374
	359	372
	359	371
	358	370
	358	369
	358	368
	358	367
	358	366
.PEN_UP
.PEN_DOWN
	355	381
	355	382
	356	382
	357	382
	358	381
	359	381
	360	381
	362	380
	363	380
	364	380
	366	379
	367	379
	368	379
.PEN_UP
.PEN_DOWN
	384	379
	384	378
	383	378
	383	377
	382	377
	382	376
	381	375
	381	374
	380	373
	380	372
	380	371
	381	370
.PEN_UP
.PEN_DOWN
	384	384
	385	384
	386	384
	386	385
	387	385
	388	385
	388	386
	389	386
	390	386
	391	386
	392	386
	393	386
	394	386
	396	386
	397	386
	398	386
.PEN_UP
.PEN_DOWN
	380	379
	381	378
	383	376
	384	376
	385	376
	386	377
	387	377
	388	377
	389	377
	391	377
	392	377
.PEN_UP
.PEN_DOWN
	377	371
	379	370
	380	370
	381	370
	382	370
	383	371
	385	371
	387	371
	390	371
	391	371
	393	371
	394	370
	395	370
	396	370
.PEN_UP
.PEN_DOWN
	429	386
	429	385
	430	385
	430	384
	429	383
	429	382
	428	381
	428	380
	427	379
	427	378
	426	377
	425	376
	425	375
	424	375
	424	374
	423	373
	423	372
	423	371
	423	370
.PEN_UP
.PEN_DOWN
	427	386
	429	386
	429	387
	430	387
	431	387
	433	387
	434	387
	436	387
	437	387
	438	387
	439	387
	440	387
	440	386
	440	385
	440	384
	439	384
	439	383
	438	382
	437	381
	436	380
	435	380
	434	379
	433	379
	432	379
	430	378
	429	378
	428	378
	427	377
	425	377
	424	377
.PEN_UP
.PEN_DOWN
	447	380
	447	379
	446	378
	446	377
	445	377
	444	376
	444	375
	443	375
	443	374
	442	373
	442	372
	442	371
	442	372
	443	372
	443	374
	444	374
	445	375
	446	376
	447	376
	448	378
	448	379
	449	380
	450	381
	450	383
	451	384
	452	386
	453	388
	454	389
	455	390
	455	391
	456	391
	457	391
	457	390
	457	389
	457	388
	457	387
	457	385
	456	384
	456	382
	456	381
	455	380
	455	378
	454	377
	454	376
	454	375
	453	374
	453	373
	453	372
	454	372
	454	371
	455	371
.PEN_UP
.PEN_DOWN
	446	379
	447	379
	448	379
	449	379
	452	380
	453	380
	454	380
	455	380
	456	380
	457	380
	458	380
	459	380
.PEN_UP
.PEN_DOWN
	475	385
	474	385
	474	384
	473	384
	473	383
	472	382
	471	381
	470	379
	469	378
	469	377
	469	376
	469	375
	469	374
	469	373
	469	372
.PEN_UP
.PEN_DOWN
	484	381
	484	380
	484	379
	483	379
	482	379
	482	378
	481	377
	481	376
	480	375
	479	373
	478	373
	478	372
	477	371
	477	370
	476	369
	477	369
	478	370
	479	370
	480	370
	481	371
	481	372
	482	373
	482	374
	484	376
	484	377
	485	379
	486	379
	486	380
	486	381
	486	382
	486	381
	486	380
	486	379
	486	378
	487	377
	487	376
	487	375
	487	374
	488	373
	489	372
	489	371
	490	371
	491	371
	492	371
	492	372
	493	372
	493	373
	494	374
	495	374
	495	375
	495	376
	495	377
	495	378
	496	379
	496	380
	497	381
	497	382
	497	384
	498	384
	498	386
.PEN_UP
.PEN_DOWN
	514	384
	514	383
	514	382
	514	381
	513	380
	512	379
	512	378
	511	377
	511	376
	510	375
	509	374
	509	373
	509	372
	509	370
	509	369
	509	368
	510	368
.PEN_UP
.PEN_DOWN
	501	385
	503	385
	504	385
	505	385
	506	385
	507	386
	508	386
	510	386
	511	386
	513	386
	514	386
	516	386
	517	386
	518	386
	519	385
	520	385
	521	385
	522	385
	523	385
.PEN_UP
.PEN_DOWN
	533	379
	532	378
	532	377
	531	377
	530	376
	528	375
	528	374
	527	373
	526	372
	526	371
	526	370
	526	369
	526	368
.PEN_UP
.PEN_DOWN
	547	379
	546	379
	545	379
	544	378
	544	377
	543	376
	542	375
	542	374
	541	373
	541	372
	540	372
	540	371
	540	370
	539	370
	540	370
	541	370
	542	370
	543	371
	544	372
	546	374
	546	375
	547	376
	547	377
	548	378
	548	379
	549	380
	549	381
	549	382
	549	381
	548	380
	548	379
	548	378
	548	377
	548	376
	548	375
	548	373
	549	373
	549	372
	549	371
	550	371
	551	371
	552	371
	554	371
	554	372
	556	372
	557	373
	557	374
	558	375
	558	376
	558	377
	558	378
	559	379
	559	380
	559	381
	559	383
	560	385
	560	386
	560	387
	561	387
.PEN_UP
.PEN_DOWN
	578	385
	577	385
	576	384
	574	384
	573	383
	572	382
	571	381
	569	380
	568	379
	566	377
	566	376
	565	375
	565	374
	565	373
	565	372
	565	371
	565	370
	566	370
	567	369
	568	369
	571	368
	573	368
	574	368
	575	368
	576	368
	577	369
	578	370
	578	371
	578	372
	578	373
	578	375
	578	376
	577	377
	577	378
	576	378
	575	378
	574	378
	575	378
	576	378
	577	378
	578	378
	579	378
	581	378
	582	378
	583	378
	584	378
	585	378
	586	379
	587	379
	588	379
	589	379
.PEN_UP
.PEN_DOWN
	608	386
	608	385
	608	384
	607	384
	606	383
	606	382
	605	381
	605	380
	605	379
	604	378
	604	377
	604	376
	603	375
	603	374
	603	373
	604	372
	605	372
	606	372
	607	373
	608	373
	608	374
	609	374
	610	375
	610	376
	611	376
	611	377
	611	378
	611	379
	612	379
	612	378
	612	377
	612	376
	612	375
	613	374
	614	373
	615	373
	616	373
	617	373
	618	373
	619	373
	620	373
	621	374
	621	375
	622	376
	623	376
	623	377
	623	378
	624	379
	624	380
	624	381
	624	382
	624	383
	624	384
	624	385
.PEN_UP
.PEN_DOWN
	633	379
	632	379
	632	378
	631	378
	631	377
	630	377
	630	376
	629	374
	629	373
	628	372
	628	371
	628	370
	628	371
	629	371
	629	372
	630	372
	630	373
	631	374
	632	375
	633	376
	634	379
	635	379
	635	381
	636	382
	636	384
	637	385
	638	386
	638	387
	638	386
	638	385
	638	384
	638	383
	638	382
	639	381
	639	380
	639	379
	639	378
	639	377
	639	375
	639	374
	639	373
	639	372
	639	371
	639	370
	640	370
.PEN_UP
.PEN_DOWN
	626	377
	628	377
	629	377
	630	377
	631	377
	632	377
	634	377
	635	377
	639	377
	640	377
	641	378
	642	378
.PEN_UP
.PEN_DOWN
	665	387
	665	386
	664	386
	663	386
	662	387
	661	387
	660	387
	658	387
	657	386
	656	386
	655	386
	654	386
	653	385
	652	385
	651	384
	650	384
	650	383
	649	383
	649	382
	649	381
	650	381
	651	381
	651	380
	652	380
	653	379
	655	379
	656	379
	658	379
	660	378
	661	378
	663	377
	664	377
	665	377
	665	376
	664	376
	663	376
	663	375
	661	375
	660	375
	660	374
	659	374
	658	374
	657	373
	656	373
	655	372
	654	372
	653	372
	651	372
	650	372
	649	372
.PEN_UP
.PEN_DOWN
	694	388
	694	387
	694	386
	694	385
	693	384
	692	383
	692	382
	691	381
	691	379
	690	377
	690	376
	689	375
	689	374
	689	373
	689	372
	689	371
.PEN_UP
.PEN_DOWN
	695	389
	696	389
	697	390
	698	390
	699	391
	700	391
	701	391
	702	392
	703	392
	705	392
	706	391
	707	391
	708	390
	708	389
	708	388
	707	388
	707	387
	706	386
	705	385
	704	385
	703	384
	702	384
	702	383
	701	383
	700	382
	699	382
	698	382
	697	381
	696	381
	695	381
	695	380
	696	380
	697	380
	698	380
	699	380
	700	380
	701	380
	701	379
	702	379
	702	378
	702	377
	702	376
	702	375
	702	374
	702	373
	703	372
	703	371
	703	370
	704	370
	705	370
	705	369
	706	369
.PEN_UP
.PEN_DOWN
	719	383
	720	384
	721	384
	720	383
	719	383
	719	382
	719	381
	718	381
	718	380
	717	379
	717	378
	717	376
	717	375
	717	374
	718	373
	719	372
	720	372
	721	372
	722	372
	723	373
	725	373
	725	374
	726	375
	727	375
	728	376
	729	377
	729	378
	729	379
	730	380
	730	382
	730	384
	730	385
	731	385
	731	386
.PEN_UP
.PEN_DOWN
	740	382
	741	382
	741	381
	741	380
	740	380
	740	379
	738	378
	737	377
	737	376
	736	375
	736	374
	735	373
	735	372
	735	371
	736	371
.PEN_UP
.PEN_DOWN
	752	383
	752	382
	752	381
	752	380
	752	379
	750	378
	749	377
	748	376
	747	375
	747	374
	746	374
	746	373
	745	372
	745	371
	746	371
	747	371
	747	372
	748	372
	749	372
	749	373
	749	374
	750	375
	751	376
	751	377
	752	378
	752	379
	753	380
	754	382
	754	383
	754	382
	754	381
	754	380
	754	379
	754	378
	754	377
	754	376
	755	375
	755	374
	755	373
	756	373
	756	372
	757	372
	758	372
	759	372
	760	372
	761	373
	762	374
	763	375
	764	376
	764	377
	765	378
	765	379
	765	380
	765	381
	766	383
	766	384
.PEN_UP
.PEN_DOWN
	777	381
	777	380
	776	380
	775	380
	775	379
	774	378
	774	377
	773	376
	773	375
	773	374
	773	373
	773	372
	774	372
.PEN_UP
.PEN_DOWN
	779	385
	779	386
	780	386
	780	387
	781	387
	782	387
	783	387
	784	387
	785	387
	786	387
	787	386
.PEN_UP
.PEN_DOWN
	773	379
	774	379
	775	379
	776	379
	777	379
	779	379
	781	379
	782	379
	783	379
.PEN_UP
.PEN_DOWN
	769	372
	769	371
	770	371
	771	371
	773	372
	774	372
	775	372
	776	372
	777	372
	778	372
	779	372
	780	372
	781	372
	782	372
.PEN_UP
.PEN_DOWN
	802	385
	802	384
	802	383
	801	383
	800	381
	800	380
	800	379
	799	379
	799	378
	799	377
	798	376
	798	375
	797	374
	797	373
	797	372
	798	372
.PEN_UP
.PEN_DOWN
	804	388
	805	388
	806	387
	807	387
	808	387
	809	386
	810	385
	811	385
	813	383
	814	383
	815	382
	815	381
	816	380
	816	379
	816	378
	816	377
	814	375
	813	375
	812	375
	811	374
	810	374
	809	373
	808	373
	807	373
	807	372
	805	372
	803	372
	803	373
	802	373
	801	374
.PEN_UP
