
.WRITER_ID BobStrong
.STYLE PRINTED
.PEN_DOWN
	132	381
	132	382
	132	383
	132	384
	132	385
	131	385
	131	386
	130	386
	129	386
	128	386
	127	386
	127	385
	126	385
	125	384
	124	384
	123	383
	122	382
	122	381
	121	380
	121	379
	121	378
	121	377
	122	376
	123	376
	125	376
	126	376
	127	377
	128	377
	129	377
	131	378
	131	379
	132	379
	132	380
	133	381
	133	382
	133	383
	133	384
	132	383
	132	382
	132	381
	132	380
	132	379
	131	378
	131	377
	131	376
	130	376
	130	375
	129	374
	129	373
	128	372
	128	370
	128	368
	128	367
	127	366
	127	365
	127	364
	127	363
	127	362
	127	361
	127	360
	127	359
.PEN_UP
.PEN_DOWN
	142	384
	141	384
	141	383
	140	383
	140	382
	140	381
	139	380
	139	379
	139	378
	140	377
	140	376
	140	375
	141	375
	142	375
	143	375
	144	376
	144	377
	145	377
	146	378
	147	379
	148	380
	148	382
	148	383
	148	384
	148	385
	148	386
	148	387
.PEN_UP
.PEN_DOWN
	161	381
	161	380
	160	380
	160	379
	159	379
	159	378
	159	377
	160	377
	160	376
.PEN_UP
.PEN_DOWN
	162	394
	163	394
.PEN_UP
.PEN_DOWN
	179	382
	179	383
	179	384
	178	384
	177	384
	176	384
	175	384
	174	383
	173	382
	172	380
	171	379
	171	378
	171	377
	171	376
	171	375
	172	375
	172	374
	173	374
	174	373
	175	373
	176	373
	177	373
	178	373
	179	373
	180	373
.PEN_UP
.PEN_DOWN
	196	392
	196	391
	196	390
	195	388
	195	387
	195	385
	195	384
	195	382
	195	381
	195	380
	195	379
	195	378
	195	377
	195	376
	195	375
.PEN_UP
.PEN_DOWN
	208	392
	208	391
	208	390
	207	390
	207	389
	206	388
	205	387
	204	386
	204	385
	203	385
	202	384
	201	384
	201	383
	200	383
	199	382
	198	382
	197	382
	197	381
	198	381
	198	380
	199	380
	199	379
	200	379
	201	379
	202	378
	203	378
	204	377
	205	376
	206	375
	207	375
	207	374
	208	374
	208	373
.PEN_UP
.PEN_DOWN
	243	388
	244	388
	245	388
	246	388
	247	388
	247	389
	248	389
	249	389
	250	389
	251	389
	252	389
	253	390
	254	390
	255	390
	256	390
	256	389
	255	388
	254	387
	253	386
	252	385
	251	383
	251	382
	250	381
	249	380
	249	379
	248	379
	247	378
	247	377
	246	377
	246	376
	245	375
	245	374
	246	374
	246	373
	247	373
	248	373
	249	373
	251	373
	251	372
	252	372
	253	372
	254	372
	255	372
	256	372
	257	372
.PEN_UP
.PEN_DOWN
	268	379
	269	379
	269	380
	270	380
	272	380
	272	381
	273	381
	274	381
	274	382
	275	382
	277	383
	277	384
	278	384
	278	385
	278	386
	277	386
	276	386
	275	386
	275	385
	273	385
	273	384
	272	384
	271	383
	270	382
	269	381
	268	380
	267	379
	267	378
	267	377
	267	376
	267	375
	268	375
	269	375
	270	374
	272	374
	274	374
	275	374
	276	374
	277	375
	278	375
	279	375
	280	375
.PEN_UP
.PEN_DOWN
	296	378
	296	377
	296	376
	296	375
	296	374
	296	373
	295	372
	295	371
	295	370
	295	368
	295	367
	294	366
	294	365
	294	364
	294	363
	294	362
	293	362
	293	361
	293	362
	293	363
	294	364
	294	365
	295	366
	295	368
	296	369
	296	370
	296	372
	296	374
	297	375
	298	379
	298	382
	299	383
	299	384
	300	385
	301	386
	302	386
	303	386
	304	386
	305	386
	306	386
	307	385
	308	384
	308	383
	308	382
	308	381
	307	380
	307	379
	306	378
	305	377
	305	376
	304	376
	303	375
	302	375
	301	375
	300	374
	299	374
	298	374
	297	374
	296	374
.PEN_UP
.PEN_DOWN
	320	392
	320	391
	320	390
	319	388
	319	386
	318	384
	318	383
	318	381
	318	379
	317	378
	317	377
	317	375
	316	374
	316	373
	316	372
	317	372
	317	373
	318	374
	318	375
	319	375
	319	376
	320	377
	320	379
	321	379
	323	382
	323	383
	324	384
	325	384
	326	384
	326	383
	326	381
	326	380
	326	379
	326	378
	325	377
	325	376
	325	375
	325	374
	325	373
	325	372
	325	371
.PEN_UP
.PEN_DOWN
	341	382
	342	382
	342	381
	342	380
	342	379
	342	378
	342	377
	342	376
	343	375
	343	374
	344	373
	345	373
	346	373
	347	374
	347	375
	348	375
	348	376
	349	377
	349	378
	349	379
	350	380
	350	381
	350	382
	351	382
	352	382
	352	381
	352	380
	352	379
	352	378
	352	377
	352	376
	352	375
	353	375
	353	374
	353	373
	353	371
	354	370
	354	369
	354	368
	354	367
	354	366
	354	365
	353	364
	352	363
	352	362
	351	362
	349	361
	348	361
	347	361
	346	360
	345	360
	343	360
	342	360
	341	360
	340	361
.PEN_UP
.PEN_DOWN
	367	378
	367	377
	367	376
	367	375
	367	374
	366	373
	366	372
	366	371
	366	370
	367	370
	367	371
	367	372
	368	373
	368	374
	368	375
	369	375
	369	377
	369	378
	370	379
	370	380
	372	384
	373	384
	373	385
	373	386
	374	386
	375	386
	376	386
.PEN_UP
.PEN_DOWN
	396	383
	395	383
	394	383
	393	383
	392	383
	391	383
	390	382
	389	381
	388	380
	387	379
	387	378
	388	377
	389	377
	390	377
	391	377
	392	377
	393	377
	394	377
	395	377
	395	376
	395	375
	394	374
	393	373
	392	373
	392	372
	391	372
	390	372
	389	371
	388	371
	386	371
	385	371
.PEN_UP
.PEN_DOWN
	445	395
	445	394
	444	394
	444	393
	443	391
	443	390
	443	389
	442	387
	442	386
	441	384
	441	383
	440	381
	440	379
	439	378
	439	377
	439	375
	439	374
	439	373
	439	372
	439	373
	441	373
	441	374
	442	375
	442	376
	443	377
	443	378
	443	379
	444	380
	444	381
	445	382
	446	383
	446	384
	447	385
	448	386
	449	386
	450	386
	451	386
	452	386
	453	385
	453	384
	454	384
	454	383
	455	382
	455	381
	455	379
	455	378
	455	377
	454	377
	454	376
	453	375
	452	375
	452	374
	450	374
	450	373
	449	373
	447	372
	446	372
	444	372
	443	372
	442	372
	441	372
	440	372
	439	372
	439	373
.PEN_UP
.PEN_DOWN
	468	394
	468	393
	468	392
	467	391
	467	390
	466	389
	465	388
	465	386
	464	385
	464	384
	463	382
	463	380
	463	379
	463	377
	463	375
	462	374
	462	373
.PEN_UP
.PEN_DOWN
	473	380
	473	379
	474	379
	474	378
	474	377
	473	377
	473	376
	473	375
	473	374
	473	373
	474	372
	475	371
	476	371
	477	371
	479	371
	480	371
	481	371
	482	371
	484	371
	486	372
	487	372
	488	373
	488	374
	488	375
	488	376
	487	377
	487	378
	486	379
	485	379
	483	380
	482	380
	481	380
	480	380
	479	380
	478	380
	477	379
	476	379
.PEN_UP
.PEN_DOWN
	497	377
	497	376
	496	375
	496	374
	496	373
	497	372
	497	371
	498	371
	499	371
	500	371
	501	371
	502	371
	503	372
	504	372
	505	373
	506	374
	507	374
	507	375
	508	376
	508	377
	508	376
	508	375
	509	375
	509	374
	510	373
	510	372
	511	372
	511	371
	512	371
	513	371
	513	370
	514	370
	515	370
	516	370
	518	371
	519	371
	520	372
	521	373
	521	374
	521	375
	521	376
	521	377
	522	378
	522	380
	522	381
	522	382
	522	383
	522	384
.PEN_UP
