
.WRITER_ID BobStrong
.STYLE PRINTED
.PEN_DOWN
	117	384
	118	384
	119	384
	120	384
	120	385
	120	386
	120	387
	119	387
	119	388
	118	388
	117	388
	116	388
	115	388
	113	388
	112	387
	111	386
	110	386
	110	385
	109	384
	108	384
	108	383
	108	382
	108	381
	109	381
	110	381
	112	381
	113	381
	114	382
	116	382
	116	383
	117	383
	118	384
	119	384
	120	384
	121	385
	120	385
	119	385
	119	384
	118	383
	117	382
	117	380
	116	377
	115	376
	115	374
	114	373
	114	372
	113	371
	113	370
	112	369
	112	368
	112	367
.PEN_UP
.PEN_DOWN
	136	388
	136	387
	135	387
	134	387
	133	386
	132	385
	131	384
	131	383
	131	382
	131	381
	131	380
	132	380
	134	380
	136	381
	137	381
	138	382
	139	382
	140	383
	141	384
	143	385
	143	386
	143	387
	143	388
	143	389
	142	390
	141	391
	140	391
	138	391
	135	391
.PEN_UP
.PEN_DOWN
	134	379
	134	378
	133	378
	133	377
	133	376
	132	375
	132	374
	131	374
	131	373
	131	372
	131	371
	131	370
	132	370
	133	370
	134	370
	136	370
	137	371
	140	372
	141	372
	142	373
	143	373
	144	374
	144	375
	144	376
	144	377
	144	378
	144	379
	142	379
	141	379
	140	379
	139	379
	138	379
	137	379
	136	379
	135	378
.PEN_UP
.PEN_DOWN
	154	384
	155	384
	156	384
	157	384
	158	384
	159	384
	161	384
	164	384
	165	384
	166	384
	167	384
	168	384
	168	383
	167	382
	167	381
	166	380
	166	379
	165	379
	164	378
	164	376
	163	375
	162	375
	161	374
	161	373
	160	371
	160	370
	160	369
.PEN_UP
.PEN_DOWN
	179	386
	179	385
	178	384
	177	383
	176	382
	175	381
	174	380
	173	379
	173	377
	173	375
	173	374
	173	373
	173	372
	173	371
	174	371
	174	370
	175	370
	176	370
	177	370
	178	370
	178	371
	180	371
	181	372
	182	373
	182	374
	182	375
	182	376
	182	377
	181	377
	180	377
	179	377
	178	377
	176	377
	176	376
	174	376
	174	375
	173	375
	173	374
.PEN_UP
.PEN_DOWN
	204	387
	205	387
	204	387
	204	388
	203	388
	203	389
	202	389
	201	389
	200	389
	199	389
	198	389
	197	388
	196	388
	195	388
	195	387
	194	387
	194	386
	193	386
	193	385
	192	384
	192	383
	192	382
	192	381
	193	381
	193	380
	194	380
	195	380
	196	380
	197	381
	198	381
	199	381
	200	381
	201	381
	201	380
	201	379
	201	378
	200	377
	200	376
	199	375
	199	374
	198	374
	198	373
	197	372
	196	372
	196	371
	195	371
	194	371
	192	370
	191	370
	190	370
	189	370
	189	371
.PEN_UP
.PEN_DOWN
	250	382
	251	382
	251	383
	251	382
	251	381
	250	380
	250	379
	249	377
	248	377
	248	376
	247	375
	247	374
	248	373
	249	372
	251	372
	252	372
	253	372
	255	372
	255	373
	257	373
	258	373
	259	374
	260	374
	261	374
.PEN_UP
.PEN_DOWN
	263	385
	264	385
	263	385
	263	384
	262	384
	262	383
	261	381
	261	380
	261	378
	260	377
	260	375
	259	374
	258	371
	258	370
	258	369
	258	368
	258	367
	258	366
	258	365
	258	364
.PEN_UP
.PEN_DOWN
	274	385
	275	385
	275	384
	277	384
	278	384
	279	384
	280	384
	281	384
	281	383
	282	383
	283	383
	283	382
	283	381
	282	381
	281	381
	280	381
	279	380
	278	380
	277	379
	275	379
	275	378
	275	377
	276	377
	277	377
	277	376
	278	376
	279	376
	280	375
	281	375
	282	374
	283	374
	283	373
	284	373
	284	372
	284	371
	283	371
	283	370
	282	370
	281	370
	280	369
	279	369
	278	369
	277	369
	276	369
	275	368
	274	368
	273	368
.PEN_UP
.PEN_DOWN
	289	378
	290	378
	291	379
	292	379
	292	380
	293	380
	294	381
	295	381
	297	381
	298	381
	299	381
	300	381
	301	381
	301	380
	300	379
	299	378
	299	377
	298	377
	296	375
	295	375
	294	374
	294	373
	293	372
	292	372
	292	371
	292	370
	293	369
	294	369
	295	369
	296	369
	297	369
	298	369
	299	369
	300	369
	301	369
	303	369
.PEN_UP
.PEN_DOWN
	315	379
	315	380
	314	380
	313	380
	313	379
	312	378
	311	377
	310	376
	310	375
	309	374
	309	373
	309	372
	309	371
	309	370
	309	369
	309	368
.PEN_UP
.PEN_DOWN
	327	382
	326	382
	326	381
	325	381
	324	380
	323	379
	322	377
	321	376
	321	375
	320	374
	320	372
	320	371
	321	370
	322	370
	322	369
	323	369
	325	369
	327	369
	328	369
	329	369
	331	369
	333	370
	333	371
	334	372
	334	374
	334	375
	334	376
	334	378
	334	380
	333	381
	332	382
	332	383
	331	384
	329	384
	327	384
	326	383
	325	382
.PEN_UP
.PEN_DOWN
	404	378
	405	378
	406	378
	406	379
	406	380
	406	381
	405	382
	404	383
	403	383
	402	384
	401	384
	400	384
	399	384
	398	384
	397	384
	396	384
	395	383
	394	383
	394	382
	394	381
	394	380
	395	380
	396	380
	397	379
	398	379
	399	379
	402	379
	403	379
	404	379
	405	379
	406	379
	407	379
	407	380
	407	379
	406	379
	406	378
	405	378
	405	377
	404	376
	404	375
	403	374
	403	373
	403	372
	402	371
	402	370
	402	369
.PEN_UP
.PEN_DOWN
	422	383
	423	383
	423	384
	422	384
	421	384
	420	384
	419	384
	418	383
	418	382
	418	381
	418	380
	418	379
	419	379
	420	379
	421	379
	423	379
	425	379
	426	379
	427	379
	428	379
	428	380
	429	380
	429	381
	429	382
	429	383
	428	384
	426	386
	425	387
	424	387
.PEN_UP
.PEN_DOWN
	421	376
	420	376
	420	375
	419	375
	418	375
	418	374
	417	373
	417	372
	417	371
	417	370
	418	370
	419	369
	420	369
	422	369
	424	369
	425	370
	426	370
	427	371
	428	372
	428	373
	428	374
	427	375
	427	376
	426	376
	426	377
	425	377
	424	377
	423	377
	422	377
	421	377
.PEN_UP
.PEN_DOWN
	438	382
	439	382
	440	382
	441	381
	442	381
	444	381
	446	381
	447	380
	448	380
	449	380
	450	380
	451	380
	452	379
	452	378
	451	378
	450	377
	450	376
	449	376
	448	375
	447	374
	446	373
	445	372
	445	371
	445	370
	445	369
.PEN_UP
.PEN_DOWN
	468	385
	468	384
	467	383
	466	382
	465	381
	464	379
	462	377
	461	376
	461	375
	461	374
	461	373
	461	372
	462	371
	462	370
	463	369
	464	369
	465	369
	465	368
	467	368
	468	369
	469	369
	469	370
	470	371
	470	372
	470	373
	470	374
	469	375
	469	376
	468	376
	467	377
	466	377
	465	377
	464	376
	463	376
	463	375
.PEN_UP
.PEN_DOWN
	496	385
	495	385
	494	385
	494	386
	493	386
	492	386
	491	386
	490	387
	489	387
	488	387
	487	387
	486	387
	485	386
	484	386
	484	385
	483	384
	483	383
	483	382
	484	382
	484	381
	484	380
	484	379
	485	379
	486	379
	487	379
	488	379
	489	379
	490	379
	491	379
	492	379
	492	378
	492	377
	492	376
	492	375
	491	374
	491	373
	490	373
	490	372
	489	372
	488	371
	487	371
	486	371
	485	371
	484	371
	483	371
	482	372
	481	372
.PEN_UP
.PEN_DOWN
	541	391
	542	391
	543	392
	542	392
	540	391
	540	390
	539	389
	538	389
	538	388
	537	387
	536	385
	535	385
	535	384
	535	383
	534	382
	534	381
	534	380
	535	379
	537	379
	538	379
	539	379
	540	379
	541	379
	543	379
	544	379
	545	380
	546	380
	547	380
.PEN_UP
.PEN_DOWN
	552	388
	552	387
	551	386
	550	385
	550	384
	550	383
	549	382
	548	380
	547	379
	547	378
	546	376
	545	374
	545	373
	545	372
	545	371
	545	370
.PEN_UP
.PEN_DOWN
	560	385
	561	385
	562	385
	563	385
	564	385
	565	385
	566	385
	568	384
	570	384
	570	383
	569	383
	568	382
	567	382
	565	381
	564	381
	563	381
	561	380
	560	380
	559	380
	559	379
	560	379
	561	379
	561	378
	562	378
	563	378
	565	377
	566	377
	567	377
	568	377
	568	376
	569	376
	570	375
	569	375
	569	374
	568	374
	567	374
	566	374
	565	373
	563	373
	562	373
	561	373
	560	373
	559	372
	558	372
	557	372
	556	372
.PEN_UP
.PEN_DOWN
	578	384
	579	384
	580	384
	582	384
	583	384
	584	384
	585	384
	585	383
	587	383
	587	382
	587	381
	586	380
	585	380
	584	379
	582	378
	580	378
	579	377
	578	376
	577	376
	576	375
	576	374
	577	374
	577	373
	578	373
	579	372
	580	372
	581	371
	582	371
	583	371
	584	371
	585	371
	586	371
	587	371
.PEN_UP
.PEN_DOWN
	604	383
	603	383
	602	382
	601	381
	600	380
	599	379
	599	378
	598	377
	598	376
	597	375
	597	374
	597	373
.PEN_UP
.PEN_DOWN
	622	384
	622	383
	622	382
	621	382
	619	381
	619	380
	618	380
	617	379
	616	378
	616	377
	616	376
	616	375
	616	374
	616	373
	617	372
	618	371
	619	371
	621	371
	622	371
	623	371
	624	371
	625	372
	626	372
	626	373
	627	374
	627	375
	627	377
	627	379
	627	380
	626	381
	626	383
	625	384
	624	385
	623	385
	622	385
	621	384
.PEN_UP
