
.WRITER_ID BobStrong
.STYLE PRINTED
.PEN_DOWN
	103	391
	103	390
	102	390
	101	390
	100	389
	99	389
	98	388
	97	386
	95	384
	94	382
	94	381
	94	379
	94	378
	94	376
	94	375
	95	374
	96	373
	97	373
	99	373
	103	373
	104	373
	106	373
	108	374
	110	375
	111	375
	111	376
	111	377
	111	378
	111	379
	111	381
	111	382
	109	385
	108	386
	106	387
	105	387
	104	387
	102	387
	101	387
	100	387
	99	387
	98	387
	98	386
	97	385
	97	384
.PEN_UP
.PEN_DOWN
	123	383
	122	382
	121	381
	120	380
	119	379
	119	378
	118	377
	118	376
	118	375
	117	374
	117	373
	117	371
	117	370
	118	369
.PEN_UP
.PEN_DOWN
	132	382
	133	382
	133	383
	134	383
	136	384
	138	385
	139	385
	140	385
	142	385
	143	385
	144	384
	144	383
	143	382
	142	380
	141	379
	140	379
	138	378
	137	377
	136	376
	135	375
	134	374
	133	373
	132	372
	131	372
	131	370
	131	369
	132	369
	133	369
	134	368
	135	368
	137	368
	138	368
	139	368
	141	369
	144	369
	145	369
	146	369
.PEN_UP
.PEN_DOWN
	156	382
	156	383
	156	384
	157	384
	157	385
	158	385
	159	386
	160	386
	161	386
	162	386
	163	386
	164	385
	164	384
	163	383
	162	383
	161	382
	161	381
	160	381
	159	380
	159	379
	158	379
	157	378
	157	377
	158	376
	159	376
	160	375
	161	375
	162	374
	163	374
	163	373
	164	373
	164	372
	163	371
	162	371
	161	371
	160	370
	159	370
	157	370
	156	370
	155	369
	154	369
.PEN_UP
.PEN_DOWN
	175	387
	175	388
	174	388
	174	387
	173	386
	172	386
	172	385
	171	384
	171	383
	171	382
	170	382
	170	381
	170	380
	170	379
	171	379
	171	378
	172	377
	173	377
	174	377
	175	377
	176	377
	177	377
	178	377
	180	378
	181	378
	182	378
	183	378
	184	378
.PEN_UP
.PEN_DOWN
	186	387
	185	386
	185	385
	184	384
	183	382
	182	381
	181	379
	181	378
	181	376
	180	375
	180	374
	180	373
	180	371
	180	370
.PEN_UP
.PEN_DOWN
	240	386
	241	386
	241	387
	240	387
	240	388
	239	388
	238	388
	237	389
	236	389
	235	389
	234	389
	232	389
	231	389
	230	389
	229	389
	229	388
	228	388
	227	388
	227	387
	226	387
	226	386
	226	385
	226	384
	227	384
	227	383
	228	383
	229	382
	230	382
	231	382
	232	381
	233	381
	233	380
	234	380
	235	380
	235	379
	235	378
	235	377
	234	376
	233	376
	233	375
	232	375
	231	375
	230	374
	229	374
	228	374
	227	374
	226	374
	225	374
	224	374
	223	374
	223	375
.PEN_UP
.PEN_DOWN
	255	388
	255	389
	253	388
	252	387
	251	385
	250	384
	250	383
	249	381
	249	380
	249	379
	249	378
	249	377
	250	375
	250	374
	251	374
	251	373
	252	373
	253	373
	254	373
	255	373
	256	373
	257	373
	257	374
	258	374
	258	375
	258	376
	258	377
	257	378
	256	378
	255	379
	253	379
	252	379
	250	379
	249	379
	248	379
	246	378
.PEN_UP
.PEN_DOWN
	266	387
	267	387
	269	387
	270	387
	271	387
	273	387
	274	387
	275	387
	277	387
	278	387
	279	387
	280	387
	280	386
	279	385
	279	384
	278	383
	277	381
	277	380
	277	379
	276	378
	276	377
	276	376
	275	376
	275	375
	275	374
	274	374
	274	373
	274	372
	273	371
.PEN_UP
.PEN_DOWN
	293	386
	294	386
	294	387
	293	387
	292	387
	292	386
	291	386
	291	385
	291	384
	291	383
	292	383
	293	383
	294	383
	295	383
	296	383
	297	383
	298	383
	299	383
	300	384
	300	385
	300	386
	300	387
	300	388
	300	389
	299	390
	298	390
	297	391
	296	391
	294	391
	293	391
	292	391
.PEN_UP
.PEN_DOWN
	292	379
	291	379
	290	379
	289	378
	288	377
	287	376
	287	375
	287	374
	288	373
	289	372
	290	372
	292	372
	293	372
	294	372
	295	372
	296	372
	297	372
	298	372
	299	372
	299	373
	299	374
	299	375
	299	376
	299	377
	298	378
	297	379
	296	379
	295	380
	294	380
	293	380
	292	380
.PEN_UP
.PEN_DOWN
	315	384
	316	385
	316	386
	316	387
	316	388
	316	389
	316	390
	315	391
	315	392
	314	392
	313	392
	312	392
	311	392
	310	392
	309	392
	308	391
	307	390
	307	389
	307	388
	308	387
	309	387
	310	386
	311	386
	312	386
	313	386
	315	387
	316	387
	317	387
	318	387
	318	386
	317	385
	317	384
	316	384
	314	382
	314	381
	314	380
	313	379
	312	378
	312	377
	312	376
	312	375
	313	375
.PEN_UP
.PEN_DOWN
	358	384
	358	385
	357	385
	356	385
	354	384
	353	384
	353	383
	351	382
	351	381
	349	381
	349	380
	349	379
	349	378
	349	377
	350	376
	351	375
	353	374
	355	374
	357	374
	358	374
	360	374
	362	374
	364	374
	365	375
	366	375
	366	376
	366	377
	366	378
	366	380
	365	381
	364	382
	363	383
	362	384
	360	384
	359	384
	357	384
	356	384
	355	384
.PEN_UP
.PEN_DOWN
	374	384
	375	384
	376	383
	377	383
	377	382
	377	381
	377	380
	376	379
	375	379
	375	377
	374	376
	373	375
	371	372
	371	371
	371	370
	371	369
.PEN_UP
.PEN_DOWN
	387	383
	388	382
	388	383
	389	383
	390	383
	391	383
	392	383
	393	383
	394	383
	395	383
	396	383
	397	383
	397	382
	397	381
	397	380
	396	380
	395	379
	394	379
	393	378
	392	377
	389	376
	388	376
	387	375
	386	375
	385	374
	385	373
	384	373
	384	372
	384	371
	385	370
	386	369
	387	369
	388	369
	389	368
	390	368
	392	368
	393	368
	394	368
	395	368
	396	368
.PEN_UP
.PEN_DOWN
	408	381
	409	381
	409	382
	409	383
	410	383
	411	383
	412	383
	413	383
	414	383
	415	383
	416	383
	416	382
	417	382
	417	381
	416	381
	416	380
	415	380
	414	379
	413	379
	412	379
	412	378
	411	378
	411	377
	410	377
	410	376
	410	375
	410	374
	410	373
	411	373
	412	372
	413	372
	414	372
	415	372
	416	371
	416	370
	415	370
	414	370
	414	369
	413	369
	412	369
	412	368
	411	368
	409	368
	409	367
	408	367
	407	367
	406	367
.PEN_UP
.PEN_DOWN
	430	387
	431	387
	431	388
	430	388
	429	387
	427	385
	426	384
	425	383
	425	382
	425	381
	425	380
	425	379
	425	378
	425	377
	426	376
	427	376
	428	376
	429	376
	430	376
	431	376
	433	375
	434	375
	435	375
	436	375
	437	375
	438	375
	438	376
.PEN_UP
.PEN_DOWN
	443	389
	443	388
	443	387
	442	386
	441	385
	440	384
	438	382
	437	381
	436	379
	434	376
	433	375
	433	374
	432	372
	432	371
	432	370
	432	369
.PEN_UP
.PEN_DOWN
	487	388
	488	389
	489	389
	489	390
	489	391
	488	391
	487	391
	486	391
	485	392
	484	392
	483	392
	482	392
	481	392
	480	392
	479	392
	478	392
	477	391
	477	390
	477	389
	477	388
	477	387
	477	386
	477	385
	478	385
	478	384
	479	384
	480	384
	481	384
	482	384
	483	384
	484	384
	484	383
	484	382
	484	381
	483	380
	482	380
	482	379
	481	379
	480	379
	479	378
	478	378
	477	378
	476	378
	475	377
	474	377
	473	377
	473	378
.PEN_UP
.PEN_DOWN
	500	387
	501	388
	501	389
	500	389
	499	388
	497	386
	497	385
	497	384
	496	384
	496	382
	496	381
	496	380
	496	379
	497	378
	497	377
	499	376
	500	376
	501	375
	503	375
	504	375
	505	376
	506	376
	506	377
	506	378
	506	380
	505	381
	504	382
	503	383
	501	383
	500	383
	499	382
	498	382
	497	381
.PEN_UP
.PEN_DOWN
	518	387
	519	387
	520	388
	521	388
	524	388
	525	388
	526	388
	528	388
	529	388
	530	387
	531	387
	532	387
	533	387
	533	386
	533	385
	533	384
	532	384
	532	383
	531	382
	530	380
	529	379
	528	377
	528	376
	527	375
	527	374
	526	373
	526	372
	526	371
.PEN_UP
.PEN_DOWN
	550	384
	549	384
	548	384
	546	384
	545	384
	545	383
	545	382
	546	382
	546	381
	547	381
	548	381
	550	380
	551	380
	552	380
	553	380
	554	380
	555	380
	556	381
	556	382
	557	382
	557	383
	557	384
	557	386
	557	387
	556	388
	555	389
	554	389
	553	389
	552	389
	551	389
	550	389
	548	389
.PEN_UP
.PEN_DOWN
	549	379
	548	378
	547	377
	547	376
	546	376
	546	375
	546	374
	547	374
	548	373
	549	372
	550	372
	551	372
	552	372
	553	372
	554	372
	555	372
	556	372
	557	373
	558	374
	559	375
	559	376
	558	378
	558	379
	557	379
	556	379
	555	380
	554	380
	553	380
	552	380
	550	380
	549	379
.PEN_UP
.PEN_DOWN
	575	384
	576	384
	576	385
	576	387
	575	387
	575	388
	574	388
	573	389
	572	389
	571	390
	569	390
	568	390
	567	390
	566	389
	565	389
	565	388
	565	387
	566	387
	567	386
	568	386
	570	385
	571	385
	572	385
	573	385
	574	385
	575	385
	576	385
	577	385
	578	385
	577	385
	576	385
	576	384
	575	384
	574	383
	573	381
	573	380
	572	379
	571	378
	571	376
	571	375
	571	374
	571	373
	572	373
	572	372
	573	372
.PEN_UP
