
.WRITER_ID BillRivard
.STYLE PRINTED
.PEN_DOWN
	69	390
	70	390
	69	391
	69	390
	70	389
	70	387
	70	386
	70	385
	70	384
	70	383
	70	382
	70	380
	70	379
	70	378
	70	376
	70	375
	70	374
	70	372
	70	371
	70	370
	70	369
	71	369
	71	370
.PEN_UP
.PEN_DOWN
	67	387
	67	388
	67	389
	68	389
	69	389
	70	389
	71	389
	72	389
	73	389
	74	389
	75	389
	76	389
	77	389
	78	389
	80	388
	81	388
	81	387
	82	387
	83	386
	84	385
	85	384
	85	383
	85	382
	84	381
	84	380
	84	379
	84	378
	83	377
	83	376
	82	376
	82	375
	81	375
	81	374
	80	373
	79	373
	78	372
	77	372
	76	371
	75	371
	74	371
	73	371
	72	371
.PEN_UP
.PEN_DOWN
	99	386
	99	385
	99	384
	99	383
	99	382
	99	381
	99	379
	99	378
	99	377
	99	376
	98	375
	98	374
	98	373
	98	372
	98	373
.PEN_UP
.PEN_DOWN
	92	386
	93	386
	93	385
	94	385
	95	386
	97	386
	98	386
	99	386
	100	387
	101	387
	102	387
	103	387
	104	388
.PEN_UP
.PEN_DOWN
	95	370
	96	370
	97	370
	98	370
	99	370
	100	370
	101	370
	102	370
	103	370
	104	370
	105	370
.PEN_UP
.PEN_DOWN
	109	387
	110	387
	110	388
	111	388
	111	389
	112	389
	113	389
	114	389
	115	389
	116	389
	117	389
	118	389
	118	388
	118	387
	118	386
	118	385
	117	385
	117	383
	116	382
	116	381
	115	381
	115	380
	114	379
	114	378
	114	377
	114	376
	114	375
	114	374
	114	373
	115	373
	115	372
	116	372
	117	372
	118	372
	120	372
	121	372
	122	372
	122	373
.PEN_UP
.PEN_DOWN
	110	381
	111	380
	112	380
	113	380
	114	380
	115	380
	116	380
	117	380
	118	379
.PEN_UP
.PEN_DOWN
	125	393
	126	393
	127	393
	128	393
	129	393
	130	393
	131	393
	132	393
	133	393
	133	392
	133	391
	133	390
	132	389
	132	387
	131	386
	131	385
	130	384
	130	383
	129	383
	129	382
	129	381
	129	380
	129	379
	130	377
	131	376
	132	375
	133	375
	133	374
	134	374
	135	374
	136	373
	137	373
.PEN_UP
.PEN_DOWN
	126	382
	127	382
	127	381
	128	381
	129	381
	130	381
	131	381
	132	381
	133	382
	134	382
	135	382
	136	382
	137	382
.PEN_UP
.PEN_DOWN
	145	391
	145	390
	145	389
	145	387
	146	386
	146	385
	147	385
	148	384
	149	384
	150	384
	151	384
	153	385
	154	385
	154	386
	155	387
	156	387
	157	388
	157	389
	158	390
	158	391
	159	391
	159	392
	159	393
	159	395
	159	396
	159	397
	159	398
.PEN_UP
.PEN_DOWN
	154	383
	154	382
	155	382
	155	381
	155	380
	155	379
	155	378
	155	377
	155	376
	154	375
	154	374
	154	373
	154	372
	154	371
	155	371
	155	370
	155	369
.PEN_UP
.PEN_DOWN
	184	392
	185	392
	185	391
	185	390
	186	389
	186	388
	187	387
	187	386
	187	385
	187	383
	187	382
	187	381
	188	380
	188	379
	188	378
	188	377
	188	376
.PEN_UP
.PEN_DOWN
	197	393
	197	392
	196	392
	196	391
	195	391
	194	390
	193	390
	191	389
	190	388
	189	387
	188	386
	187	386
	187	385
	188	385
	189	385
	190	384
	191	384
	191	383
	192	383
	194	382
	195	381
	196	380
	197	379
	197	378
	198	378
	198	377
	199	377
.PEN_UP
.PEN_DOWN
	206	396
	205	395
	205	394
	205	393
	205	392
	205	391
	204	390
	204	389
	204	388
	204	387
	204	386
	204	385
	204	384
	204	383
	204	382
	204	381
	205	380
	205	379
	206	379
	207	379
	208	379
	209	379
	210	379
	210	380
	211	380
	212	380
	213	380
	214	380
	215	380
.PEN_UP
.PEN_DOWN
	218	392
	218	393
	218	392
	217	391
	217	390
	217	389
	217	388
	217	387
	217	386
	217	385
	217	384
	217	383
	218	383
	218	382
	218	381
	219	381
	219	380
	219	379
	220	379
	220	378
	221	378
	221	377
	222	377
	222	378
	223	378
	224	379
	225	380
	226	381
	227	382
	227	383
	228	384
	228	385
	229	386
	229	387
	229	388
	229	389
	229	390
	229	391
	229	392
	229	393
	229	394
	229	395
	229	394
	229	393
	230	392
	230	391
	230	390
	231	389
	231	388
	231	387
	232	385
	232	384
	233	382
	233	381
	234	380
	234	379
	235	379
.PEN_UP
.PEN_DOWN
	242	380
	242	381
	242	382
	242	383
	242	384
	242	385
	242	386
	242	387
	242	388
	242	390
	243	391
	243	393
	243	394
	244	395
	244	396
	244	395
	245	395
	245	394
	245	393
	245	392
	246	391
	246	390
	246	389
	247	387
	247	386
	247	385
	248	385
	248	384
	248	383
	249	382
	250	382
	251	382
	252	382
	253	382
	253	383
	254	384
	254	385
	255	386
	255	387
	255	388
	255	389
	255	390
	255	392
	255	393
	255	394
	255	395
	255	396
	255	397
.PEN_UP
.PEN_DOWN
	261	394
	262	394
	262	393
	262	392
	262	391
	262	389
	262	388
	262	387
	262	386
	262	385
	262	384
	261	383
	261	382
	261	381
	261	380
	261	379
	261	378
	262	378
.PEN_UP
.PEN_DOWN
	271	393
	272	393
	271	393
	270	392
	269	392
	268	391
	267	391
	266	390
	264	389
	263	388
	263	387
	264	386
	266	386
	266	385
	267	385
	268	385
	269	385
	269	384
	270	384
	271	384
	272	384
	273	383
.PEN_UP
.PEN_DOWN
	280	393
	279	392
	279	391
	278	390
	278	389
	278	388
	278	387
	278	386
	278	385
	278	384
	278	383
	279	382
	279	381
	280	381
	280	380
	281	379
	282	379
	283	379
	284	379
	285	379
	286	379
	287	379
.PEN_UP
.PEN_DOWN
	281	389
	281	388
	282	388
	283	388
	283	387
	284	387
	285	387
	286	387
	287	387
	288	387
	289	387
	290	387
	291	387
	292	387
.PEN_UP
.PEN_DOWN
	280	396
	281	396
	282	396
	283	396
	284	396
	285	396
	286	396
	287	396
	288	396
	290	396
	291	396
	293	396
	294	396
.PEN_UP
.PEN_DOWN
	300	398
	300	397
	300	396
	300	395
	300	394
	300	393
	300	391
	300	390
	300	389
	300	388
	300	386
	300	385
	300	384
	300	383
.PEN_UP
.PEN_DOWN
	300	395
	300	396
	300	397
	301	397
	301	398
	302	399
	303	399
	304	399
	304	400
	305	400
	306	400
	307	400
	308	400
	309	400
	310	400
	311	400
	312	399
	311	398
	311	397
	310	397
	309	396
	308	395
	307	395
	306	394
	305	394
	304	394
	303	394
	303	393
	303	392
	304	392
	304	391
	305	390
	306	389
	306	388
	308	387
	308	386
	309	386
	309	385
	310	385
	310	384
	311	384
	311	383
	312	382
.PEN_UP
.PEN_DOWN
	324	398
	323	398
	322	398
	321	398
	321	397
	320	397
	319	397
	319	396
	318	396
	318	395
	317	395
	317	394
	317	393
	317	392
	317	391
	318	391
	318	390
	319	390
	320	390
	321	390
	322	390
	323	390
	324	389
	325	389
	326	388
	326	387
	327	387
	327	386
	328	386
	328	385
	328	384
	328	383
	327	383
	327	382
	326	382
	326	381
	325	381
	324	381
	323	381
	321	381
	320	381
	319	381
	318	381
	317	381
.PEN_UP
.PEN_DOWN
	352	394
	352	395
	353	395
	354	395
	356	395
	357	395
	358	395
	359	395
	360	395
	361	395
	362	395
	364	395
	365	395
	366	394
	366	393
	366	392
	365	391
	364	390
	363	389
	362	388
	361	387
	360	385
	359	384
	359	383
	358	381
	357	379
	357	378
	357	377
	357	376
	357	375
	358	375
	358	374
	359	373
	360	373
	360	372
	362	372
	363	372
	364	372
	365	372
	366	372
	368	372
	369	372
	370	373
.PEN_UP
.PEN_DOWN
	353	384
	354	384
	354	383
	355	383
	356	383
	357	383
	358	383
	359	383
	360	383
	361	383
	363	383
	364	383
	366	383
	367	383
	368	383
.PEN_UP
.PEN_DOWN
	385	392
	386	392
	386	391
	386	390
	386	389
	386	388
	387	387
	387	386
	387	385
	387	384
	387	383
	387	382
	387	381
	387	380
	387	379
	387	378
	387	377
.PEN_UP
.PEN_DOWN
	380	393
	380	392
	381	392
	382	392
	383	392
	384	392
	385	392
	386	392
	388	392
	389	392
	390	392
	391	392
	392	392
	393	392
.PEN_UP
.PEN_DOWN
	377	374
	378	374
	378	373
	379	373
	380	373
	381	373
	382	373
	383	373
	384	373
	385	373
	386	373
	387	373
	388	373
	389	373
	390	374
	391	374
	392	374
	393	374
	394	374
.PEN_UP
.PEN_DOWN
	411	394
	411	395
	410	395
	409	395
	408	394
	407	394
	406	394
	406	393
	405	392
	404	391
	404	390
	403	389
	403	388
	402	387
	402	385
	402	383
	402	382
	402	381
	403	380
	403	379
	404	378
	405	377
	406	377
	407	376
	408	376
	409	376
	410	376
	411	376
	412	376
	413	376
	414	377
	415	377
	416	377
	416	378
	417	378
.PEN_UP
.PEN_DOWN
	408	385
	409	385
	409	386
	410	386
	411	387
	412	387
	413	387
	414	388
	415	388
	416	388
	417	388
	418	388
	418	387
	418	386
	418	385
	418	384
	418	383
	417	382
	417	381
	417	380
	417	378
	417	377
	417	376
	417	375
	418	375
	418	374
.PEN_UP
.PEN_DOWN
	428	395
	429	395
	429	396
	428	396
	428	397
	429	397
	430	397
	431	397
	432	397
	433	397
	434	397
	435	397
	436	397
	436	396
	437	396
	438	396
	438	395
	438	394
	438	393
	437	392
	437	391
	436	390
	436	389
	434	387
	433	386
	433	384
	432	383
	432	382
	431	381
	431	379
	431	378
	431	377
	431	376
	432	375
	433	375
	435	375
	436	375
	437	375
	438	375
	439	375
	440	375
	441	375
	442	376
	443	376
	444	376
.PEN_UP
.PEN_DOWN
	427	386
	428	386
	429	385
	430	385
	431	385
	432	385
	433	385
	433	386
	434	386
	435	386
	436	386
	437	386
	438	386
.PEN_UP
.PEN_DOWN
	450	378
	450	379
	450	380
	449	381
	449	382
	449	383
	449	384
	449	385
	449	386
	449	387
	449	388
	450	390
	450	391
	451	393
	451	394
	452	394
	452	395
	453	396
	454	397
	455	397
	456	397
	457	397
	457	396
	458	396
	458	395
	458	394
	458	393
	459	392
	459	391
	459	390
	459	389
	459	388
	459	387
	459	386
	459	385
	459	384
	459	383
	460	381
	460	380
	460	379
	461	379
.PEN_UP
.PEN_DOWN
	450	387
	450	386
	451	386
	452	386
	452	387
	453	387
	454	387
	455	387
	456	387
	457	387
	458	387
	459	387
	460	387
.PEN_UP
.PEN_DOWN
	475	396
	475	397
	474	397
	473	396
	472	396
	471	394
	470	393
	470	392
	469	391
	469	390
	469	389
	469	388
	469	387
	469	386
	470	385
	470	384
	471	382
	471	381
	472	381
	472	380
	473	380
	474	380
	474	379
	475	379
	476	379
	477	379
	478	380
	479	380
.PEN_UP
.PEN_DOWN
	474	387
	475	387
	476	387
	478	388
	479	388
	480	389
	482	390
	483	390
	484	391
	485	391
	486	391
	487	391
	488	391
	488	390
	488	389
	488	388
	488	387
	488	386
	488	385
	488	384
	488	383
	488	382
	488	381
.PEN_UP
.PEN_DOWN
	501	398
	501	397
	501	396
	500	396
	499	394
	498	394
	498	393
	497	392
	496	391
	495	390
	495	389
	494	388
	494	387
	494	386
	494	385
	494	383
	494	382
	495	381
	496	380
	497	380
	498	380
	499	379
	500	379
	501	379
	503	379
	504	379
	505	379
	506	379
.PEN_UP
.PEN_DOWN
	501	387
	501	386
	502	386
	503	387
	504	387
	505	387
	505	388
	506	388
	507	389
	509	390
	510	390
	511	390
	512	389
	512	388
	511	386
	511	385
	511	384
	511	383
	511	382
	511	381
	511	380
.PEN_UP
.PEN_DOWN
	524	397
	525	397
	525	398
	524	398
	524	397
	524	396
	524	395
	524	394
	524	393
	524	392
	524	390
	524	389
	524	388
	524	387
	524	386
	524	385
	525	385
	525	384
	526	383
	527	383
	527	382
	528	382
	529	382
	530	382
	531	382
	532	382
	533	382
.PEN_UP
.PEN_DOWN
	526	391
	527	391
	527	390
	528	390
	529	390
	530	390
	531	390
	532	390
	533	390
	534	390
	535	390
.PEN_UP
.PEN_DOWN
	528	399
	529	399
	530	399
	531	399
	532	399
.PEN_UP
.PEN_DOWN
	545	402
	545	401
	545	400
	545	399
	545	398
	545	397
	545	396
	545	395
	545	394
	545	393
	545	392
	545	391
	545	390
	545	389
	545	387
	544	386
.PEN_UP
.PEN_DOWN
	540	400
	541	400
	542	399
	543	399
	544	399
	545	399
	546	399
	548	399
	549	398
	551	397
	552	396
	553	395
	554	394
	555	394
	555	393
	555	392
	555	391
	555	390
	554	389
	553	389
	552	388
	551	387
	550	387
	549	386
	548	386
	546	385
	545	385
	545	384
	543	383
	542	383
.PEN_UP
.PEN_DOWN
	564	398
	564	399
	564	400
	565	400
	565	399
	566	399
	566	398
.PEN_UP
.PEN_DOWN
	568	382
	568	381
	568	380
	567	379
	567	378
	566	377
	566	376
.PEN_UP
.PEN_DOWN
	585	410
	586	410
	587	409
	588	408
	588	407
	587	407
	587	406
	586	405
	586	404
	586	403
	586	402
	586	401
	586	400
	586	399
	586	398
	585	398
	584	398
	583	398
	582	398
	581	398
	580	398
	579	398
	579	397
	578	397
	578	396
	577	396
	577	395
	578	394
	579	394
	580	394
	582	394
	583	394
	584	394
	584	395
	583	395
	582	394
	581	394
	580	394
	580	393
	579	392
	579	391
	578	390
	578	389
	578	388
	579	386
	580	386
	580	385
	581	385
	581	384
	582	384
	583	384
	583	383
	583	382
	582	382
	582	381
	582	380
	582	379
	581	378
	581	377
	581	376
	581	375
	581	374
	581	373
	581	372
	582	372
.PEN_UP
.PEN_DOWN
	603	395
	604	395
	605	395
	605	396
	605	395
	605	394
	605	393
	605	392
	605	391
	605	390
	605	389
	605	388
	605	387
	606	386
	606	385
	606	384
	606	383
	606	382
	607	382
	607	381
	608	382
	608	383
	609	383
	609	384
	610	384
	610	385
	610	386
	610	387
	610	388
	611	389
	611	390
	611	389
	611	388
	611	387
	611	386
	611	385
	611	384
	611	383
	611	382
	611	380
	612	380
	612	379
	612	378
	612	377
	613	377
	614	377
	615	377
	616	378
	616	379
	617	380
	617	381
	618	382
	618	383
	618	384
	619	385
	619	387
	619	388
	619	390
	619	391
	619	393
	619	394
	618	394
	618	395
	619	395
	619	394
.PEN_UP
.PEN_DOWN
	626	376
	626	377
	626	378
	626	379
	625	380
	625	381
	625	382
	625	383
	625	384
	625	385
	625	386
	625	387
	626	390
	626	391
	626	392
	627	393
	627	394
	628	395
	628	396
	629	396
	630	396
	631	396
	631	395
	632	395
	632	394
	633	394
	633	393
	633	391
	633	390
	634	389
	634	388
	634	387
	634	386
	634	385
	634	384
	635	383
	635	381
	635	380
	635	379
	635	378
	635	377
.PEN_UP
.PEN_DOWN
	626	388
	627	387
	628	387
	629	387
	630	387
	631	387
	632	387
	633	387
	634	387
	635	387
.PEN_UP
.PEN_DOWN
	643	396
	644	395
	643	394
	643	393
	643	392
	643	391
	642	390
	642	389
	642	388
	642	387
	642	386
	642	385
	642	384
	642	383
	642	382
	643	381
	643	380
	644	379
	645	379
	646	379
	646	380
	646	381
	647	382
	647	383
	647	384
	647	385
	647	386
	647	388
	647	390
	647	391
	647	392
	647	393
.PEN_UP
.PEN_DOWN
	657	395
	657	394
	657	393
	657	392
	657	391
	656	391
	656	390
	656	389
	656	388
	656	387
	656	386
	656	385
	656	384
	656	383
	656	382
	656	381
	657	380
	658	379
	659	378
	660	378
	661	378
.PEN_UP
.PEN_DOWN
	658	387
	659	386
	660	386
	661	385
	662	385
	663	385
	664	385
.PEN_UP
.PEN_DOWN
	657	395
	659	395
	660	394
	661	394
	662	394
	663	394
.PEN_UP
.PEN_DOWN
	670	397
	670	396
	670	395
	670	394
	670	393
	670	392
	670	391
	670	390
	670	389
	670	388
	670	386
	670	385
	670	384
	670	383
	670	382
.PEN_UP
.PEN_DOWN
	669	397
	670	397
	670	396
	671	396
	672	396
	673	395
	674	395
	675	394
	676	393
	677	392
	678	392
	678	391
	679	390
	679	389
	680	389
	680	387
	681	387
	681	386
	681	385
	680	384
	680	383
	679	383
	678	382
	677	381
	676	381
	675	381
	674	381
	673	380
	672	380
	670	380
	669	380
.PEN_UP
.PEN_DOWN
	693	394
	693	395
	694	395
	694	396
	695	396
.PEN_UP
.PEN_DOWN
	696	382
	697	381
	697	380
	697	379
	697	378
	696	377
	696	376
	695	376
	695	375
	694	375
.PEN_UP
.PEN_DOWN
	711	407
	712	407
	712	406
	712	405
	712	404
	712	403
	711	403
	711	402
	711	401
	711	400
	711	399
	711	398
	712	397
	712	396
	712	395
	711	395
	710	395
	709	395
	708	395
	708	394
	707	394
	706	394
	706	393
	706	392
	706	391
	707	390
	708	390
	709	389
	710	388
	711	388
	712	388
	712	387
	712	386
	711	386
	710	385
	709	384
	709	383
	709	382
	709	381
	709	380
	710	380
	710	379
	710	378
	710	377
	710	376
	710	375
	710	374
	710	373
	710	372
	710	371
	710	370
.PEN_UP
.PEN_DOWN
	728	395
	728	394
	728	393
	728	392
	728	391
	728	390
	728	389
	728	388
	728	386
	728	385
	729	384
	729	383
	730	383
	731	383
	732	383
	733	384
	734	384
	734	385
	735	385
	735	386
	736	387
	736	388
	736	389
	736	390
	737	390
	737	391
	737	392
	737	393
	737	394
	738	394
	738	393
	738	392
	738	391
	738	390
	738	389
	739	388
	739	387
	740	387
	740	386
	741	385
	741	384
	742	384
	742	383
	743	383
	744	383
	745	383
	745	384
	746	384
	746	385
	746	386
	746	387
	747	389
	747	390
	747	392
	748	393
	748	394
	748	396
	748	397
	748	398
	748	399
	747	399
.PEN_UP
.PEN_DOWN
	753	380
	754	380
	754	381
	754	382
	754	383
	754	384
	754	385
	754	386
	754	387
	754	388
	754	389
	754	390
	754	391
	754	392
	754	394
	755	396
	755	397
	755	398
	756	398
	757	399
	758	398
	759	398
	759	397
	760	397
	760	396
	760	395
	761	394
	762	394
	762	393
	762	392
	762	391
	763	390
	763	389
	763	388
	763	387
	763	386
	764	386
	764	385
	764	384
	764	383
	764	381
	765	381
.PEN_UP
.PEN_DOWN
	755	390
	756	390
	757	390
	758	389
	759	389
	760	388
	761	388
	762	388
	763	388
.PEN_UP
.PEN_DOWN
	769	399
	770	399
	770	398
	770	397
	771	396
	771	395
	772	394
	772	393
	774	391
	774	390
	775	389
	775	388
	775	387
	776	387
	776	386
	776	385
.PEN_UP
.PEN_DOWN
	781	399
	780	399
	779	398
	778	398
	778	397
	777	397
	777	396
	776	395
	775	395
	775	394
	774	394
	773	392
	772	391
	771	390
	771	389
	770	388
	770	387
	770	386
.PEN_UP
.PEN_DOWN
	788	398
	788	397
	788	396
	788	395
	787	394
	787	393
	787	392
	786	391
	786	390
	785	388
	785	387
	785	386
	785	385
	785	384
	785	383
	785	382
	785	381
	786	381
	787	381
	788	381
	789	381
.PEN_UP
.PEN_DOWN
	788	390
	789	390
	790	389
.PEN_UP
.PEN_DOWN
	789	396
	790	396
	791	396
	792	396
	793	396
.PEN_UP
.PEN_DOWN
	803	399
	802	398
	802	397
	802	396
	802	395
	801	395
	801	394
	801	393
	800	392
	800	391
	800	390
	800	389
	800	388
	799	387
	799	386
.PEN_UP
.PEN_DOWN
	799	402
	799	401
	800	401
	801	401
	802	400
	803	400
	804	399
	805	398
	806	398
	806	397
	807	396
	808	395
	808	394
	809	393
	809	392
	809	391
	810	390
	810	389
	810	387
	810	386
	809	385
	809	384
	808	383
	807	382
	806	382
	805	381
	804	381
	803	381
	802	381
	801	381
	800	381
	799	381
	798	381
	797	381
	797	382
.PEN_UP
.PEN_DOWN
	823	406
	824	407
	824	408
	824	407
	824	406
	824	405
	824	404
	824	403
	823	401
	823	400
	823	399
	823	398
	822	397
	822	396
	822	395
	822	394
	822	393
.PEN_UP
.PEN_DOWN
	819	381
	820	381
	819	381
	820	381
	820	380
.PEN_UP
