
.WRITER_ID BobStrong
.STYLE PRINTED
.PEN_DOWN
	109	381
	109	382
	109	383
	108	383
	108	382
	107	382
	107	381
	106	380
	105	379
	105	378
	104	377
	104	376
	103	375
	102	373
	102	372
	102	371
	102	370
	102	369
	102	368
	103	368
	104	368
	106	368
	108	369
	109	369
	111	369
	112	370
	113	370
	114	370
	115	370
	116	370
.PEN_UP
.PEN_DOWN
	128	379
	127	379
	127	378
	126	377
	125	376
	125	375
	125	374
	125	373
	124	372
	124	371
	124	370
	124	369
	123	368
	123	367
	124	367
	124	368
	125	368
	125	369
	125	370
	126	371
	126	372
	126	373
	127	374
	127	375
	128	376
	129	378
	130	380
	131	381
	132	382
	133	383
	134	383
	134	384
	134	383
	134	382
	134	381
	134	380
	134	379
	134	377
	134	376
	134	375
	134	374
	134	373
	134	372
	134	370
	134	369
	135	368
	136	368
.PEN_UP
.PEN_DOWN
	127	373
	129	374
	130	375
	131	375
	132	376
	133	376
	134	376
	135	376
	136	376
	137	376
.PEN_UP
.PEN_DOWN
	154	383
	153	383
	152	383
	150	382
	149	381
	149	380
	148	379
	148	378
	148	377
	147	376
	147	375
	147	374
	147	373
	147	371
	148	371
	148	370
.PEN_UP
.PEN_DOWN
	150	385
	151	385
	151	386
	152	386
	153	386
	155	386
	157	385
	158	385
	159	385
	160	384
	161	384
	161	383
	161	382
	160	381
	159	380
	158	380
	157	379
	156	379
	155	379
	154	378
	153	378
	151	378
	151	377
	150	377
	150	376
	151	375
	152	375
	154	375
	155	375
	156	375
	157	375
	160	375
	161	375
	162	375
	163	375
	164	375
	164	374
	164	373
	162	373
	162	372
	161	372
	160	372
	159	371
	158	371
	157	370
	156	370
	155	370
	155	369
	154	369
	153	369
	152	369
	151	369
.PEN_UP
.PEN_DOWN
	181	380
	180	380
	179	379
	178	378
	178	376
	178	375
	177	375
	177	374
	177	373
	177	372
	177	371
	177	370
.PEN_UP
.PEN_DOWN
	180	383
	181	383
	181	384
	182	384
	183	384
	184	384
	185	384
	186	384
	187	384
	188	383
	189	383
.PEN_UP
.PEN_DOWN
	176	377
	177	377
	177	376
	178	376
	179	376
	181	376
	182	376
	183	376
	184	376
	185	376
	186	376
	187	376
	188	376
.PEN_UP
.PEN_DOWN
	174	369
	175	369
	176	369
	177	369
	178	370
	179	370
	180	370
	181	370
	182	370
	183	370
	184	370
	185	370
	187	370
	188	370
.PEN_UP
.PEN_DOWN
	209	385
	209	384
	208	384
	207	384
	207	383
	206	382
	205	380
	205	379
	204	379
	204	378
	204	377
	204	376
	203	375
	203	374
	202	373
	202	372
	203	372
	204	372
	205	372
	206	372
	207	372
	208	372
	210	373
	211	373
	212	373
	213	373
	214	373
	215	373
	216	372
.PEN_UP
.PEN_DOWN
	230	382
	230	381
	229	381
	229	380
	228	379
	228	377
	227	376
	227	375
	227	374
	226	373
	226	372
	226	371
	226	370
.PEN_UP
.PEN_DOWN
	230	383
	231	383
	232	384
	233	384
	234	385
	235	385
	236	385
	237	386
	238	386
	239	386
	240	386
	241	385
.PEN_UP
.PEN_DOWN
	232	379
	232	378
	233	378
	234	378
	235	378
	236	378
	237	378
	238	378
.PEN_UP
.PEN_DOWN
	222	373
	223	372
	224	372
	224	371
	225	371
	226	371
	227	371
	228	371
	228	372
	229	372
	231	372
	232	372
	233	372
	234	372
	235	372
	236	372
	237	372
	237	371
.PEN_UP
.PEN_DOWN
	257	383
	257	382
	257	381
	256	380
	256	379
	255	378
	255	377
	255	376
	254	375
	253	374
	253	373
	253	372
	253	371
.PEN_UP
.PEN_DOWN
	255	385
	256	385
	257	385
	258	385
	259	386
	260	386
	261	386
	262	386
	263	386
	264	386
	265	385
	266	384
	267	383
	268	383
	268	382
	268	381
	268	380
	267	379
	267	378
	267	377
	266	376
	266	375
	266	374
	265	373
	264	373
	264	372
	263	372
	262	372
	261	372
	260	372
	260	373
	258	373
	257	373
	256	373
.PEN_UP
.PEN_DOWN
	324	379
	323	379
	322	379
	322	378
	322	377
	322	376
	322	375
	321	374
	321	373
	321	372
	321	371
	321	370
.PEN_UP
.PEN_DOWN
	323	381
	324	381
	324	382
	325	382
	326	382
	327	383
	328	383
	329	383
	330	384
	332	384
	333	384
	334	383
	334	382
	334	381
	333	380
	332	379
	331	379
	330	378
	329	378
	328	377
	327	377
	326	376
	325	376
	326	376
	328	376
	329	376
	330	376
	331	376
	334	375
	335	375
	336	375
	337	375
	337	374
	337	373
	336	373
	334	372
	333	371
	332	371
	331	371
	330	370
	329	370
	328	370
	327	370
	326	370
	325	369
	323	369
	322	369
.PEN_UP
.PEN_DOWN
	348	381
	349	381
	349	380
	348	380
	348	379
	347	379
	347	378
	346	377
	346	376
	346	375
	346	374
	346	373
	346	372
	346	371
	347	371
.PEN_UP
.PEN_DOWN
	348	384
	349	384
	350	384
	351	385
	352	385
	353	386
	354	386
	356	386
	357	386
	359	386
	360	386
	361	386
	361	385
.PEN_UP
.PEN_DOWN
	346	378
	347	377
	348	376
	349	376
	351	377
	352	377
	353	377
	354	377
	356	377
	357	377
	358	377
	359	377
.PEN_UP
.PEN_DOWN
	345	372
	346	371
	347	370
	348	370
	349	370
	351	371
	353	371
	355	371
	356	371
	357	371
	358	371
	359	371
	360	371
	361	371
.PEN_UP
.PEN_DOWN
	376	380
	376	379
	375	379
	374	378
	373	377
	373	375
	372	375
	372	374
	371	373
	371	372
	370	372
	370	371
	370	370
	369	370
	370	370
	371	370
	371	371
	372	371
	373	372
	374	374
	374	375
	375	375
	375	376
	375	377
	376	379
	377	379
	377	381
	377	382
	378	382
	378	383
	379	383
	379	382
	379	381
	379	380
	379	379
	379	378
	379	377
	380	375
	380	374
	380	373
	380	372
	381	372
	382	372
	383	372
	384	372
	385	373
	386	374
	387	375
	388	376
	388	377
	388	378
	389	379
	390	381
	390	382
	390	383
	390	384
	391	384
	391	385
.PEN_UP
.PEN_DOWN
	400	383
	400	382
	400	383
	401	383
	402	383
	403	383
	404	383
	405	383
	406	383
	406	382
	407	382
	408	382
	408	381
	408	380
	407	380
	407	379
	406	379
	405	378
	404	377
	403	376
	403	375
	401	375
	400	374
	399	373
	398	372
	397	371
	397	370
	398	370
	399	370
	400	370
	401	370
	402	370
	403	370
	404	370
	405	370
	406	370
	407	370
	408	370
	409	370
.PEN_UP
.PEN_DOWN
	421	379
	421	380
	420	380
	419	380
	418	380
	417	379
	416	379
	415	378
	415	377
	415	376
	415	375
	415	374
	415	373
	416	372
	417	372
	418	371
	419	371
	420	371
	423	370
	424	370
	425	370
	425	371
	426	371
	427	372
	427	373
	427	374
	427	375
	427	376
	427	378
	427	379
	426	379
	426	380
	425	380
	424	381
	423	381
	422	381
.PEN_UP
.PEN_DOWN
	438	379
	439	378
	439	377
	438	377
	438	376
	437	376
	437	375
	436	374
	436	373
	435	372
	435	371
	435	370
	434	370
	434	369
	434	368
	435	367
.PEN_UP
.PEN_DOWN
	452	380
	452	379
	452	378
	452	377
	452	376
	452	374
	451	373
	451	372
	450	371
	450	370
	450	369
	449	368
	449	367
	449	368
	450	368
	450	369
	451	370
	451	371
	452	372
	453	374
	453	375
	454	376
	454	377
	454	378
	455	379
	455	380
	456	380
	456	379
	456	378
	456	377
	456	376
	456	375
	456	374
	457	374
	457	373
	458	372
	459	372
	459	371
	460	371
	461	371
	461	372
	462	372
	463	372
	463	373
	464	374
	465	375
	465	376
	466	377
	466	378
	467	379
	467	380
	468	381
	468	382
	469	384
	470	385
	470	386
	471	388
	472	389
	472	390
.PEN_UP
