
.WRITER_ID BillRivard
.STYLE PRINTED
.PEN_DOWN
	78	397
	78	396
	78	395
	78	394
	78	393
	77	392
	77	390
	77	389
	77	388
	77	387
	77	386
	77	385
	77	384
	76	384
	76	383
	76	381
	77	380
	77	379
	77	378
	78	377
	79	376
	80	376
	81	376
	82	376
	83	376
	84	376
.PEN_UP
.PEN_DOWN
	71	386
	71	385
	72	385
	73	385
	74	385
	75	385
	76	386
	77	386
	78	386
	79	386
	81	387
	82	387
	83	387
	84	387
	85	387
	86	387
.PEN_UP
.PEN_DOWN
	91	386
	90	386
	90	385
	89	385
	89	384
	89	383
	88	383
	88	382
	88	381
	88	380
	88	379
	89	379
	89	378
	90	378
	91	378
	92	378
	93	378
	94	378
	95	378
	95	379
	96	379
	96	380
	96	381
	96	382
	96	383
	96	384
	95	384
	95	385
	94	385
	93	385
.PEN_UP
.PEN_DOWN
	121	385
	120	386
	119	386
	118	386
	117	386
	116	386
	116	385
	115	385
	115	384
	115	383
	115	382
	115	381
	115	380
	115	379
	116	378
	117	377
	117	376
	118	376
	119	376
	120	376
	121	376
	122	377
	122	378
	122	379
	123	379
	123	380
	123	381
	123	382
	123	383
	123	384
	123	385
	124	385
	125	385
	125	384
	125	383
	125	382
	126	382
	126	381
	126	380
	127	379
	127	378
	128	378
	128	377
	129	377
.PEN_UP
.PEN_DOWN
	134	387
	135	387
	135	386
	135	385
	135	384
	135	383
	135	382
	136	381
	136	380
	136	379
	136	378
	137	378
	137	377
	136	377
	136	378
	136	379
	136	380
	136	381
	136	382
	136	384
	136	385
	136	386
	137	386
	137	387
	138	387
	139	387
	140	387
	141	387
	142	387
	143	387
	143	386
.PEN_UP
.PEN_DOWN
	147	387
	148	386
	148	385
	149	384
	149	383
	149	382
	149	381
	150	381
	150	380
	150	379
	151	379
	151	378
	151	377
	151	378
	151	379
	151	380
	151	381
	151	382
	151	383
	151	384
	151	385
	151	386
	151	387
	152	387
	153	388
	154	388
	155	388
	156	388
	157	388
	158	387
	159	387
	160	387
	161	387
.PEN_UP
.PEN_DOWN
	168	387
	167	387
	166	387
	165	387
	165	386
	164	386
	163	385
	163	384
	163	383
	163	382
	163	381
	163	380
	164	380
	164	379
	165	379
	166	379
	167	379
	168	380
	169	381
	170	381
	170	382
	171	383
	171	384
	171	385
	172	386
	172	387
	172	388
	172	387
	173	386
	173	385
	173	384
	174	383
	174	382
	174	381
	175	380
	175	379
	175	378
.PEN_UP
.PEN_DOWN
	181	386
	181	385
	182	385
	182	384
	182	383
	182	382
	182	381
	182	380
	182	379
	182	378
	183	378
	183	379
	183	380
	184	381
	184	382
	184	383
	185	383
	185	385
	186	386
	186	387
	187	387
	187	388
	188	388
	189	388
	190	388
	190	387
	191	386
	191	385
	191	384
	192	383
	192	382
	192	381
	192	380
	193	380
	193	379
	193	378
.PEN_UP
.PEN_DOWN
	204	386
	205	387
	205	388
	204	389
	204	390
	203	390
	202	390
	201	389
	200	389
	200	388
	199	388
	199	387
	199	386
	198	385
	198	384
	198	383
	198	382
	198	381
	199	381
	199	380
	200	380
	200	379
	201	379
	202	379
	202	380
	203	380
	203	381
	204	381
	204	382
	205	383
	205	384
	206	385
	206	386
	206	387
	207	387
	207	388
	207	389
	207	388
	207	387
	207	386
	206	385
	206	384
	206	383
	206	381
	206	379
	206	378
	206	376
	206	375
	206	374
	206	372
	206	371
	206	370
	206	369
	207	368
	207	367
	207	366
	208	364
	208	363
	208	362
	207	361
	206	361
	205	361
	205	362
	204	362
	204	363
	203	364
	203	365
	203	366
	203	367
	204	368
	204	369
	204	370
	205	371
	206	371
	206	372
	207	372
	208	373
	209	373
	209	374
	211	374
	212	374
	213	374
	214	374
	215	374
.PEN_UP
.PEN_DOWN
	218	384
	219	384
	220	384
	221	384
	222	384
	222	385
	223	385
	223	386
	224	386
	224	387
	224	388
	223	388
	223	389
	223	390
	222	390
	221	390
	220	390
	219	390
	218	390
	218	389
	217	389
	217	388
	216	388
	216	384
	216	383
	216	382
	216	381
	216	380
	217	379
	218	378
	219	378
	219	377
	220	377
	221	377
	222	377
	223	377
	224	377
.PEN_UP
.PEN_DOWN
	259	403
	260	403
	259	403
	258	403
	258	402
	257	401
	257	400
	256	399
	256	398
	256	396
	256	395
	256	394
	255	394
	255	393
	255	392
	255	390
	255	388
	255	387
	255	386
	256	385
	256	383
	256	382
	256	381
	256	380
	257	379
	258	379
	259	379
.PEN_UP
.PEN_DOWN
	249	390
	250	390
	251	390
	251	389
	252	389
	253	389
	254	389
	255	389
	256	389
	257	389
	258	389
	259	389
	260	389
	261	389
	262	389
	263	389
	264	389
.PEN_UP
.PEN_DOWN
	270	403
	271	403
	271	402
	271	401
	271	400
	271	399
	271	398
	271	397
	271	396
	271	395
	270	394
	270	392
	270	390
	269	389
	269	388
	269	387
	269	386
	269	385
	269	384
	269	383
	270	383
	270	384
	271	385
	272	386
	272	387
	273	387
	273	388
	273	389
	274	390
	275	391
	276	392
	277	392
	278	392
	278	391
	279	390
	279	389
	279	388
	280	388
	280	387
	280	386
	280	385
	280	384
	280	383
	280	382
.PEN_UP
.PEN_DOWN
	290	386
	291	386
	292	386
	292	387
	293	387
	294	388
	294	389
	294	390
	294	391
	294	392
	294	393
	294	394
	293	394
	292	394
	291	394
	290	394
	289	394
	288	394
	288	393
	287	393
	287	392
	287	391
	286	391
	286	390
	286	389
	286	388
	286	387
	286	386
	286	385
	287	384
	287	383
	288	383
	288	382
	289	382
	290	382
	291	381
	292	381
	293	381
	295	381
.PEN_UP
.PEN_DOWN
	321	388
	322	388
	322	387
	322	386
	322	385
	322	384
	322	383
	322	382
	323	381
	323	379
	323	378
	323	377
	323	376
	323	375
	323	374
	322	373
	322	374
	322	375
	321	376
	321	377
	321	378
	321	379
	321	380
	321	381
	321	384
	321	385
	321	386
	322	388
	322	389
	322	390
	322	391
	323	391
	323	392
	324	393
	325	394
	326	394
	327	394
	328	394
	329	394
	330	394
	331	394
	331	393
	332	392
	332	391
	332	390
	331	389
	331	388
	330	388
	330	387
	329	387
	328	386
	327	386
	326	386
	326	385
	325	385
.PEN_UP
.PEN_DOWN
	344	395
	345	395
	345	394
	345	393
	345	392
	345	391
	344	390
	344	389
	344	388
	344	387
	344	386
	344	385
	344	384
	344	383
.PEN_UP
.PEN_DOWN
	343	403
	343	402
	344	402
	344	403
	344	404
	345	404
.PEN_UP
.PEN_DOWN
	355	394
	354	394
	353	394
	352	394
	351	394
	350	393
	349	393
	349	392
	349	391
	349	390
	349	389
	349	388
	350	387
	351	387
	352	386
	353	386
	354	386
	355	386
	356	386
	357	386
	358	386
.PEN_UP
.PEN_DOWN
	367	401
	367	402
	367	403
	368	403
	367	403
	366	402
	366	401
	366	400
	365	399
	364	397
	364	396
	364	395
	364	394
	364	393
	364	392
	364	391
	364	390
	365	389
	365	388
	365	387
	365	386
	365	385
	366	385
	366	384
	367	383
	368	382
	369	382
	370	383
.PEN_UP
.PEN_DOWN
	360	396
	361	396
	361	395
	362	395
	363	395
	363	394
	364	394
	366	394
	367	394
	368	394
	369	394
	370	394
	371	393
	372	393
	373	393
	374	393
.PEN_UP
.PEN_DOWN
	380	394
	379	394
	379	393
	379	392
	379	391
	379	390
	379	389
	380	388
	381	388
	382	388
	383	389
	384	390
	385	391
	386	392
	386	393
	387	393
	387	394
	387	393
	388	393
	388	392
	388	391
	388	390
	388	389
	388	388
	388	387
.PEN_UP
.PEN_DOWN
	396	394
	396	393
	397	393
	397	392
	397	391
	397	390
	397	389
	398	388
	398	387
	397	386
	397	385
	397	386
	397	387
	397	388
	397	389
	397	390
	398	390
	398	391
	398	392
	399	393
	400	394
	401	395
	402	395
	403	395
	404	395
	404	394
.PEN_UP
.PEN_DOWN
	410	391
	410	390
	411	390
	412	391
	413	391
	413	392
	413	393
	413	394
	413	395
	413	396
	412	396
	412	397
	411	397
	410	397
	409	397
	408	397
	408	396
	407	396
	407	395
	407	394
	406	393
	406	392
	406	390
	406	389
	407	388
	407	387
	408	387
	408	386
	409	386
	409	385
	410	385
	411	385
.PEN_UP
.PEN_DOWN
	422	385
	423	384
	423	383
	423	382
	423	381
	423	380
	423	379
	423	378
	422	377
	422	376
	422	375
.PEN_UP
.PEN_DOWN
	455	392
	455	393
	454	393
	454	394
	453	394
	452	395
	451	395
	450	395
	449	394
	448	394
	448	393
	448	392
	447	391
	447	390
	447	389
	448	388
	448	387
	449	386
	450	385
	451	385
	452	386
	453	386
	453	387
	454	388
	455	389
	455	390
	455	391
	456	392
	456	393
	457	393
	458	393
	458	392
	458	391
	459	390
	459	389
	459	388
	460	387
	460	386
	460	385
.PEN_UP
.PEN_DOWN
	468	391
	469	391
	469	390
	469	389
	469	388
	469	387
	469	386
	469	385
	469	384
	469	383
	470	384
	470	385
	471	386
	472	387
	472	388
	473	389
	473	390
	474	390
	475	390
	476	390
	476	389
	476	388
	476	387
	476	386
	477	385
	477	384
	477	383
	477	382
	477	381
	477	380
.PEN_UP
.PEN_DOWN
	491	396
	491	395
	492	394
	492	393
	492	392
	492	391
	492	390
	492	388
	492	387
	492	386
	492	385
	492	384
	492	383
	492	382
	492	381
	492	380
	492	379
	492	378
	492	379
	493	379
	493	380
	493	381
	494	381
	494	382
	494	383
	494	384
	494	385
	494	386
	493	387
	493	388
	492	389
	491	389
	490	389
	489	389
	488	389
	487	388
	486	387
	485	386
	485	385
	484	385
	484	384
	484	383
	484	382
	484	381
	485	380
	486	380
	487	379
	488	378
	489	378
	490	378
	491	378
	493	378
	494	378
	495	378
	496	379
.PEN_UP
