
.WRITER_ID BillRivard
.STYLE PRINTED
.PEN_DOWN
	69	376
	70	376
	70	377
	70	376
	71	375
	71	374
	71	373
	71	371
	71	369
	71	368
	72	367
	72	366
	72	365
	72	364
	72	363
	73	362
	73	361
	73	360
	73	359
	73	358
	73	359
	73	360
	72	361
	71	362
	71	363
	71	364
	71	365
	70	366
	70	367
	70	369
	70	370
	70	372
	70	373
	70	374
	70	376
	70	377
	70	378
	70	379
	71	379
	71	380
	72	381
	73	381
	74	381
	75	381
	76	381
	77	381
	78	381
	79	381
	80	381
	80	380
	80	379
	79	377
	78	376
	78	375
	77	374
	77	373
	76	372
	75	372
	74	371
	74	370
	73	370
	73	369
	73	368
.PEN_UP
.PEN_DOWN
	89	378
	89	379
	89	380
	89	381
	88	381
	87	381
	87	380
	86	379
	86	378
	85	378
	84	377
	84	376
	84	375
	84	374
	84	373
	84	372
	84	370
	85	369
	86	369
	87	369
	88	369
	89	369
	90	369
	91	369
	92	370
	93	371
	94	372
	94	373
	95	374
	95	375
	95	376
	94	377
	94	378
	93	379
	92	379
.PEN_UP
.PEN_DOWN
	104	381
	104	380
	104	379
	105	378
	105	377
	105	376
	105	375
	105	374
	105	373
	106	372
	106	371
	106	370
	107	370
.PEN_UP
.PEN_DOWN
	103	390
	103	391
	104	391
	105	391
.PEN_UP
.PEN_DOWN
	116	380
	116	379
	116	378
	116	377
	117	376
	117	375
	117	374
	117	373
	118	372
	118	371
	118	370
	119	370
	119	369
	120	369
	120	370
	121	371
	121	372
	121	374
	121	375
	122	376
	122	377
	122	378
	123	379
	123	380
	123	381
	124	381
	125	381
	126	380
	126	379
	127	378
	127	377
	127	376
	127	375
	128	375
	128	374
	128	373
	128	372
	128	371
	129	370
.PEN_UP
.PEN_DOWN
	138	392
	138	391
	138	390
	138	389
	139	388
	139	386
	140	385
	140	384
	140	382
	140	381
	141	380
	141	378
	141	377
	141	376
	141	375
	141	374
	141	372
	141	371
	141	370
	141	371
.PEN_UP
.PEN_DOWN
	131	378
	132	378
	133	378
	134	378
	135	378
	136	378
	137	378
	138	378
	140	379
	142	379
	143	380
	144	380
	145	380
	146	380
	146	381
.PEN_UP
.PEN_DOWN
	152	377
	153	377
	154	377
	155	378
	156	378
	156	379
	156	380
	157	380
	157	381
	157	382
	156	383
	156	384
	155	384
	154	384
	153	384
	152	383
	151	383
	150	381
	149	380
	149	379
	149	378
	149	377
	149	376
	150	375
	151	374
	153	372
	154	372
	155	372
	156	372
	157	372
	158	372
	159	372
	160	372
.PEN_UP
.PEN_DOWN
	169	395
	169	394
	170	393
	170	392
	170	391
	170	390
	170	389
	170	388
	171	387
	171	386
	171	385
	171	384
	171	383
	171	382
	171	381
	171	380
	172	379
	172	378
	172	377
	172	376
	172	375
	173	375
	173	376
	173	377
	173	378
	173	379
	172	380
	172	381
	171	381
	170	381
	170	382
	169	382
	168	382
	167	382
	167	381
	166	381
	165	381
	165	380
	165	379
	165	378
	165	377
	165	376
	165	375
	166	374
	167	374
	168	374
	169	374
	170	374
	171	374
	172	374
	172	375
	173	375
	174	375
	174	376
	175	376
	176	376
.PEN_UP
.PEN_DOWN
	204	374
	205	374
	205	375
	205	376
	205	377
	205	378
	205	379
	204	379
	203	380
	202	380
	202	381
	201	381
	200	381
	199	381
	199	380
	198	380
	197	379
	197	378
	197	377
	197	376
	197	375
	198	374
	198	373
	199	372
	200	372
	201	371
	202	371
	203	371
	204	371
	205	371
	205	372
	206	372
	206	373
	207	374
	207	375
	208	376
	208	377
	208	378
	208	379
	208	380
	208	381
	208	380
	209	379
	209	378
	209	377
	209	375
	209	374
	210	373
	210	372
	210	371
	210	370
	211	369
	211	368
	212	368
.PEN_UP
.PEN_DOWN
	223	393
	223	392
	223	391
	223	390
	223	389
	223	388
	223	387
	223	384
	223	382
	224	381
	224	380
	224	378
	224	377
	224	376
	224	375
	224	374
	224	373
	224	372
	224	371
	224	370
.PEN_UP
.PEN_DOWN
	214	380
	215	379
	216	379
	217	379
	218	380
	219	380
	220	380
	221	380
	222	380
	224	380
	226	381
	227	381
	228	381
	229	381
.PEN_UP
.PEN_DOWN
	253	379
	253	380
	253	381
	252	382
	252	383
	251	384
	251	385
	250	385
	249	385
	248	385
	247	385
	246	385
	246	384
	245	383
	245	382
	245	381
	245	380
	245	379
	245	378
	246	377
	246	376
	247	376
	248	376
	249	376
	250	376
	251	377
	252	379
	252	380
	253	381
	253	382
	253	383
	254	383
	254	382
	254	381
	255	380
	255	379
	256	378
	256	376
	257	376
	257	375
	258	374
.PEN_UP
.PEN_DOWN
	293	381
	293	382
	293	383
	292	383
	292	384
	291	384
	290	384
	289	383
	288	382
	287	381
	287	380
	286	379
	286	378
	286	377
	286	376
	286	373
	286	372
	286	371
	287	370
	287	369
	287	368
	288	368
	289	367
	290	367
	291	367
	292	367
	293	367
	294	368
.PEN_UP
.PEN_DOWN
	307	376
	307	377
	307	378
	306	378
	305	378
	304	377
	303	377
	303	376
	302	376
	301	374
	300	373
	300	372
	300	371
	300	370
	300	369
	301	369
	301	368
	302	368
	303	367
	305	367
	306	367
	306	368
	307	368
	307	369
	308	369
	309	370
	309	371
	310	372
	310	373
	311	374
	311	375
	311	376
	311	377
	310	379
	310	380
	310	381
.PEN_UP
.PEN_DOWN
	317	393
	317	394
	316	394
	316	393
	315	392
	315	391
	315	390
	314	389
	314	388
	314	386
	314	385
	314	383
	314	380
	314	379
	314	378
	314	376
	314	375
	314	374
	314	373
	315	372
	315	371
	315	370
	316	370
	317	370
.PEN_UP
.PEN_DOWN
	329	382
	329	383
	329	384
	328	384
	327	384
	326	383
	325	382
	324	381
	324	380
	323	379
	323	378
	322	377
	322	376
	322	375
	322	374
	322	372
	323	371
	324	370
	325	369
	326	369
	327	369
	328	369
	328	370
	329	371
	330	372
	330	373
	330	374
	330	375
	330	376
	330	377
	329	378
	329	379
	328	380
.PEN_UP
.PEN_DOWN
	336	381
	336	380
	336	379
	336	377
	336	376
	336	375
	337	374
	337	373
	337	372
	337	371
	337	370
	337	369
	337	368
	337	369
	336	369
	336	370
	336	371
	336	372
	336	373
	336	374
	336	375
	336	376
	336	377
	337	378
	337	379
	338	381
	339	383
	340	383
	341	383
	342	383
	343	383
	344	383
.PEN_UP
.PEN_DOWN
	352	377
	353	377
	353	376
	354	376
	355	376
	356	376
	357	376
	358	376
.PEN_UP
.PEN_DOWN
	370	376
	370	375
	371	375
	372	375
	373	375
	373	376
	374	376
	375	376
	375	377
	376	378
	376	379
	376	380
	376	381
	376	382
	376	383
	375	384
	374	384
	373	384
	372	384
	372	383
	371	382
	370	381
	370	380
	370	379
	370	378
	370	377
	371	376
	371	375
	372	374
	373	374
	373	373
	374	373
	376	372
	377	372
	378	372
	379	372
	380	372
	381	372
.PEN_UP
.PEN_DOWN
	388	385
	388	384
	388	383
	388	382
	388	381
	388	380
	388	379
	389	378
	389	377
	389	376
	389	374
	390	373
	390	372
	390	373
	391	374
	391	375
	392	376
	392	377
	393	378
	393	379
	393	380
	394	381
	395	382
	396	384
	396	385
	396	386
	397	386
	397	387
	397	386
	397	385
	398	384
	398	383
	398	382
	399	381
	399	380
	399	379
	399	378
	400	377
	400	376
	400	375
	400	374
	400	373
	400	372
.PEN_UP
.PEN_DOWN
	414	385
	413	385
	412	385
	411	384
	410	384
	410	383
	409	383
	409	382
	408	382
	407	381
	406	380
	406	379
	405	378
	405	377
	405	376
	405	375
	406	374
	406	373
	407	373
	407	372
	409	371
	410	371
	410	370
	411	370
	412	370
	413	370
	414	370
	415	370
	416	370
	417	371
.PEN_UP
.PEN_DOWN
	422	384
	422	383
	422	382
	423	381
	423	380
	424	378
	424	377
	424	376
	424	375
	424	374
	425	373
	425	372
	425	371
	425	370
	425	371
	424	371
	424	372
	423	373
	423	374
	423	375
	423	376
	424	377
	424	378
	424	379
	425	380
	425	381
	426	382
	426	383
	427	384
	428	384
	429	384
	430	384
	431	384
	432	384
	433	384
.PEN_UP
.PEN_DOWN
	437	379
	437	378
	437	377
	438	376
	438	375
	438	374
	438	373
	439	372
	440	372
	441	372
	441	373
	442	373
	442	374
	443	375
	443	376
	444	376
	444	377
	444	378
	444	379
	445	379
	445	380
	445	381
	445	382
	446	382
	446	383
	446	382
	447	382
	447	381
	447	380
	447	379
	448	377
	448	376
	448	375
	448	374
	449	373
	449	372
	449	371
	449	370
	450	370
	450	369
	451	369
.PEN_UP
.PEN_DOWN
	461	382
	462	382
	462	383
	462	384
	462	385
	462	386
	461	386
	460	386
	459	386
	458	385
	457	385
	456	384
	456	383
	455	382
	455	381
	455	380
	456	380
	456	379
	457	379
	458	379
	459	379
	460	378
	461	378
	462	378
	462	377
	462	376
	463	376
	463	375
	463	374
	462	373
	462	372
	461	372
	460	371
	459	371
	458	370
.PEN_UP
.PEN_DOWN
	474	390
	475	390
	475	389
	475	388
	475	387
	475	386
	475	385
	475	383
	475	382
	475	381
	475	380
	475	377
	475	376
	475	375
	475	374
	475	373
	475	372
	475	371
	475	370
.PEN_UP
.PEN_DOWN
	467	383
	468	383
	469	383
	470	383
	471	382
	472	382
	473	382
	475	382
	476	382
	477	382
	479	382
	480	382
	481	382
	482	382
.PEN_UP
.PEN_DOWN
	484	381
	485	381
	486	381
	487	381
	489	381
	490	381
	490	382
	491	382
	492	382
	492	383
	493	383
	493	384
	493	385
	493	386
	492	386
	491	386
	490	386
	489	386
	488	386
	487	385
	486	385
	485	385
	484	384
	484	383
	483	383
	483	382
	483	381
	484	381
	484	380
	484	379
	484	378
	485	378
	486	377
	487	376
	488	376
	489	375
	491	374
	492	374
	493	374
	494	374
	495	374
	496	374
	497	375
.PEN_UP
.PEN_DOWN
	509	391
	509	390
	509	389
	509	388
	509	387
	509	385
	509	383
	509	382
	509	381
	510	380
	510	379
	510	378
	510	377
	510	376
	510	375
	510	374
	510	375
	511	376
	511	377
	511	378
	510	378
	510	379
	510	380
	509	380
	508	381
	507	381
	506	381
	505	381
	504	381
	503	381
	502	381
	501	381
	500	380
	499	379
	498	379
	498	378
	498	377
	498	376
	499	376
	499	375
	500	374
	501	374
	502	374
	503	373
	504	373
	505	373
	506	372
	507	372
	508	372
	509	372
	510	372
	512	373
.PEN_UP
.PEN_DOWN
	545	376
	545	375
	545	374
	545	373
	545	372
	545	371
	545	370
	545	369
	545	368
	545	367
	545	366
	545	364
	545	363
	544	363
	544	364
	544	365
	544	367
	544	368
	544	370
	543	371
	543	372
	543	373
	543	375
	543	376
	543	377
	543	378
	544	380
	544	381
	545	382
	546	383
	547	384
	548	384
	549	384
	550	384
	551	384
	552	384
	553	384
	553	383
	554	383
	554	382
	554	381
	554	380
	552	379
	551	378
	550	378
	549	377
	548	376
	547	376
	546	376
	546	375
	545	375
	545	374
.PEN_UP
.PEN_DOWN
	566	380
	565	380
	563	380
	562	380
	561	379
	560	379
	560	378
	559	378
	559	377
	558	377
	558	376
	558	375
	558	374
	559	373
	560	373
	561	373
	562	373
	563	374
	564	374
	564	375
	565	375
	565	376
	566	376
	566	377
	567	378
	567	379
	567	380
	567	381
	567	380
	567	379
	567	378
	567	377
	567	376
	567	375
	567	374
	567	373
	567	372
	567	371
	568	371
	568	370
.PEN_UP
.PEN_DOWN
	579	395
	578	395
	578	394
	578	393
	577	392
	577	391
	577	390
	577	389
	577	388
	577	387
	577	385
	577	384
	576	383
	576	382
	576	379
	576	378
	576	377
	576	376
	576	375
	576	374
	576	373
	576	372
	576	371
	576	370
	577	370
.PEN_UP
.PEN_DOWN
	586	373
	587	372
	588	372
	589	372
	590	372
	591	372
	592	372
	593	373
	594	374
	594	375
	594	376
	594	377
	594	378
	594	379
	593	379
	592	380
	591	380
	590	380
	589	380
	588	379
	586	378
	586	377
	586	376
	586	375
	586	374
	586	373
	586	372
	587	371
	587	370
	588	369
	589	369
	590	367
	591	367
	592	367
	593	366
	594	366
.PEN_UP
.PEN_DOWN
	607	389
	607	388
	607	387
	607	386
	607	385
	607	383
	606	382
	606	379
	605	377
	605	376
	605	375
	605	374
	604	372
	603	371
	603	370
	603	369
	604	369
.PEN_UP
.PEN_DOWN
	596	382
	597	382
	598	382
	599	382
	600	382
	601	381
	602	381
	604	381
	606	381
	607	381
	608	381
	609	381
	610	381
.PEN_UP
.PEN_DOWN
	625	390
	625	389
	625	388
	624	387
	624	386
	624	385
	623	384
	623	383
	623	381
	622	380
	622	379
	622	378
	621	376
	621	373
	620	372
	620	371
	620	370
	619	370
	619	369
.PEN_UP
.PEN_DOWN
	613	381
	614	381
	615	381
	616	381
	617	381
	618	380
	619	380
	620	380
	623	380
	625	380
	626	380
	628	380
.PEN_UP
.PEN_DOWN
	634	379
	635	379
	636	379
	637	379
	638	379
	639	379
	639	380
	640	380
	640	381
	640	382
	640	383
	639	384
	638	384
	636	384
	635	384
	634	384
	633	384
	632	383
	631	383
	630	383
	630	382
	629	382
	628	381
	627	380
	627	378
	627	377
	628	376
	629	376
	629	375
	631	374
	632	373
	634	373
	635	372
	636	372
	638	372
	639	371
	641	371
	642	371
	644	371
.PEN_UP
