
.WRITER_ID BobStrong
.STYLE PRINTED
.PEN_DOWN
	153	386
	153	385
	152	385
	151	385
	151	384
	150	383
	150	382
	149	382
	149	381
	148	381
	148	380
	148	379
	148	378
	148	377
	149	376
	149	375
	150	375
	151	375
	152	375
	153	375
	155	375
	156	375
	157	375
	160	377
	161	377
	162	378
	163	379
	164	379
	164	380
	164	381
	164	382
	164	383
	164	384
	162	386
	160	387
	158	387
	157	387
	156	387
	155	386
	154	385
	153	384
	152	383
	152	382
.PEN_UP
.PEN_DOWN
	178	381
	178	380
	177	379
	177	378
	176	377
	176	376
	176	375
	176	374
	176	375
	176	376
	177	377
	178	378
	179	379
	180	379
	181	380
	182	381
	182	382
	183	383
	183	384
	184	385
	184	386
	185	386
	186	386
	187	386
	187	385
	188	385
	188	384
	188	383
	188	382
	188	381
	188	380
	188	379
	187	378
	187	377
	187	376
	186	375
	185	374
	185	373
	186	372
.PEN_UP
.PEN_DOWN
	232	382
	231	382
	230	382
	229	381
	228	380
	228	379
	227	379
	226	378
	225	377
	225	376
	224	375
	224	374
	223	373
	223	372
	223	371
	224	371
	224	370
	225	370
	226	370
.PEN_UP
.PEN_DOWN
	246	379
	246	378
	245	378
	245	377
	245	376
	244	376
	244	375
	244	374
	244	373
	244	372
	244	371
	245	371
	245	370
	246	370
	247	370
	249	370
	250	371
	251	371
	252	372
	254	373
	255	373
	255	374
	256	375
	256	376
	256	377
	256	379
	255	379
	255	380
	254	381
	252	382
	251	382
	250	382
	248	382
	247	382
	246	381
	245	380
	244	379
.PEN_UP
.PEN_DOWN
	266	375
	266	374
	266	373
	265	373
	265	372
	265	371
	264	370
	264	369
	264	368
	263	367
	262	365
	262	364
	262	363
	262	362
	261	362
	261	361
	261	362
	262	362
	262	363
	263	364
	263	365
	263	366
	264	366
	264	367
	264	368
	265	370
	265	372
	266	374
	267	375
	267	377
	268	379
	269	379
	269	380
	270	381
	271	381
	272	381
	273	381
	274	381
	275	381
	276	380
	276	379
	276	378
	275	377
	274	375
	273	375
	273	374
	272	374
	271	373
	270	373
	269	372
	268	372
	267	372
.PEN_UP
.PEN_DOWN
	295	379
	295	378
	294	377
	294	376
	294	375
	295	374
	295	373
	295	372
	296	372
	296	371
	297	371
	298	371
	299	371
	300	371
	301	371
	302	372
	303	372
	303	373
	304	374
	304	375
	305	375
	305	376
	306	377
	306	378
	306	379
	306	380
	307	381
	307	380
	306	379
	306	378
	306	377
	306	376
	306	375
	306	374
	306	373
	306	372
	306	371
	306	370
	306	368
	306	367
	306	366
	306	365
	306	364
	305	363
	305	362
	305	361
	304	360
	303	359
	302	359
	301	359
	300	359
	299	359
	298	359
	297	359
	296	359
.PEN_UP
.PEN_DOWN
	348	393
	348	392
	347	392
	347	391
	347	390
	347	389
	347	388
	347	387
	347	385
	346	384
	346	383
	345	380
	345	379
	345	378
	345	377
	345	376
	345	375
	345	374
	345	373
	345	372
	346	372
	346	371
	348	371
	349	371
	350	371
	352	372
.PEN_UP
.PEN_DOWN
	342	386
	343	386
	344	386
	345	386
	345	387
	346	388
	347	388
	348	388
	349	388
	351	388
	352	388
	353	388
	354	387
	355	387
	356	387
	357	387
.PEN_UP
.PEN_DOWN
	378	381
	378	380
	378	379
	378	378
	379	377
	379	376
	379	375
	380	375
	381	375
	382	375
	383	375
	384	376
	385	376
	385	377
	386	378
	386	379
	386	380
	386	381
	387	381
	386	381
	386	380
	386	379
	386	378
	386	377
	386	376
	386	375
	385	375
	385	373
	385	372
	385	371
	385	368
	385	367
	385	366
	385	365
	385	364
	385	363
	385	362
	385	361
	385	360
	384	360
	383	360
	382	360
	381	360
	379	360
	378	360
	377	360
	376	360
	374	360
	374	359
.PEN_UP
.PEN_DOWN
	410	375
	410	374
	410	373
	410	372
	410	371
	410	369
	409	368
	409	366
	409	364
	408	363
	408	362
	408	361
	408	360
	408	359
	408	358
	408	359
	408	360
	408	361
	408	362
	408	363
	408	364
	408	365
	408	366
	408	368
	409	369
	409	370
	410	371
	410	373
	410	375
	412	378
	412	379
	413	379
	414	379
	414	380
	415	380
	416	380
	417	380
	418	380
	419	379
	419	378
	419	377
	419	376
	418	375
	417	375
	417	374
	416	373
	415	372
	414	372
	414	371
	413	370
	412	370
	411	370
	411	369
	410	369
.PEN_UP
.PEN_DOWN
	430	377
	431	377
	432	377
	433	377
	434	377
	435	377
	436	378
	436	379
	437	379
	437	380
	437	381
	437	382
	437	383
	436	383
	435	383
	434	383
	433	383
	432	383
	431	382
	430	382
	429	381
	428	380
	427	379
	426	377
	426	376
	426	375
	426	374
	426	373
	427	372
	428	371
	429	371
	430	370
	431	370
	434	370
	435	370
	436	370
	437	370
	438	370
	439	370
	440	370
	441	370
	441	371
.PEN_UP
.PEN_DOWN
	490	382
	490	381
	489	381
	489	380
	489	379
	489	378
	490	377
	490	376
	490	375
	491	374
	491	373
	492	372
	493	370
	493	368
	493	367
	493	366
	493	365
	493	364
	493	363
	493	362
	493	361
	492	361
	491	360
	490	360
	489	360
	488	360
	487	361
	486	361
	484	361
	483	361
	482	362
	482	363
	481	363
	480	365
	479	366
.PEN_UP
.PEN_DOWN
	497	390
	498	390
	498	391
	498	392
	499	392
	499	393
	500	393
.PEN_UP
.PEN_DOWN
	511	376
	510	376
	509	376
	508	376
	507	375
	507	374
	507	373
	507	372
	508	371
	509	371
	511	370
	512	370
	514	370
	515	370
	516	370
	517	371
	518	371
	519	372
	520	373
	521	374
	521	375
	521	376
	520	377
	519	378
	518	378
	517	379
	516	379
	514	379
	513	379
	512	378
.PEN_UP
.PEN_DOWN
	536	392
	536	391
	536	390
	535	389
	535	388
	535	386
	535	384
	535	383
	535	381
	535	380
	535	379
	535	377
	535	376
	535	375
	535	374
	535	373
	535	374
	536	375
	537	376
	537	377
	538	378
	538	379
	539	380
	540	381
	540	382
	541	382
	542	383
	543	383
	544	383
	544	382
	545	382
	546	381
	546	380
	547	379
	548	379
	548	378
	549	377
	549	376
	549	375
	548	375
	548	374
	547	374
	546	374
	545	373
	544	373
	543	373
	541	373
	540	373
	538	373
	537	373
.PEN_UP
