
.WRITER_ID BobStrong
.STYLE PRINTED
.PEN_DOWN
	87	389
	87	390
	86	390
	86	391
	86	392
	85	392
	85	393
	84	393
	83	394
	83	395
	82	395
	81	396
	80	397
	79	397
	79	398
	78	398
	77	398
	76	398
	75	397
	74	397
	74	396
	73	396
	72	395
	72	394
	71	391
	70	389
	70	387
	70	385
	70	382
	70	380
	70	378
	70	377
	70	375
	70	374
	70	373
	71	372
	72	372
	73	372
	74	372
	75	372
	76	373
	77	374
	79	375
	80	376
	81	378
	81	379
	82	380
	83	381
	84	383
	85	384
	85	386
	85	387
	85	388
	85	389
	85	390
	85	391
	85	392
	85	391
	85	390
	85	389
	84	388
	84	387
	84	385
	84	384
	84	383
	85	380
	85	378
	85	377
	86	376
	86	375
	87	374
	88	373
	88	372
	89	371
	90	371
	91	370
	92	370
	93	369
	94	369
	95	369
	96	369
	96	370
	96	371
	95	371
	95	370
.PEN_UP
.PEN_DOWN
	110	402
	110	403
	110	402
	110	401
	109	400
	109	399
	109	398
	109	397
	109	394
	109	393
	109	391
	109	388
	109	386
	109	384
	109	382
	109	379
	109	378
	109	376
	109	375
	109	374
	109	372
	109	371
	109	370
	109	371
	110	372
	110	373
	110	374
	111	375
	111	376
	112	377
	112	379
	113	380
	113	382
	114	384
	114	385
	115	387
	116	388
	117	389
	118	389
	119	389
	120	389
	121	389
	122	388
	123	387
	124	386
	125	385
	125	384
	126	383
	126	382
	127	381
	127	380
	127	378
	127	377
	126	375
	126	372
	125	371
	125	370
	125	369
	124	368
	123	367
	122	366
	121	366
	120	365
	119	365
	117	364
	116	364
	113	364
	112	364
	111	364
	110	365
	109	365
	109	366
	108	366
	109	366
.PEN_UP
.PEN_DOWN
	149	385
	148	385
	147	386
	146	386
	146	387
	145	387
	144	387
	143	387
	142	387
	140	385
	138	384
	137	382
	136	381
	135	379
	134	378
	133	376
	133	374
	133	373
	133	372
	133	370
	135	368
	137	367
	138	367
	140	367
	141	367
	143	367
	144	368
	146	368
	148	369
	149	369
	150	370
	152	370
	154	370
	154	371
	155	371
	156	372
	157	372
	157	371
.PEN_UP
.PEN_DOWN
	191	379
	191	380
	191	381
	190	381
	190	382
	189	383
	188	384
	187	384
	185	384
	184	384
	183	384
	182	384
	181	384
	180	384
	177	383
	176	382
	175	381
	174	379
	173	378
	173	377
	173	375
	173	374
	173	372
	173	371
	173	370
	174	368
	176	367
	177	366
	178	366
	179	366
	180	366
	182	366
	183	367
	184	367
	185	368
	187	369
	189	370
	191	373
	192	374
	193	375
	193	376
	194	377
	194	379
	194	380
	194	382
	194	384
	194	385
	194	388
	194	390
	194	395
	194	397
	194	398
	194	400
	194	402
	194	403
	194	404
	193	403
	193	402
	193	400
	193	398
	193	397
	192	394
	192	393
	192	388
	192	386
	192	384
	193	382
	193	379
	194	378
	194	376
	194	375
	194	373
	194	372
	194	371
	194	369
	194	368
	194	367
	195	367
.PEN_UP
.PEN_DOWN
	211	379
	211	380
	212	380
	212	379
	213	379
	214	379
	215	379
	216	379
	217	380
	218	380
	219	380
	220	380
	222	380
	223	381
	224	381
	225	382
	227	383
	228	383
	228	384
	229	385
	230	385
	230	386
	230	387
	230	388
	230	389
	228	390
	227	391
	225	391
	224	391
	222	391
	221	391
	219	391
	218	391
	217	390
	216	390
	215	389
	213	388
	213	386
	212	385
	211	384
	211	383
	211	381
	211	380
	211	379
	211	377
	212	376
	212	375
	213	373
	215	371
	216	371
	217	370
	218	369
	219	369
	220	368
	222	368
	223	368
	224	368
	226	368
	227	369
	229	369
	230	370
	232	370
	232	371
	233	371
	234	371
	235	372
	236	372
	236	373
	237	373
	237	372
	237	371
.PEN_UP
.PEN_DOWN
	297	402
	297	401
	298	401
	299	400
	299	401
	298	401
	298	402
	297	402
	297	403
	296	404
	295	405
	294	406
	293	406
	292	407
	291	407
	290	408
	289	408
	288	408
	287	408
	286	407
	285	407
	284	407
	282	406
	281	405
	280	403
	279	402
	279	400
	278	398
	278	396
	278	394
	278	393
	278	390
	278	388
	278	386
	279	381
	279	379
	279	377
	279	375
	279	373
	279	372
	279	370
	279	369
	279	368
	279	367
	279	366
	278	366
	278	367
	278	368
.PEN_UP
.PEN_DOWN
	274	385
	274	386
	274	387
	275	388
	276	389
	277	389
	278	390
	279	390
	280	390
	281	391
	283	391
	286	391
	288	391
	290	391
	291	391
	292	391
	293	390
	294	390
	295	390
	296	389
	296	388
.PEN_UP
.PEN_DOWN
	323	379
	323	380
	323	381
	322	381
	322	382
	322	383
	320	384
	319	384
	318	384
	317	384
	316	384
	315	384
	314	384
	312	384
	311	383
	310	383
	309	382
	307	381
	306	379
	306	378
	306	377
	306	376
	306	375
	306	374
	306	373
	307	372
	308	372
	310	372
	311	372
	314	372
	315	372
	317	372
	318	372
	319	373
	320	373
	322	374
	323	374
	324	375
	325	376
	326	376
	326	378
	326	379
	326	380
	326	381
	325	382
	324	382
	323	380
	323	379
	323	377
	323	376
	323	375
	324	374
	324	372
	324	371
	325	370
	325	368
	326	367
	327	364
	327	363
	328	361
	328	360
	328	359
	328	357
	328	356
	328	355
	328	354
	328	353
	327	352
	326	351
	325	349
	324	348
	323	348
	322	347
	320	347
	319	347
	318	346
	317	346
	315	346
	314	346
	313	346
	311	347
	310	348
	309	348
	308	349
	307	349
	307	350
	308	350
.PEN_UP
.PEN_DOWN
	339	407
	339	406
	338	404
	337	403
	337	401
	336	400
	336	398
	336	395
	336	393
	336	391
	336	388
	336	386
	336	384
	337	379
	337	378
	337	377
	337	376
	337	375
	337	374
	337	373
	338	373
	338	374
	338	375
	339	376
	339	377
	339	379
	340	380
	340	381
	340	383
	341	385
	342	388
	342	390
	343	392
	344	393
	344	394
	345	394
	346	395
	347	395
	348	395
	349	395
	351	395
	352	395
	353	395
	353	394
	354	394
	354	393
	355	392
	355	391
	355	390
	355	388
	355	386
	355	383
	355	381
	355	379
	354	378
	354	377
	354	376
	354	375
	353	374
	353	373
	353	372
	354	373
	354	374
	355	374
	355	375
.PEN_UP
.PEN_DOWN
	377	390
	378	390
	378	391
	378	392
	377	392
	377	391
	377	390
	376	388
	376	387
	375	385
	375	384
	374	382
	374	380
	374	379
	374	376
	374	375
	374	374
	374	373
	374	372
	374	371
	374	370
	375	370
.PEN_UP
.PEN_DOWN
	380	410
	381	411
	381	412
	381	413
	382	413
	382	414
	383	414
	383	415
	384	415
	385	415
	385	414
.PEN_UP
.PEN_DOWN
	396	381
	396	380
	396	379
	396	378
	396	377
	396	376
	396	375
	396	374
	396	373
	396	372
	396	370
	396	369
	396	368
	396	367
	396	364
	396	363
	396	362
	396	361
	396	360
	396	359
	396	358
	396	357
	395	357
	394	357
	393	357
	391	357
	390	357
	389	357
	388	357
	387	357
	386	358
	385	359
	384	360
	384	361
	384	362
	384	363
.PEN_UP
.PEN_DOWN
	403	398
	403	399
	404	400
	405	401
	405	402
	406	402
	407	403
	408	403
	409	403
	409	402
.PEN_UP
.PEN_DOWN
	444	402
	444	401
	444	400
	444	399
	443	398
	443	397
	443	396
	443	395
	443	394
	443	393
	442	389
	442	387
	442	385
	442	384
	442	382
	442	380
	442	378
	442	377
	442	375
	442	374
	442	373
	442	372
	443	371
.PEN_UP
.PEN_DOWN
	460	394
	460	393
	459	393
	459	392
	458	391
	456	391
	456	390
	455	390
	453	388
	452	388
	451	388
	450	387
	449	387
	449	386
	448	386
	447	385
	446	384
	446	383
	446	382
	446	381
	447	380
	448	379
	449	379
	451	378
	452	378
	453	377
	454	377
	455	377
	456	376
	457	376
	457	375
	458	374
	458	373
	459	372
	459	371
	459	370
	460	370
	460	371
.PEN_UP
.PEN_DOWN
	484	406
	483	404
	483	403
	483	402
	483	401
	482	399
	482	397
	482	395
	482	393
	482	391
	482	389
	482	387
	481	385
	481	381
	481	379
	481	377
	481	376
	481	374
	481	373
	481	372
	481	371
	481	370
	482	369
.PEN_UP
.PEN_DOWN
	502	385
	501	384
	501	383
	501	382
	501	381
	501	380
	500	379
	500	376
	500	375
	500	374
	500	373
	500	372
	500	371
	500	370
	501	370
	501	371
	502	372
	502	373
	502	374
	503	374
	503	375
	504	378
	504	379
	505	380
	505	382
	506	383
	506	384
	506	385
	506	384
	507	383
	507	382
	507	381
	507	380
	507	379
	507	378
	508	378
	508	377
	509	377
	510	378
	511	378
	512	379
	513	379
	514	380
	515	381
	515	382
	515	383
	516	384
	515	384
	515	382
	515	381
	515	379
	514	378
	514	377
	514	376
	514	375
	514	374
	514	373
	514	372
	515	372
	516	372
.PEN_UP
.PEN_DOWN
	537	381
	537	380
	537	379
	537	378
	537	377
	536	376
	536	375
	535	374
	535	373
	535	372
	535	371
	534	370
	534	369
	534	367
	534	366
	535	366
	535	367
	535	368
	536	368
	536	369
	537	370
	537	371
	538	372
	539	373
	539	374
	540	375
	540	376
	541	378
	543	381
	543	382
	544	383
	544	384
	545	384
	546	384
	547	384
	548	383
	548	382
	549	381
	549	379
	549	378
	549	377
	549	376
	549	375
	549	374
	549	373
	549	372
	549	371
	549	370
	549	369
	550	369
.PEN_UP
.PEN_DOWN
	567	380
	566	380
	565	380
	565	379
	564	379
	563	378
	563	377
	562	375
	561	374
	561	372
	561	371
	561	370
	562	369
	563	368
	563	367
	564	366
	565	366
	566	366
	567	366
	570	366
	571	367
	572	367
	574	368
	575	369
	576	370
	577	371
	577	373
	577	374
	577	375
	576	376
	575	379
	574	380
	574	382
	573	383
	572	384
	571	384
	570	384
	569	383
	568	382
	568	381
	567	381
	567	380
	566	380
	566	379
.PEN_UP
.PEN_DOWN
	617	375
	617	374
	617	373
	616	372
	616	371
	615	370
	615	369
	614	368
	614	366
	613	365
	613	362
	613	361
	613	360
	613	359
	613	358
	613	357
	614	357
	614	356
	614	355
	614	356
	614	357
	614	358
	614	359
	614	360
	614	361
	614	362
	614	365
	614	367
	614	369
	615	371
	615	373
	616	375
	617	376
	617	377
	618	378
	618	379
	619	379
	620	380
	622	381
	623	381
	624	381
	625	381
	626	381
	627	381
	627	380
	627	378
	626	377
	626	376
	625	376
	624	375
	624	374
	623	374
	622	373
	622	372
	620	372
	619	371
	618	371
	617	371
	617	370
.PEN_UP
.PEN_DOWN
	650	377
	650	378
	650	379
	649	379
	649	380
	648	381
	647	381
	646	381
	645	381
	644	381
	643	381
	642	380
	641	380
	640	379
	639	377
	639	376
	639	375
	639	374
	639	373
	639	372
	640	372
	640	371
	641	371
	643	371
	644	371
	645	371
	646	371
	647	372
	648	372
	649	373
	650	374
	650	375
	651	375
	651	377
	651	376
	651	375
	650	375
	650	374
	650	372
	649	371
	649	370
	648	369
	648	367
	647	366
	646	365
	645	363
	644	361
	644	359
	643	358
	643	357
	643	356
	643	355
	643	354
	644	354
	644	353
	645	352
	646	352
	647	352
	648	352
	649	353
	650	354
	650	355
	650	357
	649	359
	649	360
	649	361
	649	362
	648	363
	648	364
	648	365
	648	366
	649	366
	649	367
	650	368
	650	369
	651	369
	651	370
	652	370
	652	371
	653	372
	654	372
	655	373
	656	373
	657	373
	658	373
.PEN_UP
.PEN_DOWN
	677	383
	677	382
	677	381
	676	381
	676	380
	676	379
	675	378
	675	377
	675	376
	675	375
	675	374
	675	373
	674	373
	674	372
	675	373
	675	374
	675	375
	676	376
	676	377
	676	378
	676	379
	677	381
	677	382
	677	383
	677	384
	678	385
	678	386
	679	387
	679	388
	680	388
	681	389
	682	389
	683	389
	684	389
.PEN_UP
.PEN_DOWN
	700	380
	699	380
	698	380
	697	380
	696	380
	695	380
	694	379
	693	379
	692	378
	691	378
	691	377
	690	377
	690	376
	690	375
	691	375
	691	374
	692	374
	693	374
	694	374
	695	374
	697	373
	698	373
	699	372
	699	371
	699	370
	698	370
	697	369
	696	368
	695	367
	694	366
	693	366
	692	366
	691	366
	690	367
	689	367
	689	368
.PEN_UP
.PEN_DOWN
	717	392
	717	391
	717	390
	716	389
	716	388
	715	388
	715	387
	714	386
	714	385
	713	384
	713	382
	713	379
	712	378
	712	376
	712	375
	712	374
	711	373
	711	371
	711	370
	711	369
	711	368
	711	367
	712	367
	713	367
	715	367
	715	368
	717	368
	718	368
	719	368
	721	368
	721	369
	723	369
	724	369
.PEN_UP
.PEN_DOWN
	706	383
	707	384
	707	385
	708	385
	709	386
	711	386
	712	387
	713	387
	717	387
	718	387
	719	387
	720	387
	721	387
	722	387
	722	386
	723	386
.PEN_UP
.PEN_DOWN
	747	380
	748	380
	747	380
	746	379
	745	378
	745	377
	744	376
	744	375
	743	374
	743	373
	743	372
	743	371
	744	371
	744	370
	744	369
	745	369
	745	368
	746	368
	747	368
	748	368
	749	368
	749	369
	750	369
	751	370
	752	371
	752	372
	753	372
	753	373
	753	374
	753	375
	754	376
	754	378
	755	379
	755	380
	755	379
	754	379
	754	378
	754	377
	754	376
	753	375
	753	373
	752	372
	752	371
	752	370
	752	369
	753	368
	753	367
	754	367
	754	366
	755	366
	756	366
.PEN_UP
.PEN_DOWN
	768	379
	769	379
	769	378
	769	377
	769	376
	769	375
	769	374
	769	373
	769	372
	769	371
	769	369
	770	368
	770	367
	770	366
	771	366
	772	366
	773	367
	773	368
	774	369
	774	370
	774	371
	774	372
	775	373
	775	374
	775	375
	776	378
	776	379
	777	380
	777	381
	778	381
.PEN_UP
.PEN_DOWN
	787	378
	786	377
	786	376
	786	375
	786	374
	786	373
	785	372
	785	371
	785	370
	785	369
	786	368
	786	367
	787	367
	788	367
	789	368
	790	368
	790	369
	791	369
	791	370
	791	371
	792	371
	792	372
	792	374
	793	374
	792	374
	792	373
	792	372
	792	371
	792	370
	793	370
	793	369
	793	368
	794	368
	795	368
	796	368
	797	369
	798	369
	798	370
	799	370
	799	371
	800	371
	800	372
	801	372
	801	373
	801	374
	802	375
	802	376
	802	377
	802	378
	802	379
	802	380
	802	381
.PEN_UP
.PEN_DOWN
	813	380
	813	379
	813	378
	814	377
	814	376
	814	375
	815	373
	816	372
	816	371
	817	370
	818	369
	819	368
	819	367
	820	367
	820	366
.PEN_UP
.PEN_DOWN
	820	382
	820	381
	819	381
	819	380
	818	380
	816	378
	816	377
	815	376
	814	375
	813	374
	813	373
	812	372
	812	371
	811	370
	810	369
	810	368
	809	367
	809	366
.PEN_UP
.PEN_DOWN
	824	379
	824	378
	824	377
	823	377
	823	376
	823	375
	823	374
	823	373
	823	372
	823	371
	823	370
	824	370
	825	370
	826	370
	827	370
	828	370
	828	371
	829	372
	829	373
	829	374
	829	375
	830	375
	830	376
	829	376
	829	375
	828	374
	828	373
	828	372
	828	371
	828	370
	828	369
	828	368
	828	367
	828	366
	829	365
	829	364
	829	363
	829	361
	829	360
	829	359
	830	358
	830	357
	830	356
	829	355
	828	355
	827	356
	826	356
	825	356
	824	356
	822	356
	821	356
	820	356
	820	357
	819	357
.PEN_UP
.PEN_DOWN
	837	378
	838	378
	839	378
	840	378
	841	378
	841	379
	842	379
	844	379
	845	379
	846	379
	847	379
	846	378
	845	377
	844	376
	844	375
	843	375
	842	374
	841	373
	840	372
	839	371
	838	370
	837	369
	837	368
	838	368
	839	368
	841	368
	842	368
	843	368
	844	368
	844	369
	845	369
	846	369
	847	370
	848	370
	849	370
	850	370
	850	369
.PEN_UP
