
.WRITER_ID BillRivard
.STYLE PRINTED
.PEN_DOWN
	69	379
	69	378
	69	377
	69	376
	69	375
	69	374
	70	374
	70	373
	70	372
	71	372
	72	371
	73	371
	74	371
	75	371
	75	372
	76	372
	77	372
	78	374
	79	375
	79	376
	79	375
	79	374
	80	373
	81	372
	82	372
	83	371
	84	371
	85	371
	86	371
	87	372
	88	372
	89	372
	89	373
	90	374
	90	375
	90	376
	91	376
	91	377
	91	378
	91	379
	90	380
	90	381
	89	382
	88	382
.PEN_UP
.PEN_DOWN
	102	381
	101	381
	100	381
	99	381
	98	380
	98	379
	97	379
	97	378
	96	377
	96	376
	96	375
	96	374
	96	373
	97	373
	98	373
	99	373
	100	373
	100	374
	100	375
	101	375
	101	376
	101	377
	101	378
	102	378
	102	379
	102	380
	102	381
	103	381
	103	380
	104	379
	104	378
	104	377
	104	376
	105	376
	105	375
	105	374
	106	374
	106	373
	108	372
.PEN_UP
.PEN_DOWN
	114	385
	114	384
	113	384
	113	383
	113	382
	113	381
	114	381
	114	380
	114	379
	115	379
	115	378
	116	378
	117	378
	117	377
	118	377
	118	376
	118	375
	118	374
	117	373
	116	372
	115	372
	114	372
	113	372
.PEN_UP
.PEN_DOWN
	143	379
	143	378
	143	377
	142	377
	142	376
	143	376
	143	375
	143	374
	144	374
	144	373
	145	372
	146	372
	147	372
	147	373
	148	373
	149	373
	149	374
	150	375
	150	376
	151	376
	151	377
	151	376
	152	376
	152	375
	153	375
	153	374
	154	374
	155	374
	155	373
	156	373
	157	373
	158	373
	159	373
	160	373
	160	374
	160	375
	161	375
	161	376
	161	377
	161	378
	161	379
	161	380
	161	381
	160	381
	160	382
	159	383
	159	384
	158	385
	157	385
.PEN_UP
.PEN_DOWN
	165	394
	165	395
	166	394
	166	393
	166	392
	166	391
	167	390
	167	389
	167	388
	167	387
	168	385
	168	383
	168	382
	168	381
	169	380
	169	379
	169	377
	169	376
	170	376
	170	375
	170	374
	171	373
	171	372
	172	372
	172	373
	172	374
	172	375
	173	376
	173	377
	173	378
	173	379
	174	380
	174	381
	175	381
	176	381
	177	381
	178	381
	179	381
	179	380
	180	379
	180	378
	180	377
	180	376
	181	376
	181	375
	182	374
	182	373
	183	373
.PEN_UP
.PEN_DOWN
	189	381
	189	380
	189	379
	190	378
	190	377
	190	376
	190	375
	191	375
	191	374
	191	373
	191	372
	192	372
	192	371
	193	371
.PEN_UP
.PEN_DOWN
	188	390
	189	390
.PEN_UP
.PEN_DOWN
	200	393
	200	392
	200	391
	200	390
	200	389
	200	388
	200	387
	200	386
	200	385
	200	384
	200	383
	200	382
	200	381
	201	380
	201	378
	201	377
	201	376
	201	375
	202	374
	202	373
	203	372
	204	372
	205	372
.PEN_UP
.PEN_DOWN
	211	379
	212	379
	213	379
	213	380
	213	381
	214	381
	214	382
	214	383
	213	383
	213	384
	213	385
	212	385
	211	385
	210	385
	210	384
	209	384
	208	383
	208	382
	208	381
	207	381
	207	380
	207	379
	208	379
	208	378
	208	376
	208	375
	208	374
	208	373
	209	373
	209	372
	210	371
	210	370
	211	369
	212	369
	213	369
	214	369
	215	369
	216	369
.PEN_UP
.PEN_DOWN
	242	399
	242	400
	243	400
	243	399
	244	399
	244	398
	245	397
	245	395
	245	394
	246	392
	246	391
	246	390
	246	388
	247	386
	247	385
	247	383
	247	382
	247	380
	247	379
	248	376
	248	375
	248	374
	248	373
	248	372
	248	371
	248	370
	249	370
	249	371
	249	372
	250	373
	250	374
	250	375
	251	376
	251	378
	252	380
	252	381
	253	382
	253	383
	253	384
	254	384
	255	384
	255	383
	255	382
	256	381
	256	380
	257	379
	257	378
	258	377
	258	376
	259	376
	259	375
	259	374
.PEN_UP
.PEN_DOWN
	267	380
	268	380
	269	380
	270	380
	270	381
	270	382
	270	383
	270	384
	270	385
	270	386
	270	387
	269	387
	268	387
	267	387
	266	386
	266	385
	265	385
	265	384
	264	383
	264	382
	264	381
	263	381
	263	380
	263	379
	263	378
	263	377
	264	376
	265	375
	266	374
	267	374
	268	374
	269	374
	270	374
	271	374
	272	374
	273	374
.PEN_UP
.PEN_DOWN
	292	382
	292	381
	292	380
	292	379
	292	378
	292	377
	292	376
	293	376
	293	375
	294	375
	294	374
	295	374
	296	374
	298	375
	298	376
	299	376
	300	376
	300	377
	301	378
	301	379
	302	380
	302	381
	303	381
	302	381
	302	380
	302	379
	303	377
	303	376
	303	375
	304	375
	304	374
	305	374
	305	373
	306	373
	307	373
	308	373
	309	373
	310	373
	311	374
	311	375
	311	376
	312	376
	312	377
	312	378
	312	379
	312	380
	311	382
	311	383
	311	384
	311	385
	310	385
	310	386
.PEN_UP
.PEN_DOWN
	323	384
	322	384
	321	384
	320	383
	319	383
	318	382
	318	381
	317	381
	317	380
	316	379
	316	378
	316	377
	316	376
	316	375
	316	374
	317	374
	318	374
	318	375
	319	375
	320	376
	321	377
	321	378
	321	379
	322	380
	322	381
	323	381
	323	382
	323	383
	324	383
	324	382
	324	381
	324	380
	324	379
	324	378
	324	377
	324	376
	324	375
	324	374
	325	374
.PEN_UP
.PEN_DOWN
	336	385
	335	385
	335	384
	334	384
	333	383
	332	383
	332	382
	331	382
	331	381
	332	381
	332	380
	333	379
	333	378
	334	378
	334	377
	335	377
	335	376
	336	376
	337	375
	337	374
	337	373
	337	372
	336	372
	336	371
	335	371
	334	371
	333	371
	332	371
	331	371
.PEN_UP
.PEN_DOWN
	375	402
	375	403
	375	402
	374	402
	374	401
	374	400
	373	399
	373	397
	373	395
	372	393
	372	392
	372	390
	372	388
	372	386
	372	384
	372	382
	372	381
	372	379
	372	377
	373	375
	373	374
	373	373
	373	372
	373	371
	373	370
.PEN_UP
.PEN_DOWN
	363	381
	364	380
	365	380
	366	380
	368	380
	369	380
	370	380
	371	380
	372	380
	373	380
	374	380
.PEN_UP
.PEN_DOWN
	386	400
	386	399
	386	398
	386	396
	386	395
	386	394
	386	392
	386	391
	386	390
	385	388
	385	387
	385	385
	385	384
	385	383
	385	381
	385	380
	385	379
	385	378
	384	377
	384	376
	384	375
	384	374
	385	374
	385	375
	386	375
	386	376
	387	377
	387	378
	388	379
	388	380
	388	381
	389	381
	389	382
	390	383
	390	384
	391	383
	391	382
	391	381
	392	380
	392	379
	392	378
	393	377
	393	376
	393	375
	394	375
	394	374
	394	373
	394	372
.PEN_UP
.PEN_DOWN
	401	382
	401	381
	401	380
	401	379
	402	378
	402	377
	402	376
	402	375
	403	375
	403	374
	404	374
	405	374
	405	375
	406	375
	406	376
	407	377
	408	378
	408	379
	408	380
	408	381
	409	382
	409	383
	409	384
	410	384
	410	383
	410	382
	410	381
	410	380
	410	378
	411	377
	411	376
	411	375
	412	374
	412	373
	413	373
	413	372
.PEN_UP
.PEN_DOWN
	420	383
	419	382
	419	381
	419	380
	420	379
	421	378
	421	377
	422	376
	422	375
	423	375
	423	374
	424	373
	423	372
	422	372
	421	372
	420	372
.PEN_UP
