
.WRITER_ID BillRivard
.STYLE PRINTED
.PEN_DOWN
	68	390
	69	390
	68	390
	67	390
	66	390
	65	390
	64	390
	64	389
	64	388
	64	387
	64	386
	64	385
	64	384
	64	383
	64	382
	64	381
	65	381
	65	380
	65	379
	65	378
	65	377
	65	376
	65	375
	65	374
	65	373
	65	372
	66	372
	67	372
	68	372
	69	373
	70	373
	71	373
.PEN_UP
.PEN_DOWN
	84	388
	84	389
	84	390
	83	390
	82	390
	81	389
	80	389
	79	388
	78	388
	77	387
	76	386
	76	385
	77	385
	78	384
	80	383
	81	383
	81	382
	82	382
	83	381
	84	381
	84	380
	85	380
	85	379
	86	379
	86	378
	85	377
	85	376
	84	376
	84	375
	83	375
	82	375
	81	375
	80	375
	79	375
	78	375
	77	375
	77	376
	76	376
.PEN_UP
.PEN_DOWN
	81	395
	81	394
	81	393
	81	392
	81	391
	81	390
	81	389
	81	388
	81	387
	81	385
	81	384
	81	383
	81	382
	81	381
	81	380
	81	379
	81	378
	81	377
	81	375
	81	374
	81	373
	81	372
	81	371
	81	370
	80	370
	80	369
.PEN_UP
.PEN_DOWN
	103	391
	102	391
	101	391
	100	391
	99	391
	98	390
	97	390
	96	389
	95	389
	94	388
	94	387
	94	386
	95	386
	95	385
	96	385
	98	385
	99	384
	100	384
	100	383
	101	383
	102	382
	103	382
	104	381
	104	380
	104	379
	104	378
	104	377
	103	377
	103	376
	102	376
	101	376
	101	375
	100	375
	99	375
	98	375
	97	375
	96	376
	95	376
.PEN_UP
.PEN_DOWN
	98	395
	98	394
	98	393
	98	392
	99	391
	99	390
	99	389
	99	388
	98	387
	98	386
	98	385
	98	384
	98	383
	98	382
	98	381
	98	380
	98	379
	98	378
	98	377
	98	376
	98	375
	98	374
	98	373
	98	372
.PEN_UP
.PEN_DOWN
	117	391
	116	391
	115	391
	114	391
	113	391
	112	390
	112	389
	112	388
	112	387
	113	386
	114	386
	114	385
	115	385
	116	384
	117	384
	117	383
	118	383
	120	382
	121	381
	121	380
	121	379
	120	378
	119	377
	118	377
	117	376
	116	376
	115	376
	114	376
	112	376
	111	376
	110	376
.PEN_UP
.PEN_DOWN
	117	397
	117	396
	117	395
	117	394
	117	393
	117	392
	117	391
	117	390
	117	389
	117	388
	117	387
	117	386
	117	385
	116	384
	116	383
	116	381
	116	380
	116	379
	116	378
	116	377
	116	376
	116	375
	116	374
	115	373
	115	372
.PEN_UP
.PEN_DOWN
	125	394
	125	393
	125	392
	124	392
	124	391
	124	390
.PEN_UP
.PEN_DOWN
	136	389
	135	389
	134	389
	133	389
	133	388
	132	388
	132	387
	131	387
	131	386
	131	385
	132	385
	132	384
	133	384
	133	383
	134	383
	134	382
	135	382
	136	382
	136	381
	137	381
	137	380
	137	379
	137	378
	137	377
	136	377
	136	376
	135	376
	134	376
	133	376
	132	376
.PEN_UP
.PEN_DOWN
	142	394
	143	394
	144	394
	145	394
	146	393
	147	393
	148	393
	149	393
	150	393
	150	392
	151	392
	151	391
	151	390
	151	389
	151	388
	151	387
	151	386
	151	385
	151	384
	151	383
	151	382
	151	381
	150	380
	150	378
	150	377
	150	376
	150	375
	150	374
	150	373
	149	372
	148	372
	147	372
	146	372
	145	373
	144	373
	143	373
	142	373
.PEN_UP
.PEN_DOWN
	158	382
	159	382
	160	382
	161	382
	162	382
	163	382
	164	381
.PEN_UP
.PEN_DOWN
	178	392
	177	392
	177	393
	176	393
	175	393
	174	393
	173	394
	172	394
	171	394
	172	394
	172	393
	173	393
	173	392
	173	391
	173	390
	174	390
	174	389
	174	388
	174	387
	174	386
	174	385
	173	384
	173	383
	173	382
	173	381
	173	380
	173	379
	173	378
	173	377
	173	376
	173	375
	173	374
	172	373
	173	373
	173	372
	174	372
	175	372
	176	372
	177	372
	178	372
	179	372
	180	372
.PEN_UP
.PEN_DOWN
	189	391
	188	391
	188	390
	187	390
	187	389
	187	388
	187	387
	188	387
	189	387
	189	388
	190	388
	191	389
	192	390
.PEN_UP
.PEN_DOWN
	195	388
	195	387
	194	385
	193	384
	193	383
	192	382
	191	381
	190	379
	190	378
	189	377
	188	376
	187	375
.PEN_UP
.PEN_DOWN
	195	376
	194	375
	193	375
	193	374
	193	373
	192	373
	192	372
	192	371
	193	371
	194	370
	195	370
	195	371
	196	371
	197	372
	197	373
	198	374
	198	375
.PEN_UP
.PEN_DOWN
	212	388
	212	389
	212	390
	211	390
	210	390
	209	390
	208	390
	208	389
	208	388
	208	387
	209	387
	209	386
	210	386
	210	385
	211	385
	212	385
	212	386
	213	386
	213	387
	214	387
	214	388
	214	389
	214	390
.PEN_UP
.PEN_DOWN
	221	391
	221	390
	220	388
	219	388
	219	387
	218	386
	218	385
	217	384
	216	383
	216	382
	215	381
	214	380
	213	379
	212	378
	212	377
.PEN_UP
.PEN_DOWN
	223	380
	223	379
	222	379
	222	378
	221	378
	221	377
	221	376
	221	375
	222	375
	222	374
	223	374
	224	374
	225	374
	225	375
	226	375
	227	376
	227	377
	227	378
	226	378
	225	379
.PEN_UP
.PEN_DOWN
	241	391
	240	391
	239	391
	238	391
	238	390
	238	389
	238	388
	238	387
	239	387
	240	387
	241	387
	241	388
	242	388
	242	389
	242	390
	242	391
.PEN_UP
.PEN_DOWN
	247	390
	246	389
	246	388
	246	387
	245	386
	244	385
	243	383
	242	382
	241	381
	240	380
	239	379
	238	378
	237	377
	237	376
	237	375
.PEN_UP
.PEN_DOWN
	247	378
	247	377
	246	377
	246	376
	246	375
	246	374
	246	373
	247	373
	248	373
	249	373
	249	374
	250	374
	250	375
	250	376
	250	377
.PEN_UP
.PEN_DOWN
	262	394
	262	393
	262	392
	262	391
	262	390
	262	389
	261	389
.PEN_UP
.PEN_DOWN
	275	387
	274	388
	273	388
	272	388
	271	388
	270	388
	270	387
	270	386
	270	385
	270	384
	270	383
	271	383
	271	382
	272	382
	273	382
	273	381
	274	381
	274	380
	275	380
	275	379
	276	378
	276	377
	276	376
	276	375
	275	375
	274	375
	273	374
	272	374
	271	374
	270	375
	269	375
.PEN_UP
.PEN_DOWN
	278	396
	279	396
	279	395
	280	395
	281	395
	282	395
	283	395
	284	395
	285	394
	286	394
	287	394
	288	394
	288	393
	288	392
	288	391
	288	390
	288	389
	288	388
	288	387
	288	386
	288	384
	288	383
	288	382
	288	381
	288	380
	288	379
	288	378
	288	377
	288	376
	288	375
	288	374
	288	373
	288	372
	288	371
	288	370
	287	370
	286	370
	285	370
	284	371
	283	371
	282	371
	281	372
.PEN_UP
.PEN_DOWN
	297	381
	298	381
	298	380
	299	380
	300	380
	301	380
	302	379
	303	379
.PEN_UP
.PEN_DOWN
	321	398
	320	398
	319	398
	318	398
	317	398
	316	398
	315	398
	314	398
	313	398
	312	398
	312	397
	313	397
	313	396
	314	396
	314	395
	314	394
	314	393
	314	392
	314	391
	314	390
	314	389
	314	388
	314	387
	313	386
	313	385
	313	384
	313	383
	313	382
	312	381
	312	380
	312	379
	311	378
	311	377
	311	376
	311	375
	311	374
	312	374
	312	373
	313	373
	314	373
	314	374
	315	374
	316	374
	317	374
	318	374
	319	374
	320	374
	321	374
	322	374
.PEN_UP
.PEN_DOWN
	333	394
	334	394
	334	393
	334	392
	333	391
	333	390
	332	389
	332	388
	331	386
	331	385
	330	384
	330	383
	329	382
	329	381
	329	380
.PEN_UP
.PEN_DOWN
	340	393
	340	392
	339	391
	339	390
	338	390
	338	389
	338	388
	338	387
	337	387
	337	386
	336	385
	336	384
	336	383
	335	382
	335	381
	335	380
	334	380
	334	379
.PEN_UP
.PEN_DOWN
	326	395
	326	394
	327	394
	328	393
	329	393
	330	392
	331	392
	332	391
	333	391
	334	390
	335	390
	336	389
	337	389
	338	388
	339	388
	340	387
	341	387
	342	387
.PEN_UP
.PEN_DOWN
	323	389
	324	389
	324	388
	325	388
	326	387
	327	386
	328	386
	330	385
	331	385
	332	384
	333	383
	335	383
	336	382
	337	382
.PEN_UP
.PEN_DOWN
	353	391
	353	390
	353	389
	353	388
	352	387
	352	386
	352	385
	351	384
	351	383
	350	382
	350	381
	349	381
	349	380
	349	379
.PEN_UP
.PEN_DOWN
	361	393
	361	392
	360	391
	360	390
	359	389
	359	388
	359	387
	358	386
	358	385
	357	385
	357	384
	357	383
	356	382
	356	381
	355	381
	355	380
	354	379
	354	378
.PEN_UP
.PEN_DOWN
	347	391
	348	391
	348	390
	349	390
	350	389
	352	388
	353	388
	354	387
	355	386
	358	385
	359	384
	360	384
	361	383
	362	383
.PEN_UP
.PEN_DOWN
	344	386
	345	386
	345	385
	346	385
	346	384
	347	384
	348	383
	349	382
	350	381
	351	381
	352	381
	352	380
	353	380
	354	380
	354	379
.PEN_UP
.PEN_DOWN
	374	394
	374	393
	375	393
	375	392
	375	391
	375	390
	375	389
	375	388
	375	387
	375	386
	375	385
	375	384
	374	383
	374	382
	374	381
.PEN_UP
.PEN_DOWN
	384	396
	384	395
	384	394
	384	393
	384	392
	383	391
	383	390
	383	388
	383	387
	383	386
	383	385
	382	385
	382	384
	382	383
	382	382
.PEN_UP
.PEN_DOWN
	374	390
	375	390
	376	390
	377	390
	379	389
	380	389
	381	389
	382	388
	383	388
	385	388
	386	388
	387	388
.PEN_UP
.PEN_DOWN
	370	384
	370	383
	371	383
	372	382
	373	382
	374	381
	375	381
	376	381
	377	381
	378	381
	379	381
	380	381
.PEN_UP
.PEN_DOWN
	398	396
	398	395
	397	395
	397	394
	396	394
	396	393
.PEN_UP
.PEN_DOWN
	406	388
	405	387
	404	387
	404	386
	403	386
	403	385
	403	384
	404	384
	405	384
	406	383
	407	382
	408	381
	408	380
	408	379
	407	378
	406	377
	405	377
	404	377
	403	377
	402	377
	401	377
	400	377
	399	378
.PEN_UP
.PEN_DOWN
	409	403
	409	402
	410	402
	411	402
	412	402
	413	401
	414	401
	415	401
	416	401
	416	400
	416	399
	416	398
	416	397
	416	396
	416	395
	416	394
	416	393
	416	392
	416	391
	416	390
	416	389
	416	388
	416	387
	416	386
	417	385
	417	384
	417	383
	417	382
	417	381
	417	380
	417	379
	416	379
	416	378
	416	377
	415	377
	415	376
	414	376
	413	376
	412	376
	411	376
	409	376
	408	376
	408	377
.PEN_UP
.PEN_DOWN
	427	392
	428	392
	428	393
	428	392
.PEN_UP
.PEN_DOWN
	431	380
	431	379
	431	378
	431	377
	430	377
	430	376
	429	376
	428	375
	427	375
	427	374
.PEN_UP
.PEN_DOWN
	449	399
	448	399
	447	399
	446	399
	445	398
	444	398
	444	397
	443	396
	443	395
	443	394
	444	394
	445	393
	446	393
	447	392
	447	391
	448	390
	448	389
	447	389
	447	388
	447	387
	446	387
	445	386
	444	386
	443	386
	442	385
	443	385
	444	385
	445	385
	445	384
	446	384
	446	383
	446	382
	446	381
	445	380
	445	379
	445	378
	444	377
	444	376
	444	375
	444	374
	445	374
	445	373
	446	373
	446	372
	447	372
	448	372
	449	372
	449	373
	450	373
	451	373
.PEN_UP
.PEN_DOWN
	457	394
	456	394
	455	394
	455	393
	456	392
	456	391
	457	390
	458	390
	458	389
	459	388
	459	387
	460	387
	460	386
	461	385
	461	384
	462	384
	462	383
	462	382
	462	381
	461	381
	461	380
	460	380
	459	380
	458	380
	457	379
	456	379
	455	378
	455	377
	456	377
.PEN_UP
.PEN_DOWN
	464	396
	464	395
	465	395
	465	394
	466	394
	466	393
	467	393
	468	392
	468	391
	469	391
	470	390
	471	390
	471	389
	472	388
	472	387
	473	387
	473	386
	474	386
	474	385
	474	384
	473	384
	473	383
	473	382
	473	381
	472	381
	471	380
	470	379
	469	378
.PEN_UP
.PEN_DOWN
	476	396
	477	396
	477	395
	478	394
	479	394
	479	393
	480	392
	481	392
	481	391
	482	390
	483	390
	483	389
	484	389
	484	388
	484	387
	485	387
	485	386
	485	385
	484	385
	484	384
	484	383
	483	383
	483	382
	483	381
	482	381
	481	380
	480	380
	480	379
	479	379
	479	378
	478	377
.PEN_UP
.PEN_DOWN
	497	397
	497	396
	497	395
	496	395
	496	394
.PEN_UP
.PEN_DOWN
	505	390
	504	389
	503	389
	503	388
	502	387
	501	387
	501	386
	502	385
	503	385
	504	385
	504	384
	505	384
	506	383
	506	382
	507	382
	507	381
	506	380
	505	380
	505	379
	504	379
	503	379
.PEN_UP
.PEN_DOWN
	511	402
	512	402
	512	401
	513	400
	514	399
	515	398
	515	397
	516	397
	516	396
	517	395
	517	394
	517	393
	516	392
	516	391
	515	391
	515	390
	514	390
	514	389
	514	388
	515	388
	515	387
	516	387
	516	386
	517	385
	517	384
	516	383
	515	383
	515	382
	514	382
	514	381
	514	380
	515	379
	515	378
	516	377
	516	376
	516	375
	515	375
	514	375
.PEN_UP
.PEN_DOWN
	531	392
	532	392
	532	391
	532	390
	532	389
	532	388
	532	387
	532	386
	531	385
	531	384
	531	383
	531	382
	531	381
.PEN_UP
.PEN_DOWN
	527	389
	527	388
	528	388
	529	388
	530	388
	531	387
	532	387
	533	387
	534	386
	535	386
.PEN_UP
.PEN_DOWN
	553	399
	552	399
	552	398
	551	398
	550	398
	550	397
	549	397
	548	396
	548	395
	548	394
	549	394
	550	393
	550	392
	550	391
	551	391
	551	390
	551	389
	551	388
	550	387
	549	386
	548	386
	548	385
	547	385
	548	385
	549	385
	550	385
	550	384
	550	383
	549	383
	549	382
	549	381
	548	380
	548	379
	548	378
	548	377
	549	377
	549	376
	550	376
	551	376
	552	376
	553	376
	554	376
.PEN_UP
.PEN_DOWN
	562	386
	562	385
	563	385
	564	385
	565	385
	566	385
	567	385
	568	385
	569	385
.PEN_UP
.PEN_DOWN
	577	384
	578	384
	579	383
	580	383
	581	383
	582	383
	583	383
	584	383
	585	383
	586	383
.PEN_UP
.PEN_DOWN
	593	383
	593	382
	594	382
	595	381
	596	381
	597	381
	598	381
.PEN_UP
.PEN_DOWN
	603	397
	604	397
	604	396
	604	395
	604	394
.PEN_UP
.PEN_DOWN
	615	387
	614	387
	613	387
	613	386
	612	386
	612	385
	612	384
	613	383
	613	382
	614	382
	615	381
	616	381
	617	380
	617	379
	618	378
	618	377
	619	377
	619	376
	619	375
	618	375
	617	375
	616	375
	614	375
	614	374
	613	374
.PEN_UP
.PEN_DOWN
	627	400
	628	399
	629	399
	629	398
	630	398
	631	397
	631	396
	632	396
	632	395
	631	394
	630	393
	629	393
	629	392
	628	391
	627	390
	627	389
	627	388
	628	388
	628	387
	628	386
	629	386
	629	385
	630	385
	631	385
	631	384
	631	385
	630	385
	629	385
	628	384
	627	384
	626	383
	625	383
	625	382
	625	381
	625	380
	625	379
	626	378
	626	377
	627	377
	627	376
	628	376
	629	375
	629	374
	630	374
	630	373
	630	372
	629	372
	628	372
	627	372
	626	372
	625	372
	624	372
.PEN_UP
