
.WRITER_ID BobStrong
.STYLE PRINTED
.PEN_DOWN
	112	398
	113	398
	112	397
	112	396
	112	395
	111	395
	111	394
	111	393
	110	392
	110	391
	109	390
	109	388
	108	388
	108	385
	107	384
	107	383
	106	383
	106	382
	106	381
	105	381
	105	380
	106	380
.PEN_UP
.PEN_DOWN
	103	375
	104	374
	104	375
	104	374
.PEN_UP
.PEN_DOWN
	135	384
	136	384
	136	385
	135	386
	135	387
	135	388
	134	388
	133	388
	133	389
	132	389
	131	388
	129	388
	129	387
	128	387
	127	386
	126	385
	125	384
	125	383
	125	382
	126	382
	127	382
	128	382
	129	382
	130	382
	131	382
	132	382
	133	383
	134	383
	134	384
	133	384
	132	384
	131	384
	131	383
	132	383
	132	382
	133	382
	134	383
	135	383
	136	383
	136	384
	137	384
	137	385
	137	386
	137	387
	137	388
	137	389
	137	390
	136	391
	134	391
	133	391
	132	391
	131	391
	130	391
	129	390
	128	390
	127	388
	126	387
	125	386
	124	385
	123	384
	123	381
	123	380
	123	379
	123	378
	123	377
	124	376
	125	376
	127	375
	128	375
	130	375
	132	375
	135	375
	137	375
	138	375
	139	375
.PEN_UP
.PEN_DOWN
	158	393
	159	393
	159	394
	159	393
	159	392
	159	390
	158	389
	157	388
	156	386
	155	383
	155	381
	154	380
	154	379
	154	378
	154	377
	154	376
	154	375
.PEN_UP
.PEN_DOWN
	164	396
	164	395
	164	394
	163	393
	162	391
	162	390
	162	388
	161	387
	160	385
	160	384
	160	383
	160	381
	160	380
	160	379
	160	376
	160	375
.PEN_UP
.PEN_DOWN
	153	389
	154	389
	155	389
	157	390
	159	390
	160	390
	162	390
	164	390
	165	390
	167	390
	168	390
.PEN_UP
.PEN_DOWN
	146	379
	147	378
	148	378
	149	378
	150	378
	151	378
	153	378
	155	378
	157	379
	159	379
	161	379
	162	379
	164	379
	165	379
.PEN_UP
.PEN_DOWN
	198	388
	197	388
	196	388
	195	388
	194	388
	193	388
	192	388
	191	388
	190	388
	189	388
	188	387
	187	386
	186	386
	185	385
	185	384
	185	383
	187	382
	188	382
	189	381
	190	381
	192	381
	194	380
	195	379
	196	379
	196	378
	196	377
	195	377
	194	376
	192	376
	191	376
	190	376
	189	375
	188	375
	187	375
	186	375
	185	375
	184	375
.PEN_UP
.PEN_DOWN
	195	396
	195	395
	195	394
	194	394
	194	393
	193	391
	192	388
	192	386
	191	384
	191	383
	191	381
	191	379
	190	378
	190	376
	190	375
	190	374
.PEN_UP
.PEN_DOWN
	227	393
	227	394
	227	393
	226	393
	225	393
	224	393
	224	392
	223	391
	222	391
	222	390
	221	389
	221	388
	221	387
	222	387
	223	387
	224	387
	225	387
	226	387
	227	387
	229	387
	230	388
	231	388
	232	389
	232	390
	232	391
	232	392
	231	393
	230	393
	229	393
	229	392
	230	392
	230	391
	231	391
	232	391
	232	390
	233	390
	234	390
	236	389
	237	389
	238	389
	238	388
	237	387
	235	385
	234	384
	233	384
	232	383
	232	382
	230	381
	229	380
	228	379
	228	378
	227	377
	226	376
	226	375
	225	374
.PEN_UP
.PEN_DOWN
	239	380
	239	379
	238	379
	238	378
	237	378
	236	376
	235	376
	235	375
	234	375
	234	374
	234	373
	234	372
	235	372
	235	371
	236	371
	237	371
	239	371
	240	371
	241	372
	243	372
	244	372
	244	373
	245	374
	245	375
	245	376
	244	377
	244	378
	243	378
	242	378
	241	378
	240	378
	239	378
	238	377
	237	377
.PEN_UP
.PEN_DOWN
	260	383
	261	383
	261	384
	262	384
	262	385
	263	386
	264	386
	264	387
	265	387
	265	388
	266	388
	266	389
	267	390
	268	390
	268	389
	267	388
	267	387
	267	386
	267	385
	267	384
	267	383
	267	382
	267	381
	267	380
	267	379
.PEN_UP
.PEN_DOWN
	296	388
	295	388
	295	387
	294	386
	294	385
	293	384
	292	383
	291	382
	291	381
	291	380
	290	378
	290	377
	290	376
	290	375
	291	375
	291	376
	291	377
	291	378
	291	379
	291	380
	291	381
	290	382
	289	383
	288	383
	287	383
	286	383
	285	383
	284	382
	283	382
	283	381
	282	380
	282	379
	283	378
	284	378
	285	378
	287	378
	289	378
	292	378
	293	378
	295	378
	296	378
	297	378
	298	379
.PEN_UP
.PEN_DOWN
	318	393
	318	392
	319	392
	319	391
	319	390
	320	389
	321	388
	322	387
	322	386
	324	385
	324	384
	325	384
.PEN_UP
.PEN_DOWN
	326	393
	325	392
	324	391
	322	390
	321	389
	320	388
	319	388
	318	387
	318	386
	318	385
.PEN_UP
.PEN_DOWN
	326	398
	326	397
	325	396
	325	395
	325	394
	324	393
	324	392
	323	391
	323	389
	322	388
	322	385
	322	384
	322	383
	322	382
	322	381
.PEN_UP
.PEN_DOWN
	312	390
	312	389
	314	389
	316	389
	318	389
	320	389
	322	389
	324	389
	326	389
	328	389
.PEN_UP
.PEN_DOWN
	359	396
	358	396
	358	395
	357	395
	356	394
	356	393
	355	392
	354	391
	353	389
	353	388
	352	387
	352	385
	351	384
	351	382
	351	380
	351	379
	351	377
	351	376
	352	375
.PEN_UP
.PEN_DOWN
	378	395
	379	395
	379	394
	379	393
	380	393
	380	392
	381	391
	382	390
	383	389
	384	388
	386	384
	386	383
	387	382
	387	380
	387	379
	387	378
	387	377
	386	376
	386	375
	385	375
	384	374
	382	373
	380	373
	379	373
	378	373
.PEN_UP
.PEN_DOWN
	400	402
	401	402
	402	402
	403	402
	403	401
	404	401
	404	400
	405	399
	406	398
	407	397
.PEN_UP
.PEN_DOWN
	437	395
	437	394
	436	393
	435	392
	434	392
	435	393
	435	394
	436	394
	436	395
	437	396
	438	397
	439	398
	440	399
	441	399
	441	398
	441	397
	442	397
	442	396
	443	395
	443	394
	444	394
	445	394
	446	394
	447	394
	448	394
	449	394
	450	394
	451	395
	451	396
	452	396
	452	397
	452	398
	452	399
.PEN_UP
.PEN_DOWN
	464	391
	464	390
	465	390
	466	390
	467	390
	468	390
	469	389
	470	389
	472	389
	473	389
	475	389
	476	389
	476	388
	477	388
.PEN_UP
.PEN_DOWN
	497	373
	498	372
	499	372
	500	372
	501	372
	502	372
	504	372
	506	372
	508	371
	510	371
	512	371
	514	371
	516	370
	517	370
	518	370
.PEN_UP
.PEN_DOWN
	533	390
	533	389
	533	388
	532	387
	532	386
	532	385
	531	384
	531	383
	531	382
	531	381
	531	380
	531	379
	530	378
	530	377
	530	376
.PEN_UP
.PEN_DOWN
	526	385
	527	386
	528	386
	529	386
	530	386
	532	386
	533	386
	534	386
	535	386
	537	386
	538	386
	540	385
.PEN_UP
.PEN_DOWN
	552	384
	553	384
	554	384
	555	384
	556	384
	557	384
	559	384
	560	384
	561	384
	562	384
	563	383
.PEN_UP
.PEN_DOWN
	551	376
	551	375
	552	375
	553	375
	554	375
	555	375
	556	375
	557	375
	559	375
	560	375
	562	375
	563	375
	564	375
	565	375
	566	375
	567	375
	568	375
.PEN_UP
.PEN_DOWN
	601	393
	600	393
	600	394
	599	394
	598	394
	597	394
	596	395
	595	395
	594	395
	593	395
	592	395
	591	395
	590	395
	589	395
	588	395
	587	394
	587	393
	587	392
	587	391
	587	390
	587	389
	587	388
	587	387
	587	386
	587	385
	587	384
	586	384
	586	383
	586	382
	585	381
	585	380
	584	379
	584	378
	584	377
	584	376
	585	376
	586	376
	587	376
	587	375
	589	375
	590	375
	591	375
	592	375
	593	374
	594	374
	595	374
	596	373
	597	373
.PEN_UP
.PEN_DOWN
	616	396
	615	396
	616	396
	617	396
	618	396
	619	396
	620	396
	621	395
	622	395
	623	395
	624	395
	627	395
	628	394
	629	394
	630	394
	631	394
	632	393
	631	393
	630	392
	630	391
	629	391
	629	390
	629	389
	629	388
	628	387
	628	385
	628	384
	628	383
	628	382
	627	381
	627	380
	627	379
	627	378
	627	377
	627	376
	627	375
	627	374
	627	373
	626	373
	625	373
	624	373
	623	374
	622	374
	622	375
	621	375
	620	375
.PEN_UP
.PEN_DOWN
	657	403
	656	403
	655	403
	654	403
	654	402
	653	402
	652	401
	651	401
	651	400
	651	399
	651	398
	651	397
	652	396
	653	395
	654	394
	655	393
	656	393
	656	392
	656	391
	655	391
	655	390
	653	389
	652	388
	651	388
	650	387
	649	386
	648	386
	648	385
	647	384
	647	383
	648	383
	649	383
	650	382
	651	382
	651	381
	651	380
	651	379
	650	378
	650	377
	650	376
	650	375
	651	374
	652	373
	653	373
	654	373
	655	373
	656	373
.PEN_UP
.PEN_DOWN
	670	402
	671	402
	672	402
	673	401
	674	401
	675	401
	676	400
	678	400
	678	399
	679	399
	679	398
	677	397
	676	397
	675	397
	674	397
	673	397
	673	396
	672	396
	671	395
	670	394
	670	393
	670	392
	670	391
	670	390
	670	389
	670	388
	671	388
	671	387
	672	387
	672	386
	673	386
	673	385
	674	385
	674	384
	674	383
	673	383
	672	382
	671	382
	671	381
	670	381
	670	380
	670	379
	670	378
	670	377
	671	376
	671	375
	672	374
	672	373
	673	373
	673	372
	672	372
	671	372
	670	371
	669	371
	667	371
	666	371
	665	371
	664	371
	663	371
.PEN_UP
.PEN_DOWN
	690	396
	690	395
	691	395
	691	394
	692	394
	693	393
	693	392
	694	392
	694	391
	695	390
	696	389
	696	388
	697	387
	697	386
	698	384
	699	383
	700	382
	701	380
	702	379
	702	378
	702	377
	702	376
	703	376
	703	375
	704	375
.PEN_UP
.PEN_DOWN
	714	378
	715	377
	715	376
	715	375
	715	374
	715	373
	715	372
	715	371
	715	370
	714	369
	713	368
	712	367
	711	367
	710	367
.PEN_UP
.PEN_DOWN
	733	394
	734	394
	734	393
	733	393
	733	392
	732	391
	731	391
	730	390
	730	389
	729	387
	728	386
	727	385
	726	384
	725	383
	725	381
	724	380
	723	379
	723	378
	723	377
	722	376
.PEN_UP
.PEN_DOWN
	744	395
	745	395
	746	395
	747	395
	748	395
	749	395
	750	395
	751	395
	752	395
	753	394
	754	394
	753	393
	752	393
	752	392
	751	391
	749	390
	748	389
	746	389
	746	388
	745	388
	744	387
	744	386
	743	386
	743	385
	743	384
	744	383
	745	383
.PEN_UP
.PEN_DOWN
	743	375
	743	374
	744	374
	744	375
.PEN_UP
.PEN_DOWN
	765	397
	765	396
	764	395
	763	394
	762	393
	762	392
.PEN_UP
.PEN_DOWN
	779	398
	778	397
	777	397
	777	396
	776	396
	776	395
	776	394
	776	393
	775	393
	775	392
	775	391
.PEN_UP
.PEN_DOWN
	783	397
	783	396
	782	396
	782	395
	782	394
	781	393
	781	392
	781	391
.PEN_UP
.PEN_DOWN
	795	388
	795	387
	795	388
	794	387
	793	387
	792	387
	791	387
	790	386
	788	385
	787	385
	786	384
	785	384
	785	383
	784	383
	784	382
	783	382
	783	381
	783	380
	783	379
	784	379
	785	379
	785	378
	786	378
	787	377
	788	377
	788	376
	789	375
	790	375
	790	374
	791	373
	792	373
	792	372
	793	372
.PEN_UP
.PEN_DOWN
	809	396
	809	395
	809	394
	809	393
	808	392
	808	391
	807	390
	807	388
	806	387
	806	385
	804	381
	804	379
	803	377
	803	376
	802	374
	802	373
	801	372
	800	371
	800	370
	800	369
	800	368
	799	368
	799	367
.PEN_UP
.PEN_DOWN
	813	387
	813	386
	813	387
	812	387
	812	386
	812	385
	813	385
	813	384
	813	383
	814	383
	814	382
	815	382
	816	380
	817	379
	817	378
	817	377
	817	376
	816	376
	815	375
	814	375
	813	374
	812	374
	812	373
	810	372
	809	372
	809	371
	809	370
.PEN_UP
.PEN_DOWN
	826	398
	826	397
	825	396
	825	395
	825	394
	825	393
.PEN_UP
.PEN_DOWN
	828	395
	828	394
	827	393
	827	392
	827	391
	827	390
.PEN_UP
.PEN_DOWN
	831	381
	832	381
	832	382
	831	382
	832	381
.PEN_UP
.PEN_DOWN
	828	371
	829	371
	829	370
	830	370
	830	369
	830	368
	829	368
	828	366
	827	366
	826	365
	826	364
	825	364
	824	363
	823	362
	822	361
	821	360
	820	360
	819	359
	818	359
	816	358
	815	358
	814	358
.PEN_UP
.PEN_DOWN
	842	382
	841	382
	842	382
	842	381
.PEN_UP
.PEN_DOWN
	836	371
	836	370
	835	370
	836	370
.PEN_UP
.PEN_DOWN
	846	372
	846	371
	845	371
	845	372
	845	371
.PEN_UP
