
.WRITER_ID BillRivard
.STYLE PRINTED
.PEN_DOWN
	73	388
	74	388
	74	387
	74	386
	74	385
	74	384
	74	383
	74	382
	74	381
	74	380
	74	377
	73	376
	73	375
	73	374
	73	373
	73	372
	72	371
	72	370
.PEN_UP
.PEN_DOWN
	64	384
	65	384
	66	385
	67	385
	68	385
	69	385
	70	385
	72	386
	73	386
	74	387
	75	387
	76	387
	77	387
	78	388
	79	388
	80	388
	81	388
	82	389
	83	389
	84	389
	85	389
.PEN_UP
.PEN_DOWN
	84	379
	84	378
	83	378
	83	377
	83	376
	83	375
	83	374
	83	373
	83	372
	84	372
	85	372
	86	373
	87	373
	88	375
	89	376
	90	377
	91	378
	91	379
	91	378
	91	377
	91	376
	91	375
	91	374
	92	374
	92	373
	93	373
	93	372
	94	372
	95	372
	96	372
	97	372
	97	373
	98	373
	99	374
	100	375
	100	376
	101	376
	101	378
	101	379
	100	380
	99	381
	98	381
.PEN_UP
.PEN_DOWN
	107	382
	106	382
	106	381
	106	380
	105	380
	105	379
	105	378
	105	377
	105	376
	105	375
	105	374
	105	373
	106	373
	106	372
	107	372
	108	371
	109	371
	110	371
	110	372
	111	372
	111	373
	112	373
	112	374
	112	375
	112	376
	111	377
	111	378
	110	378
	110	379
	109	380
	109	381
	108	381
	108	382
.PEN_UP
.PEN_DOWN
	126	395
	126	396
	125	397
	125	398
	124	398
	123	397
	122	397
	122	396
	121	395
	121	394
	121	393
	121	391
	121	390
	121	389
	121	388
	121	387
	121	386
	121	385
	121	384
	121	383
	121	382
	121	381
	121	380
	121	378
	121	377
	121	376
	121	375
	121	374
	121	373
	121	372
	121	371
	121	370
.PEN_UP
.PEN_DOWN
	118	377
	119	377
	119	378
	120	378
	121	378
	122	378
	123	378
	124	379
	126	379
	126	380
	127	380
	128	380
.PEN_UP
.PEN_DOWN
	138	399
	139	399
	138	399
	138	398
	138	397
	138	396
	138	395
	138	394
	137	394
	137	391
	137	390
	137	389
	137	388
	136	386
	136	385
	136	384
	136	383
	136	382
	136	381
	136	380
	136	379
	136	377
	136	376
	136	375
	136	374
.PEN_UP
.PEN_DOWN
	146	386
	146	385
	145	385
	144	385
	144	384
	144	383
	143	382
	143	381
	143	380
	143	379
	144	379
	144	378
	144	377
	144	376
	145	375
	146	375
	147	375
	148	375
	148	376
	149	376
	149	377
	149	378
	149	379
	149	380
	149	381
	149	382
	148	382
	148	383
	148	384
.PEN_UP
.PEN_DOWN
	155	386
	155	385
	154	385
	154	384
	154	383
	154	382
	154	381
	154	380
	154	379
	155	378
	155	377
	155	376
	156	376
	157	376
	158	376
	159	376
	160	376
	161	378
	162	378
	162	379
	162	380
	163	380
	163	381
	164	381
	164	382
	164	383
	165	384
	165	385
	164	385
	164	384
	163	384
	163	383
	163	382
	163	381
	163	380
	164	379
	164	378
	165	378
	165	377
	166	377
	167	377
	168	377
	169	377
	170	378
	170	379
	171	380
	171	381
	171	382
	171	383
	171	384
	171	385
	171	386
	170	387
	170	388
	170	387
.PEN_UP
.PEN_DOWN
	176	380
	176	379
	177	379
	178	379
	179	379
	180	379
	180	380
	181	380
	182	381
	182	382
	182	383
	182	384
	182	385
	181	385
	181	386
	180	386
	179	386
	178	385
	177	384
	177	383
	177	382
	177	381
	176	381
	176	380
	176	379
	177	378
	177	377
	177	376
	178	376
	178	375
	179	375
	180	374
	181	374
	183	374
	184	374
.PEN_UP
.PEN_DOWN
	192	386
	193	386
	193	385
	193	384
	193	383
	193	382
	194	381
	194	380
	194	379
	194	378
	194	377
	195	376
	195	375
	195	374
	195	375
	195	376
	195	377
	195	378
	195	379
	195	380
	195	381
	195	383
	196	384
	196	385
	197	385
	197	386
	198	386
	199	386
	200	386
	201	386
	201	385
	202	385
	203	385
	204	385
.PEN_UP
.PEN_DOWN
	230	403
	231	403
	230	402
	230	401
	230	400
	230	399
	230	398
	230	396
	230	394
	230	393
	231	391
	231	389
	231	387
	231	385
	231	384
	231	382
	231	379
	231	378
	232	376
	232	374
	232	373
	232	372
	232	373
	233	373
	233	374
	234	375
	234	376
	235	376
	235	378
	235	379
	236	380
	236	381
	237	384
	238	385
	238	386
	238	387
	239	388
	239	389
	240	389
	241	389
	241	388
	241	387
	242	386
	242	385
	242	384
	242	383
	243	381
	243	380
	243	379
	243	378
	243	377
	243	376
	243	375
.PEN_UP
.PEN_DOWN
	254	387
	253	388
	252	388
	251	388
	251	387
	250	386
	250	385
	249	383
	249	382
	249	381
	249	380
	249	379
	250	378
	250	377
	250	376
	251	376
	252	376
	252	377
	253	377
	253	378
	253	379
	254	380
	254	381
	255	382
	255	383
	255	384
	255	385
	255	386
	255	385
	255	384
	255	383
	255	382
	255	381
	255	380
	256	379
	256	378
	256	377
	256	376
.PEN_UP
.PEN_DOWN
	268	399
	269	398
	269	397
	269	396
	269	394
	270	393
	270	392
	270	391
	270	390
	270	389
	270	388
	270	387
	270	386
	270	385
	270	384
	270	383
	270	382
	270	381
	270	380
	271	379
	271	378
	271	377
	271	378
	271	379
	270	380
	270	381
	269	381
	269	382
	268	383
	267	383
	266	383
	264	383
	263	382
	262	381
	262	380
	261	380
	261	379
	261	378
	261	377
	262	376
	263	376
	264	376
	265	376
	266	376
	268	376
	269	377
	270	377
	271	378
	272	379
.PEN_UP
.PEN_DOWN
	297	380
	297	379
	297	378
	297	377
	297	376
	297	374
	298	372
	298	371
	298	370
	298	368
	298	367
	297	366
	297	365
	297	364
	297	363
	297	362
	297	361
	297	362
	297	363
	297	364
	297	365
	297	366
	297	367
	297	369
	297	370
	297	372
	297	373
	297	375
	298	376
	298	377
	299	378
	299	380
	300	381
	301	381
	301	382
	302	382
	303	383
	304	383
	305	383
	306	383
	307	383
	308	383
	309	383
	310	382
	310	381
	310	380
	309	379
	309	378
	308	376
	307	376
	306	375
	305	375
	304	374
	304	373
	303	373
	302	373
	302	372
.PEN_UP
.PEN_DOWN
	320	382
	319	383
	318	382
	317	381
	316	381
	316	380
	316	379
	316	378
	316	377
	316	376
	316	375
	317	374
	318	373
	319	373
	320	374
	321	375
	321	376
	322	377
	322	378
	322	379
	322	380
	321	381
.PEN_UP
.PEN_DOWN
	335	386
	334	386
	332	386
	332	385
	331	385
	331	384
	330	384
	330	383
	330	382
	330	381
	331	381
	331	380
	332	380
	332	379
	333	379
	333	378
	334	378
	334	377
	335	377
	336	376
	336	375
	336	374
	335	373
	333	372
	332	372
	331	372
	330	372
.PEN_UP
.PEN_DOWN
	345	377
	346	377
	347	377
	348	377
	349	377
	349	378
	350	378
	351	378
	351	379
	351	380
	351	381
	351	382
	351	383
	351	384
	350	384
	350	385
	349	385
	348	385
	347	385
	347	384
	345	384
	345	383
	344	383
	344	382
	343	382
	343	381
	343	380
	343	379
	343	378
	344	377
	344	376
	345	376
	345	375
	346	375
	347	374
	348	373
	349	373
	350	373
	352	373
.PEN_UP
.PEN_DOWN
	367	393
	368	393
	368	392
	368	391
	368	390
	368	389
	368	388
	368	387
	368	386
	368	385
	368	384
	368	383
	368	382
	368	381
	368	380
	368	379
	368	377
	368	376
	368	375
	368	374
	368	375
	368	376
	368	377
	368	378
	367	379
	366	380
	365	381
	364	381
	363	381
	362	381
	361	381
	360	381
	359	381
	358	380
	358	379
	358	378
	358	377
	358	376
	359	376
	360	375
	361	375
	362	374
	363	374
	364	374
	365	374
	366	374
	367	374
	368	374
	369	375
.PEN_UP
.PEN_DOWN
	407	379
	407	380
	407	381
	406	381
	405	381
	405	382
	404	382
	403	382
	402	382
	401	381
	400	381
	400	380
	400	379
	399	378
	399	376
	399	375
	400	374
	400	373
	401	373
	401	372
	402	372
	403	372
	404	372
	405	372
	406	373
	407	374
	407	375
	408	376
	408	377
	409	378
	409	380
	410	381
	410	380
	410	379
	410	378
	410	377
	410	376
	410	375
	410	374
	411	374
	411	373
	411	372
.PEN_UP
.PEN_DOWN
	419	395
	419	394
	419	393
	419	392
	418	391
	418	390
	418	389
	418	387
	418	386
	418	385
	417	383
	417	382
	417	381
	417	379
	417	378
	417	377
	417	376
	417	375
	417	374
	417	373
	417	372
	418	372
	418	371
	419	371
.PEN_UP
.PEN_DOWN
	430	383
	430	384
	429	384
	428	384
	428	383
	427	382
	426	381
	426	380
	425	379
	425	378
	425	377
	425	376
	425	375
	425	374
	426	374
	426	373
	427	372
	428	372
	429	372
	430	372
	430	373
	430	374
	431	374
	431	376
	431	377
	431	378
	431	379
	431	380
	430	381
.PEN_UP
.PEN_DOWN
	440	385
	440	384
	441	383
	441	382
	441	381
	441	380
	440	378
	440	377
	440	376
	440	375
	440	374
	440	373
	441	372
	441	371
	442	372
	443	373
	443	374
	444	375
	444	376
	445	377
	445	378
	446	379
	447	380
	447	381
	448	381
	448	380
	449	379
	449	378
	449	377
	449	376
	449	375
	449	374
	449	373
	449	372
	449	371
	449	370
	449	369
.PEN_UP
.PEN_DOWN
	460	381
	459	381
	459	380
	458	379
	457	378
	456	376
	455	376
	455	374
	454	373
	454	372
	453	371
	453	370
	453	369
	453	368
	454	367
	455	367
	455	368
	456	368
	456	369
	457	370
	458	371
	458	372
	458	373
	459	374
	460	376
	460	377
	460	378
	460	377
	459	376
	459	375
	459	374
	458	373
	458	372
	458	370
	458	369
	458	368
	458	367
	458	365
	458	363
	458	362
	458	360
	458	359
	458	358
	458	357
	458	356
	458	355
	458	354
	458	353
	457	352
	456	350
	456	349
	455	349
	455	348
	454	348
	453	348
	452	348
	452	349
	451	349
	451	350
	451	351
	451	352
	451	353
	452	354
	452	355
	453	356
	455	359
	456	360
	457	361
	458	362
	459	363
	460	364
	461	365
	462	365
	462	366
	463	367
	464	367
	465	367
	466	368
.PEN_UP
.PEN_DOWN
	480	380
	480	381
	480	382
	480	383
	479	383
	478	383
	477	383
	476	383
	475	382
	475	381
	474	381
	473	380
	473	379
	473	378
	474	377
	475	376
	476	376
	477	376
	477	375
	478	375
	479	375
	479	374
	480	374
	480	373
	481	373
	481	372
	481	371
	480	371
	480	370
	479	369
	478	369
	477	369
	477	368
	476	368
	475	368
.PEN_UP
.PEN_DOWN
	490	380
	490	379
	490	378
	490	377
	489	376
	489	375
	489	374
	490	373
	490	372
	490	371
.PEN_UP
.PEN_DOWN
	492	388
	493	388
	493	389
	493	390
	494	390
.PEN_UP
.PEN_DOWN
	508	396
	508	395
	509	395
	509	394
	509	393
	509	392
	509	391
	509	390
	509	388
	509	387
	509	386
	509	384
	509	383
	509	382
	509	381
	509	380
	509	379
	509	378
	509	377
	509	376
	509	375
	508	375
	508	374
	508	375
	508	376
	508	377
	507	378
	507	379
	506	380
	505	381
	504	381
	503	382
	502	382
	500	382
	500	381
	499	381
	499	380
	499	379
	499	378
	499	377
	499	376
	500	375
	501	374
	502	374
	503	374
	504	373
	505	373
	506	373
	507	373
	508	374
	509	374
.PEN_UP
.PEN_DOWN
	520	378
	521	378
	522	378
	523	378
	524	379
	524	380
	525	380
	525	381
	525	382
	525	383
	525	384
	524	384
	524	385
	523	385
	523	386
	522	386
	521	386
	520	386
	520	385
	519	385
	518	385
	518	384
	517	383
	517	382
	517	381
	517	379
	517	378
	517	377
	517	376
	518	375
	519	374
	519	373
	520	373
	521	372
	522	372
	523	372
	524	372
.PEN_UP
.PEN_DOWN
	549	384
	549	385
	548	385
	548	386
	547	387
	546	387
	545	387
	544	387
	544	386
	543	386
	543	385
	543	384
	543	383
	543	382
	543	381
	543	380
	543	379
	543	378
	543	377
	544	377
	544	376
	545	376
	546	376
	547	376
	548	376
	548	377
	549	377
	549	378
	550	379
	550	380
	550	381
	550	382
	550	383
	550	382
	550	381
	550	380
	551	378
	551	377
	552	377
	553	376
	553	375
	554	375
	555	374
	556	373
	557	373
.PEN_UP
