
.WRITER_ID BobStrong
.STYLE PRINTED
.PEN_DOWN
	129	390
	129	391
	129	392
	128	392
	128	393
	127	393
	126	393
	125	393
	124	393
	123	393
	122	393
	121	393
	120	393
	120	392
	119	391
	119	390
	120	389
	120	388
	121	388
	121	387
	122	387
	123	386
	124	386
	125	385
	126	385
	126	384
	127	384
	128	383
	128	382
	128	381
	127	381
	126	380
	125	380
	125	379
	124	379
	123	379
	122	379
	121	379
	120	379
	118	379
	117	379
	116	379
	115	379
	114	379
	113	379
	112	379
.PEN_UP
.PEN_DOWN
	137	377
	139	378
	141	378
	142	379
	144	379
	146	381
	146	382
	147	383
	147	384
	147	385
	146	386
	145	387
	144	388
	143	388
	142	389
	140	389
	137	389
	137	388
	135	388
	134	387
	133	387
	133	386
	132	385
	132	384
.PEN_UP
.PEN_DOWN
	161	387
	162	387
	161	386
	161	385
	160	384
	160	383
	159	382
	159	381
	158	380
	158	379
	158	378
	158	377
	158	376
	157	375
	158	376
	159	377
	159	378
	160	379
	160	380
	161	381
	161	382
	161	383
	161	384
	162	385
	162	386
	162	387
	162	388
	162	389
	163	389
	163	388
	164	388
	164	387
	164	386
	164	385
	165	384
	165	383
	166	382
	167	381
	167	380
	168	380
	168	379
	169	379
	170	380
	171	381
	171	382
	171	383
	172	384
	172	386
	172	387
	173	388
	173	389
	174	391
	174	392
	176	395
	176	396
	176	397
	177	397
	177	396
.PEN_UP
.PEN_DOWN
	203	390
	203	391
	202	391
	201	391
	201	392
	200	392
	199	392
	199	391
	198	391
	197	391
	195	389
	194	389
	193	388
	192	387
	191	386
	190	385
	190	384
	189	383
	189	382
	189	381
	189	380
	189	378
	189	377
	190	377
	191	376
	192	376
	193	376
	195	376
	196	376
	198	376
	199	376
	200	377
	201	377
	204	378
	204	379
	205	379
	205	380
	205	381
	204	382
	203	383
	202	383
	201	384
	199	384
	198	384
	197	384
	195	383
	194	383
	193	382
	194	382
	195	382
	196	382
	198	382
	199	382
	200	383
	202	383
	204	384
	205	384
	206	384
	208	384
.PEN_UP
.PEN_DOWN
	246	387
	245	386
	245	385
	245	384
	244	383
	244	382
	243	381
	242	380
	241	379
	241	378
	240	377
	240	376
	239	376
	239	375
	239	374
	238	373
	238	372
	238	371
	238	372
	239	372
	239	373
	239	375
	240	375
	240	376
	240	377
	240	379
	241	379
	241	381
	242	383
	242	384
	243	385
	243	387
	244	388
	245	390
	246	391
	247	391
	248	391
	249	391
	249	390
	250	390
	251	389
	252	387
	252	386
	252	385
	252	384
	252	383
	252	382
	251	381
	251	380
	251	379
	251	378
	251	377
	251	376
	251	375
	251	374
	252	374
.PEN_UP
.PEN_DOWN
	239	380
	240	380
	241	380
	242	380
	243	381
	244	381
	245	381
	246	381
	248	381
	248	382
	249	382
	250	382
	251	381
.PEN_UP
.PEN_DOWN
	269	382
	269	381
	269	380
	268	380
	268	379
	268	378
	268	376
	268	375
	268	374
	267	373
.PEN_UP
.PEN_DOWN
	268	388
	269	389
	270	389
	271	389
	273	389
	274	389
	275	389
	276	389
	277	389
	278	388
	278	387
	278	386
	277	385
	276	384
	275	384
	275	383
	274	383
	273	382
	272	382
	272	381
	271	381
	269	380
	268	380
	269	380
	270	380
	271	380
	273	380
	275	380
	276	380
	277	380
	278	379
	279	379
	279	378
	279	377
	278	376
	278	375
	277	375
	276	374
	275	374
	273	373
	272	372
	271	372
	270	372
	269	372
	268	372
	267	372
	266	372
	265	372
	265	373
.PEN_UP
.PEN_DOWN
	299	386
	299	387
	298	387
	297	387
	296	387
	295	386
	294	385
	293	385
	292	384
	291	383
	291	382
	290	382
	290	381
	290	380
	290	379
	290	378
	290	377
	291	376
	292	376
	293	376
	295	376
	297	376
	298	376
	299	377
	300	377
	301	378
	302	379
	302	380
	302	381
	302	383
	302	384
	302	385
	301	386
	301	387
	301	388
	300	388
	299	388
	298	388
	297	388
	296	388
	296	387
	296	386
.PEN_UP
.PEN_DOWN
	312	388
	312	387
	311	386
	310	385
	309	384
	309	382
	308	381
	308	380
	308	379
	308	378
	309	377
	309	376
	311	375
	312	375
	314	375
	314	376
	316	376
	317	377
	318	378
	319	378
	319	379
	320	379
	320	381
	320	382
	320	383
	321	384
	321	385
	321	386
	321	387
	322	388
.PEN_UP
.PEN_DOWN
	328	389
	329	389
	330	389
	331	388
	333	388
	334	388
	335	388
	337	388
	339	388
	340	388
	341	388
	342	388
	343	388
	344	388
	345	388
	346	388
.PEN_UP
.PEN_DOWN
	336	388
	337	387
	336	386
	336	385
	335	385
	335	384
	334	383
	334	382
	334	380
	334	379
	333	378
	333	376
	333	375
	333	374
	333	373
	333	372
.PEN_UP
.PEN_DOWN
	388	386
	388	387
	389	387
	389	386
	388	386
	388	387
	387	387
	387	388
	387	387
	386	387
	386	386
	385	385
	385	384
	385	383
	385	381
	385	380
	384	379
	384	378
	384	377
	384	376
	384	375
	384	374
	384	373
.PEN_UP
.PEN_DOWN
	379	389
	379	388
	380	388
	381	388
	382	388
	385	389
	386	389
	388	390
	390	390
	392	390
	393	390
	394	390
	395	390
	396	390
	397	390
	397	389
	398	389
.PEN_UP
.PEN_DOWN
	409	386
	409	385
	409	384
	409	383
	409	382
	409	381
	409	380
	408	379
	408	378
	408	377
	408	376
	407	374
	407	373
	406	373
	406	372
	406	371
.PEN_UP
.PEN_DOWN
	422	388
	421	388
	421	387
	420	387
	420	386
	419	386
	419	385
	419	384
	418	384
	418	383
	418	381
	417	380
	417	379
	417	378
	417	377
	416	376
	416	375
	416	374
	416	373
	417	372
	418	371
	418	370
.PEN_UP
.PEN_DOWN
	410	379
	411	379
	412	379
	414	379
	415	379
	416	379
	417	379
	419	379
	420	379
	421	379
.PEN_UP
.PEN_DOWN
	436	385
	436	384
	435	383
	435	382
	434	381
	434	380
	433	379
	433	378
	433	377
	433	376
	432	375
	432	374
	432	373
	433	373
	433	372
	434	372
.PEN_UP
.PEN_DOWN
	436	386
	437	386
	437	387
	438	387
	439	387
	439	388
	440	388
	442	388
	443	388
	444	388
	445	388
	445	387
.PEN_UP
.PEN_DOWN
	432	379
	433	379
	433	378
	434	378
	435	378
	436	379
	438	379
	439	379
	440	379
	441	379
	442	379
	443	379
.PEN_UP
.PEN_DOWN
	430	372
	431	371
	432	371
	433	372
	434	372
	436	373
	437	373
	438	373
	440	373
	441	373
	442	373
	443	373
	445	373
	446	373
	447	373
	447	372
	448	372
.PEN_UP
.PEN_DOWN
	493	390
	493	391
	492	392
	491	392
	490	392
	489	392
	488	392
	487	391
	486	391
	485	390
	484	390
	483	389
	483	388
	482	388
	481	387
	481	386
	480	384
	479	382
	479	381
	479	380
	479	379
	480	378
	480	377
	481	377
	482	376
	483	376
	486	376
	487	376
	488	376
	489	376
	490	376
	491	377
	492	377
	493	377
	493	378
	493	379
	492	379
	492	380
	491	380
	491	381
	490	381
	489	382
	488	382
	489	382
	490	382
	491	382
	492	382
	493	382
	494	382
	495	382
	496	382
	497	382
.PEN_UP
.PEN_DOWN
	505	385
	504	385
	504	384
	504	383
	503	381
	503	380
	503	379
	503	378
	503	377
	503	376
	503	375
	503	374
	503	373
.PEN_UP
.PEN_DOWN
	505	389
	506	389
	506	390
	507	390
	508	390
	509	391
	510	391
	512	391
	513	391
	514	391
	515	391
	515	390
	515	389
	515	388
	515	387
	515	386
	514	385
	514	384
	513	384
	512	384
	512	383
	511	382
	510	382
	508	381
	507	380
	506	380
	505	380
	506	380
	506	379
	507	379
	508	379
	509	379
	510	378
	511	378
	511	377
	512	376
	512	375
	512	374
	512	373
	512	372
	513	371
	514	370
.PEN_UP
.PEN_DOWN
	530	391
	530	390
	530	389
	530	388
	529	388
	529	387
	529	386
	528	384
	528	383
	528	382
	528	380
	527	379
	527	378
	527	377
	527	375
	527	374
	527	373
	527	372
.PEN_UP
.PEN_DOWN
	549	386
	549	387
	548	387
	547	387
	547	388
	545	388
	544	388
	543	387
	542	387
	541	387
	539	386
	538	386
	537	385
	536	384
	536	383
	537	383
	538	382
	540	382
	542	381
	543	381
	544	381
	545	381
	546	381
	547	380
	548	380
	548	379
	549	379
	549	378
	549	377
	548	377
	548	376
	547	375
	546	375
	546	374
	545	374
	544	373
	543	373
	543	372
	542	372
	541	372
	540	372
	539	371
	538	371
.PEN_UP
.PEN_DOWN
	561	386
	560	385
	559	384
	559	383
	558	382
	557	381
	557	380
	556	379
	556	378
	555	378
	555	377
	554	376
	554	375
	554	374
	554	373
	555	373
	556	373
	557	373
	558	373
	559	373
	560	373
	561	373
	562	373
	563	373
	564	373
	565	373
	566	373
	567	373
	567	372
	568	372
	569	372
	569	371
	570	371
.PEN_UP
.PEN_DOWN
	580	390
	581	390
	580	390
	579	390
	579	389
	578	388
	578	387
	577	385
	577	384
	577	383
	578	383
	578	382
	579	381
	580	381
	582	381
	583	382
	584	383
	585	383
	585	384
	586	384
	587	385
	587	386
	588	387
	589	389
	590	390
.PEN_UP
.PEN_DOWN
	581	381
	582	380
	582	379
	581	378
	580	377
	580	376
	580	375
	579	374
	579	373
	579	372
	579	371
	579	370
	579	369
	579	368
.PEN_UP
.PEN_DOWN
	617	389
	618	389
	618	388
	618	387
	618	386
	617	385
	617	384
	617	383
	617	382
	617	381
	617	380
	617	379
	617	378
	618	377
	618	376
	618	375
	618	376
	619	376
	620	377
	620	378
	621	378
	621	379
	622	379
	622	380
	623	381
	624	383
	624	384
	625	385
	625	387
	626	388
	627	388
	627	389
	627	390
	628	390
	629	390
.PEN_UP
.PEN_DOWN
	638	386
	638	385
	638	384
	637	384
	636	383
	636	382
	636	381
	636	380
	636	379
	636	378
	636	377
	636	376
	636	374
	636	373
	636	372
	636	371
.PEN_UP
.PEN_DOWN
	654	388
	654	387
	653	387
	653	386
	653	385
	652	384
	651	382
	651	381
	651	380
	651	379
	651	378
	651	377
	651	375
	651	374
	651	373
	651	372
	651	371
	652	371
.PEN_UP
.PEN_DOWN
	666	388
	665	387
	664	386
	663	386
	662	385
	661	384
	660	384
	659	383
	658	382
	657	382
	656	382
	655	381
	654	381
	653	380
	653	379
	653	378
	654	378
	654	377
	655	377
	656	377
	657	376
	658	376
	658	375
	659	375
	660	374
	661	373
	661	372
	662	371
	662	370
	663	370
.PEN_UP
.PEN_DOWN
	683	384
	683	383
	683	382
	683	381
	682	381
	682	380
	681	378
	680	377
	680	376
	679	375
	679	374
	679	373
	678	372
	678	371
	678	370
	678	369
	678	368
	678	367
	679	367
.PEN_UP
.PEN_DOWN
	694	378
	694	377
	694	376
	693	375
	692	374
	692	373
	691	372
	691	371
	691	370
	690	370
	690	369
	690	368
	691	368
	691	369
	692	369
	692	370
	692	371
	693	372
	694	373
	694	375
	695	375
	695	377
	696	378
	696	379
	697	380
	697	379
	697	378
	697	377
	697	375
	697	374
	697	373
	697	372
	698	371
	698	370
	699	370
	700	370
	701	370
	702	370
	703	371
	704	371
	704	372
	705	372
	705	373
	706	375
	706	376
	706	377
	706	378
	707	379
	707	380
	707	382
	707	383
	708	384
	708	385
	708	386
.PEN_UP
.PEN_DOWN
	726	383
	725	383
	724	383
	723	382
	722	382
	721	381
	720	381
	720	380
	719	379
	718	377
	718	376
	718	375
	718	374
	718	373
	718	372
	718	371
	718	370
	719	369
	719	368
	721	368
	722	368
	723	368
	724	368
	725	369
	726	370
	726	372
	726	373
	725	374
	724	375
	725	375
	726	375
	727	375
	728	375
	729	375
	730	375
	731	375
	732	375
	733	375
	734	375
	735	375
	736	375
	737	375
	738	375
	739	375
	740	375
	741	375
.PEN_UP
