
.WRITER_ID BobStrong
.STYLE PRINTED
.PEN_DOWN
	77	398
	78	398
	78	397
	77	396
	77	395
	77	394
	77	393
	76	392
	76	390
	76	389
	75	386
	75	385
	74	384
	74	383
	74	382
	74	381
	74	380
.PEN_UP
.PEN_DOWN
	74	375
	75	374
	74	374
.PEN_UP
.PEN_DOWN
	92	385
	93	385
	93	384
	93	385
	94	385
	94	386
	94	387
	93	387
	93	388
	93	387
	92	387
	91	387
	91	388
	90	388
	89	388
	88	388
	87	388
	86	388
	86	387
	85	387
	85	386
	84	385
	84	384
	85	383
	86	383
	87	383
	88	383
	89	383
	90	383
	91	383
	92	384
	92	385
	92	386
	92	387
	91	388
	91	389
	90	389
	89	390
	87	390
	86	390
	85	390
	84	390
	83	389
	82	389
	81	388
	80	387
	79	386
	79	384
	79	383
	79	381
	79	379
	79	378
	80	377
	81	376
	82	375
	83	375
	85	375
	86	374
	87	374
	88	374
	90	374
	91	374
	92	375
.PEN_UP
.PEN_DOWN
	109	392
	109	391
	109	390
	109	389
	109	388
	108	387
	108	385
	108	384
	107	383
	107	382
	106	381
	106	380
	106	379
	106	378
.PEN_UP
.PEN_DOWN
	116	393
	116	392
	115	391
	115	390
	115	389
	114	388
	114	386
	114	384
	113	382
	113	381
	113	380
	113	379
	114	378
	114	377
	114	376
.PEN_UP
.PEN_DOWN
	102	388
	103	388
	103	389
	104	389
	105	389
	106	389
	108	389
	109	388
	112	388
	113	388
	114	388
	115	388
.PEN_UP
.PEN_DOWN
	102	383
	102	382
	103	382
	104	382
	105	382
	106	382
	107	382
	108	382
	109	381
	110	381
	111	381
	112	380
	113	380
	114	380
	115	380
.PEN_UP
.PEN_DOWN
	140	386
	141	386
	140	386
	140	385
	139	385
	138	385
	137	385
	136	385
	135	385
	134	385
	133	384
	132	384
	131	384
	131	383
	130	383
	129	383
	129	382
	129	381
	130	380
	131	380
	132	380
	133	379
	134	379
	136	379
	137	379
	138	378
	139	378
	140	378
	141	377
	141	376
	141	375
	140	375
	139	374
	138	374
	137	373
	136	373
	135	372
	133	372
	132	372
	131	372
	130	372
	129	372
.PEN_UP
.PEN_DOWN
	138	395
	138	394
	138	393
	138	392
	138	391
	137	390
	137	388
	136	386
	136	384
	136	383
	135	381
	135	380
	135	379
	134	377
	134	376
	134	375
	134	374
	134	372
	134	371
	134	370
.PEN_UP
.PEN_DOWN
	160	385
	159	385
	158	385
	157	384
	157	383
	156	383
	156	382
	156	381
	156	380
	157	380
	157	379
	158	379
	159	379
	160	379
	161	379
	162	379
	163	379
	164	379
	164	380
	165	380
	166	381
	166	382
	166	383
	166	384
	165	384
	165	385
	164	385
	163	385
	163	384
	163	383
	164	383
	165	383
	166	383
	167	382
	168	382
	169	382
	170	381
	171	380
	171	379
	170	378
	170	377
	169	377
	169	376
	167	375
	166	374
	166	373
	165	372
	165	371
	164	371
	164	370
	163	370
	163	369
.PEN_UP
.PEN_DOWN
	173	377
	173	376
	173	375
	172	375
	171	374
	171	373
	171	372
	171	371
	172	371
	173	370
	175	370
	176	370
	177	370
	179	370
	180	371
	181	371
	182	372
	182	373
	181	374
	181	375
	180	376
	178	376
	177	376
	176	376
	175	376
	174	376
	173	376
.PEN_UP
.PEN_DOWN
	190	385
	191	385
	191	386
	192	386
	193	386
	193	387
	194	387
	195	388
	196	388
	197	388
	198	389
	198	390
	199	390
	199	391
	198	390
	198	389
	198	388
	198	386
	197	385
	197	384
	197	383
	197	382
	197	381
	197	380
.PEN_UP
.PEN_DOWN
	219	387
	219	386
	219	384
	218	384
	218	383
	218	382
	218	381
	218	380
	217	380
	217	379
	217	380
	217	381
	217	382
	216	383
	216	384
	215	384
	213	384
	212	384
	211	384
	211	383
	210	383
	210	382
	209	382
	209	381
	209	380
	209	379
	210	379
	211	379
	212	379
	214	379
	215	379
	216	379
	217	379
	218	379
	220	379
	221	379
	222	379
	223	379
	223	380
	224	380
	224	381
.PEN_UP
.PEN_DOWN
	231	388
	232	387
	232	386
	232	385
	232	384
	233	384
	233	383
	233	382
	234	381
	234	380
	235	379
	235	378
	236	377
	236	376
.PEN_UP
.PEN_DOWN
	240	388
	240	387
	239	387
	238	386
	238	385
	237	384
	237	383
	236	382
	235	382
	235	381
	234	380
	233	379
	232	378
	231	377
	231	376
	230	376
	230	375
.PEN_UP
.PEN_DOWN
	236	391
	236	390
	236	389
	236	388
	235	387
	235	385
	235	384
	235	383
	235	382
	235	381
	235	380
	234	379
	234	378
	234	377
	234	376
.PEN_UP
.PEN_DOWN
	227	381
	228	381
	230	382
	232	382
	233	382
	234	382
	235	381
	236	381
	237	381
	238	381
	239	381
.PEN_UP
.PEN_DOWN
	258	392
	258	391
	257	391
	257	390
	256	389
	256	388
	255	388
	255	387
	253	386
	253	384
	252	382
	251	380
	251	379
	251	378
	251	377
	251	376
	251	375
	251	374
	252	373
	253	372
	253	371
	255	371
.PEN_UP
.PEN_DOWN
	268	389
	269	388
	270	387
	270	386
	271	385
	271	384
	272	384
	273	383
	273	382
	274	380
	274	379
	274	378
	274	377
	273	376
	273	375
	273	374
	272	373
	272	372
	271	372
	270	371
	269	371
.PEN_UP
.PEN_DOWN
	289	391
	289	390
	289	389
	290	388
	291	387
	291	386
	292	386
	292	385
	293	384
.PEN_UP
.PEN_DOWN
	300	381
	300	380
	299	380
	299	379
	298	379
	299	379
	299	380
	300	381
	301	382
	302	382
	302	383
	303	383
	303	384
	303	383
	304	383
	304	382
	304	381
	304	380
	305	380
	306	380
	307	380
	308	381
	309	381
	310	381
	311	381
	312	381
	312	382
	312	383
	312	384
.PEN_UP
.PEN_DOWN
	325	381
	326	380
	326	381
	327	381
	328	381
	329	381
	330	381
	331	381
	332	381
	333	380
.PEN_UP
.PEN_DOWN
	336	370
	337	370
	338	370
	339	370
	340	370
	342	370
	343	370
	344	370
	345	370
	346	370
	347	370
	348	370
	348	369
	349	369
.PEN_UP
.PEN_DOWN
	368	384
	369	384
	369	383
	369	382
	368	382
	368	381
	368	380
	368	379
	367	378
	367	377
	367	376
	367	375
	366	375
	366	374
	366	373
	365	373
	365	372
	365	371
	365	370
.PEN_UP
.PEN_DOWN
	359	378
	360	378
	361	378
	362	378
	363	378
	364	378
	365	378
	366	378
	367	378
	368	378
	370	378
	371	378
	372	377
	373	377
.PEN_UP
.PEN_DOWN
	383	382
	384	382
	385	382
	386	382
	387	382
	388	382
	390	383
	391	383
	392	383
	393	382
	394	382
	395	382
.PEN_UP
.PEN_DOWN
	385	375
	386	376
	387	376
	388	376
	389	376
	390	376
	391	376
	392	376
	392	375
	393	375
	394	375
.PEN_UP
.PEN_DOWN
	420	388
	419	388
	418	388
	417	388
	416	388
	415	388
	414	388
	413	388
	412	388
	411	388
	410	388
	409	387
	408	387
	407	387
	407	386
	406	386
	406	385
	406	384
	406	383
	406	382
	406	381
	406	380
	406	379
	406	378
	406	377
	406	376
	406	375
	406	374
	405	374
	405	373
	405	372
	405	371
	406	371
	407	371
	408	371
	409	371
	410	371
	412	371
	413	371
	414	371
	415	371
	416	371
	416	370
.PEN_UP
.PEN_DOWN
	427	388
	428	388
	429	388
	430	388
	431	388
	432	388
	433	388
	434	388
	435	388
	436	388
	437	388
	438	388
	438	387
	438	386
	437	386
	437	385
	437	384
	437	382
	436	381
	436	380
	436	379
	436	378
	436	377
	436	376
	436	375
	436	374
	436	373
	436	372
	437	371
	437	370
	436	370
	435	370
	434	370
	433	370
	432	370
	431	370
	430	370
.PEN_UP
.PEN_DOWN
	458	391
	457	391
	456	391
	455	391
	454	391
	453	391
	453	390
	452	390
	451	389
	450	388
	451	387
	452	386
	453	386
	453	385
	454	385
	455	384
	455	383
	454	383
	454	382
	454	381
	454	380
	454	379
	453	379
	452	379
	452	378
	451	378
	451	377
	451	376
	452	376
	452	375
	453	374
	453	373
	453	372
	453	371
	453	370
	454	370
	455	370
	456	370
.PEN_UP
.PEN_DOWN
	468	391
	469	391
	469	390
	470	390
	471	390
	473	389
	474	389
	474	388
	475	388
	475	387
	475	386
	474	386
	474	385
	473	385
	473	384
	472	384
	471	384
	471	383
	470	383
	470	382
	470	381
	470	380
	471	380
	471	379
	471	378
	472	378
	472	377
	472	376
	471	376
	471	375
	470	375
	470	374
	470	373
	471	373
	471	372
	472	372
	472	371
	472	370
	472	369
	471	368
	470	368
	469	368
.PEN_UP
.PEN_DOWN
	488	387
	489	387
	489	386
	490	386
	491	386
	491	385
	492	384
	493	383
	493	382
	494	381
	495	380
	495	379
	496	378
	497	377
	498	376
	499	375
	500	374
	500	373
.PEN_UP
.PEN_DOWN
	513	375
	513	374
	513	373
	513	372
	512	371
	512	370
	511	370
	511	369
	510	368
	509	367
.PEN_UP
.PEN_DOWN
	537	390
	536	389
	535	388
	534	387
	533	385
	532	384
	531	383
	531	382
	530	381
	529	380
	529	379
	528	378
	527	377
	527	376
	526	375
	526	374
.PEN_UP
.PEN_DOWN
	549	390
	549	391
	550	391
	551	390
	552	390
	553	390
	554	390
	555	390
	555	389
	555	388
	554	387
	554	386
	553	385
	552	384
	552	383
	551	382
	551	381
	551	380
	551	379
.PEN_UP
.PEN_DOWN
	550	373
	550	372
	550	371
	549	371
	548	371
	548	370
	549	370
	550	370
.PEN_UP
.PEN_DOWN
	571	397
	571	396
	571	395
	571	394
	570	393
	569	393
	569	392
	569	391
	569	390
	569	389
.PEN_UP
.PEN_DOWN
	589	392
	588	391
	587	390
	587	389
	586	388
	586	387
	586	386
	585	386
.PEN_UP
.PEN_DOWN
	592	390
	593	389
	592	389
	591	388
	591	387
	591	386
	591	385
	591	384
.PEN_UP
.PEN_DOWN
	609	384
	609	383
	608	383
	606	383
	605	383
	604	383
	603	382
	602	382
	601	381
	601	380
	600	380
	600	379
	599	378
	599	377
	599	376
	600	375
	601	374
	602	373
	603	373
	604	372
	606	371
	607	370
	608	370
	609	369
	610	369
	610	368
.PEN_UP
.PEN_DOWN
	633	394
	633	393
	633	392
	632	391
	632	390
	632	388
	631	387
	630	385
	630	384
	630	382
	629	380
	628	377
	628	376
	628	375
	628	374
	628	373
	627	372
	627	371
	627	370
	628	369
	628	368
.PEN_UP
.PEN_DOWN
	644	385
	645	385
	646	385
	646	384
	647	384
	649	384
	650	384
	651	383
	652	383
	652	382
	653	382
	654	382
	654	381
	655	381
	655	380
	655	379
	655	378
	655	377
	654	377
	653	377
	653	376
	652	376
	651	375
	650	375
	649	374
	648	374
	647	373
	646	372
	646	371
	646	370
.PEN_UP
.PEN_DOWN
	675	393
	675	392
	675	391
	674	391
	674	390
	674	389
	674	388
.PEN_UP
.PEN_DOWN
	680	391
	681	391
	681	390
	680	390
	680	389
	679	389
	679	388
	678	387
	678	386
	678	385
	678	384
.PEN_UP
.PEN_DOWN
	692	379
	693	379
	694	378
.PEN_UP
.PEN_DOWN
	694	370
	695	370
	695	369
	694	369
	694	368
	693	368
	692	366
	691	365
	691	364
	690	363
	689	362
	687	362
	686	361
	684	361
.PEN_UP
.PEN_DOWN
	712	382
	712	383
	712	382
	713	382
	713	381
.PEN_UP
.PEN_DOWN
	708	370
	709	370
	709	371
	709	370
.PEN_UP
.PEN_DOWN
	726	372
	725	373
	725	374
	726	374
.PEN_UP
