
.WRITER_ID BillRivard
.STYLE PRINTED
.PEN_DOWN
	76	400
	76	401
	76	400
	75	400
	75	399
	74	399
	74	398
	73	398
	73	397
	72	396
	72	395
	72	394
	72	393
	72	392
	72	391
	73	390
	73	389
	73	388
	73	387
	74	385
	74	384
	74	383
	74	382
	74	381
	74	380
	75	379
	75	378
	75	377
	75	376
	75	375
	75	374
	74	374
.PEN_UP
.PEN_DOWN
	69	381
	70	381
	71	381
	72	381
	73	381
	74	381
	76	382
	77	382
	78	382
	79	382
	80	383
	81	383
.PEN_UP
.PEN_DOWN
	87	382
	86	382
	85	382
	84	382
	84	381
	83	381
	83	380
	82	379
	82	378
	82	376
	83	375
	83	374
	84	374
	85	374
	86	374
	86	375
	87	375
	88	376
	88	377
	89	377
	89	378
	89	379
	89	380
	89	381
	89	382
	89	383
	89	382
	89	381
	89	380
	90	380
	91	379
	91	378
	92	378
	93	377
	93	376
	94	376
	95	376
.PEN_UP
.PEN_DOWN
	100	383
	100	382
	100	381
	100	380
	100	379
	100	378
	100	377
	101	376
	101	375
	102	374
	102	373
	103	373
.PEN_UP
.PEN_DOWN
	102	391
	103	391
	103	390
.PEN_UP
.PEN_DOWN
	110	394
	111	394
	111	393
	111	392
	111	391
	111	390
	111	388
	111	386
	111	385
	111	384
	111	383
	111	382
	111	381
	111	380
	111	379
	111	378
	111	377
	112	376
	112	375
	112	374
	113	374
.PEN_UP
.PEN_DOWN
	120	379
	121	379
	122	379
	122	380
	123	380
	123	381
	124	381
	124	382
	125	382
	125	383
	125	384
	125	385
	125	386
	124	386
	124	387
	122	387
	122	386
	121	386
	121	385
	120	385
	120	384
	119	383
	119	382
	119	381
	119	380
	119	379
	119	378
	120	378
	120	377
	121	376
	122	376
	123	376
	124	376
	125	376
	126	376
	127	376
	128	377
	129	377
.PEN_UP
.PEN_DOWN
	139	396
	139	395
	139	394
	139	393
	139	392
	139	391
	139	390
	139	389
	139	388
	139	387
	139	386
	139	385
	139	384
	139	383
	139	382
	139	381
	139	380
	140	380
	140	381
	140	382
	139	382
	139	383
	138	383
	137	383
	136	383
	135	383
	134	383
	133	383
	133	382
	132	382
	132	381
	132	380
	133	379
	134	378
	135	378
	136	378
	137	378
	138	378
	138	379
	139	379
	140	379
	140	380
	141	380
	142	379
.PEN_UP
.PEN_DOWN
	164	380
	164	379
	165	379
	165	378
	165	377
	166	377
	166	376
	167	376
	168	376
	169	376
	170	376
	170	377
	171	378
	171	379
	172	379
	172	380
	172	381
	173	381
	173	382
	173	381
	173	380
	173	379
	173	378
	174	378
	174	377
	175	376
	176	376
	177	376
	178	376
	179	376
	180	377
	181	379
	181	380
	182	381
	182	382
	182	383
	182	384
	182	385
	182	386
	182	387
	182	388
	181	389
.PEN_UP
.PEN_DOWN
	195	385
	195	384
	195	383
	195	382
	195	381
	195	380
	195	379
	194	379
	194	378
	194	377
	194	376
	194	375
	195	375
	195	374
.PEN_UP
.PEN_DOWN
	196	392
	196	393
	196	394
	197	394
	197	393
	198	393
	199	393
.PEN_UP
.PEN_DOWN
	204	385
	205	385
	206	385
	207	385
	208	385
	209	385
	210	385
	211	385
	211	384
	211	383
	210	383
	210	382
	209	381
	208	380
	208	379
	207	378
	207	377
	208	376
	209	375
	210	375
	212	375
	213	375
	214	375
	215	375
.PEN_UP
.PEN_DOWN
	224	380
	224	381
	224	382
	223	382
	222	382
	221	382
	221	381
	220	381
	220	380
	220	379
	219	378
	219	377
	219	376
	220	376
	220	375
	221	375
	221	374
	222	374
	223	374
	224	375
	225	375
	226	376
	226	377
	227	377
	227	378
	227	379
	228	380
	228	381
	228	382
	228	383
	228	384
	229	384
	229	383
	229	382
	229	381
	229	380
	229	379
	230	378
	230	377
	231	377
	232	376
	233	376
	233	375
	234	375
	235	375
	235	376
.PEN_UP
.PEN_DOWN
	239	383
	240	383
	240	382
	240	381
	240	380
	240	379
	240	378
	241	377
	241	376
	241	375
	241	374
	241	373
	241	374
	241	375
	241	376
	241	377
	241	378
	241	379
	242	380
	242	381
	242	382
	243	382
	244	382
	245	382
	246	382
	247	382
	248	382
	249	382
	249	381
	250	381
	251	381
.PEN_UP
.PEN_DOWN
	260	390
	260	389
	261	389
	261	388
	261	387
	261	386
	262	384
	262	383
	262	382
	262	381
	262	380
	262	379
	262	378
	262	377
	262	376
	262	375
	262	374
	263	374
	263	375
	263	376
	263	377
	262	378
	262	379
	261	379
	260	379
	259	379
	258	379
	257	379
	256	379
	256	378
	255	378
	255	377
	255	376
	255	375
	255	374
	256	373
	257	373
	258	372
	259	372
	260	372
	261	372
	262	372
	263	373
	264	373
	265	373
	266	373
	267	373
	267	374
.PEN_UP
.PEN_DOWN
	294	384
	294	383
	295	383
	295	382
	295	381
	295	380
	295	377
	295	376
	295	374
	295	373
	295	372
	295	371
	295	370
	295	369
.PEN_UP
.PEN_DOWN
	307	383
	307	382
	306	382
	305	381
	304	381
	303	381
	303	380
	302	380
	301	379
	300	379
	300	378
	299	378
	298	377
	298	376
	298	375
	299	374
	300	373
	302	372
	303	372
	304	372
	305	372
	306	371
	307	371
.PEN_UP
.PEN_DOWN
	316	382
	316	381
	317	381
	317	380
	317	379
	317	378
	317	377
	317	376
	317	375
	317	374
	317	373
	317	372
	317	371
	317	372
	318	372
	318	373
	318	374
	319	375
	320	376
	320	377
	320	378
	321	379
	322	380
	322	381
	323	382
	324	383
	325	383
	326	382
	326	381
	326	380
	326	379
	327	378
	327	376
	328	375
	328	374
	328	373
	329	372
.PEN_UP
.PEN_DOWN
	337	377
	338	377
	339	377
	340	377
	341	377
	341	378
	342	378
	343	379
	343	380
	343	381
	342	381
	342	382
	341	382
	340	382
	339	383
	338	383
	338	382
	337	382
	337	381
	336	380
	336	379
	336	378
	336	377
	335	376
	335	375
	335	374
	336	373
	336	372
	337	372
	338	372
	339	372
	340	371
	341	371
	342	371
	343	371
	344	371
	345	371
	346	371
	347	371
.PEN_UP
.PEN_DOWN
	355	380
	355	379
	354	379
	354	378
	354	376
	354	375
	354	374
	355	374
	355	373
	356	373
	357	373
	358	373
	358	374
	359	374
	360	375
	361	375
	361	376
	362	377
	363	378
	363	377
	363	376
	363	375
	364	375
	364	374
	365	373
	366	372
	367	372
	368	372
	369	372
	370	372
	371	372
	372	373
	373	374
	373	375
	374	376
	374	377
	374	378
	374	379
	374	380
	373	380
	373	381
.PEN_UP
.PEN_DOWN
	407	393
	406	393
	405	392
	405	391
	405	390
	404	390
	404	389
	404	386
	403	385
	403	384
	403	383
	403	382
	403	381
	403	380
	403	379
	403	378
	403	377
	403	376
	403	375
	403	374
	403	373
	404	373
	405	373
	405	374
.PEN_UP
.PEN_DOWN
	398	382
	399	382
	400	382
	400	381
	401	381
	402	381
	403	381
	404	381
	405	381
	406	381
	407	381
	408	381
	409	381
.PEN_UP
.PEN_DOWN
	416	395
	417	395
	417	394
	416	394
	416	393
	416	392
	416	391
	416	390
	416	389
	415	388
	415	387
	415	385
	415	383
	415	382
	415	381
	414	380
	414	379
	414	378
	414	377
	414	376
	414	375
	414	374
	415	375
	416	376
	416	377
	417	377
	418	378
	419	379
	419	380
	420	381
	421	381
	421	382
	422	382
	422	381
	423	381
	423	380
	424	379
	424	378
	425	377
	426	376
	426	375
	426	374
.PEN_UP
.PEN_DOWN
	438	381
	438	382
	437	383
	436	383
	435	383
	434	383
	433	382
	433	381
	432	381
	432	380
	432	379
	432	378
	432	377
	432	376
	433	376
	433	375
	434	375
	435	375
	436	375
	437	376
	438	376
	438	377
	439	378
	439	379
	439	380
	440	381
	440	382
	440	381
	440	380
	440	379
	440	378
	440	377
	440	376
	440	375
.PEN_UP
.PEN_DOWN
	454	396
	455	396
	454	396
	454	395
	454	394
	453	394
	453	393
	452	391
	452	390
	452	388
	451	387
	451	386
	450	385
	450	384
	450	383
	450	381
	449	380
	449	378
	449	377
	448	376
	448	375
	448	374
	448	373
.PEN_UP
.PEN_DOWN
	444	385
	444	384
	445	383
	446	383
	447	383
	448	383
	449	382
	450	382
	451	382
.PEN_UP
.PEN_DOWN
	486	386
	485	387
	484	387
	483	387
	482	387
	481	387
	481	386
	481	385
	482	384
	483	383
	483	382
	484	382
	485	381
	486	381
	486	380
	487	380
	487	379
	488	378
	489	377
	489	376
	490	375
	490	374
	489	374
	489	373
	488	373
	487	372
	486	372
	485	372
	484	372
	483	372
	482	373
	481	373
.PEN_UP
.PEN_DOWN
	501	381
	501	382
	500	382
	499	382
	498	381
	497	381
	497	380
	496	380
	496	379
	495	379
	495	378
	495	377
	495	376
	495	375
	496	374
	496	373
	497	372
	498	372
	499	371
	500	371
	501	371
	502	372
	503	372
	503	373
	504	374
	505	375
	505	376
	505	377
	505	378
	505	379
	505	380
	504	382
	504	383
	503	384
	503	385
	502	385
	501	385
	500	385
	501	385
	502	385
	503	384
	504	384
	504	383
	505	383
	506	383
	506	382
	507	382
	508	381
	509	381
	509	382
	509	383
	510	383
.PEN_UP
.PEN_DOWN
	511	381
	511	380
	511	379
	511	378
	511	377
	511	376
	511	375
	511	374
	511	373
	511	372
	512	372
	513	373
	514	374
	514	375
	515	376
	516	377
	516	378
	516	379
	517	379
	517	380
	517	381
	518	381
	518	382
	518	381
	518	380
	518	379
	518	378
	518	377
	518	376
	518	375
	518	374
	519	374
	520	374
	521	375
	522	375
	522	376
	523	376
	523	377
	524	378
	525	379
	526	379
	526	380
	527	381
	528	381
	528	380
	528	379
	528	378
	528	376
	528	375
	528	374
	528	373
	528	372
	528	371
	529	371
.PEN_UP
.PEN_DOWN
	533	376
	534	376
	535	376
	536	376
	537	376
	538	376
	539	376
	540	376
	541	377
	543	378
	543	379
	544	380
	544	381
	543	382
	543	383
	542	383
	541	384
	540	384
	539	384
	538	384
	537	383
	536	382
	535	382
	534	381
	533	380
	532	378
	532	377
	532	376
	532	374
	532	373
	533	372
	534	371
	534	370
	535	370
	536	369
	539	369
	540	368
	541	368
	542	368
	544	368
	545	368
.PEN_UP
