
.WRITER_ID BobStrong
.STYLE PRINTED
.PEN_DOWN
	81	384
	81	383
	80	383
	81	383
	80	383
	80	384
	80	383
	79	382
	79	381
	78	381
	78	380
	77	379
	77	378
	76	377
	76	376
	75	375
	75	374
	74	373
	74	372
	74	371
	75	372
	76	374
	76	375
	77	376
	78	377
	79	378
	79	379
	80	381
	80	382
	81	384
	82	385
	82	386
	83	387
	85	388
	86	388
	87	388
	87	387
	87	386
	87	385
	87	384
	87	381
	87	380
	87	379
	87	378
	87	377
	87	375
	86	374
	86	373
	86	372
	86	371
	86	370
	86	369
	87	369
.PEN_UP
.PEN_DOWN
	78	379
	79	379
	80	379
	81	379
	82	379
	83	379
	84	379
	85	379
	85	378
	86	378
	87	378
	88	378
	89	378
.PEN_UP
.PEN_DOWN
	123	381
	123	382
	122	382
	122	381
	121	381
	121	380
	119	379
	119	378
	118	377
	117	375
	116	373
	116	372
	116	371
	116	370
	116	369
	117	369
	119	368
	121	368
	122	368
	123	369
	125	369
	127	370
	128	371
	130	371
	131	373
	132	374
	133	375
	133	377
	133	379
	133	381
	132	382
	131	383
	129	384
	128	384
	127	384
	126	384
	125	384
.PEN_UP
.PEN_DOWN
	125	375
	125	374
	126	373
	126	372
	126	371
	127	370
	127	369
	128	369
	128	368
	128	367
	128	366
	129	366
	129	365
	129	364
.PEN_UP
.PEN_DOWN
	142	378
	142	377
	142	376
	141	376
	141	375
	140	374
	140	373
	140	372
	140	371
	141	370
	142	369
	143	368
	144	368
	145	368
	146	368
	147	369
	148	370
	149	370
	149	371
	150	372
	150	373
	150	374
	150	375
	150	376
	150	377
	150	378
	150	379
.PEN_UP
.PEN_DOWN
	164	379
	164	378
	164	377
	164	376
	163	375
	163	374
	162	373
	162	372
	161	371
	161	370
	161	369
	161	368
	161	367
	161	366
	161	365
.PEN_UP
.PEN_DOWN
	184	376
	185	376
	185	377
	185	378
	185	379
	184	379
	183	379
	182	379
	182	378
	181	378
	180	377
	179	377
	178	376
	177	375
	176	373
	176	372
	175	371
	175	370
	175	369
	176	368
	176	367
	177	366
	178	366
	179	366
	181	366
	182	366
	183	366
	184	366
	185	367
.PEN_UP
.PEN_DOWN
	202	383
	203	382
	203	381
	203	380
	202	378
	202	377
	202	376
	201	375
	201	374
	201	373
	201	372
	201	371
	201	370
	201	369
	201	368
.PEN_UP
.PEN_DOWN
	213	383
	214	382
	213	381
	212	381
	212	380
	211	380
	211	379
	210	379
	209	379
	208	378
	207	377
	206	377
	206	376
	205	375
	205	374
	205	373
	205	372
	206	371
	207	371
	207	370
	208	370
	209	370
	210	370
	211	369
	212	369
	213	369
	213	368
	214	367
.PEN_UP
.PEN_DOWN
	255	380
	256	380
	256	381
	257	381
	256	381
	255	381
	255	380
	254	379
	253	378
	252	375
	252	374
	251	373
	251	372
	251	371
	250	370
	250	369
	250	368
	251	368
.PEN_UP
.PEN_DOWN
	253	385
	254	385
	255	385
	256	386
	257	386
	258	386
	260	386
	262	386
	263	386
	263	385
	264	385
	264	384
	263	383
	262	381
	261	381
	259	380
	258	380
	257	380
	256	379
	255	379
	254	379
	255	379
	256	379
	257	379
	258	379
	259	379
	260	378
	261	378
	262	378
	263	378
	264	378
	265	378
	265	377
	265	376
	264	375
	263	375
	261	374
	260	373
	259	373
	258	372
	257	372
	256	372
	255	371
	254	371
	253	371
	253	370
	252	370
.PEN_UP
.PEN_DOWN
	277	380
	278	379
	278	378
	278	377
	278	376
	278	375
	278	374
	277	372
	277	371
	276	370
	276	369
	276	368
.PEN_UP
.PEN_DOWN
	278	381
	279	382
	280	382
	281	383
	283	383
	285	383
	286	383
	288	383
	289	383
	290	383
	291	383
	292	383
	293	382
	294	381
	294	380
	293	379
	292	378
	291	378
	290	377
	289	377
	288	376
	287	376
	286	375
	285	375
	285	374
	283	374
	283	373
	282	373
	282	372
	283	372
	284	371
	285	371
	286	370
	287	370
	288	370
	289	370
	289	369
	290	368
	291	368
.PEN_UP
.PEN_DOWN
	301	376
	301	375
	300	375
	299	375
	298	374
	298	373
	298	372
	298	371
	298	370
	299	369
	301	368
	302	368
	303	368
	305	368
	306	368
	307	369
	307	370
	308	371
	308	372
	308	373
	308	374
	307	375
	307	376
	306	378
	305	379
	304	379
	303	379
	302	379
	301	379
	300	379
.PEN_UP
.PEN_DOWN
	316	376
	317	376
	317	375
	316	375
	316	374
	315	373
	315	372
	315	371
	315	370
	315	369
	316	368
	317	368
	317	367
	318	367
	319	367
	320	367
	320	368
	321	368
	322	369
	323	369
	323	370
	324	370
	324	371
	324	372
	324	373
	325	373
	325	374
	325	375
	325	376
	325	375
	325	374
	325	373
	325	372
	325	371
	326	370
	327	370
	328	370
	329	370
	330	370
	331	370
	332	371
	333	373
	334	373
	334	374
	334	375
	335	375
	335	376
	335	377
	335	378
	335	379
	334	380
.PEN_UP
.PEN_DOWN
	347	375
	347	374
	347	373
	346	372
	346	371
	345	370
	345	369
	344	369
	344	368
	344	367
	343	366
	343	365
	344	366
	345	366
	346	367
	346	368
	346	369
	347	369
	347	370
	347	371
	348	371
	348	373
	348	374
	349	375
	349	376
	349	377
	350	378
	350	377
	350	376
	350	375
	350	374
	350	373
	350	372
	350	371
	351	371
	351	370
	352	370
	352	369
	353	369
	353	368
	354	368
	355	368
	356	368
	357	369
	358	369
	359	370
	359	371
	360	372
	360	374
	360	375
	361	376
	361	377
	361	378
	361	379
	362	380
	362	381
	363	382
	363	383
.PEN_UP
.PEN_DOWN
	393	385
	393	384
	393	383
	392	383
	392	382
	392	381
	392	380
	392	379
	391	378
	391	376
	391	375
	390	374
	390	373
	390	372
	389	371
	389	370
	390	370
.PEN_UP
.PEN_DOWN
	393	385
	394	386
	395	386
	397	386
	398	386
	399	386
	401	386
	402	386
	403	386
	404	386
.PEN_UP
.PEN_DOWN
	393	378
	394	378
	395	378
	396	378
	397	379
	398	379
	399	379
.PEN_UP
.PEN_DOWN
	416	378
	415	378
	414	378
	413	378
	411	378
	411	377
	410	377
	409	376
	409	375
	409	374
	409	373
	409	372
	409	371
	410	370
	411	370
	412	369
	413	369
	415	368
	416	368
	418	368
	420	368
	423	369
	424	369
	425	370
	425	371
	426	371
	426	372
	426	373
	426	375
	425	376
	425	377
	424	378
	423	379
	421	380
	419	381
	418	381
	417	381
	416	381
.PEN_UP
.PEN_DOWN
	438	378
	438	377
	439	377
	439	376
	440	375
	441	374
	441	373
	442	372
	442	371
	443	370
	444	369
	444	368
	445	368
.PEN_UP
.PEN_DOWN
	446	381
	446	380
	444	380
	443	379
	442	379
	441	378
	440	378
	439	377
	438	376
	437	375
	436	374
	436	373
	435	371
.PEN_UP
.PEN_DOWN
	500	387
	501	387
	501	386
	501	385
	501	384
	501	383
	501	382
	501	381
	500	380
	500	379
	500	378
	500	376
	500	375
	500	374
	500	373
	499	372
	499	371
	499	370
	498	370
	497	370
	496	370
	495	371
	494	371
	494	372
	493	372
	492	373
	491	374
	490	374
	489	375
	488	375
	487	375
	487	376
.PEN_UP
.PEN_DOWN
	495	388
	496	388
	497	388
	499	388
	500	388
	501	388
	502	388
	504	388
	505	388
	507	388
	508	388
	509	388
	510	387
	511	387
	512	387
	514	386
.PEN_UP
.PEN_DOWN
	516	377
	516	376
	515	375
	514	375
	514	374
	514	373
	515	372
	516	372
	517	371
	518	371
	520	371
	521	371
	522	371
	524	371
	526	372
	527	372
	528	373
	529	374
	530	374
	531	376
	531	377
	531	378
	531	379
	531	380
	530	381
	529	382
	528	382
.PEN_UP
.PEN_DOWN
	542	375
	541	375
	541	374
	540	373
	540	372
	540	371
	540	370
	540	369
	540	368
	541	369
	542	369
	542	370
	543	370
	543	371
	543	372
	544	372
	545	373
	545	374
	546	375
	547	376
	547	377
	548	378
	549	378
	549	379
	550	378
	550	377
	550	376
	550	375
	550	374
	551	375
	552	375
	553	376
	554	376
	554	377
	555	377
	555	378
	556	378
	557	379
	558	379
	558	378
	557	378
	557	377
	557	376
	557	375
	557	374
	557	373
	558	372
.PEN_UP
.PEN_DOWN
	579	384
	578	384
	577	383
	576	382
	576	381
	575	380
	575	379
	574	378
	574	377
	574	376
	573	374
	573	373
	573	372
	573	371
	573	370
	574	370
	574	371
.PEN_UP
.PEN_DOWN
	578	388
	579	388
	580	388
	581	388
	582	388
	583	387
	584	387
	585	387
	585	386
	586	386
	587	385
	588	385
	589	385
	589	384
	590	384
	590	383
	589	382
	588	382
	588	381
	587	381
	586	381
	585	380
	584	380
	583	380
	582	380
	579	380
	578	380
	577	381
	576	381
	575	381
.PEN_UP
.PEN_DOWN
	614	386
	615	386
	616	386
	616	387
	616	388
	614	389
	613	389
	612	389
	611	389
	610	389
	608	389
	607	388
	606	388
	605	388
	604	387
	603	386
	602	385
	602	384
	603	383
	604	382
	604	381
	606	381
	607	380
	608	380
	610	379
	611	379
	612	379
	615	378
	616	377
	616	376
	615	376
	613	376
	613	375
	612	375
	611	375
	610	375
	609	375
	608	375
	607	375
	606	375
	605	374
	604	374
	603	374
	602	374
	601	373
.PEN_UP
