
.WRITER_ID BillRivard
.STYLE PRINTED
.PEN_DOWN
	90	374
	91	374
	90	375
	90	376
	90	377
	89	377
	89	378
	89	379
	89	381
	89	382
	89	383
	90	385
	90	387
	90	388
	91	389
	91	390
	91	391
	92	392
	92	393
	93	393
	94	394
	95	394
	97	394
	98	394
	98	393
	99	393
	99	392
	99	391
	100	390
	100	389
	101	388
	101	386
	101	385
	101	384
	102	383
	102	381
	102	380
	102	379
	102	378
	103	377
	103	376
	103	375
	103	374
	103	373
	103	372
	104	372
	104	373
.PEN_UP
.PEN_DOWN
	91	381
	92	381
	93	382
	94	382
	95	382
	96	383
	97	383
	98	383
	99	383
	100	383
	101	384
	102	384
	103	384
	104	384
.PEN_UP
.PEN_DOWN
	136	390
	135	390
	134	390
	133	390
	132	390
	131	390
	130	390
	129	390
	129	389
	128	389
	127	388
	127	387
	127	386
	127	385
	128	385
	129	385
	130	384
	131	383
	132	383
	133	382
	134	381
	135	381
	135	380
	136	380
	136	379
	136	378
	136	376
	136	375
	135	375
	134	374
	133	373
	132	373
	131	373
	130	373
	128	373
	128	374
	127	374
	126	375
.PEN_UP
.PEN_DOWN
	142	385
	142	384
	142	383
	142	382
	143	381
	143	380
	143	379
	143	378
	143	376
	144	376
	144	375
	144	376
	144	377
	145	378
	145	379
	146	380
	146	381
	146	382
	146	383
	147	384
	147	385
	148	386
	148	387
	148	388
	148	389
	149	389
	149	388
	149	387
	149	386
	150	384
	150	383
	150	382
	150	381
	151	381
	151	380
	151	379
	152	379
	153	380
	153	381
	154	382
	154	383
	154	384
	155	385
	156	387
	156	389
	156	390
	157	390
	157	391
	157	392
	158	392
	158	393
	158	392
	159	391
	159	390
	160	389
	160	388
	160	387
	160	386
	160	385
	160	384
	160	382
	161	382
	161	381
	161	380
	162	379
	163	379
.PEN_UP
.PEN_DOWN
	173	389
	173	390
	173	391
	172	391
	171	390
	170	390
	170	389
	169	388
	168	386
	167	385
	167	384
	167	383
	167	382
	167	381
	167	380
	167	379
	168	379
	169	379
	170	379
	171	379
	171	380
	172	380
	172	381
	173	381
	173	382
	173	383
	174	384
	174	385
	174	386
	174	387
	174	388
	174	387
	174	386
	174	385
	174	384
	174	383
	174	382
	174	381
	174	380
	174	379
	174	378
.PEN_UP
.PEN_DOWN
	181	401
	181	400
	181	399
	180	398
	180	397
	180	396
	180	395
	180	394
	180	393
	180	391
	180	390
	180	387
	180	385
	180	384
	180	383
	180	381
	180	380
	180	379
	180	378
	180	377
	180	376
	181	376
.PEN_UP
.PEN_DOWN
	188	402
	188	401
	188	400
	188	399
	188	398
	188	396
	188	395
	188	394
	188	393
	188	392
	188	391
	188	390
	188	389
	188	387
	188	386
	188	385
	188	383
	188	381
	188	380
	188	379
	188	378
	188	377
	189	376
.PEN_UP
.PEN_DOWN
	199	378
	199	379
	199	378
	199	377
	200	376
	200	375
	200	374
	200	373
	201	373
	201	372
.PEN_UP
.PEN_DOWN
	243	388
	243	389
	243	390
	242	390
	241	391
	240	391
	239	391
	238	391
	237	390
	236	390
	235	390
	234	389
	233	388
	233	387
	233	386
	233	385
	233	384
	233	383
	233	382
	234	382
	234	381
	235	381
	236	381
	238	382
	239	383
	240	384
	240	385
	241	386
	241	387
	242	388
	242	389
	242	390
	242	391
	243	391
	243	390
	243	389
	243	388
	243	386
	243	385
	243	383
	243	382
	244	380
	244	378
	244	375
	244	373
	244	371
	244	370
	244	368
	244	367
	244	366
	244	365
	243	364
	243	363
	243	362
	243	361
	242	361
	242	360
	241	360
	240	360
	239	360
	239	361
	238	362
.PEN_UP
.PEN_DOWN
	253	392
	253	391
	254	390
	254	389
	254	388
	254	387
	255	386
	255	385
	255	384
	255	383
	255	382
	255	381
	255	380
	255	379
	255	378
	255	379
	255	380
	255	381
	255	382
	255	383
	255	384
	255	385
	255	387
	255	388
	255	389
	255	390
	256	391
	257	392
	257	393
	258	393
	259	394
	260	394
	261	394
	262	394
	263	394
.PEN_UP
.PEN_DOWN
	274	387
	274	386
	275	386
	276	386
	276	387
	277	387
	277	388
	278	388
	278	389
	278	390
	278	391
	278	392
	278	393
	277	393
	277	394
	276	394
	275	394
	274	394
	273	394
	272	394
	271	393
	271	392
	270	391
	270	390
	270	389
	270	388
	270	387
	271	386
	272	386
	272	385
	273	385
	274	384
	274	383
	275	383
	276	383
	277	383
	279	383
.PEN_UP
.PEN_DOWN
	287	390
	288	390
	289	390
	290	390
	290	391
	291	391
	292	391
	293	392
	293	393
	294	393
	294	394
	294	395
	294	396
	294	397
	293	397
	292	397
	291	397
	290	396
	289	396
	289	395
	288	395
	288	394
	287	393
	286	392
	286	391
	286	390
	286	389
	286	388
	286	387
	286	386
	287	385
	288	385
	289	385
	289	384
	290	384
	291	383
	292	383
	293	383
	294	383
	295	383
	296	383
.PEN_UP
.PEN_DOWN
	305	395
	305	394
	305	393
	305	392
	306	391
	306	390
	306	389
	306	388
	306	387
	306	386
	307	385
	307	384
	307	383
	308	383
	309	384
	309	385
	310	386
	311	387
	311	388
	312	389
	312	390
	313	390
	313	391
	314	392
	315	393
	315	395
	316	396
	317	396
	317	397
	317	396
	318	395
	318	394
	318	393
	318	392
	319	392
	319	391
	319	390
	320	389
	320	388
	320	387
	320	386
	321	385
	322	384
.PEN_UP
.PEN_DOWN
	349	397
	348	397
	347	397
	347	396
	346	396
	345	395
	344	394
	344	393
	344	391
	344	390
	344	389
	344	388
	345	387
	346	387
	346	386
	347	385
	348	384
	349	384
	350	384
	351	385
	352	386
	352	387
	353	388
	353	389
	353	390
	354	390
	354	392
	354	393
	354	394
	354	395
	355	395
	355	394
	356	393
	356	392
	356	391
	356	390
	357	389
	357	388
	357	387
	358	387
	358	386
	358	385
.PEN_UP
.PEN_DOWN
	366	398
	366	397
	366	396
	366	395
	367	394
	367	393
	368	391
	368	390
	369	389
	369	388
	370	388
	370	389
	371	389
	371	390
	372	390
	372	391
	372	392
	373	392
	373	393
	373	394
	374	396
	374	397
	375	398
	375	399
	376	398
	376	396
	376	395
	376	394
	376	393
	376	392
	376	391
	377	390
	377	389
	377	388
	377	387
	377	386
.PEN_UP
.PEN_DOWN
	389	406
	389	405
	389	404
	390	403
	390	402
	390	401
	390	400
	390	399
	391	398
	391	396
	391	394
	391	392
	392	391
	392	390
	392	389
	392	388
	392	387
	392	386
	392	385
	392	384
	392	385
	393	385
	393	386
	393	387
	393	389
	393	390
	392	391
	392	392
	392	393
	391	393
	391	394
	390	394
	389	394
	387	394
	386	394
	385	393
	384	392
	383	391
	383	390
	383	389
	383	388
	384	387
	384	386
	385	386
	386	385
	387	385
	388	385
	390	385
	391	385
	392	385
	393	386
	394	386
.PEN_UP
.PEN_DOWN
	430	408
	431	408
	431	407
	431	406
	432	404
	432	403
	432	402
	432	401
	432	399
	432	398
	432	397
	432	395
	433	394
	433	393
	433	391
	433	390
	433	388
	434	387
	434	386
	435	386
	435	387
	435	388
	436	389
	436	390
	437	390
	438	391
	438	392
	439	393
	440	394
	440	395
	441	396
	442	397
	442	398
	443	398
	444	398
	444	397
	444	396
	444	395
	444	394
	445	394
	445	393
	445	391
	445	390
	446	389
	446	388
	446	387
	447	386
.PEN_UP
.PEN_DOWN
	453	396
	453	395
	454	395
	454	394
	454	393
	454	392
	454	391
	454	390
	454	389
	455	388
	455	387
	455	386
.PEN_UP
.PEN_DOWN
	455	403
	455	404
	456	404
.PEN_UP
.PEN_DOWN
	469	406
	469	405
	469	406
	469	405
	469	404
	469	403
	469	402
	469	401
	470	400
	470	399
	470	398
	470	397
	470	396
	470	395
	470	394
	470	393
	470	394
	470	395
	470	396
	469	396
	469	397
	468	398
	467	399
	466	399
	465	399
	464	399
	464	398
	463	398
	462	397
	462	396
	462	395
	461	395
	461	394
	461	393
	461	392
	462	392
	462	391
	463	391
	464	391
	465	391
	466	391
	467	391
	469	392
	470	392
	471	392
	472	393
	473	393
	474	393
	475	393
	475	394
.PEN_UP
.PEN_DOWN
	483	395
	484	394
	485	395
	486	395
	486	396
	487	396
	487	397
	487	398
	487	399
	486	400
	485	400
	484	400
	483	400
	482	400
	481	399
	480	398
	479	397
	478	396
	478	395
	478	394
	478	393
	479	392
	480	391
	481	391
	481	390
	482	390
	483	390
	484	390
	484	389
	486	389
	487	389
	489	389
.PEN_UP
.PEN_DOWN
	500	399
	500	400
	499	400
	498	400
	497	400
	497	399
	495	399
	495	398
	495	397
	494	397
	494	396
	493	395
	493	394
	493	393
	493	392
	493	391
	494	390
	495	389
	496	389
	497	388
	498	388
	499	388
	500	388
	501	388
	501	389
	502	389
	503	390
	504	390
	505	392
	505	393
	505	394
	505	395
	504	396
	504	397
	503	398
	502	398
.PEN_UP
.PEN_DOWN
	509	399
	510	399
	510	398
	509	398
	509	397
	509	395
	508	394
	508	393
	508	392
	508	391
	508	390
	509	389
	510	388
	511	388
	512	389
	513	389
	514	390
	515	390
	516	391
	516	392
	517	393
	518	393
	519	395
	519	396
	520	397
	520	398
	520	399
	520	398
	520	397
	520	396
	520	395
	520	394
	520	393
	521	392
	521	391
	521	390
	522	390
.PEN_UP
.PEN_DOWN
	533	401
	532	401
	532	402
	531	401
	530	400
	529	400
	529	399
	529	398
	529	397
	530	396
	531	396
	532	395
	533	395
	533	394
	534	393
	534	392
	533	391
	532	390
	531	390
	530	390
	529	390
	527	389
.PEN_UP
.PEN_DOWN
	542	414
	542	413
	542	412
	542	411
	542	410
	542	409
	542	408
	542	407
	542	405
	542	404
	542	403
	542	401
	543	399
	543	397
	543	396
	543	395
	543	394
	543	393
	543	392
	543	391
	543	390
.PEN_UP
.PEN_DOWN
	550	402
	549	402
	549	401
	548	400
	548	399
	548	398
	548	397
	548	396
	548	395
	548	394
	549	394
	549	393
	550	393
	551	393
	552	394
	553	395
	554	396
	554	397
	555	398
	556	399
	556	400
	556	401
	557	401
	557	402
	558	402
	558	401
	557	401
	557	400
	557	397
	557	396
	557	394
	556	393
	556	391
	556	389
	556	387
	556	385
	556	383
	556	381
	557	379
	557	378
	557	375
	557	374
	557	373
	557	372
	556	372
	555	373
	555	374
	554	375
	554	376
	553	377
	552	379
	552	380
	552	381
	552	382
	552	384
	552	385
	553	386
	555	388
	556	389
	557	389
	559	389
	561	390
	562	390
	564	390
	566	390
	567	390
	569	390
	570	390
	571	389
.PEN_UP
