
.WRITER_ID BobStrong
.STYLE PRINTED
.PEN_DOWN
	105	393
	105	394
	105	395
	104	395
	104	396
	103	396
	102	396
	101	396
	100	396
	99	395
	98	395
	97	394
	97	393
	96	392
	95	391
	94	391
	93	389
	93	388
	92	387
	92	386
	91	382
	91	380
	91	379
	91	377
	90	376
	90	375
	90	373
	90	372
	90	371
	90	370
.PEN_UP
.PEN_DOWN
	83	380
	84	380
	85	381
	86	381
	87	381
	87	382
	88	382
	89	382
	90	382
	91	383
	92	383
	93	383
	94	383
.PEN_UP
.PEN_DOWN
	104	381
	104	380
	104	379
	103	379
	103	378
	102	377
	102	376
	101	376
	101	375
	101	374
	101	372
	102	372
	102	371
	103	371
	104	371
	105	371
	106	371
	107	371
	108	372
	110	373
	111	374
	112	375
	112	376
	112	377
	112	378
	112	379
	112	380
	111	381
	109	381
	108	381
	108	380
	106	380
	105	380
	105	379
.PEN_UP
.PEN_DOWN
	123	380
	124	380
	124	379
	125	379
	126	378
	127	377
	127	376
	128	375
	129	374
	130	373
	130	372
	131	372
	132	371
.PEN_UP
.PEN_DOWN
	131	381
	131	380
	129	380
	129	379
	128	379
	127	378
	126	377
	125	376
	124	376
	123	375
	122	375
	122	374
	121	374
	121	373
	120	373
	120	372
	119	372
	119	371
	118	370
.PEN_UP
.PEN_DOWN
	148	377
	148	376
	147	376
	146	375
	146	374
	146	373
	146	372
	147	371
	148	370
	149	370
	150	370
	151	370
	152	370
	152	371
	153	371
	153	372
	154	373
	155	374
	155	375
	155	376
	156	376
	156	377
	156	378
	155	377
	155	376
	155	375
	155	374
	155	373
	155	372
	155	371
	156	370
	156	369
	156	368
	156	367
	156	366
	156	365
	156	364
	156	363
	156	362
	156	361
	155	361
	155	360
	155	359
	154	359
	153	359
	151	359
	150	359
	148	359
	147	359
	146	359
	146	358
	145	358
.PEN_UP
.PEN_DOWN
	207	390
	208	390
	209	390
	210	390
	211	391
	212	391
	213	391
	215	391
	216	391
	217	391
	218	391
	219	391
	219	390
	219	389
	218	388
	217	387
	217	386
	216	385
	215	384
	214	384
	213	383
	212	382
	211	382
	211	381
	209	379
	208	379
	207	378
	207	377
	207	376
	207	375
	207	374
	207	373
	208	373
	210	373
	211	373
	212	373
	213	374
	214	374
	215	374
	216	374
	217	374
	218	374
	219	374
	220	373
	221	373
.PEN_UP
.PEN_DOWN
	231	383
	231	382
	230	381
	230	380
	230	379
	229	379
	229	378
	230	377
	230	376
	231	376
	232	376
	233	376
	234	376
	235	376
	236	376
	237	376
	239	377
	240	377
	240	378
	241	378
	241	379
	241	380
.PEN_UP
.PEN_DOWN
	250	398
	250	397
	250	395
	249	393
	249	392
	249	391
	248	390
	248	389
	247	388
	247	387
	247	385
	247	384
	247	383
	247	380
	247	379
	247	378
	248	377
	248	376
	248	375
.PEN_UP
.PEN_DOWN
	263	386
	262	386
	262	385
	262	384
	261	383
	261	382
	261	381
	260	380
	260	379
	260	378
	260	377
	260	376
	260	375
	260	374
	261	374
	262	374
	263	374
	264	375
	265	376
	266	377
	267	378
	267	379
	268	380
	269	383
	269	384
	269	386
	270	387
	270	388
	270	389
	271	389
.PEN_UP
.PEN_DOWN
	291	383
	290	383
	289	384
	288	384
	287	384
	286	384
	285	384
	284	383
	283	383
	281	382
	280	381
	280	380
	279	380
	279	379
	279	378
	280	378
	282	377
	283	377
	284	376
	285	376
	286	375
	287	375
	288	374
	288	373
	287	373
	285	372
	284	372
	283	372
	282	371
	281	371
	280	371
	279	370
	278	370
	277	370
	277	369
.PEN_UP
.PEN_DOWN
	331	377
	330	378
	330	379
	329	379
	328	379
	328	380
	327	380
	326	380
	325	380
	325	379
	324	379
	323	379
	322	378
	320	378
	320	377
	319	377
	317	375
	317	374
	317	373
	317	372
	318	371
	319	371
	321	372
	322	372
	324	373
	325	373
	326	374
	327	374
	328	375
	329	376
	330	376
	330	377
	331	377
	331	378
	332	379
	331	379
	331	378
	331	377
	330	376
	330	375
	329	373
	328	372
	328	370
	327	369
	327	367
	326	366
	326	364
	325	363
	324	361
	324	360
	324	359
	323	357
	323	356
	322	355
	322	354
.PEN_UP
.PEN_DOWN
	343	380
	343	379
	342	379
	341	379
	341	378
	340	377
	340	376
	339	374
	339	373
	340	372
	340	371
	341	371
	342	371
	343	371
	344	371
	346	371
	346	372
	348	372
	349	373
	349	374
	349	375
	350	375
	350	376
	350	377
	350	378
	350	379
	350	380
	350	381
	349	381
	349	382
.PEN_UP
.PEN_DOWN
	362	376
	362	375
	361	375
	361	374
	360	374
	360	373
	360	372
	360	371
.PEN_UP
.PEN_DOWN
	365	392
	365	393
	366	393
	366	394
	367	394
	368	394
	369	394
.PEN_UP
.PEN_DOWN
	377	379
	378	378
	378	377
	377	377
	377	376
	377	375
	377	374
	378	373
	379	373
	379	372
	380	371
	380	370
	381	369
	382	368
	382	367
	383	367
	384	367
	384	368
	385	369
	385	370
	385	371
	386	371
	386	372
	387	373
	387	374
	387	375
	388	376
	388	377
	389	378
	389	379
	390	379
	391	379
.PEN_UP
.PEN_DOWN
	399	374
	400	374
	401	375
	402	375
	403	375
	404	375
	405	375
	405	376
	406	376
	407	377
	407	378
	407	379
	407	380
	406	380
	405	380
	404	380
	403	380
	403	379
	401	379
	399	377
	398	376
	398	375
	397	375
	397	373
	397	372
	397	371
	397	370
	398	370
	399	370
	399	369
	401	369
	402	369
	403	369
	404	369
	405	369
	406	369
.PEN_UP
.PEN_DOWN
	418	376
	418	375
	418	374
	418	373
	418	372
	418	371
	418	370
	418	369
	419	369
	419	370
	419	371
	420	371
	420	372
	420	373
	420	374
	420	375
	421	377
	421	378
	421	379
	421	380
	422	381
	422	382
	423	382
	423	383
	424	383
	425	383
	426	383
	427	383
	428	383
	429	383
	430	383
	431	384
	432	384
.PEN_UP
.PEN_DOWN
	458	379
	458	378
	458	377
	457	376
	457	375
	457	373
	457	372
	458	372
	459	372
	460	372
	462	373
	463	373
	463	374
	464	374
	464	375
	465	375
	465	376
	466	376
	466	377
	466	378
	466	377
	465	377
	465	376
	466	375
	466	374
	467	374
	467	373
	468	373
	469	373
	470	373
	471	374
	472	374
	473	375
	473	376
	474	376
	474	377
	474	378
	474	379
	474	380
	473	380
.PEN_UP
.PEN_DOWN
	487	396
	487	395
	487	394
	487	393
	486	393
	486	392
	485	391
	485	390
	484	388
	484	387
	483	386
	483	385
	483	383
	483	382
	482	381
	482	378
	482	377
	482	376
	482	375
	482	374
	482	373
	483	373
	483	374
	484	374
	484	375
	485	376
	486	377
	487	378
	487	379
	488	380
	489	381
	490	381
	491	381
	492	381
	492	380
	492	379
	492	378
	492	377
	492	376
	492	375
	492	374
.PEN_UP
.PEN_DOWN
	506	377
	506	376
	506	375
	506	374
	505	374
	505	373
	504	373
	504	372
.PEN_UP
.PEN_DOWN
	509	393
	510	393
	510	394
	511	395
	512	395
	512	396
	513	396
.PEN_UP
.PEN_DOWN
	531	391
	531	390
	531	388
	530	388
	529	386
	529	385
	528	384
	527	382
	526	381
	526	380
	526	378
	525	377
	525	376
	525	375
	525	373
	525	372
	524	371
	524	370
.PEN_UP
.PEN_DOWN
	536	376
	537	376
	538	376
	539	376
	540	376
	541	376
	542	376
	542	377
	543	377
	544	377
	545	378
	545	379
	545	380
	545	381
	545	382
	544	382
	543	382
	542	382
	540	382
	539	381
	538	380
	537	380
	537	379
	535	378
	535	377
	535	375
	535	374
	535	373
	535	372
	537	371
	537	370
	539	370
	540	370
	542	369
	544	369
	545	369
	546	369
	547	370
	548	370
	549	370
	550	370
.PEN_UP
.PEN_DOWN
	594	380
	594	381
	593	381
	592	381
	591	381
	590	381
	589	381
	588	381
	587	380
	587	379
	586	379
	585	378
	584	378
	584	377
	584	376
	584	375
	584	374
	584	373
	584	372
	585	371
	586	371
	587	371
	588	371
	589	371
	590	371
	592	372
	593	373
	594	374
	595	375
	596	375
	597	377
	598	379
	599	380
	599	381
	599	383
	599	384
	600	385
	600	387
	600	388
	600	390
	601	392
	601	393
	601	394
	601	395
	600	395
	600	394
	599	393
	599	392
	598	391
	598	390
	597	388
	597	386
	597	384
	597	383
	596	382
	596	380
	596	379
	596	378
	596	377
	596	376
	597	375
	597	374
.PEN_UP
.PEN_DOWN
	612	377
	612	376
	613	375
	613	374
	613	373
	612	372
	612	371
	612	370
	612	369
	612	370
	613	370
	613	371
	613	372
	614	373
	614	375
	614	376
	615	378
	615	379
	616	380
	616	381
	616	382
	616	383
	617	383
	618	383
	619	383
	620	383
	621	383
	622	383
	623	383
	623	382
	624	382
	625	382
.PEN_UP
.PEN_DOWN
	634	375
	634	374
	634	373
	634	372
	634	371
	633	371
	633	370
.PEN_UP
.PEN_DOWN
	637	388
	637	389
	637	390
	638	390
.PEN_UP
.PEN_DOWN
	644	373
	644	372
	644	371
	643	371
	643	370
	642	370
	642	369
	642	368
	643	368
	644	369
	645	369
	645	370
	646	370
	646	371
	647	372
	648	373
	649	373
	649	374
	650	375
	651	376
	652	377
	653	378
	654	378
	655	378
	656	378
	656	377
	656	376
	656	375
	655	375
	655	374
	655	373
	655	372
	654	371
	654	370
	654	369
	654	368
.PEN_UP
.PEN_DOWN
	671	392
	671	391
	671	390
	670	389
	670	387
	670	386
	670	384
	670	383
	669	381
	669	379
	669	376
	668	375
	668	374
	668	373
	668	372
	668	371
	668	370
.PEN_UP
.PEN_DOWN
	680	382
	680	381
	679	381
	677	380
	676	379
	675	379
	674	379
	673	378
	672	378
	671	377
	670	376
	670	375
	671	375
	671	374
	672	374
	673	374
	674	373
	675	372
	676	372
	676	371
	677	371
	677	370
	678	370
	679	370
	679	369
.PEN_UP
.PEN_DOWN
	695	377
	695	376
	695	375
	694	375
	694	374
	694	373
	694	372
	694	371
	694	370
.PEN_UP
.PEN_DOWN
	699	393
	699	394
	700	394
.PEN_UP
.PEN_DOWN
	706	377
	705	376
	705	375
	705	374
	704	373
	704	372
	704	371
	703	370
	704	370
	704	371
	705	372
	705	373
	706	373
	707	374
	708	375
	708	376
	709	377
	710	378
	711	379
	713	380
	714	380
	715	380
	715	379
	716	379
	716	378
	716	377
	716	376
	715	375
	715	374
	714	373
	714	372
	714	371
	713	371
	713	370
	713	369
.PEN_UP
.PEN_DOWN
	734	377
	734	378
	733	378
	733	379
	732	379
	731	379
	730	379
	729	379
	728	379
	728	378
	727	377
	727	376
	726	375
	726	374
	726	373
	727	372
	728	372
	729	372
	730	372
	731	373
	732	373
	732	374
	733	374
	733	375
	734	375
	734	376
	735	376
	736	377
	736	378
	737	378
	737	379
	737	378
	737	377
	737	376
	736	375
	736	373
	736	372
	736	371
	735	370
	735	368
	735	367
	735	366
	735	364
	735	363
	735	361
	735	360
	735	358
	734	357
	734	356
	734	355
	733	355
	733	354
	732	354
	731	354
	730	354
	729	354
	728	354
	726	354
	725	355
	724	355
	723	355
	723	356
	722	356
.PEN_UP
