
.WRITER_ID BobStrong
.STYLE PRINTED
.PEN_DOWN
	135	386
	136	386
	136	387
	135	387
	135	388
	135	387
	135	386
	136	385
	136	384
	137	383
	138	381
	138	380
	138	379
	139	378
	139	377
	140	377
	140	376
	141	376
	141	375
	142	375
	143	375
	144	376
	144	377
	145	377
	145	378
	145	379
	145	380
	145	381
	146	382
	146	384
	146	385
	147	388
	147	389
	147	390
	148	390
	148	389
	149	389
.PEN_UP
.PEN_DOWN
	165	382
	164	382
	164	381
	165	381
	166	381
	167	381
	169	382
	170	382
	171	383
	172	383
	172	384
	173	384
	173	385
	173	386
	173	387
	172	387
	172	388
	171	388
	170	388
	169	388
	168	388
	167	387
	166	387
	165	386
	164	385
	162	383
	161	382
	161	381
	160	380
	160	379
	160	378
	160	377
	160	376
	160	375
	161	375
	162	374
	165	373
	166	373
	168	372
	169	372
	171	372
	172	372
	173	372
.PEN_UP
.PEN_DOWN
	190	382
	190	381
	191	381
	191	380
	192	380
	193	379
	194	379
	195	378
	196	377
	197	377
	198	376
	199	376
	199	375
	200	375
.PEN_UP
.PEN_DOWN
	199	385
	199	384
	198	384
	196	383
	196	382
	195	381
	194	380
	193	379
	192	378
	191	377
	190	376
	189	375
	189	374
	189	373
.PEN_UP
.PEN_DOWN
	217	382
	217	381
	217	380
	217	379
	216	379
	216	378
	215	377
	215	376
	214	375
	214	374
	214	373
.PEN_UP
.PEN_DOWN
	217	394
	218	395
.PEN_UP
.PEN_DOWN
	230	381
	230	380
	230	379
	229	378
	229	377
	228	376
	228	375
	228	374
	229	374
	230	375
	231	376
	232	377
	233	378
	233	379
	235	381
	236	382
	236	383
	237	384
	238	385
	239	385
	239	386
	240	386
	241	386
	242	385
	243	384
	243	383
	243	382
	243	381
	243	380
	242	379
	242	378
	242	377
	241	377
	241	376
	241	375
	241	374
.PEN_UP
.PEN_DOWN
	259	382
	260	382
	260	383
	261	384
	261	385
	261	386
	261	387
	261	388
	260	388
	259	388
	258	387
	257	387
	257	386
	256	385
	256	384
	255	384
	255	383
	254	382
	253	381
	253	380
	253	379
	253	378
	253	377
	253	376
	254	376
	255	376
	256	377
	257	377
	258	378
	259	379
	260	379
	261	379
	261	380
	262	380
	262	381
	262	382
	263	383
	263	384
	263	385
	264	385
	264	384
	264	383
	263	381
	263	380
	263	379
	263	378
	263	376
	263	375
	262	374
	262	373
	262	371
	262	370
	262	369
	262	368
	263	366
	263	365
	263	364
	263	363
	262	362
	262	361
	261	361
	260	361
	258	360
	257	360
	256	360
	255	360
	253	360
	252	360
	251	360
	250	360
	249	360
	248	360
.PEN_UP
.PEN_DOWN
	318	381
	318	382
	317	383
	316	384
	315	384
	314	384
	313	384
	312	384
	311	384
	310	384
	309	383
	308	383
	307	382
	307	381
	306	380
	306	378
	306	377
	306	376
	306	375
	306	374
	307	374
	308	374
	309	374
	310	374
	311	374
	313	375
	315	376
	316	377
	317	378
	318	379
	319	380
	319	381
	320	382
	320	384
	321	385
	321	386
	321	388
	321	389
	321	391
	322	392
	322	394
	322	395
	323	397
	323	398
	322	397
	322	396
	322	394
	321	393
	321	392
	320	390
	320	386
	320	384
	320	382
	320	380
	320	378
	320	376
	320	375
	320	374
	320	372
	320	371
	321	371
	322	370
.PEN_UP
.PEN_DOWN
	344	380
	345	381
	345	382
	345	383
	345	384
	345	385
	344	385
	343	385
	342	385
	341	384
	340	384
	339	384
	339	383
	338	382
	337	381
	336	379
	335	378
	335	377
	335	376
	335	375
	335	374
	336	373
	337	372
	338	372
	339	372
	340	372
	342	372
	343	372
	345	373
	346	374
	347	374
	347	375
	347	376
	347	377
	347	378
	347	379
	347	380
	346	380
	346	381
	345	381
	345	380
	345	379
	345	378
	345	377
	346	376
	346	375
	346	374
	347	374
	348	373
	348	372
	349	372
	350	372
.PEN_UP
.PEN_DOWN
	386	395
	385	395
	384	395
	384	394
	383	394
	382	394
	381	394
	380	394
	380	393
	379	393
	378	392
	378	391
	377	390
	376	389
	375	388
	375	386
	374	385
	374	383
	373	381
	373	379
	373	376
	373	375
	373	374
	372	373
	372	372
	372	371
	372	370
	372	369
	373	368
	374	368
.PEN_UP
.PEN_DOWN
	369	381
	371	381
	373	381
	375	381
	376	381
	377	381
	379	381
	380	381
	381	381
	382	381
	383	382
.PEN_UP
.PEN_DOWN
	402	388
	401	388
	401	387
	400	386
	399	386
	399	385
	399	384
	398	383
	397	381
	397	380
	397	379
	397	378
	397	376
	397	375
	398	373
	399	372
	399	371
	400	370
	401	369
	402	369
	403	369
	404	369
	405	369
	405	370
	406	370
	407	371
	408	372
.PEN_UP
.PEN_DOWN
	392	382
	393	382
	395	382
	396	383
	397	383
	398	383
	399	383
	400	383
	401	383
	402	383
	403	383
	404	383
	405	383
	407	383
.PEN_UP
.PEN_DOWN
	455	376
	456	376
	455	376
	455	375
	454	375
	453	374
	453	373
	452	371
	452	370
	452	369
	452	368
	452	367
	452	366
	453	364
	453	363
	453	362
	453	361
	454	360
	454	359
	453	359
	452	359
	451	359
	450	359
	449	359
	448	359
	446	360
	445	361
	444	361
	443	361
	442	361
	441	362
	441	363
	440	363
.PEN_UP
.PEN_DOWN
	460	389
	461	389
	462	390
	463	391
	464	391
	464	392
.PEN_UP
.PEN_DOWN
	483	374
	483	373
	483	372
	482	371
	482	370
	482	369
	482	368
	481	368
	481	367
	481	366
.PEN_UP
.PEN_DOWN
	487	385
	487	386
	487	387
	487	388
	488	388
.PEN_UP
.PEN_DOWN
	505	373
	505	372
	504	371
	503	370
	502	369
	501	368
	501	367
	501	366
	502	366
	502	367
	503	367
	503	368
	504	368
	504	369
	505	369
	505	370
	506	371
	506	372
	507	373
	508	373
	508	374
	509	375
	510	376
	510	377
	511	377
	512	377
	512	376
	512	375
	512	374
	512	373
	512	372
	512	371
	512	370
	513	370
	514	370
	514	371
	515	371
	516	371
	516	372
	517	372
	518	372
	518	373
	519	373
	520	374
	521	375
	522	375
	523	375
	523	374
	523	373
	523	371
	522	370
	522	369
	522	368
	522	367
	522	366
	523	366
.PEN_UP
