
.WRITER_ID BobStrong
.STYLE PRINTED
.PEN_DOWN
	127	388
	127	387
	127	388
	127	387
	127	386
	127	385
	127	384
	127	383
	127	381
	127	380
	127	379
	127	378
	127	377
	127	376
	127	375
	127	374
	127	373
	126	372
	125	371
	124	371
	124	370
	123	370
	122	370
	121	370
	120	370
	119	370
	117	371
	116	371
	114	371
	113	371
	112	371
.PEN_UP
.PEN_DOWN
	129	400
	130	400
	131	400
	131	401
	132	401
	132	402
	132	403
	133	403
	134	403
.PEN_UP
.PEN_DOWN
	143	390
	143	391
	142	391
	142	390
	141	389
	141	388
	141	387
	141	385
	141	384
	141	383
	141	382
	142	381
	143	380
	145	380
	146	380
	147	380
	148	380
	149	381
	150	382
	150	383
	151	384
	152	384
	153	385
	153	386
	153	387
	153	389
	153	390
	153	391
	153	392
	153	393
.PEN_UP
.PEN_DOWN
	169	390
	169	391
	169	392
	168	392
	167	392
	166	392
	166	391
	165	391
	164	390
	163	390
	162	389
	161	388
	160	387
	159	386
	158	384
	158	383
	158	382
	158	381
	159	380
	159	379
	160	379
	161	379
	162	379
	163	379
	165	379
	166	380
	167	380
	169	382
	170	383
	170	384
	171	385
	171	386
	171	387
	172	388
	172	389
	172	390
	172	391
	172	393
	172	395
	171	397
	171	398
	171	399
	171	400
	171	401
	171	399
	171	398
	171	397
	171	395
	171	394
	171	393
	171	392
	171	390
	171	389
	171	388
	171	387
	172	384
	172	383
	172	382
.PEN_UP
.PEN_DOWN
	191	389
	191	390
	191	391
	191	392
	191	393
	190	393
	189	393
	188	392
	187	391
	186	390
	185	390
	184	389
	184	388
	183	387
	183	386
	183	385
	183	384
	183	383
	183	382
	184	382
	184	381
	185	381
	186	381
	188	381
	188	382
	189	382
	190	382
	191	383
	192	384
	193	385
	194	386
	194	387
	194	388
	194	389
	193	390
	193	389
	193	388
	193	387
	193	386
	193	385
	193	384
	193	383
	193	382
	193	381
	193	379
	193	378
	193	377
	193	376
	193	375
	193	374
	193	373
	193	372
	193	371
	191	370
	190	370
	189	370
	188	369
	187	369
	187	368
	186	368
	185	367
	184	367
	183	367
.PEN_UP
.PEN_DOWN
	202	388
	203	388
	204	388
	205	388
	206	388
	207	388
	208	389
	209	389
	210	389
	211	389
	211	390
	212	390
	212	391
	212	392
	212	393
	211	393
	210	393
	208	393
	207	393
	206	392
	205	392
	204	391
	202	390
	202	389
	201	388
	200	387
	199	386
	199	385
	199	384
	199	383
	199	382
	200	381
	201	381
	202	381
	203	381
	205	381
	206	381
	207	381
	208	381
	209	381
	210	381
	211	380
	212	380
.PEN_UP
.PEN_DOWN
	267	381
	267	380
	267	379
	267	378
	267	377
	267	376
	267	375
	267	374
	267	373
	267	372
	267	370
	267	369
	267	367
	267	366
	266	365
	266	364
	266	363
	265	363
	264	363
	263	364
	262	364
	261	365
	261	366
	260	366
	259	367
	258	368
	257	369
	257	370
	256	371
.PEN_UP
.PEN_DOWN
	270	395
	271	396
	272	397
	273	398
	274	399
	275	399
.PEN_UP
.PEN_DOWN
	279	384
	279	383
	279	382
	278	382
	278	381
	278	380
	278	379
	278	378
	278	377
	279	377
	279	376
	280	375
	281	375
	283	375
	284	375
	285	376
	286	377
	287	378
	288	379
	288	380
	288	381
	288	382
	288	383
	289	384
	289	386
	289	387
	288	387
.PEN_UP
.PEN_DOWN
	301	382
	301	381
	301	380
	301	379
	301	378
	301	377
	301	376
	301	375
	301	374
	301	373
	302	373
	302	374
	302	375
	302	376
	302	377
	302	378
	302	379
	302	380
	302	381
	302	382
	303	384
	303	386
	304	387
	304	388
	305	388
	306	388
	306	389
	307	389
	308	389
	309	389
	310	389
.PEN_UP
.PEN_DOWN
	325	385
	325	384
	325	383
	325	382
	325	381
	325	380
	325	379
	325	378
	326	378
	326	377
	327	377
	328	377
	330	378
	331	378
	332	379
	333	379
	334	379
	334	380
	334	381
	335	381
	335	382
	335	383
	335	384
	335	385
	335	386
	335	385
	334	383
	334	382
	334	381
	334	380
	334	379
	334	378
	334	377
	334	376
	334	375
	334	374
	334	373
	334	372
	334	370
	334	369
	335	369
	335	368
	335	367
	336	367
	336	366
	337	365
	337	364
	337	363
	336	363
	335	362
	334	362
	333	362
	332	362
	331	362
	330	362
	329	361
	328	361
	327	361
	326	361
	326	360
	325	360
	324	360
.PEN_UP
.PEN_DOWN
	380	384
	381	383
	381	382
	381	381
	381	379
	381	377
	381	376
	381	375
	381	373
	381	372
	381	370
	381	369
	381	368
	381	367
	380	367
	380	366
	379	366
	379	365
	378	365
	377	365
	375	365
	374	365
	374	366
	373	366
	373	367
	372	367
.PEN_UP
.PEN_DOWN
	387	398
	387	399
	387	400
	387	401
.PEN_UP
.PEN_DOWN
	402	377
	402	378
	402	379
	402	380
	402	381
	402	382
	402	383
	401	384
	400	384
	399	384
	398	384
	397	383
	396	383
	396	382
	394	381
	393	380
	393	379
	392	378
	392	377
	392	376
	393	375
	394	374
	395	374
	396	374
	397	374
	398	374
	399	375
	400	375
	401	375
	402	376
	403	376
	403	377
	403	378
	403	379
	403	378
	403	377
	403	376
	404	375
	404	374
	405	374
	405	373
.PEN_UP
.PEN_DOWN
	420	381
	420	380
	420	379
	420	378
	420	377
	420	376
	420	375
	421	375
.PEN_UP
.PEN_DOWN
	419	391
	419	393
	419	394
	419	395
	420	396
.PEN_UP
.PEN_DOWN
	443	404
	443	403
	443	402
	442	401
	442	399
	441	398
	441	395
	440	393
	440	392
	440	389
	440	388
	439	386
	439	384
	439	382
	439	380
	439	379
	439	378
	439	377
	439	375
	439	374
	439	373
.PEN_UP
.PEN_DOWN
	450	382
	451	382
	452	382
	453	382
	454	382
	455	382
	456	382
	456	383
	457	383
	457	384
	457	385
	456	386
	455	386
	454	386
	453	386
	452	386
	452	385
	450	384
	448	382
	448	381
	447	380
	447	379
	447	378
	447	377
	447	376
	447	375
	448	375
	449	375
	450	374
	452	374
	453	374
	454	374
	456	374
	457	374
	458	374
	459	374
.PEN_UP
.PEN_DOWN
	470	382
	470	381
	470	380
	470	379
	470	378
	470	377
	470	376
	470	375
	470	374
	470	373
	470	372
	471	372
	471	373
	471	374
	471	375
	471	376
	471	377
	471	379
	472	381
	472	383
	472	384
	472	385
	473	387
	473	388
	474	389
	475	389
	476	390
	477	390
	478	390
	479	390
	480	391
	481	391
	482	391
	483	391
.PEN_UP
.PEN_DOWN
	517	380
	518	380
	519	380
	519	381
	518	381
	518	380
	518	379
	518	378
	518	377
	518	376
	519	375
	519	373
	520	372
	520	371
	520	370
	520	369
	520	368
	520	367
	520	366
	520	365
	519	364
	518	364
	518	363
	517	363
	516	363
	515	363
	514	363
	513	364
	512	365
	512	366
.PEN_UP
.PEN_DOWN
	525	393
	526	394
	526	395
	528	396
	528	397
	529	397
	530	397
	531	397
.PEN_UP
.PEN_DOWN
	539	381
	539	380
	539	379
	538	378
	538	377
	538	376
	538	375
	538	374
	538	372
	538	371
	539	370
.PEN_UP
.PEN_DOWN
	541	393
	542	393
	543	393
	544	393
	545	393
.PEN_UP
.PEN_DOWN
	555	380
	555	379
	554	378
	554	377
	553	376
	552	375
	552	374
	552	373
	551	373
	551	372
	551	371
	551	370
	552	370
	552	371
	552	372
	553	373
	554	373
	554	374
	555	375
	555	376
	556	377
	556	379
	557	380
	558	381
	559	382
	560	383
	561	383
	562	383
	562	382
	562	381
	562	380
	562	379
	562	378
	562	376
	562	375
	562	374
	562	373
	563	373
	563	372
	564	372
.PEN_UP
.PEN_DOWN
	577	381
	578	381
	579	381
	580	380
	580	379
	581	378
	582	377
	583	376
	583	375
	584	374
	584	373
	585	372
	586	371
	587	371
	587	370
	588	370
	589	370
	590	370
.PEN_UP
.PEN_DOWN
	587	381
	586	381
	585	380
	584	379
	583	379
	581	378
	580	377
	579	376
	578	375
	577	375
	576	373
	575	372
	575	371
	575	370
.PEN_UP
.PEN_DOWN
	621	375
	621	374
	621	373
	621	372
	621	371
	621	370
	621	369
	621	368
	622	366
	622	365
	622	364
	623	363
	623	362
	623	361
	623	360
	622	360
	622	359
	620	359
	619	359
	618	359
	617	359
	616	359
	615	359
	614	360
	613	360
	611	361
.PEN_UP
.PEN_DOWN
	623	385
	624	385
	625	385
	625	386
	625	387
	626	388
	627	388
	627	389
	628	389
	629	389
	630	389
.PEN_UP
.PEN_DOWN
	643	375
	643	376
	643	377
	643	378
	642	379
	641	379
	640	379
	639	379
	638	379
	637	379
	636	379
	636	378
	635	377
	634	377
	634	376
	634	375
	634	374
	634	373
	634	372
	634	371
	635	371
	636	371
	637	371
	638	371
	639	371
	640	372
	641	372
	641	373
	642	373
	642	374
	643	375
	643	376
	643	377
	643	378
	643	377
	643	376
	642	376
	642	375
	642	374
	642	373
	642	372
	642	370
	643	369
	643	368
	644	368
.PEN_UP
.PEN_DOWN
	661	384
	661	383
	662	383
	663	383
	663	382
	664	382
	666	381
	667	381
	667	380
	666	379
	665	379
	664	378
	662	377
	661	376
	660	375
	659	375
	659	374
	659	373
	659	372
	659	371
	660	371
	661	370
	662	370
	663	370
	664	370
	665	370
	666	370
	667	371
	669	371
.PEN_UP
.PEN_DOWN
	679	383
	680	383
	681	383
	682	383
	683	383
	684	383
	684	382
	685	382
	685	381
	685	380
	685	379
	684	379
	683	378
	683	377
	682	376
	682	375
	681	374
	680	373
	680	372
	679	372
	679	371
	679	370
	680	370
	681	370
	683	370
	684	370
	685	370
	686	370
	687	370
	689	370
	690	370
	691	370
	692	370
	693	370
	694	371
	695	371
.PEN_UP
