
.WRITER_ID BobStrong
.STYLE PRINTED
.PEN_DOWN
	120	397
	119	397
	119	396
	118	396
	117	395
	117	394
	116	393
	116	392
	115	390
	115	389
	114	388
	114	386
	114	384
	113	383
	113	381
	113	379
	112	376
	112	375
	112	374
	112	373
	112	372
	113	372
	113	373
.PEN_UP
.PEN_DOWN
	129	387
	128	387
	128	386
	127	386
	126	385
	125	385
	125	384
	124	384
	123	384
	122	383
	121	382
	120	382
	119	382
	118	381
	117	381
	116	380
	115	380
	114	380
	114	379
	115	379
	116	379
	117	378
	118	378
	119	378
	120	378
	122	377
	123	377
	124	377
	125	376
	126	376
	127	376
	127	375
	128	375
	128	374
	128	373
	128	372
.PEN_UP
.PEN_DOWN
	147	379
	148	379
	149	379
	150	379
	151	380
	153	381
	154	382
	155	383
	155	384
	154	385
	153	385
	152	385
	151	385
	150	384
	149	384
	148	384
	147	383
	146	382
	145	381
	144	379
	144	378
	144	377
	144	376
	144	375
	145	374
	146	374
	147	373
	148	373
	149	372
	151	372
	152	372
	153	372
	154	372
	155	372
	156	372
	156	373
.PEN_UP
.PEN_DOWN
	167	379
	167	378
	168	378
	168	377
	169	377
	170	377
	171	377
	172	378
	173	378
	174	378
	175	379
	176	379
	176	380
	177	381
	178	381
	178	382
	178	383
	178	384
	177	384
	176	384
	175	384
	173	384
	172	383
	171	382
	170	381
	169	380
	168	379
	167	378
	167	377
	167	376
	167	375
	167	373
	167	372
	168	372
	170	371
	172	371
	173	371
	174	371
	175	371
	176	371
	177	372
	179	372
.PEN_UP
.PEN_DOWN
	195	375
	194	374
	194	373
	194	372
	193	371
	193	370
	193	369
	193	368
	193	367
	192	366
	192	365
	192	364
	192	363
	191	362
	191	363
	191	364
	191	365
	192	366
	193	368
	193	369
	194	370
	194	371
	195	375
	196	376
	197	378
	198	380
	198	382
	199	384
	200	384
	200	385
	201	385
	202	385
	204	385
	205	384
	205	383
	206	383
	206	382
	206	381
	206	380
	206	379
	205	377
	204	377
	204	376
	203	375
	202	375
	201	375
	200	374
	199	374
	198	374
	198	373
	196	373
	195	373
	195	374
	194	374
.PEN_UP
.PEN_DOWN
	233	381
	233	380
	233	379
	233	378
	233	377
	234	376
	234	375
	235	374
	235	372
	235	371
	235	370
	236	370
	236	369
	237	369
	238	369
	239	369
	239	370
	240	370
	240	371
	241	371
	241	372
	241	373
	241	374
	242	375
	242	376
	242	377
	243	380
	243	381
	244	382
	244	383
	244	384
	245	385
.PEN_UP
.PEN_DOWN
	253	379
	254	379
	254	380
	255	380
	256	380
	257	380
	258	380
	259	381
	260	381
	261	381
	261	382
	261	383
	260	383
	259	383
	258	383
	257	383
	256	382
	254	381
	254	380
	253	379
	252	379
	252	378
	252	377
	251	376
	251	375
	251	374
	251	373
	252	372
	253	371
	255	370
	256	369
	257	369
	258	369
	259	369
	260	369
	261	369
.PEN_UP
.PEN_DOWN
	270	380
	270	379
	271	378
	271	377
	272	376
	272	375
	273	375
	274	374
	274	373
	275	373
	276	372
	277	372
	278	372
	279	372
.PEN_UP
.PEN_DOWN
	281	383
	281	382
	280	382
	279	381
	278	380
	277	379
	275	378
	275	377
	274	375
	273	374
	272	373
	271	372
	271	371
	270	370
	269	369
	269	368
	269	367
.PEN_UP
.PEN_DOWN
	293	377
	293	376
	293	375
	292	375
	291	373
	291	372
	291	371
	291	370
	291	369
.PEN_UP
.PEN_DOWN
	295	393
	297	393
	297	394
	297	395
.PEN_UP
.PEN_DOWN
	303	379
	302	378
	302	377
	302	375
	301	374
	301	373
	301	372
	300	372
	300	371
	300	370
	300	369
	300	368
	300	369
	301	370
	301	371
	302	372
	303	373
	304	374
	304	375
	305	376
	306	377
	307	378
	307	379
	308	379
	309	379
	310	379
	311	379
	312	379
	312	378
	312	377
	312	376
	312	375
	312	374
	311	373
	311	372
	311	371
	311	370
.PEN_UP
.PEN_DOWN
	331	376
	332	376
	332	377
	332	378
	332	379
	331	379
	330	379
	329	378
	328	378
	328	377
	327	377
	326	376
	325	375
	325	374
	324	374
	324	373
	324	372
	323	371
	323	370
	324	370
	325	370
	326	370
	327	370
	328	370
	330	370
	331	371
	332	372
	333	372
	333	373
	334	373
	334	374
	335	374
	335	375
	336	375
	336	376
	336	377
	336	376
	335	376
	335	375
	335	373
	334	373
	334	372
	334	371
	334	370
	334	369
	334	368
	334	367
	334	366
	333	365
	333	363
	333	362
	333	361
	333	360
	333	359
	332	359
	332	358
	331	358
	331	357
	330	357
	329	357
	328	357
	327	357
	326	357
	325	357
	324	357
	323	357
	322	357
	320	357
	319	358
	318	358
	317	358
.PEN_UP
.PEN_DOWN
	371	376
	371	375
	371	374
	371	373
	370	373
	370	372
	369	371
	369	370
	368	370
	368	369
	368	370
	369	371
	370	372
	371	373
	371	374
	372	375
	373	375
	373	376
	374	377
	375	378
	376	379
	377	380
	378	380
	379	380
	380	380
	380	379
	380	378
	379	376
	379	375
	379	374
	378	373
	377	372
	377	371
	378	371
	379	371
	380	372
	381	372
	381	373
	382	373
	383	374
	384	375
	385	375
	386	376
	387	377
	388	377
	387	376
	387	375
	386	375
	386	374
	386	373
	385	372
	385	371
	385	370
	385	369
	385	368
	385	367
	385	366
	386	366
.PEN_UP
.PEN_DOWN
	410	375
	411	375
	412	375
	413	375
	414	375
	415	375
	416	376
	417	376
	418	376
	419	377
	419	378
	419	379
	419	380
	419	381
	418	381
	417	381
	416	381
	414	381
	412	380
	411	379
	410	378
	409	377
	408	376
	407	375
	406	374
	406	372
	406	371
	406	370
	406	369
	407	367
	408	367
	410	366
	411	366
	413	366
	414	366
	415	366
	417	366
	418	366
	419	366
	420	366
	421	367
	423	367
	424	368
.PEN_UP
.PEN_DOWN
	456	383
	456	382
	456	381
	455	381
	455	380
	454	379
	453	378
	453	377
	453	376
	453	375
	453	374
	453	373
	454	373
	455	373
	456	373
	457	373
	458	374
	459	374
	460	375
	461	376
	461	377
	461	378
	462	379
	463	380
	463	381
	463	380
	463	379
	463	378
	463	377
	463	376
	463	375
	463	374
	464	374
	465	374
	466	374
	467	374
	468	375
	469	375
	470	376
	470	377
	470	378
	470	379
	470	380
	470	382
	470	383
.PEN_UP
.PEN_DOWN
	489	374
	489	373
	489	372
	488	372
	488	371
	487	370
	486	370
	486	369
	485	369
	485	368
	485	367
	486	367
.PEN_UP
.PEN_DOWN
	490	389
	490	390
	491	390
	491	391
	492	391
	492	392
	493	392
	493	393
.PEN_UP
.PEN_DOWN
	516	384
	516	383
	516	382
	516	381
	516	380
	515	378
	514	377
	514	376
	513	375
	512	375
	512	374
	512	373
	511	372
	511	371
	511	370
	511	369
	511	368
.PEN_UP
.PEN_DOWN
	508	378
	508	377
	509	377
	511	377
	512	377
	513	377
	514	378
	516	378
	517	378
	518	378
	519	378
	521	379
	522	379
.PEN_UP
.PEN_DOWN
	536	394
	536	393
	536	392
	535	391
	535	390
	534	389
	534	388
	533	384
	532	383
	531	381
	531	379
	531	378
	531	376
	531	375
	531	374
	530	373
	530	372
	530	371
	529	370
	530	370
	531	371
	532	372
	532	373
	533	373
	534	374
	535	375
	535	376
	537	377
	538	378
	539	378
	540	378
	540	377
	540	376
	540	375
	540	374
	540	373
	539	372
	539	371
	539	370
	539	369
	539	368
	539	367
.PEN_UP
.PEN_DOWN
	610	390
	609	391
	608	392
	607	393
	606	393
	605	394
	604	394
	602	394
	602	395
	601	395
	600	395
	599	395
	598	395
	597	395
	596	394
	595	394
	595	393
	594	393
	593	390
	592	388
	592	387
	592	385
	591	384
	591	382
	591	381
	591	379
	591	378
	591	377
	591	376
	591	375
.PEN_UP
.PEN_DOWN
	585	386
	587	386
	588	386
	590	386
	591	386
	593	387
	594	387
	595	387
	596	387
	597	387
	599	387
	600	387
.PEN_UP
.PEN_DOWN
	612	379
	612	378
	612	377
	611	376
	611	375
	610	375
	610	374
	610	373
	609	371
	609	370
	610	370
	610	371
	611	371
	611	372
	611	373
	611	374
	612	375
	612	376
	613	377
	613	379
	614	380
	615	381
	616	382
	617	382
	618	382
	619	382
	620	382
	621	382
.PEN_UP
.PEN_DOWN
	636	374
	636	375
	635	375
	635	376
	634	377
	634	378
	633	378
	632	378
	631	378
	630	378
	629	378
	628	377
	627	377
	627	376
	625	375
	624	375
	624	374
	623	373
	623	372
	623	371
	624	371
	624	370
	625	370
	626	370
	628	370
	629	370
	630	370
	631	370
	632	370
	633	370
	634	371
	635	371
	635	372
	636	372
	636	373
	636	374
	637	374
	637	375
	636	375
	636	374
	636	373
	635	373
	635	372
	635	371
	635	370
	636	369
	636	368
	636	367
	637	366
	638	366
	639	366
.PEN_UP
.PEN_DOWN
	647	373
	647	372
	647	371
	646	371
	646	370
	645	370
	645	369
	645	368
	646	368
	646	369
	647	370
	647	371
	648	372
	649	372
	649	373
	650	374
	651	375
	652	376
	653	377
	654	377
	655	377
	656	377
	656	376
	656	375
	656	374
	656	373
	656	372
	656	371
	656	370
	656	369
	656	368
	656	367
.PEN_UP
.PEN_DOWN
	676	393
	676	392
	675	392
	675	391
	675	390
	674	387
	674	385
	673	383
	672	381
	672	379
	672	377
	671	376
	671	375
	670	374
	670	373
	670	372
	670	371
	670	370
.PEN_UP
.PEN_DOWN
	665	378
	666	378
	667	379
	668	379
	669	379
	670	379
	671	379
	672	379
	673	379
	674	379
	675	379
	676	379
	676	378
	678	378
.PEN_UP
.PEN_DOWN
	689	375
	689	374
	689	373
	689	372
	688	371
	688	370
	687	370
	687	369
	687	368
	687	367
.PEN_UP
.PEN_DOWN
	693	385
	694	386
	695	387
	696	387
.PEN_UP
.PEN_DOWN
	714	379
	715	378
	715	379
	716	379
	716	380
	716	381
	716	382
	714	382
	713	383
	712	383
	711	383
	710	383
	708	382
	707	381
	706	381
	706	380
	705	379
	705	378
	704	377
	704	376
	704	375
	704	374
	704	373
	704	371
	705	371
	706	370
	707	370
	708	369
	709	369
	711	369
	712	369
	713	369
	714	369
	715	370
	717	370
	719	370
	720	371
	721	371
	722	371
	722	370
.PEN_UP
