
.WRITER_ID BobStrong
.STYLE PRINTED
.PEN_DOWN
	66	384
	66	383
	66	382
	65	381
	65	380
	65	379
	64	378
	64	377
	63	375
	63	374
	63	373
	63	372
	62	371
	62	370
	62	369
	63	370
	63	371
	63	372
	64	373
	64	374
	64	375
	65	376
	65	377
	66	380
	66	381
	66	383
	66	384
	67	385
	67	387
	67	388
	68	388
	68	389
	69	389
	70	389
	71	389
	72	389
	73	389
	73	388
	74	388
	74	387
	74	386
	74	384
	73	383
	73	382
	73	381
	72	380
	72	379
	72	378
	72	377
	72	376
	72	375
	72	373
	72	372
.PEN_UP
.PEN_DOWN
	64	381
	65	380
	66	380
	67	381
	68	381
	69	382
	70	382
	71	382
	72	383
	73	383
	74	383
	75	383
	76	383
.PEN_UP
.PEN_DOWN
	87	385
	87	384
	87	383
	87	382
	86	382
	86	381
	86	380
	86	379
	86	377
	85	376
	85	375
	85	374
	85	373
	85	372
.PEN_UP
.PEN_DOWN
	85	386
	86	387
	87	387
	88	387
	89	386
	90	386
	91	386
	92	386
	93	386
	94	386
	95	386
	95	385
	95	384
	95	383
	94	383
	94	382
	93	382
	92	382
	92	381
	90	380
	89	380
	88	380
	88	379
	87	379
	88	378
	89	378
	90	378
	91	378
	92	378
	93	378
	94	378
	95	378
	96	377
	96	376
	95	376
	95	375
	94	375
	93	374
	92	374
	92	373
	91	373
	90	372
	89	372
	88	372
	88	371
	87	371
	86	371
	85	371
	84	371
	83	371
	82	371
.PEN_UP
.PEN_DOWN
	118	385
	119	385
	119	384
	119	383
	118	383
	118	382
	118	381
	119	381
	119	382
	119	383
	118	384
	118	385
	117	385
	117	386
	116	386
	115	386
	114	386
	113	386
	111	385
	110	384
	109	384
	109	383
	108	382
	108	381
	108	380
	108	379
	108	378
	108	377
	108	375
	109	374
	109	373
	110	373
	111	372
	112	372
	113	372
	115	372
	117	372
	119	372
	120	373
	121	373
	121	374
	122	374
.PEN_UP
.PEN_DOWN
	135	384
	135	383
	135	382
	135	381
	134	381
	134	380
	134	379
	134	378
	134	377
	134	375
	134	374
	134	373
	134	372
.PEN_UP
.PEN_DOWN
	136	388
	137	388
	137	387
	138	387
	139	387
	140	387
	141	386
	142	386
	143	386
	144	385
	145	385
	146	385
	147	384
	148	384
	148	383
	148	382
	148	381
	148	380
	148	379
	147	379
	146	378
	145	377
	145	376
	144	376
	143	375
	141	374
	140	373
	139	373
	138	372
	137	372
	136	372
	135	372
	134	372
.PEN_UP
.PEN_DOWN
	157	385
	157	384
	157	383
	157	382
	157	381
	157	380
	156	379
	156	378
	156	377
	155	376
	155	375
	155	374
	155	373
	155	372
	156	372
.PEN_UP
.PEN_DOWN
	156	387
	157	387
	158	387
	159	387
	160	388
	161	388
	162	389
	164	389
	165	389
	166	389
	167	389
.PEN_UP
.PEN_DOWN
	157	378
	158	379
	159	379
	161	379
	161	380
	162	380
	163	380
.PEN_UP
.PEN_DOWN
	152	372
	153	372
	153	371
	154	371
	155	371
	156	371
	159	372
	160	372
	161	372
	163	372
	164	372
	165	372
	166	371
	167	371
	168	370
.PEN_UP
.PEN_DOWN
	216	385
	216	384
	216	383
	215	383
	215	382
	215	381
	215	380
	214	379
	214	377
	213	376
	212	375
	212	374
	212	373
	212	372
	211	372
	211	371
.PEN_UP
.PEN_DOWN
	217	388
	218	388
	219	388
	220	388
	221	389
	222	389
	223	389
	225	389
	226	389
	227	389
	228	389
.PEN_UP
.PEN_DOWN
	213	380
	213	379
	214	379
	215	379
	216	379
	217	379
	218	380
	219	380
	221	380
	222	380
	222	381
.PEN_UP
.PEN_DOWN
	241	385
	241	386
	240	386
	239	386
	238	386
	237	386
	236	385
	235	385
	235	384
	233	384
	233	383
	232	382
	232	381
	231	380
	231	379
	231	378
	231	377
	231	376
	232	375
	233	374
	234	373
	236	372
	237	371
	238	371
	239	371
	240	371
	241	371
	242	371
	243	371
	244	371
	244	372
	244	373
	244	374
	244	375
	244	376
	244	377
	241	377
	240	378
	239	378
	238	378
	237	379
	238	379
	239	379
	239	378
	240	378
	241	378
	242	378
	243	378
	244	378
.PEN_UP
.PEN_DOWN
	258	385
	258	384
	257	383
	257	382
	256	380
	256	379
	256	378
	256	377
	256	376
	256	375
	256	374
	256	373
.PEN_UP
.PEN_DOWN
	267	389
	268	389
	268	388
	267	387
	267	386
	267	385
	267	384
	267	383
	267	382
	267	381
	266	380
	266	379
	266	378
	266	377
	266	376
	266	375
	266	374
.PEN_UP
.PEN_DOWN
	259	380
	260	380
	261	380
	262	380
	263	380
	264	381
	265	381
	266	381
	268	381
	269	381
.PEN_UP
.PEN_DOWN
	287	387
	288	387
	288	386
	288	385
	288	384
	287	384
	287	383
	286	382
	286	381
	285	378
	285	377
	285	376
	285	375
	285	374
	285	373
	285	372
	285	371
.PEN_UP
.PEN_DOWN
	303	383
	303	382
	303	381
	303	380
	304	380
	304	379
	304	378
	304	377
	304	376
	304	375
	304	374
	304	373
	304	372
	304	371
	303	370
	303	369
	302	369
	302	368
	301	368
	300	368
	299	368
	298	368
	297	369
	296	369
	296	370
	295	370
.PEN_UP
.PEN_DOWN
	300	383
	300	384
	301	384
	302	385
	303	385
	305	385
	306	385
	307	385
	308	385
	309	385
	310	385
	311	385
	312	385
.PEN_UP
.PEN_DOWN
	347	390
	347	389
	347	388
	347	387
	346	387
	346	386
	345	385
	345	384
	345	382
	343	380
	342	379
	342	377
	342	376
	341	375
	341	374
	341	373
	341	372
.PEN_UP
.PEN_DOWN
	356	386
	356	385
	355	385
	354	385
	354	384
	353	384
	352	384
	352	383
	351	383
	351	382
	350	382
	349	381
	348	380
	347	380
	346	379
	345	378
	345	377
	346	377
	346	376
	347	376
	347	375
	348	375
	348	374
	349	374
	349	373
	350	373
	351	372
	352	371
	353	371
	353	370
	354	370
.PEN_UP
.PEN_DOWN
	370	386
	370	385
	369	384
	369	383
	368	382
	367	381
	366	380
	366	379
	365	379
	365	378
	364	377
	364	376
	364	375
	364	374
	364	373
	364	372
	365	372
	366	372
	367	372
	368	372
	369	372
	370	372
	372	373
	373	373
	374	373
	375	373
	376	373
	377	373
.PEN_UP
.PEN_DOWN
	388	380
	389	380
	389	379
	388	379
	388	378
	387	377
	387	376
	386	375
	386	374
	386	373
	386	372
	385	371
	385	370
	385	369
	385	370
	386	370
	386	371
	387	372
	387	374
	388	375
	388	376
	389	377
	389	378
	390	379
	390	380
	391	381
	391	382
	391	383
	392	383
	392	384
	393	384
	393	383
	393	382
	393	381
	393	380
	393	379
	393	378
	394	378
	395	378
	396	379
	397	379
	398	379
	398	380
	399	380
	399	381
	400	382
	401	382
	401	383
	402	383
	402	382
	401	381
	401	380
	401	379
	401	378
	401	377
	401	376
	400	375
	400	374
	400	373
	400	372
	400	371
.PEN_UP
.PEN_DOWN
	414	377
	414	376
	414	375
	413	374
	413	373
	412	372
	412	371
	411	370
	411	369
	410	368
	410	367
	411	367
	412	367
	412	368
	413	368
	413	369
	414	370
	414	371
	414	372
	415	373
	415	374
	416	375
	417	377
	417	378
	418	379
	418	378
	418	377
	418	376
	418	375
	418	374
	418	373
	418	372
	419	371
	419	370
	420	369
	421	369
	422	369
	423	369
	423	370
	424	370
	425	371
	425	372
	425	373
	426	374
	426	375
	426	376
	426	377
	426	378
	427	379
	427	381
	427	382
	428	383
	428	384
	428	385
.PEN_UP
.PEN_DOWN
	436	378
	437	377
	436	376
	436	375
	435	374
	435	373
	435	372
	435	371
	435	370
	435	369
	436	369
	436	368
	437	368
	438	367
	439	367
	441	367
	442	368
	444	368
	445	369
	446	369
	447	370
	447	371
	447	372
	447	373
	447	374
	447	375
	447	376
	447	377
	446	379
	445	381
	444	381
	444	382
	443	382
	441	382
	440	382
	439	382
	439	381
	438	381
	438	380
	437	380
	437	379
.PEN_UP
.PEN_DOWN
	483	383
	483	382
	483	381
	482	380
	482	379
	482	378
	482	377
	482	376
	481	375
	481	373
	481	372
	481	371
	481	370
	480	370
.PEN_UP
.PEN_DOWN
	483	386
	484	386
	485	387
	486	387
	487	387
	488	387
	489	387
	490	387
	491	387
	492	387
	493	387
	494	387
	494	386
	495	386
	495	385
	495	384
	495	383
	495	382
	495	381
	494	381
	493	380
	492	380
	491	379
	490	379
	489	379
	488	379
	487	379
	486	379
	485	379
.PEN_UP
.PEN_DOWN
	508	381
	506	381
	505	381
	505	380
	504	380
	503	380
	503	379
	502	379
	502	378
	502	377
	502	376
	502	374
	503	373
	504	372
	505	372
	506	371
	507	370
	508	370
	509	370
	510	370
	511	370
	512	370
	514	370
	516	371
	517	372
	517	373
	517	374
	517	375
	517	376
	517	377
	517	378
	517	379
	516	380
	515	382
	513	384
	512	384
	511	384
	510	384
	509	384
.PEN_UP
.PEN_DOWN
	512	376
	513	376
	514	376
	514	375
	515	375
	515	374
	516	373
	516	372
	517	371
	517	370
	518	370
	518	369
	519	368
.PEN_UP
.PEN_DOWN
	533	379
	533	378
	533	376
	532	375
	532	374
	532	373
	532	372
	532	371
	532	370
	532	369
	532	368
	532	367
	532	368
.PEN_UP
.PEN_DOWN
	534	384
	535	384
	536	384
	536	385
	537	385
	538	385
	539	385
	540	385
	541	385
	543	385
	544	385
	545	385
	546	385
	546	384
	546	383
	546	382
	544	381
	543	380
	542	380
	541	379
	540	379
	539	379
	538	378
	537	378
	535	377
	534	376
	535	375
	536	375
	537	374
	538	373
	539	372
	540	372
	540	371
	541	371
	541	370
	542	370
	542	369
	543	369
	543	368
	543	367
.PEN_UP
.PEN_DOWN
	570	381
	569	381
	568	381
	567	381
	566	381
	565	382
	563	382
	562	382
	560	382
	559	382
	558	382
	557	382
	556	381
	556	380
	556	379
	557	378
	558	378
	559	377
	560	377
	561	376
	563	376
	564	376
	565	375
	567	375
	568	375
	569	375
	570	375
	571	375
	571	374
	570	373
	570	372
	568	372
	568	371
	567	370
	566	370
	566	369
	565	369
	564	369
	563	369
	562	369
	561	369
	560	369
	557	369
	556	369
	555	369
.PEN_UP
.PEN_DOWN
	590	379
	591	379
	591	378
	591	377
	590	377
	590	376
	589	375
	589	374
	588	372
	588	371
	588	370
	588	369
	588	368
	588	367
.PEN_UP
.PEN_DOWN
	581	388
	582	387
	583	386
	584	386
	585	386
	586	386
	588	386
	590	386
	592	386
	593	386
	595	386
	596	386
	598	386
	599	386
	601	386
	602	386
	603	386
	604	386
.PEN_UP
.PEN_DOWN
	630	386
	631	386
	630	386
	630	385
	629	385
	629	384
	628	383
	628	382
	628	381
	627	381
	627	380
	627	379
	626	379
	626	378
	626	377
	627	376
	627	375
	628	375
	629	375
	630	375
	631	375
	632	375
	633	375
	634	376
	634	377
	635	378
	636	379
	636	380
	636	381
	637	382
	637	383
	638	384
	638	385
	638	386
.PEN_UP
.PEN_DOWN
	651	382
	651	381
	651	380
	651	379
	651	378
	651	377
	651	376
	651	375
	651	374
	651	373
	651	372
	651	371
	652	371
	653	371
	653	372
	654	372
	655	373
	656	374
	656	375
	657	376
	657	377
	657	378
	658	379
	659	381
	660	382
	660	383
	661	383
	661	382
.PEN_UP
.PEN_DOWN
	675	379
	675	378
	674	377
	674	376
	674	375
	674	374
	674	373
	674	372
	674	371
	675	371
	676	371
	677	371
	677	372
	678	372
	679	373
	680	374
	680	375
	681	376
	681	377
	681	378
	682	379
	683	379
	683	378
	683	377
	683	376
	683	375
	683	374
	683	373
	683	372
	683	371
	684	370
	685	369
	686	369
	687	369
	688	369
	689	370
	690	371
	690	372
	691	373
	692	373
	692	375
	693	376
	693	377
	693	378
	694	379
	694	380
	694	381
	695	382
	695	383
.PEN_UP
.PEN_DOWN
	704	381
	705	380
	706	379
	706	378
	707	377
	708	376
	708	375
	709	374
	709	373
	710	373
	711	372
	712	371
	713	370
	714	369
	715	368
	716	368
.PEN_UP
.PEN_DOWN
	717	382
	716	382
	715	382
	715	381
	713	381
	712	380
	710	380
	709	379
	707	378
	706	376
	704	375
	703	373
	702	372
	702	371
	701	370
	701	369
.PEN_UP
.PEN_DOWN
	731	386
	731	385
	731	384
	730	383
	730	382
	730	381
	730	380
	730	379
	730	378
	731	378
	731	377
	732	377
	733	377
	734	377
	735	377
	735	378
	736	378
	737	379
	738	379
	739	380
	740	381
	741	382
	741	384
	742	385
	742	386
	742	387
	742	388
.PEN_UP
.PEN_DOWN
	733	376
	733	375
	732	374
	732	373
	731	373
	731	372
	731	371
	731	370
	731	369
	731	368
	731	367
	731	366
.PEN_UP
.PEN_DOWN
	753	386
	753	385
	754	385
	755	385
	757	385
	758	385
	759	385
	760	385
	761	385
	762	385
	763	385
	764	385
	764	384
	763	384
	763	383
	762	382
	762	381
	761	380
	760	379
	759	378
	758	377
	757	376
	757	375
	756	375
	755	374
	754	374
	754	373
	753	373
	753	372
	752	372
	752	371
	753	371
	754	371
	755	371
	756	370
	757	370
	759	370
	760	370
	761	370
	762	370
	763	370
	764	370
	765	370
	766	370
	766	371
	767	371
	768	371
	770	371
	771	371
	772	371
	773	371
	774	371
.PEN_UP
