
.WRITER_ID BobStrong
.STYLE PRINTED
.PEN_DOWN
	82	382
	81	382
	80	382
	79	381
	78	380
	77	379
	76	378
	76	377
	75	376
	75	375
	75	374
	75	372
	75	371
	75	370
	76	369
	77	369
	78	369
	79	369
	80	369
	82	370
	84	371
	85	372
	86	372
	87	373
	88	374
	88	375
	88	376
	88	377
	88	379
	88	380
	88	381
	87	382
	86	384
	85	384
	84	384
	83	384
	82	384
	81	384
	80	384
	79	384
	78	383
	78	382
.PEN_UP
.PEN_DOWN
	99	380
	99	379
	99	378
	99	377
	99	375
	99	374
	99	373
	100	372
	100	371
	101	370
	102	370
	103	370
	105	371
	106	372
	107	373
	107	374
	108	375
	108	376
	108	377
	108	378
	108	379
	108	380
	107	383
	107	384
	107	385
	107	386
	107	385
.PEN_UP
.PEN_DOWN
	117	377
	117	376
	118	376
	119	376
	119	377
	120	377
	121	377
	122	378
	123	378
	124	379
	125	379
	126	379
	127	380
	127	381
	127	382
	126	382
	125	382
	124	382
	123	382
	122	381
	120	380
	119	379
	117	378
	117	377
	116	376
	116	375
	116	373
	116	372
	116	371
	117	370
	118	370
	119	369
	120	369
	122	369
	123	369
	125	369
.PEN_UP
.PEN_DOWN
	140	376
	140	375
	140	374
	141	373
	141	372
	142	371
	142	370
	142	369
	142	368
	142	367
	141	367
	140	368
	140	369
	140	370
	140	371
	140	372
	140	374
	140	375
	140	376
	141	377
	141	378
	142	379
	142	380
	143	380
	144	381
	145	381
	146	382
	148	383
	149	383
	150	384
	151	384
	152	384
	153	384
.PEN_UP
.PEN_DOWN
	205	390
	204	389
	203	388
	202	387
	202	386
	202	384
	201	383
	200	381
	199	379
	199	378
	199	376
	199	375
	199	373
	199	372
	200	370
	200	369
	201	369
	202	368
	203	368
	204	368
	205	368
	206	368
	207	368
	208	369
	209	369
	211	370
.PEN_UP
.PEN_DOWN
	195	382
	196	382
	197	382
	198	382
	200	383
	202	383
	203	383
	204	383
	206	383
	207	383
.PEN_UP
.PEN_DOWN
	228	393
	228	392
	228	391
	227	391
	227	389
	226	387
	226	386
	226	384
	226	383
	225	381
	225	379
	225	377
	225	375
	225	373
	225	372
	225	370
	225	368
	224	367
	224	366
	225	366
	226	367
	227	368
	228	369
	229	370
	230	370
	230	371
	231	373
	232	374
	233	375
	234	376
	235	376
	236	376
	237	375
	237	374
	237	373
	237	372
	237	371
	238	370
	238	368
	238	367
	238	366
	238	365
.PEN_UP
.PEN_DOWN
	249	373
	250	373
	251	373
	252	373
	253	373
	255	374
	256	374
	258	375
	259	375
	260	375
	261	376
	261	377
	261	378
	261	379
	260	379
	259	379
	258	379
	256	379
	255	379
	254	378
	253	377
	252	376
	251	375
	250	374
	250	373
	249	371
	249	369
	249	368
	250	367
	251	367
	252	366
	253	366
	254	366
	256	366
	258	366
	259	366
	261	366
	262	366
.PEN_UP
.PEN_DOWN
	301	392
	301	391
	301	390
	301	389
	301	388
	301	386
	300	384
	300	382
	299	379
	299	377
	299	375
	298	373
	298	371
	298	370
	298	369
	298	368
	298	367
	298	366
	298	365
	298	364
	298	363
.PEN_UP
.PEN_DOWN
	322	375
	322	376
	322	377
	322	378
	321	378
	320	378
	319	378
	319	377
	318	377
	317	376
	316	375
	315	375
	315	374
	314	373
	313	372
	313	371
	313	370
	313	369
	314	369
	315	369
	316	369
	317	369
	318	369
	319	369
	320	370
	321	370
	322	371
	323	371
	324	372
	325	373
	326	374
	326	375
	326	374
	325	374
	325	373
	325	372
	325	371
	325	370
	326	370
	327	369
	328	369
	329	368
.PEN_UP
.PEN_DOWN
	341	381
	342	381
	343	381
	344	382
	345	382
	346	382
	347	382
	348	382
	349	382
	350	382
	351	382
	352	382
	353	382
	354	381
	355	381
	356	380
	356	379
	355	379
	355	378
	354	378
	353	377
	352	376
	351	376
	350	375
	348	375
	347	374
	346	374
	345	373
	345	372
	345	371
	346	371
	347	371
	348	370
	350	370
	352	370
	353	370
	354	370
	355	370
	356	370
	357	370
.PEN_UP
.PEN_DOWN
	372	378
	371	378
	371	377
	370	377
	370	376
	370	375
	371	373
	372	373
	373	373
	373	372
	374	372
	375	372
	376	372
	377	372
	379	372
	380	372
	381	373
	382	374
	382	375
	383	375
	383	376
	383	377
	383	378
	384	378
	384	377
	384	376
	384	375
	384	374
	384	373
	384	372
	384	371
	384	370
	384	369
	384	368
	384	367
	385	366
	385	365
	386	363
	387	362
	387	361
	388	360
	389	358
	389	357
	388	357
	387	357
	386	357
	385	357
	383	357
	382	357
	380	357
	377	357
	376	357
	374	357
	373	357
.PEN_UP
.PEN_DOWN
	433	393
	433	392
	432	391
	432	389
	431	388
	431	387
	430	385
	430	384
	430	382
	429	381
	429	380
	429	379
	429	376
	429	375
	429	374
	429	373
	429	374
	430	374
	430	375
	431	376
	431	377
	432	378
	432	379
	433	380
	433	381
	434	382
	435	383
	436	384
	437	385
	438	385
	439	385
	440	385
	441	384
	442	383
	443	382
	443	381
	443	380
	443	378
	443	377
	442	376
	441	375
	440	375
	439	374
	438	373
	437	373
	436	372
	434	372
	432	372
	432	371
	431	371
	430	371
.PEN_UP
.PEN_DOWN
	461	394
	461	393
	461	392
	460	390
	459	389
	458	387
	457	383
	456	381
	456	379
	456	377
	455	375
	455	374
	455	372
	455	371
	455	370
	455	369
.PEN_UP
.PEN_DOWN
	473	377
	474	378
	474	379
	474	380
	473	381
	472	381
	471	381
	470	380
	468	379
	467	379
	467	378
	466	377
	465	376
	465	375
	464	374
	464	373
	464	372
	464	371
	465	370
	466	370
	467	370
	468	370
	469	370
	470	370
	471	371
	472	372
	473	372
	473	373
	474	374
	475	375
	476	376
	476	377
	476	378
	476	379
	475	379
	475	378
	474	377
	473	375
	473	374
	473	373
	473	372
	474	371
	475	370
	476	370
.PEN_UP
.PEN_DOWN
	496	379
	495	379
	494	379
	493	379
	492	379
	491	379
	490	379
	489	379
	488	379
	487	378
	487	377
	487	375
	487	374
	487	373
	487	372
	488	371
	489	370
	491	370
	493	369
	494	368
	496	368
	498	368
	499	368
.PEN_UP
.PEN_DOWN
	517	389
	517	388
	517	387
	517	386
	516	385
	516	384
	515	383
	515	382
	515	381
	515	379
	514	376
	514	375
	514	374
	514	373
	514	372
	514	371
	514	370
.PEN_UP
.PEN_DOWN
	529	380
	528	379
	527	379
	526	378
	525	377
	524	377
	523	376
	522	376
	521	375
	520	375
	519	375
	518	374
	518	373
	517	373
	517	372
	518	372
	518	371
	519	370
	520	370
	521	370
	522	370
	523	369
	524	369
	525	369
	526	369
	527	369
.PEN_UP
.PEN_DOWN
	564	372
	564	373
	564	374
	563	374
	562	375
	561	375
	560	375
	559	375
	558	375
	557	374
	556	373
	555	372
	554	371
	554	370
	554	369
	554	368
	554	367
	554	365
	555	365
	556	364
	557	364
	559	364
	560	364
	561	364
	562	364
	563	364
	565	365
	566	366
	567	368
	568	369
	568	370
	568	371
	569	373
	569	375
	569	376
	569	378
	570	380
	570	382
	570	384
	570	386
	570	388
	569	387
	569	386
	568	385
	568	383
	568	381
	568	379
	567	376
	567	374
	567	373
	567	371
	567	370
	567	369
	567	368
	567	366
.PEN_UP
.PEN_DOWN
	582	374
	581	374
	581	373
	580	373
	580	372
	579	372
	579	371
	578	371
	578	370
	578	369
	578	368
	579	367
	580	366
	581	366
	582	366
	583	366
	584	366
	585	366
	586	367
	587	367
	588	368
	588	369
	588	370
	588	371
	588	372
	588	373
	588	374
	587	375
	587	376
	587	377
	586	377
	585	377
	584	377
.PEN_UP
.PEN_DOWN
	605	375
	605	376
	604	376
	604	375
	603	375
	602	374
	601	373
	601	372
	601	371
	600	371
	600	370
	601	370
	602	370
	603	370
	604	370
	605	370
	606	371
	607	371
	608	372
	609	373
	610	374
	611	375
	610	375
	610	374
	609	373
	608	371
	607	370
	607	369
	607	367
	606	366
	606	365
	606	363
	606	361
	606	360
	607	358
	607	357
	607	355
	607	353
	608	352
	608	351
	608	350
	608	349
	608	348
	608	347
	607	346
	606	346
	604	346
	602	346
	601	346
	600	346
	599	347
	598	347
	597	348
	596	348
	595	349
	595	350
	595	351
	595	352
	595	353
	596	354
	597	356
	598	357
	600	357
	601	358
	604	359
	606	360
	607	360
.PEN_UP
