
.WRITER_ID BillRivard
.STYLE PRINTED
.PEN_DOWN
	92	391
	92	390
	92	389
	92	388
	92	387
	92	386
	92	385
	92	384
	91	383
	91	382
	91	381
	91	380
	90	379
	90	378
	90	377
	90	376
.PEN_UP
.PEN_DOWN
	86	388
	86	389
	87	389
	88	389
	89	389
	91	389
	92	389
	94	390
	96	390
	97	390
	98	390
	99	390
	100	390
	101	390
.PEN_UP
.PEN_DOWN
	85	373
	86	373
	87	373
	88	373
	89	373
	90	373
	91	373
	91	374
	92	374
	93	374
	94	374
	95	374
	97	374
	98	375
.PEN_UP
.PEN_DOWN
	108	394
	108	393
	109	393
	109	392
	108	391
	108	390
	107	390
	106	389
	106	388
.PEN_UP
.PEN_DOWN
	117	385
	117	384
	117	383
	117	382
	117	381
	118	381
	118	380
	118	379
	118	378
	118	377
	118	376
	119	375
	119	374
	120	374
	120	375
	121	375
	122	376
	122	377
	123	378
	123	379
	123	380
	123	381
	123	382
	123	383
	123	384
	123	385
.PEN_UP
.PEN_DOWN
	130	382
	131	381
	132	381
	133	381
	134	382
	135	382
	135	383
	135	384
	136	384
	136	385
	135	385
	135	386
	135	387
	134	387
	133	387
	132	387
	132	386
	131	386
	130	385
	129	385
	129	384
	128	383
	127	382
	127	381
	127	380
	127	379
	127	378
	128	377
	128	376
	129	376
	129	375
	130	375
	131	375
	132	374
	133	374
	134	374
	136	374
	137	374
	138	374
.PEN_UP
.PEN_DOWN
	164	383
	165	383
	165	382
	165	381
	166	381
	166	380
	167	379
	167	378
	167	377
	167	376
	168	376
	168	375
	168	374
	169	373
	169	374
	169	375
	169	376
	169	377
	169	378
	169	379
	169	380
	169	381
	169	382
	169	383
	169	385
	170	385
	170	386
	171	386
	172	386
	173	385
.PEN_UP
.PEN_DOWN
	179	383
	179	382
	179	381
	179	380
	179	379
	179	378
	179	377
	179	376
	179	375
	180	375
	180	374
	180	373
	181	373
	182	373
	182	374
	183	374
	183	375
	184	376
	185	376
	185	377
	185	378
	185	379
	186	379
	186	380
	186	381
	186	382
	186	383
	186	382
	187	381
	187	380
	187	379
	188	378
	188	377
	188	376
	189	375
	189	374
	190	373
	190	372
	191	372
.PEN_UP
.PEN_DOWN
	195	383
	196	382
	196	381
	197	380
	197	379
	198	378
	198	377
	199	376
	199	375
	199	374
	199	373
	199	372
	199	373
	200	373
	200	374
	200	375
	200	376
	201	376
	201	377
	201	378
	201	379
	202	380
	202	381
	202	382
	202	383
	202	384
	203	384
	204	384
	204	383
	205	383
	205	382
	205	381
	206	381
	206	380
	206	379
	206	378
	206	376
	206	375
	206	374
.PEN_UP
.PEN_DOWN
	238	379
	238	380
	238	381
	237	381
	236	381
	235	380
	235	379
	234	379
	234	378
	234	377
	234	376
	234	375
	234	374
	234	373
	234	372
	235	372
	236	371
	237	371
	238	371
	239	371
	240	372
	241	372
	242	373
	242	374
	242	376
	242	377
	242	378
	242	379
	241	380
	241	381
	240	381
	240	382
	239	382
.PEN_UP
.PEN_DOWN
	248	383
	248	382
	247	381
	247	380
	248	379
	248	378
	248	377
	248	376
	249	376
	249	375
	250	373
	251	372
	252	372
	253	373
	253	374
	253	375
	254	375
	254	376
	254	377
	255	378
	255	379
	255	380
	255	381
	256	382
	256	383
	256	382
	256	381
	256	380
	256	379
	256	378
	256	377
	256	376
	256	375
	257	374
	257	373
	257	372
.PEN_UP
.PEN_DOWN
	269	394
	270	394
	270	395
	269	394
	269	393
	269	392
	269	390
	269	387
	269	385
	269	384
	269	382
	269	381
	269	379
	269	378
	269	377
	269	376
	269	375
	269	374
	269	373
	269	372
	269	371
	269	370
.PEN_UP
.PEN_DOWN
	261	380
	262	380
	263	380
	264	380
	266	380
	269	380
	271	380
	272	380
	273	380
.PEN_UP
.PEN_DOWN
	310	380
	310	381
	310	382
	309	382
	308	382
	308	381
	307	381
	307	380
	306	380
	306	379
	306	377
	306	376
	306	375
	306	374
	307	373
	308	372
	309	372
	310	372
	311	372
	311	373
	311	374
	311	375
	311	376
	311	377
	311	378
	311	379
.PEN_UP
.PEN_DOWN
	325	393
	325	394
	325	395
	325	396
	325	397
	324	397
	323	397
	322	396
	322	395
	322	394
	322	393
	322	392
	322	391
	322	390
	322	389
	322	387
	322	386
	322	385
	322	381
	322	380
	322	379
	322	377
	322	376
	321	375
	321	374
	321	373
	321	372
	320	371
	320	370
	319	370
.PEN_UP
.PEN_DOWN
	314	378
	315	378
	316	378
	317	377
	318	377
	319	377
	320	377
	321	377
	322	377
	324	377
	325	377
.PEN_UP
.PEN_DOWN
	360	378
	359	377
	359	376
	359	375
	359	373
	359	372
	359	371
	359	369
	359	368
	359	367
	359	365
	359	364
	359	363
	359	362
	359	361
	359	360
	359	359
	359	358
	358	358
	357	358
	357	360
	356	361
	356	363
	356	365
	356	366
	356	367
	357	369
	357	371
	358	372
	358	374
	359	376
	360	378
	361	379
	362	380
	363	381
	364	381
	365	381
	366	381
	367	381
	368	381
	370	381
	371	380
	372	380
	373	379
	373	378
	373	377
	373	376
	371	375
	371	374
	369	373
	368	373
	367	372
	365	372
	364	372
	363	371
	362	371
	361	370
.PEN_UP
.PEN_DOWN
	383	379
	383	378
	382	377
	382	376
	382	375
	382	374
	383	373
	383	372
	383	371
	383	370
	383	369
	382	368
	382	367
.PEN_UP
.PEN_DOWN
	383	390
	384	390
	384	391
	385	391
.PEN_UP
.PEN_DOWN
	392	384
	392	383
	392	382
	393	381
	393	380
	393	379
	393	377
	394	376
	394	375
	394	373
	394	372
	394	371
	394	370
	393	369
	394	370
	394	371
	395	372
	396	373
	397	375
	397	376
	398	376
	398	377
	398	379
	399	380
	400	380
	400	381
	401	381
	401	380
	402	379
	402	378
	402	377
	402	376
	402	375
	403	374
	403	373
	403	372
	403	371
	403	370
	403	369
.PEN_UP
.PEN_DOWN
	413	391
	414	391
	414	390
	414	389
	414	388
	415	387
	415	386
	415	385
	415	384
	415	382
	414	381
	414	378
	414	377
	414	376
	413	375
	413	374
	413	373
	413	372
	412	372
	412	371
	412	370
.PEN_UP
.PEN_DOWN
	422	387
	422	386
	421	385
	420	385
	419	384
	418	383
	417	383
	416	382
	415	382
	414	381
	414	380
	413	380
	413	379
	413	378
	413	377
	414	377
	414	376
	415	375
	416	374
	417	373
	417	372
	418	372
	418	371
	419	371
	420	370
	422	369
	422	368
	423	368
	424	368
.PEN_UP
.PEN_DOWN
	429	370
	430	370
	430	371
	431	372
	431	373
.PEN_UP
.PEN_DOWN
	453	401
	452	401
	452	400
	452	399
	451	399
	451	398
	451	397
	450	396
	450	395
.PEN_UP
.PEN_DOWN
	456	400
	456	399
	455	399
	455	398
	454	397
	454	396
	454	395
	453	394
	453	393
.PEN_UP
