
.WRITER_ID BobStrong
.STYLE PRINTED
.PEN_DOWN
	129	382
	128	382
	128	381
	127	381
	126	380
	125	379
	124	379
	123	379
	122	377
	121	376
	121	375
	120	375
	120	374
	120	373
	120	372
	120	371
	120	370
	120	369
	122	368
	124	368
	125	368
	127	369
	128	370
	131	370
	132	371
	134	372
	135	372
	136	373
	137	374
	138	376
	138	378
	138	379
	137	379
	137	381
	136	382
	135	383
	134	383
	132	383
	131	383
	129	383
	127	382
	126	381
	125	380
	124	380
.PEN_UP
.PEN_DOWN
	150	380
	149	380
	149	381
	148	381
	148	380
	147	380
	147	379
	146	379
	146	377
	146	376
	145	375
	145	374
	145	373
	144	371
	144	370
	143	369
	143	368
	143	369
	143	370
	143	371
	144	372
	144	373
	145	374
	145	375
	146	376
	146	377
	148	379
	148	380
	149	380
	149	381
	149	380
	150	379
	150	378
	151	377
	151	376
	151	375
	152	374
	153	373
	153	372
	154	372
	155	372
	156	373
	156	374
	158	375
	159	375
	159	376
	160	377
	160	378
	160	379
	161	381
	161	382
	161	383
	161	384
	161	387
	161	388
	161	389
	161	388
	162	388
.PEN_UP
.PEN_DOWN
	214	381
	215	381
	215	382
	214	381
	213	379
	213	378
	212	376
	212	375
	212	374
	211	373
	211	372
	211	371
	211	370
	211	369
	211	368
.PEN_UP
.PEN_DOWN
	206	385
	206	386
	207	386
	208	386
	209	386
	210	386
	211	386
	212	386
	213	387
	215	387
	216	387
	217	387
	218	387
	221	387
	222	387
	222	386
	223	386
	224	386
.PEN_UP
.PEN_DOWN
	249	385
	248	383
	248	382
	247	381
	247	380
	246	379
	246	378
	245	377
	245	375
	244	375
	244	374
	243	373
	243	372
	242	371
	242	370
.PEN_UP
.PEN_DOWN
	258	390
	259	390
	259	389
	258	388
	258	387
	258	385
	257	384
	257	383
	257	381
	256	379
	256	378
	256	377
	255	376
	255	374
	255	373
	255	372
	256	371
.PEN_UP
.PEN_DOWN
	246	379
	247	379
	248	379
	249	379
	250	379
	251	379
	252	380
	253	380
	254	380
	255	380
	257	379
	258	379
	259	379
	260	379
.PEN_UP
.PEN_DOWN
	276	384
	276	383
	276	382
	275	381
	275	379
	274	378
	274	377
	273	376
	273	375
	273	374
	273	373
	273	372
.PEN_UP
.PEN_DOWN
	276	385
	277	385
	278	385
	278	386
	279	387
	280	387
	281	387
	282	387
	283	387
	284	387
	285	387
	286	387
	287	387
	288	387
.PEN_UP
.PEN_DOWN
	276	379
	277	378
	278	378
	279	378
	280	378
	281	378
	282	378
	283	378
	285	378
	286	378
	287	378
.PEN_UP
.PEN_DOWN
	273	371
	274	371
	275	371
	276	371
	277	371
	279	371
	280	371
	281	370
	282	370
	284	370
	285	370
	286	370
	287	370
	288	370
.PEN_UP
.PEN_DOWN
	337	385
	338	385
	338	386
	339	386
	339	385
	339	384
	338	384
	338	383
	338	382
	338	380
	338	379
	339	378
	339	377
	339	376
	340	375
	340	374
	340	373
	340	372
	341	372
	342	373
	342	374
	343	375
	344	376
	344	377
	344	378
	345	380
	345	382
	346	383
	346	385
	347	386
	347	387
	347	388
	348	388
	349	387
.PEN_UP
.PEN_DOWN
	358	383
	358	382
	358	381
	358	380
	357	379
	357	378
	357	377
	356	376
	356	375
	356	374
	356	373
	356	372
	357	371
.PEN_UP
.PEN_DOWN
	360	385
	362	385
	363	385
	363	386
	364	387
	365	387
	367	388
	368	388
	369	388
	370	388
	371	388
	372	387
	373	387
.PEN_UP
.PEN_DOWN
	359	379
	361	378
	362	378
	363	379
	364	379
	365	379
	366	379
	367	379
	368	379
.PEN_UP
.PEN_DOWN
	356	372
	357	372
	358	372
	360	372
	362	372
	363	372
	365	372
	366	372
	368	373
	369	373
	371	373
.PEN_UP
.PEN_DOWN
	386	385
	386	384
	385	384
	384	383
	384	382
	384	381
	383	380
	383	379
	382	378
	381	377
	381	375
	380	375
	380	374
	380	373
	380	372
	380	371
	381	371
	382	371
	383	371
	384	371
	385	371
	386	371
	387	372
	388	372
	389	372
	390	372
	391	372
	391	371
	392	371
	393	371
.PEN_UP
.PEN_DOWN
	402	381
	402	382
	403	382
	404	382
	404	383
	403	383
	403	382
	403	381
	402	380
	402	379
	402	378
	402	377
	402	376
	402	375
	402	374
	402	373
	403	371
	404	370
	405	370
	406	371
	407	372
	408	373
	408	374
	409	374
	409	375
	409	376
	410	377
	410	378
	410	379
	411	381
	411	382
	412	383
	413	383
	413	382
.PEN_UP
.PEN_DOWN
	424	381
	423	380
	422	379
	422	378
	421	377
	421	376
	421	375
	421	374
	421	373
	421	372
.PEN_UP
.PEN_DOWN
	424	385
	425	385
	426	385
	427	385
	427	386
	428	386
	429	387
	430	387
	431	387
	432	387
	433	386
	434	386
.PEN_UP
.PEN_DOWN
	420	378
	421	378
	422	378
	424	378
	425	378
	426	378
	427	378
	429	378
	430	378
	431	378
	432	378
.PEN_UP
.PEN_DOWN
	420	371
	420	370
	421	370
	422	370
	423	371
	424	371
	427	371
	429	371
	431	371
	432	371
	433	371
	435	371
	436	371
	437	371
.PEN_UP
.PEN_DOWN
	459	385
	459	384
	458	383
	458	382
	457	381
	456	381
	456	380
	455	379
	455	378
	455	377
	454	376
	454	375
	454	374
	454	373
	454	372
.PEN_UP
.PEN_DOWN
	449	387
	450	387
	451	387
	452	388
	452	389
	453	389
	454	389
	456	390
	457	390
	459	390
	461	390
	463	390
	464	390
	465	390
	466	390
	468	390
	469	389
	470	389
.PEN_UP
.PEN_DOWN
	513	387
	512	387
	511	387
	510	386
	510	385
	509	385
	509	384
	508	383
	507	381
	507	380
	507	379
	507	378
	507	377
	508	376
	508	375
	509	375
	510	374
	511	373
	513	373
	515	373
	518	373
	520	373
	522	373
	523	374
	525	374
	526	375
	527	376
	527	377
	527	378
	527	379
	526	381
	526	383
	525	384
	524	386
	523	387
	522	388
	522	389
	521	390
	520	390
	518	390
	517	390
.PEN_UP
.PEN_DOWN
	520	379
	521	379
	522	379
	522	378
	522	377
	522	376
	522	375
	522	374
	522	373
	522	371
	523	370
	524	369
	524	368
	525	368
	526	367
.PEN_UP
.PEN_DOWN
	543	382
	545	382
	545	383
	544	383
	543	383
	542	382
	542	381
	541	381
	540	379
	540	377
	540	376
	540	375
	540	374
	541	373
	541	372
	542	372
	543	371
	544	371
	545	371
	546	371
	549	372
	550	372
	551	373
	552	374
	553	374
	554	375
	554	376
	555	377
	555	378
	555	379
	555	381
	555	383
	555	384
	555	385
.PEN_UP
.PEN_DOWN
	570	385
	570	384
	569	383
	569	382
	568	380
	567	378
	567	377
	567	376
	567	375
	567	373
	567	372
	567	371
	567	370
	567	369
	567	368
.PEN_UP
.PEN_DOWN
	584	384
	584	383
	583	382
	582	381
	581	380
	580	379
	580	378
	579	377
	579	376
	578	375
	578	374
	578	373
	578	372
	578	371
	579	371
	580	370
	581	370
	582	370
	583	370
	584	370
	585	370
	586	370
	587	370
	588	370
	589	370
	590	370
	591	370
.PEN_UP
.PEN_DOWN
	614	385
	614	384
	613	383
	613	382
	613	381
	612	380
	612	379
	611	378
	611	377
	611	375
	611	374
	611	372
	611	371
	611	370
	612	370
	612	369
	613	369
.PEN_UP
.PEN_DOWN
	605	388
	606	388
	607	389
	608	390
	610	391
	611	391
	612	392
	613	392
	615	392
	617	392
	618	392
	619	392
	621	392
	622	392
	624	392
	625	391
	626	391
	627	391
.PEN_UP
