
.WRITER_ID BillRivard
.STYLE PRINTED
.PEN_DOWN
	75	389
	76	389
	76	390
	75	390
	75	391
	74	391
	73	391
	72	391
	71	391
	71	390
	70	390
	69	389
	69	388
	68	388
	68	387
	68	386
	68	385
	68	384
	68	383
	68	382
	69	381
	69	380
	70	380
	70	379
	71	379
	72	379
	73	379
	74	379
	74	380
	75	380
	75	381
	76	381
	77	382
	77	383
	78	383
	78	384
	78	385
	78	386
	78	387
	78	388
	78	389
	78	390
	78	391
	77	391
	77	392
	76	392
.PEN_UP
.PEN_DOWN
	93	401
	93	402
	93	403
	93	404
	92	404
	91	404
	90	404
	89	404
	88	404
	88	403
	87	402
	87	401
	86	400
	86	399
	86	398
	86	397
	86	396
	86	395
	86	394
	86	393
	86	391
	86	390
	87	389
	87	388
	87	387
	87	386
	87	385
	87	384
	87	383
	87	382
	87	381
	88	381
.PEN_UP
.PEN_DOWN
	82	387
	83	387
	83	388
	84	388
	85	388
	86	388
	87	389
	88	389
	89	390
	90	390
	91	390
	92	390
	93	390
.PEN_UP
.PEN_DOWN
	118	400
	118	401
	118	400
	118	399
	118	398
	117	398
	117	397
	117	396
	117	395
	117	394
	117	392
	117	391
	117	390
	117	389
	117	388
	117	387
	117	386
	117	385
	117	384
	118	383
	118	382
	119	381
	120	381
	121	381
	121	382
	122	382
.PEN_UP
.PEN_DOWN
	108	390
	109	390
	110	390
	111	390
	112	390
	113	390
	114	390
	115	390
	116	390
	117	390
	119	390
	120	390
	121	390
	122	391
	123	391
.PEN_UP
.PEN_DOWN
	130	403
	130	402
	130	401
	130	400
	130	399
	130	398
	130	396
	130	395
	130	394
	130	393
	130	392
	131	391
	131	390
	131	388
	131	387
	131	386
	131	385
	132	385
	132	384
	132	385
	133	385
	133	386
	134	386
	134	387
	135	387
	135	388
	136	389
	136	390
	137	390
	138	391
	139	393
	139	394
	140	394
	140	395
	141	395
	141	394
	142	394
	142	393
	142	392
	142	391
	143	390
	143	389
	143	388
	143	387
	143	386
	144	385
	145	385
.PEN_UP
.PEN_DOWN
	153	390
	154	390
	155	390
	156	390
	157	390
	158	391
	159	391
	159	392
	159	393
	159	394
	159	395
	159	396
	158	396
	158	397
	157	397
	156	397
	155	397
	154	397
	154	396
	152	395
	151	394
	150	393
	150	392
	150	391
	150	390
	150	389
	150	388
	151	388
	151	387
	152	387
	152	386
	153	386
	153	385
	154	385
	155	385
	156	384
	158	384
	159	383
	160	383
	161	383
	162	383
	163	383
.PEN_UP
.PEN_DOWN
	192	401
	192	402
	193	402
	192	402
	192	401
	191	401
	191	400
	190	399
	190	398
	189	397
	189	396
	189	394
	189	393
	189	391
	189	389
	190	388
	190	387
	191	386
	191	385
	192	384
	192	383
	193	383
	193	382
	193	381
	194	381
	195	381
.PEN_UP
.PEN_DOWN
	201	391
	201	390
	201	389
	201	388
	201	387
	201	386
	201	385
	201	384
.PEN_UP
.PEN_DOWN
	202	397
	203	397
	203	398
	202	398
	202	399
	203	399
.PEN_UP
.PEN_DOWN
	218	403
	218	402
	218	400
	218	399
	218	398
	218	397
	217	397
	217	396
	217	395
	217	394
	217	393
	217	392
	217	391
	217	390
	217	389
	217	388
	217	387
	218	387
	218	386
.PEN_UP
.PEN_DOWN
	212	393
	213	393
	214	393
	216	393
	217	393
	218	393
	219	393
.PEN_UP
.PEN_DOWN
	230	400
	230	399
	230	398
	230	397
	230	396
	230	395
	230	394
	230	393
	230	392
	230	391
	230	390
	230	389
	230	388
	230	387
.PEN_UP
.PEN_DOWN
	224	394
	225	393
	227	393
	228	393
	229	393
	230	393
	231	393
	232	393
	233	393
	234	393
.PEN_UP
.PEN_DOWN
	242	404
	242	403
	242	402
	242	401
	242	399
	242	398
	242	397
	242	396
	242	395
	242	394
	242	393
	242	392
	242	391
	242	390
	242	388
	242	387
	242	386
.PEN_UP
.PEN_DOWN
	249	390
	249	389
	250	389
	251	389
	252	389
	253	389
	254	390
	255	390
	255	391
	255	392
	255	393
	255	394
	255	395
	254	395
	254	396
	253	396
	252	396
	251	395
	250	394
	249	394
	249	393
	249	392
	248	392
	248	391
	248	390
	248	389
	248	388
	248	387
	248	386
	248	385
	249	385
	249	384
	250	383
	251	383
	252	382
	253	382
	254	382
	255	382
	256	381
	257	381
.PEN_UP
.PEN_DOWN
	274	403
	275	403
	276	402
	276	401
	276	400
	276	399
	276	398
	277	395
	277	394
	277	392
	277	391
	277	390
	277	389
	277	387
	277	385
	277	384
	277	385
	278	386
	278	387
	278	388
	278	389
	279	390
	279	391
	280	392
	280	393
	281	394
	282	394
	283	394
	283	395
	284	395
	285	394
	286	394
	287	393
	288	392
	288	391
	288	390
	287	388
	286	388
	285	387
	284	387
	283	387
	282	387
	281	386
	280	386
	280	387
.PEN_UP
.PEN_DOWN
	303	393
	302	393
	301	393
	300	393
	299	393
	299	392
	298	392
	297	391
	297	390
	296	390
	296	389
	296	388
	296	387
	297	386
	297	385
	298	385
	300	385
	301	385
	302	385
	303	385
	304	385
	305	385
	306	386
	306	387
	306	388
	307	389
	307	390
.PEN_UP
.PEN_DOWN
	312	394
	313	394
	313	393
	314	393
	314	392
	315	391
	316	391
	316	390
	317	390
	318	388
	318	387
	319	386
	319	385
	319	384
	320	383
.PEN_UP
.PEN_DOWN
	323	393
	322	393
	322	392
	321	392
	320	392
	319	391
	319	390
	318	390
	317	389
	316	388
	315	387
	314	385
	313	385
	313	383
	312	383
.PEN_UP
.PEN_DOWN
	354	406
	354	405
	354	404
	354	403
	354	402
	354	401
	355	400
	355	398
	355	396
	355	395
	354	393
	354	391
	354	390
	354	387
	355	385
	355	384
	355	383
	355	382
	355	381
	355	382
	356	383
	356	384
	357	385
	358	386
	359	387
	359	388
	360	389
	361	390
	363	392
	364	392
	364	393
	365	393
	365	392
	365	391
	366	391
	366	390
	366	389
	366	388
	366	387
	366	386
	366	385
	367	384
	367	383
	367	382
	367	381
.PEN_UP
.PEN_DOWN
	379	384
	380	384
	381	384
	382	384
	383	385
	384	385
	384	386
	384	387
	384	388
	384	389
	384	390
	383	390
	383	391
	382	391
	381	391
	380	391
	379	390
	378	390
	377	390
	377	389
	376	388
	376	387
	375	386
	375	385
	375	384
	375	383
	375	381
	375	380
	376	379
	377	378
	378	377
	379	376
	380	376
	381	376
	382	375
	384	375
	385	375
.PEN_UP
