
.WRITER_ID BillRivard
.STYLE PRINTED
.PEN_DOWN
	79	395
	80	395
	80	396
	80	395
	80	394
	79	394
	79	393
	79	392
	78	391
	78	390
	78	388
	77	387
	77	386
	77	385
	77	384
	77	381
	78	380
	78	379
	78	378
	79	377
	79	376
	80	376
	80	375
	81	375
	82	375
	83	374
	84	374
	85	374
	86	374
	87	374
.PEN_UP
.PEN_DOWN
	72	382
	73	382
	74	382
	75	382
	76	382
	78	382
	78	383
	80	383
	81	383
	82	383
	83	384
	84	384
	85	384
	86	384
	87	384
.PEN_UP
.PEN_DOWN
	92	381
	93	381
	93	380
	93	379
	93	378
	93	377
	93	376
	93	375
	93	374
	94	374
	94	373
	94	372
	94	373
	94	374
	94	375
	94	376
	94	377
	94	378
	94	379
	94	380
	95	380
	95	381
	96	381
	97	382
	98	382
	99	382
	100	383
	101	383
	102	383
	103	384
	104	384
	105	383
.PEN_UP
.PEN_DOWN
	108	380
	108	379
	109	379
	110	378
	111	378
	112	378
	112	379
	113	379
	114	380
	115	381
	115	382
	115	383
	115	384
	114	384
	113	384
	112	384
	111	384
	111	383
	110	383
	109	382
	108	381
	107	379
	107	378
	107	377
	107	376
	108	376
	108	375
	109	375
	109	374
	111	374
	112	373
	113	373
	114	373
	115	373
	116	373
	117	373
	118	373
	119	373
	120	373
.PEN_UP
.PEN_DOWN
	130	382
	130	383
	130	384
	129	385
	128	385
	128	386
	127	386
	126	385
	125	385
	124	384
	123	384
	122	382
	122	381
	121	380
	121	379
	121	378
	121	377
	121	376
	122	375
	123	374
	125	374
	126	374
	127	374
	128	374
	129	375
	130	376
	131	377
	131	378
	132	379
	132	380
	132	381
	132	382
	132	383
	132	382
	132	381
	132	380
	133	379
	133	378
	133	377
	134	376
	135	375
	135	374
	136	374
.PEN_UP
.PEN_DOWN
	147	398
	147	399
	146	399
	146	398
	146	397
	145	397
	145	396
	145	395
	145	393
	145	391
	145	390
	145	389
	146	388
	146	386
	146	385
	146	384
	146	383
	146	381
	146	380
	146	379
	146	378
	146	377
	147	377
	148	377
.PEN_UP
.PEN_DOWN
	138	387
	138	386
	139	386
	140	386
	141	385
	142	385
	143	385
	144	385
	145	385
	146	385
	147	385
	148	385
	149	385
	150	385
.PEN_UP
.PEN_DOWN
	157	379
	158	379
	158	378
	159	378
	160	378
	161	378
	161	379
	162	379
	163	379
	163	380
	165	380
	165	381
	166	381
	166	382
	167	383
	167	384
	167	385
	167	386
	166	387
	165	387
	164	387
	163	387
	163	386
	162	386
	161	385
	160	385
	159	385
	159	384
	159	383
	158	382
	158	381
	158	380
	159	379
	159	378
	160	378
	160	377
	161	376
	162	376
	164	375
	165	375
	165	374
	166	374
	167	374
	168	374
.PEN_UP
.PEN_DOWN
	181	399
	182	399
	182	398
	182	397
	182	396
	182	395
	182	393
	182	392
	182	391
	182	390
	182	389
	182	388
	182	387
	182	386
	182	385
	182	384
	182	383
	182	382
	182	381
	182	382
	181	382
	181	383
	180	384
	179	385
	178	385
	177	385
	176	385
	175	385
	174	385
	174	384
	173	384
	172	383
	172	382
	171	381
	171	380
	171	379
	171	378
	172	378
	172	377
	173	377
	175	377
	176	377
	177	377
	178	377
	179	377
	180	378
	181	378
	182	378
	183	378
	183	379
.PEN_UP
.PEN_DOWN
	213	393
	213	394
	214	394
	214	393
	214	392
	214	391
	214	390
	214	389
	214	387
	215	386
	215	385
	215	383
	215	382
	215	380
	216	379
	216	378
	216	377
	216	376
	216	375
	216	376
	217	376
	217	378
	217	379
	218	380
	218	381
	219	382
	219	383
	220	384
	221	385
	221	384
	222	383
	222	382
	223	381
	223	380
	224	380
	224	379
	224	378
	223	378
	222	378
	221	378
	220	378
	219	377
	218	377
.PEN_UP
.PEN_DOWN
	237	381
	238	381
	238	380
	238	379
	238	378
	238	377
	238	376
	238	375
	238	374
	239	374
	240	374
	241	374
	241	375
	242	375
	242	376
	243	376
	244	377
	244	378
	244	379
	245	380
	245	382
	246	383
	246	384
	246	383
	246	382
	246	380
	246	378
	246	377
	246	376
	246	375
	246	373
	246	372
	246	371
	246	369
	246	368
	246	367
	246	364
	247	363
	247	362
	247	361
	247	360
	247	359
	247	358
	246	358
	245	358
	244	358
	244	359
	243	359
	243	360
	243	361
	243	362
	243	363
	244	364
	246	366
	246	367
	247	367
	248	368
	249	369
	250	370
	251	370
	252	371
	253	371
	255	372
	256	372
.PEN_UP
.PEN_DOWN
	274	372
	275	372
	276	372
	277	373
	277	374
	277	375
	278	376
	278	378
	278	379
	278	380
	278	381
	278	382
	279	383
	279	384
	279	385
	280	385
	281	385
	282	385
	282	384
	283	384
	284	383
	285	382
	286	381
	287	380
	287	379
	288	378
	288	377
	289	377
	289	376
	289	375
	288	374
	287	374
	286	373
	285	373
	284	373
	283	373
	282	373
	281	373
	281	374
.PEN_UP
.PEN_DOWN
	302	382
	303	382
	303	383
	303	384
	301	384
	300	384
	299	383
	298	383
	298	382
	297	381
	297	380
	297	379
	297	378
	297	377
	297	376
	297	375
	298	375
	298	374
	300	373
	301	372
	302	372
	303	372
	304	372
	305	372
	306	373
	307	375
	308	376
	308	377
	308	378
	308	379
	308	380
	308	381
	308	382
	307	382
	307	383
.PEN_UP
.PEN_DOWN
	315	382
	316	382
	316	381
	316	380
	316	379
	316	378
	316	377
	317	376
	317	375
	317	374
	318	374
	318	375
	319	375
	319	376
	320	377
	321	378
	322	379
	322	380
	324	381
	324	382
	325	382
	325	381
	326	379
	326	378
	326	377
	327	376
	327	375
	328	375
	329	375
	329	376
	330	376
	331	377
	332	378
	332	379
	333	380
	334	380
	334	381
	335	382
	336	383
	337	384
	338	384
	338	383
	338	382
	338	381
	339	381
	339	380
	339	379
	340	378
	340	377
	340	376
	341	376
	341	375
.PEN_UP
.PEN_DOWN
	351	379
	352	379
	353	380
	354	380
	355	381
	356	382
	356	383
	356	384
	356	385
	356	386
	356	387
	356	388
	355	388
	355	389
	354	389
	353	389
	352	389
	351	388
	350	388
	349	387
	348	386
	348	385
	347	384
	347	383
	347	382
	347	381
	347	379
	347	378
	348	377
	348	376
	349	376
	351	375
	352	374
	353	374
	354	374
	357	374
	358	374
	359	374
	360	374
	362	374
.PEN_UP
.PEN_DOWN
	396	381
	395	381
	395	382
	394	382
	393	382
	392	382
	391	382
	391	381
	390	381
	389	381
	389	380
	388	380
	388	379
	388	378
	388	377
	388	376
	388	375
	389	375
	389	374
	390	374
	391	374
	392	374
	393	374
	394	374
	395	374
	396	375
	396	376
	397	376
	397	377
	398	377
	398	378
	399	379
	399	380
	399	381
	400	381
	400	380
	400	378
	401	377
	401	376
	402	376
	402	375
	402	374
	402	373
	402	372
.PEN_UP
.PEN_DOWN
	411	382
	411	381
	411	380
	411	379
	412	378
	412	377
	412	376
	412	375
	412	374
	412	373
	412	372
	411	372
	411	373
	411	374
	411	376
	411	377
	411	378
	411	379
	412	380
	412	381
	413	381
	413	382
	414	383
	415	383
	416	383
	417	383
	418	383
	419	382
	420	382
	421	382
.PEN_UP
.PEN_DOWN
	436	383
	436	384
	435	384
	434	383
	433	383
	432	382
	431	381
	431	380
	430	379
	430	378
	430	376
	430	375
	430	374
	431	373
	431	372
	432	372
	433	372
	434	372
	435	371
	436	371
	438	371
	439	372
	440	372
.PEN_UP
.PEN_DOWN
	456	381
	455	381
	454	381
	453	381
	452	381
	450	381
	449	381
	448	380
	447	380
	446	380
	446	379
	445	378
	445	377
	445	376
	445	375
	446	375
	446	374
	447	374
	448	374
	449	374
	450	374
	451	374
	452	375
	454	376
	455	377
	455	378
	455	377
	455	376
	456	375
	456	374
	456	373
	457	372
	458	371
.PEN_UP
.PEN_DOWN
	467	382
	467	381
	468	381
	468	380
	468	379
	468	378
	468	377
	468	376
	469	375
	469	374
	469	373
	469	372
	470	373
	470	374
	471	375
	471	376
	472	376
	472	377
	472	378
	473	379
	475	380
	475	381
	476	381
	476	382
	477	382
	478	382
	479	381
	479	379
	480	378
	480	377
	480	376
	480	375
	481	374
	481	373
	481	372
.PEN_UP
.PEN_DOWN
	490	377
	490	376
	491	376
	492	376
	493	376
	494	376
	495	376
	496	376
	497	376
	497	377
	498	377
	498	378
	498	379
	498	380
	498	381
	498	382
	497	382
	497	383
	496	384
	495	384
	494	384
	493	384
	492	384
	491	383
	490	383
	489	383
	489	382
	488	381
	487	380
	487	379
	487	378
	487	377
	487	376
	487	375
	488	375
	488	374
	488	373
	489	372
	490	371
	491	370
	492	370
	493	369
	494	369
	495	368
	497	368
	498	368
	499	368
	500	368
	501	368
.PEN_UP
.PEN_DOWN
	540	377
	541	377
	541	376
	541	375
	541	374
	541	373
	541	372
	541	371
	541	370
	541	368
	541	367
	541	366
	541	365
	541	364
	540	362
	540	361
	540	360
	540	359
	539	360
	539	361
	538	361
	538	362
	538	363
	538	364
	538	365
	538	367
	538	368
	538	369
	538	370
	538	372
	540	376
	541	377
	542	379
	543	380
	544	381
	545	382
	546	383
	548	384
	549	384
	551	384
	551	383
	552	383
	552	382
	552	381
	552	380
	552	379
	552	378
	552	377
	551	376
	550	375
	550	374
	549	374
	548	373
	547	373
	546	372
	545	372
.PEN_UP
.PEN_DOWN
	562	379
	562	378
	562	377
	562	376
	562	375
	562	374
	562	373
	562	372
	562	371
	562	370
	562	368
	562	367
	562	368
	562	369
	562	370
	562	371
	562	372
	563	372
	563	373
	564	374
	565	375
	565	376
	567	376
	567	377
	568	378
	570	379
	571	379
.PEN_UP
.PEN_DOWN
	584	380
	584	381
	583	381
	582	381
	582	380
	581	380
	579	379
	578	378
	577	377
	577	376
	576	375
	575	374
	575	373
	575	372
	575	371
	575	370
	576	369
	577	368
	578	368
	579	368
	580	368
	581	369
	582	369
	582	370
	583	370
	584	371
	584	372
	585	373
	586	373
	586	374
	586	375
	586	376
	585	376
.PEN_UP
.PEN_DOWN
	600	379
	600	380
	599	380
	598	380
	597	379
	596	379
	595	378
	595	377
	594	377
	594	376
	593	375
	593	373
	593	372
	593	370
	593	369
	594	368
	595	367
	596	367
	597	367
	598	366
	599	366
	600	366
	602	366
	603	367
.PEN_UP
.PEN_DOWN
	616	375
	617	375
	618	375
	619	375
	620	375
	621	376
	622	376
	622	377
	623	377
	624	379
	624	380
	624	381
	624	382
	624	383
	624	384
	623	384
	623	385
	622	385
	621	385
	619	384
	619	383
	618	383
	617	382
	617	381
	616	381
	616	380
	616	379
	615	378
	615	377
	615	376
	615	375
	615	374
	615	373
	615	372
	615	371
	616	370
	616	369
	617	369
	618	369
	619	369
.PEN_UP
.PEN_DOWN
	637	381
	638	382
	638	383
	639	383
	639	384
	638	384
	637	384
	636	384
	635	383
	634	383
	634	382
	634	381
	634	380
	634	379
	635	379
	635	378
	636	377
	636	376
	637	376
	638	375
	638	374
	639	374
	639	373
	639	372
	638	372
	638	371
	637	371
	635	371
	634	371
	633	371
	632	371
	631	371
.PEN_UP
.PEN_DOWN
	653	383
	654	383
	654	384
	653	385
	652	385
	651	385
	650	384
	649	384
	648	384
	648	383
	648	382
	648	381
	649	380
	650	380
	650	379
	651	378
	652	377
	653	376
	654	376
	655	375
	656	373
	657	373
	657	372
	658	371
	658	370
	658	369
	657	368
	656	368
	655	368
	654	368
	653	368
	652	368
	651	368
	650	369
	649	369
	648	369
.PEN_UP
