
.WRITER_ID BillRivard
.STYLE PRINTED
.PEN_DOWN
	60	392
	60	391
	60	390
	60	389
	60	388
	60	387
	60	386
	60	385
	61	383
	61	382
	61	381
	61	378
	62	377
	62	376
	62	375
	63	374
	63	373
	63	372
	63	371
	63	372
	63	373
	64	374
	64	375
	64	377
	65	378
	65	379
	65	380
	66	381
	67	382
	67	383
	69	383
	70	383
	71	383
	71	382
	71	381
	72	381
	72	380
	73	380
	73	379
	73	378
	73	377
	73	376
	72	376
	72	375
	71	375
	71	374
	70	374
	70	373
	69	373
	68	373
	67	373
	66	373
.PEN_UP
.PEN_DOWN
	78	377
	79	377
	80	377
	81	377
	82	378
	83	379
	83	380
	83	381
	83	382
	82	383
	81	383
	81	382
	80	382
	80	381
	79	381
	78	380
	78	379
	78	378
	78	377
	78	376
	78	375
	79	375
	79	374
	80	373
	81	372
	82	372
	83	371
	84	371
	85	371
.PEN_UP
.PEN_DOWN
	91	380
	91	379
	91	378
	91	377
	91	376
	91	375
	91	374
	92	373
	92	372
	93	372
	94	372
	95	372
	96	372
	97	372
	97	373
	98	373
	98	374
	99	374
	100	374
	100	375
	101	376
	101	377
	101	378
	102	378
	102	379
	102	380
	102	379
	102	378
	102	377
	103	377
	103	376
	104	375
	104	374
	105	374
	105	373
	106	373
	107	373
	108	373
	109	373
	110	374
	111	374
	111	375
	112	376
	112	377
	112	378
	112	379
	112	380
	112	381
	112	382
	112	384
	112	385
	111	386
	111	387
	110	388
.PEN_UP
.PEN_DOWN
	120	382
	120	381
	120	380
	120	379
	120	378
	121	377
	121	376
	121	375
	121	374
	122	373
	122	372
	123	372
.PEN_UP
.PEN_DOWN
	119	391
	120	391
	121	391
.PEN_UP
.PEN_DOWN
	131	395
	131	394
	131	393
	131	392
	131	391
	131	390
	131	389
	131	388
	131	387
	131	385
	131	384
	131	383
	131	381
	131	379
	131	378
	131	377
	131	376
	132	376
	132	375
	133	374
	133	373
	134	373
.PEN_UP
.PEN_DOWN
	144	396
	144	395
	144	394
	145	393
	145	392
	145	391
	145	390
	145	389
	145	387
	146	386
	146	384
	146	382
	146	380
	146	379
	146	378
	146	377
	146	376
	147	376
	147	375
	147	374
	147	375
	147	376
	146	377
	146	378
	146	379
	146	380
	145	380
	145	381
	144	381
	144	382
	143	382
	142	382
	141	382
	141	381
	140	381
	140	380
	140	379
	140	378
	140	377
	140	376
	142	375
	142	374
	143	374
	144	373
	145	373
	146	373
	147	373
	148	373
	149	373
	150	374
	151	375
.PEN_UP
.PEN_DOWN
	157	378
	158	378
	159	379
	160	379
	160	380
	161	380
	161	381
	161	382
	161	383
	161	384
	161	385
	161	386
	160	387
	159	387
	158	386
	157	386
	157	385
	156	384
	156	383
	156	382
	156	381
	156	380
	156	379
	156	378
	157	377
	157	376
	157	375
	158	375
	158	374
	159	373
	160	373
	161	373
.PEN_UP
.PEN_DOWN
	168	382
	169	381
	169	380
	169	379
	170	378
	170	377
	170	376
	171	375
	171	374
	171	373
	170	373
	170	374
	169	375
	169	376
	169	377
	169	378
	169	379
	169	380
	169	381
	170	383
	171	384
	171	385
	172	385
	173	385
	174	385
.PEN_UP
.PEN_DOWN
	182	378
	183	378
	184	378
	185	378
	186	378
	187	378
	188	379
	189	379
	189	380
	189	381
	189	382
	189	383
	189	384
	188	385
	187	385
	186	385
	185	385
	184	385
	184	384
	183	384
	183	383
	183	382
	182	381
	182	380
	182	379
	183	377
	183	376
	184	376
	184	375
	185	375
	185	374
	186	374
	187	374
	188	374
	189	374
.PEN_UP
.PEN_DOWN
	206	397
	206	396
	206	395
	206	394
	206	393
	206	392
	206	391
	206	390
	206	389
	206	388
	206	387
	206	386
	206	384
	206	382
	206	381
	206	380
	206	379
	206	378
	206	377
	206	376
	206	375
	205	375
	205	376
	205	377
	204	378
	204	379
	203	379
	202	379
	202	380
	201	380
	200	380
	198	379
	197	379
	197	378
	196	378
	196	377
	195	376
	195	375
	196	374
	197	373
	198	373
	199	373
	200	373
	201	373
	202	373
	204	373
	205	374
	206	374
	207	374
	207	375
	208	375
.PEN_UP
.PEN_DOWN
	248	384
	247	384
	246	384
	245	384
	244	383
	243	382
	243	381
	243	380
	243	379
	243	378
	243	377
	243	376
	243	375
	243	374
	244	373
	245	372
	245	371
	246	371
	246	370
	247	370
	248	370
	249	370
.PEN_UP
.PEN_DOWN
	257	396
	257	395
	257	394
	257	393
	257	392
	257	390
	257	388
	257	386
	257	385
	257	383
	257	381
	257	380
	257	378
	257	377
	257	376
	257	375
	257	373
	257	372
	257	371
	257	370
	257	369
	257	370
	258	370
	258	371
	258	372
	259	373
	259	374
	259	375
	260	376
	261	377
	261	378
	261	379
	262	379
	262	380
	263	380
	264	380
	264	379
	264	378
	264	377
	264	376
	265	376
	265	375
	266	374
	266	373
	266	372
	267	371
	267	370
.PEN_UP
.PEN_DOWN
	277	382
	276	382
	276	381
	275	381
	274	380
	274	379
	273	378
	273	377
	273	376
	273	375
	273	374
	273	373
	274	373
	274	372
	275	372
	276	372
	277	372
	277	373
	278	373
	278	374
	278	375
	279	376
	279	377
	279	378
	280	379
	280	380
	280	381
	280	382
	280	381
	280	380
	280	379
	279	378
	279	377
	279	376
	280	375
	280	374
	280	373
	280	372
	280	371
	281	371
.PEN_UP
.PEN_DOWN
	288	382
	288	381
	288	380
	289	380
	289	379
	289	378
	289	377
	289	376
	290	376
	290	375
	290	374
	290	373
	291	372
	290	372
	290	373
	290	374
	290	375
	290	376
	290	377
	291	379
	291	380
	292	381
	293	381
	294	381
	294	382
	295	382
	296	382
.PEN_UP
.PEN_DOWN
	304	384
	304	383
	304	382
	304	381
	304	380
	304	379
	304	378
	304	377
	304	376
	304	375
	304	374
	304	373
	304	372
	305	372
	305	373
	305	374
	306	375
	306	376
	307	377
	307	378
	307	379
	308	380
	308	381
	309	382
	309	381
	309	380
	309	379
	309	378
	309	377
	309	376
	309	375
	309	374
	309	373
	309	372
	310	372
	311	373
	311	374
	312	375
	313	376
	314	378
	315	379
	315	380
	316	381
	316	382
	317	383
	317	384
	318	384
	318	383
	318	382
	318	381
	318	380
	318	379
	318	378
	318	377
	318	376
	318	375
	318	374
	318	373
.PEN_UP
.PEN_DOWN
	327	381
	327	380
	328	380
	329	380
	330	380
	331	380
	332	380
	332	379
	333	379
.PEN_UP
.PEN_DOWN
	349	383
	349	384
	349	385
	348	385
	347	385
	346	385
	345	385
	344	385
	343	384
	343	383
	343	382
	343	381
	344	381
	344	380
	345	380
	346	379
	347	379
	347	378
	348	378
	349	377
	350	377
	351	376
	352	375
	352	374
	352	373
	352	372
	351	372
	349	371
	348	371
	347	371
	347	372
	346	372
.PEN_UP
.PEN_DOWN
	360	377
	361	377
	362	377
	363	377
	364	378
	365	378
	365	379
	365	380
	365	381
	365	382
	364	383
	364	384
	363	384
	362	384
	361	384
	360	383
	359	383
	358	383
	357	381
	356	380
	356	379
	356	378
	356	377
	356	376
	357	376
	357	375
	358	375
	359	374
	360	373
	361	373
	362	372
	363	372
	364	372
	365	372
	366	372
	367	372
	368	372
.PEN_UP
.PEN_DOWN
	376	392
	376	391
	376	390
	376	389
	376	388
	376	387
	376	386
	375	385
	375	384
	375	383
	375	382
	375	381
	375	379
	375	378
	375	376
	375	375
	375	374
	375	373
.PEN_UP
.PEN_DOWN
	384	395
	384	394
	383	393
	383	392
	383	391
	383	390
	383	389
	383	388
	383	387
	382	386
	382	385
	382	382
	382	381
	382	380
	382	379
	382	378
	382	377
	382	376
	382	375
	382	374
	382	373
	383	373
.PEN_UP
.PEN_DOWN
	391	387
	390	387
	389	387
	389	386
	388	386
	388	385
	387	384
	387	383
	387	382
	387	381
	387	380
	387	379
	388	377
	389	377
	389	376
	390	376
	390	375
	391	375
	391	374
	392	374
	393	374
	393	373
	394	373
.PEN_UP
.PEN_DOWN
	403	385
	403	384
	403	383
	403	382
	403	381
	404	379
	404	378
	404	377
	404	376
	404	375
	405	374
	405	373
	405	372
	405	373
	404	373
	404	374
	404	375
	404	376
	404	378
	404	379
	404	380
	404	381
	404	382
	404	383
	404	384
	405	385
	405	386
	406	386
	407	386
	407	387
	408	387
	409	387
	410	387
	411	387
	412	387
	413	386
	414	386
	415	386
.PEN_UP
.PEN_DOWN
	413	372
	413	373
	414	373
	415	373
	416	373
.PEN_UP
.PEN_DOWN
	452	386
	452	385
	452	384
	452	382
	452	381
	452	380
	452	378
	452	376
	452	375
	452	374
	452	373
	452	372
	452	371
	452	370
	452	369
	452	368
.PEN_UP
.PEN_DOWN
	451	386
	451	387
	451	388
	452	389
	452	390
	453	390
	454	391
	455	391
	456	391
	457	391
	458	391
	459	391
	460	391
	461	391
	462	391
	463	391
	464	390
	465	390
	465	389
	465	388
	464	388
	463	387
	462	387
	462	386
	461	386
	460	385
	459	385
	458	384
	457	383
	456	383
	456	382
	455	381
	455	380
	454	379
	454	377
	454	376
	454	375
	455	374
	455	373
	456	372
	457	372
	458	371
	459	370
	460	370
	461	369
	462	369
	463	368
.PEN_UP
.PEN_DOWN
	473	381
	473	380
	473	379
	473	378
	473	377
	474	377
	474	375
	474	374
	474	373
	474	372
	474	371
	474	370
.PEN_UP
.PEN_DOWN
	472	386
	472	387
	472	388
	473	388
.PEN_UP
.PEN_DOWN
	481	382
	482	382
	482	381
	482	380
	482	379
	482	378
	482	377
	482	376
	482	375
	482	374
	482	373
	482	372
	483	372
	483	373
	483	374
	484	374
	484	375
	484	376
	485	377
	486	378
	486	379
	487	380
	487	381
	488	382
	489	383
	489	382
	489	381
	490	381
	490	380
	490	378
	490	377
	490	376
	490	375
	490	374
	490	373
	490	372
	490	371
	490	370
	491	370
	491	369
.PEN_UP
.PEN_DOWN
	501	381
	501	382
	500	382
	499	381
	498	380
	497	380
	497	379
	496	378
	495	377
	495	376
	495	375
	495	374
	495	373
	495	372
	496	371
	497	370
	498	370
	499	370
	500	370
	502	370
.PEN_UP
.PEN_DOWN
	510	377
	511	377
	511	376
	512	376
	512	377
	513	377
	514	377
	514	378
	515	379
	515	380
	515	381
	515	382
	514	383
	513	384
	512	384
	511	384
	510	384
	509	384
	509	383
	508	383
	508	382
	507	382
	507	381
	506	380
	506	378
	506	377
	506	376
	506	375
	506	374
	506	373
	507	372
	508	371
	509	371
	510	370
	511	370
	512	370
	513	370
	514	370
	515	370
.PEN_UP
.PEN_DOWN
	523	382
	523	381
	523	380
	523	379
	523	378
	523	377
	523	376
	523	375
	523	374
	523	373
	524	372
	525	372
	526	372
	527	372
	528	372
	529	372
	530	373
	531	374
	532	374
	532	375
	532	376
	533	376
	532	376
	532	375
	532	374
	532	373
	532	372
	533	372
	533	371
	534	371
	535	371
	536	371
	537	371
	538	371
	539	371
	540	371
	540	372
	541	372
	541	373
	541	374
	542	374
	542	375
	542	376
	542	377
	542	378
	542	379
	542	380
	542	381
	542	382
	542	383
	541	384
	541	385
	540	385
.PEN_UP
.PEN_DOWN
	552	384
	552	383
	552	382
	551	382
	551	381
	550	381
	550	380
	549	379
	549	377
	548	377
	548	376
	548	375
	548	374
	548	373
	548	372
	548	371
	549	371
	549	370
	550	370
	551	370
	552	370
.PEN_UP
.PEN_DOWN
	554	391
	555	391
	555	392
	556	391
	557	391
.PEN_UP
.PEN_DOWN
	560	381
	560	380
	559	380
	559	379
	559	378
	559	377
	559	376
	558	374
	558	373
	557	372
	557	371
	557	370
	557	369
	558	369
	559	370
	560	371
	560	372
	561	372
	561	373
	562	374
	563	375
	563	376
	564	377
	565	378
	566	379
	566	380
	567	381
	567	382
	568	382
	569	382
	569	381
	570	380
	570	379
	570	378
	570	377
	570	376
	569	375
	569	374
	569	373
	569	372
	568	371
	568	370
	568	369
	569	369
.PEN_UP
.PEN_DOWN
	588	389
	589	389
	589	388
	589	387
	589	386
	589	385
	588	384
	588	383
	588	381
	588	378
	588	377
	588	376
	588	375
	588	374
	588	373
	588	374
	588	375
	588	376
	587	378
	586	379
	585	379
	584	379
	583	379
	582	379
	581	378
	580	378
	579	377
	579	376
	579	375
	579	374
	579	373
	580	372
	581	372
	581	371
	582	371
	583	370
	584	370
	585	370
	586	370
	587	371
	588	371
	589	372
	590	372
	590	373
.PEN_UP
.PEN_DOWN
	617	379
	617	380
	617	381
	617	382
	616	383
	615	383
	614	383
	613	383
	612	383
	611	382
	610	382
	610	381
	609	380
	609	378
	609	377
	609	376
	609	375
	609	374
	610	373
	611	372
	612	372
	613	372
	614	372
	615	373
	616	373
	617	374
	618	375
	618	376
	619	376
	619	377
	620	378
	621	379
	622	380
	622	379
	622	378
	622	377
	622	376
	622	375
	622	374
	622	372
	622	371
	622	369
	622	368
	622	367
	622	366
	621	365
	621	364
	621	363
	621	362
	621	361
	620	360
	619	359
	619	358
	619	357
	619	358
.PEN_UP
.PEN_DOWN
	634	381
	634	382
	633	382
	632	381
	631	380
	631	379
	630	378
	630	377
	629	377
	629	376
	629	375
	629	374
	629	373
	629	371
	630	371
	630	370
	630	369
	631	368
	632	368
	633	368
	634	368
	635	368
	636	368
	636	369
	637	369
	638	370
	638	371
	638	372
	638	373
	638	374
	638	376
	638	377
	637	378
	637	379
	637	380
.PEN_UP
.PEN_DOWN
	653	391
	653	390
	653	389
	652	388
	652	387
	652	386
	651	385
	651	383
	651	382
	650	381
	650	379
	649	376
	649	375
	649	374
	649	373
	649	372
	649	371
	649	370
	649	369
	650	368
	651	368
.PEN_UP
.PEN_DOWN
	644	381
	645	381
	646	381
	646	380
	647	380
	648	380
	649	380
	650	380
	652	380
	653	380
	655	380
	656	380
	657	380
	658	381
	659	381
.PEN_UP
.PEN_DOWN
	690	391
	691	391
	691	390
	691	389
	691	388
	691	386
	691	385
	691	384
	691	383
	691	381
	691	380
	691	379
	691	378
	691	376
	691	375
	691	374
	691	373
	691	374
	691	375
	691	376
	691	377
	690	378
	690	379
	689	381
	687	383
	686	383
	686	384
	685	384
	684	384
	683	384
	682	384
	681	383
	680	382
	680	381
	680	379
	680	378
	680	377
	680	376
	680	375
	681	374
	681	373
	682	373
	683	372
	684	372
	685	372
	686	372
	687	372
	688	372
	689	372
	690	372
	690	373
.PEN_UP
.PEN_DOWN
	704	381
	704	382
	704	383
	703	383
	702	383
	701	383
	701	382
	700	382
	699	381
	698	381
	698	380
	698	379
	697	379
	697	377
	697	376
	698	375
	698	374
	699	373
	700	373
	701	373
	702	373
	703	373
	704	374
	704	375
	704	376
	704	377
	704	378
	704	379
	704	381
.PEN_UP
.PEN_DOWN
	712	381
	711	381
	711	380
	711	379
	711	378
	711	377
	711	376
	712	376
	713	375
	714	375
	715	375
	715	376
	716	376
	717	376
	718	376
	719	377
	720	377
	720	378
	721	379
	721	380
	720	380
	720	379
	720	378
	720	377
	720	376
	721	376
	722	375
	723	375
	724	375
	725	375
	726	375
	727	375
	727	376
	728	376
	729	377
	729	378
	729	379
	729	380
	729	381
	729	382
	729	383
	729	384
	729	385
	729	386
.PEN_UP
.PEN_DOWN
	737	386
	737	385
	737	384
	737	383
	737	382
	737	381
	737	380
	736	379
	736	378
	736	377
	736	376
	736	375
	737	374
	738	374
	738	375
	739	376
	740	377
	740	378
	741	378
	741	379
	742	380
	742	381
	743	381
	744	383
	745	384
	746	384
	746	385
	747	385
	748	385
	749	384
	749	383
	749	382
	749	381
	749	380
	749	379
	749	378
	749	377
	749	376
	749	375
	749	373
	750	372
	751	371
	752	371
	753	371
.PEN_UP
