
.WRITER_ID BillRivard
.STYLE PRINTED
.PEN_DOWN
	80	373
	80	374
	79	374
	79	375
	79	376
	79	377
	79	378
	79	379
	79	381
	79	383
	80	384
	80	385
	80	387
	81	389
	81	390
	82	391
	82	393
	83	394
	84	395
	85	396
	86	397
	87	397
	88	396
	89	394
	90	393
	90	392
	91	391
	91	390
	91	389
	92	388
	92	386
	92	385
	92	384
	93	382
	93	380
	93	378
	93	377
	93	376
	93	375
	93	374
	93	373
	93	372
	93	371
	93	372
.PEN_UP
.PEN_DOWN
	83	379
	84	379
	85	379
	85	380
	86	380
	87	380
	88	380
	89	380
	90	380
	91	380
	92	380
	94	380
.PEN_UP
.PEN_DOWN
	121	394
	122	394
	122	393
	122	392
	122	391
	122	390
	122	389
	123	388
	123	386
	123	385
	124	384
	124	382
	125	380
	125	379
	125	377
	126	375
	126	374
	126	373
	127	372
	127	371
	127	372
	128	372
	128	373
	128	374
	128	375
	129	376
	130	377
	130	379
	131	381
	132	382
	132	383
	132	384
	132	385
	133	385
	133	386
	134	386
	135	386
	136	385
	137	385
	137	384
	137	383
	138	382
	138	381
	138	379
	139	378
	139	377
	139	376
	139	375
	139	374
	139	373
.PEN_UP
.PEN_DOWN
	147	382
	147	381
	148	380
	148	379
	148	378
	148	377
	148	376
	148	375
	148	374
	148	373
	148	372
	149	372
	149	371
.PEN_UP
.PEN_DOWN
	148	390
	149	390
	149	391
	150	391
.PEN_UP
.PEN_DOWN
	163	394
	164	394
	164	393
	164	392
	165	391
	165	390
	165	388
	165	386
	165	385
	165	384
	165	383
	165	382
	165	381
	166	379
	166	378
	166	377
	166	376
	166	374
	167	373
	167	372
	168	372
.PEN_UP
.PEN_DOWN
	157	381
	158	381
	159	381
	161	381
	162	382
	163	382
	164	382
	165	382
	166	382
	167	382
	168	382
	169	383
	170	383
	171	383
	172	383
.PEN_UP
.PEN_DOWN
	176	397
	176	396
	176	395
	177	393
	177	392
	177	390
	177	388
	177	387
	177	386
	177	384
	177	383
	177	382
	177	381
	177	378
	178	377
	178	376
	179	376
	180	377
	181	378
	181	379
	182	380
	182	381
	183	381
	183	382
	184	383
	184	384
	185	385
	185	386
	186	386
	186	387
	187	387
	187	386
	187	385
	187	384
	188	383
	188	382
	188	381
	188	380
	188	379
	188	378
	188	377
	189	376
	189	375
	189	374
.PEN_UP
.PEN_DOWN
	198	379
	199	379
	200	379
	201	379
	202	379
	203	380
	204	381
	204	382
	204	383
	204	384
	204	385
	203	385
	202	385
	201	385
	200	385
	199	385
	198	385
	198	384
	197	383
	197	382
	197	381
	197	380
	197	379
	197	378
	197	377
	197	376
	198	375
	199	374
	199	373
	200	373
	201	372
	202	372
	203	372
	204	372
	204	373
.PEN_UP
.PEN_DOWN
	212	384
	213	384
	213	383
	213	382
	214	382
	214	380
	215	379
	215	378
	215	377
	215	376
	215	375
	215	374
	215	373
	215	372
	214	373
	214	374
	214	375
	214	376
	214	377
	214	378
	214	379
	214	380
	214	381
	214	382
	214	383
	215	384
	215	385
	216	386
	217	386
	218	386
	219	386
	220	386
	221	386
	222	385
	224	385
	224	384
	225	384
	225	383
.PEN_UP
.PEN_DOWN
	234	392
	235	392
	236	392
	236	391
	236	390
	236	389
	236	387
	237	386
	237	385
	237	384
	238	381
	238	380
	238	379
	238	378
	238	377
	238	376
	238	375
	238	374
	238	373
	238	372
	238	373
	238	374
	238	375
	238	376
	237	377
	236	379
	236	380
	235	381
	234	382
	233	382
	233	383
	232	383
	231	384
	230	384
	229	385
	228	385
.PEN_UP
.PEN_DOWN
	229	384
	230	384
	231	383
	232	383
	233	383
	234	382
	235	382
	237	382
	238	382
	239	382
	240	382
	241	382
	242	382
	243	382
.PEN_UP
.PEN_DOWN
	247	387
	247	386
	246	386
	246	385
	245	384
	245	383
	245	382
	244	381
	244	380
	244	378
	244	377
	244	376
	244	375
	244	374
	245	374
	245	373
	246	372
	247	372
	248	372
	249	372
	250	372
	250	373
	251	373
	252	374
	252	375
	252	376
	252	377
	252	378
	252	379
	252	380
	252	381
	251	381
	251	382
	250	383
	249	384
	248	384
	247	384
.PEN_UP
.PEN_DOWN
	273	380
	274	380
	274	381
	274	380
	274	379
	274	378
	274	377
	274	376
	274	375
	275	374
	275	373
	275	372
	276	372
	277	371
	278	371
	278	370
	279	370
	280	370
	281	370
	282	371
	283	371
	283	372
	284	372
	284	373
	285	374
	285	375
	286	375
	286	376
	286	377
	286	378
	287	379
	287	380
	288	380
	288	379
	289	378
	289	377
	289	376
	290	376
	291	375
	291	374
	292	373
	293	372
	294	371
.PEN_UP
.PEN_DOWN
	299	380
	300	380
	300	379
	301	379
	301	378
	301	377
	301	375
	302	374
	302	373
	303	372
	303	371
	304	371
	305	371
	306	371
	306	372
	307	373
	307	374
	308	375
	308	376
	309	377
	310	378
	310	379
	311	379
	311	378
	312	377
	313	376
	314	375
	314	374
	315	374
	316	373
	317	372
	317	371
	318	371
	318	370
.PEN_UP
.PEN_DOWN
	325	379
	326	378
	326	377
	327	376
	327	375
	327	374
	327	373
	327	372
	328	371
	328	370
	328	369
	329	369
	330	369
	330	370
	331	370
	331	371
	332	372
	332	373
	333	373
	333	374
	334	375
	334	376
	335	376
	335	377
	336	378
	337	379
	338	379
	339	378
	339	377
	339	376
	340	375
	340	374
	340	373
	340	372
	341	372
	341	371
	342	371
	342	370
	342	369
	343	369
.PEN_UP
.PEN_DOWN
	350	379
	351	379
	351	380
	351	379
	350	379
	350	378
	350	377
	350	376
	349	376
	349	375
	349	374
	349	373
	349	372
	350	372
	350	371
	350	370
	351	369
	352	369
	352	368
	353	368
	354	368
	355	368
	356	368
	357	368
	357	369
	358	369
	358	370
	358	371
	358	372
	358	373
	358	374
	358	375
	357	376
	356	377
	356	378
	355	378
	355	379
	354	379
	353	379
.PEN_UP
.PEN_DOWN
	372	392
	372	393
	372	392
	372	391
	371	390
	371	388
	371	387
	371	386
	371	385
	371	383
	371	381
	371	380
	372	378
	372	377
	372	375
	372	374
	373	372
	373	371
	373	370
	373	369
	373	368
	373	367
	374	367
	375	367
.PEN_UP
.PEN_DOWN
	365	378
	366	378
	367	378
	368	377
	369	377
	370	377
	372	377
	373	377
	374	376
	375	376
.PEN_UP
.PEN_DOWN
	386	383
	386	382
	386	381
	386	380
	386	378
	386	377
	386	376
	386	375
	386	374
	386	373
	386	372
	386	371
	386	370
.PEN_UP
.PEN_DOWN
	386	396
	387	395
	387	394
.PEN_UP
.PEN_DOWN
	396	383
	395	383
	394	383
	394	382
	393	382
	393	381
	392	380
	392	379
	392	378
	392	377
	392	376
	392	375
	392	374
	392	373
	393	372
	393	371
	394	370
	395	370
	396	370
	397	370
	398	370
	399	370
	400	370
.PEN_UP
.PEN_DOWN
	409	377
	410	377
	411	377
	412	377
	413	378
	413	379
	414	379
	414	380
	414	381
	414	382
	414	383
	414	384
	414	385
	413	385
	413	386
	412	386
	411	386
	410	385
	409	385
	409	384
	408	383
	408	382
	407	381
	407	380
	407	379
	407	378
	407	376
	407	375
	408	374
	408	373
	409	373
	409	372
	410	372
	411	371
	412	371
	413	371
	414	371
	414	372
.PEN_UP
.PEN_DOWN
	435	395
	434	395
	434	394
	434	393
	434	392
	434	391
	434	390
	434	389
	434	386
	434	385
	434	384
	434	382
	434	381
	434	380
	434	379
	434	378
	434	377
	434	376
	435	375
	435	374
	435	375
	435	376
	435	377
	434	378
	433	379
	432	380
	432	381
	431	381
	430	382
	429	382
	428	382
	427	382
	426	382
	425	381
	424	381
	423	380
	423	379
	422	378
	422	377
	422	376
	422	375
	423	373
	423	372
	424	372
	424	371
	425	371
	426	370
	427	370
	428	370
	430	370
	431	370
	432	370
	434	370
	436	370
.PEN_UP
.PEN_DOWN
	474	394
	475	395
	475	394
	476	393
	476	392
	476	391
	476	390
	476	389
	477	387
	477	386
	477	383
	477	382
	477	381
	477	380
	477	379
	477	380
	476	381
	476	382
	476	383
	476	384
	475	385
	474	385
	473	386
	472	386
	471	386
	470	386
	469	385
	468	385
	467	384
	467	383
	466	382
	466	381
	466	379
	467	379
	467	378
	468	378
	469	377
	470	377
	471	377
	472	377
	473	377
	474	377
	475	377
	476	378
	477	378
	478	379
	479	379
	479	380
.PEN_UP
.PEN_DOWN
	490	384
	490	385
	490	386
	489	386
	488	386
	487	386
	487	385
	486	385
	485	384
	484	383
	484	381
	484	380
	484	379
	485	378
	486	377
	487	377
	488	377
	489	377
	490	377
	490	378
	491	379
	491	380
	491	381
	491	382
	491	383
	491	384
	491	385
	490	385
.PEN_UP
.PEN_DOWN
	503	382
	503	383
	503	384
	502	384
	501	384
	500	384
	499	383
	498	383
	498	382
	498	381
	497	381
	497	380
	497	379
	497	378
	497	377
	498	376
	499	376
	499	375
	500	374
	501	374
	502	373
	504	373
	505	373
	506	373
	507	373
	508	373
	509	373
	509	374
	510	375
	510	376
	510	377
	510	380
	510	381
	509	383
	508	384
	507	384
.PEN_UP
.PEN_DOWN
	515	383
	516	383
	516	382
	517	382
	517	381
	517	380
	517	379
	517	378
	517	377
	518	376
	519	374
	519	373
	519	372
	520	371
	520	370
	520	371
	520	372
	519	373
	519	374
	519	375
	518	376
	518	377
	518	378
	518	379
	519	381
	520	381
	520	382
	521	383
	522	383
	523	383
	524	383
	525	383
	526	383
	528	382
	529	382
	530	382
.PEN_UP
.PEN_DOWN
	574	378
	574	379
	574	380
	574	381
	573	381
	572	381
	571	381
	570	381
	569	380
	568	379
	568	378
	568	376
	568	375
	568	374
	569	373
	569	372
	570	372
	571	371
	571	370
	572	370
	573	370
	574	370
	574	371
	575	371
	575	372
	575	373
	576	373
	576	374
	576	375
	576	376
.PEN_UP
.PEN_DOWN
	584	380
	584	379
	584	378
	584	377
	584	376
	584	375
	584	374
	584	373
	584	372
	584	371
	583	370
	583	367
	583	366
	582	365
	582	364
	582	363
	582	364
	582	365
	582	366
	582	367
	582	368
	582	369
	582	370
	582	371
	582	372
	582	374
	582	376
	583	377
	583	378
	584	379
	584	380
	585	381
	586	381
	587	382
	588	382
	589	382
	590	382
	591	382
	592	382
	593	382
	594	382
	594	381
	595	381
	595	380
	595	379
	595	378
	594	377
	593	376
	592	375
	591	374
	590	374
	589	374
	589	373
	588	373
	587	373
.PEN_UP
.PEN_DOWN
	605	373
	606	373
	607	374
	608	374
	608	375
	609	375
	609	376
	610	376
	610	377
	610	378
	610	379
	610	380
	610	381
	610	382
	609	382
	608	382
	607	381
	606	381
	605	381
	604	380
	603	379
	602	379
	602	378
	602	377
	602	376
	602	375
	602	373
	603	372
	604	371
	605	371
	606	370
	607	369
	608	369
	609	369
	610	368
	611	368
	613	368
	614	368
.PEN_UP
.PEN_DOWN
	624	384
	624	383
	624	382
	624	381
	624	380
	624	379
	624	378
	624	377
	625	376
	625	375
	625	374
	625	373
	625	372
	625	371
	625	372
	626	372
	627	373
	627	374
	628	375
	628	376
	629	376
	629	377
	630	378
	631	379
	632	380
	633	381
	633	382
	634	383
	635	384
	636	384
	637	383
	638	382
	638	381
	638	380
	638	379
	638	378
	638	376
	638	375
	638	374
	639	373
	639	372
	639	371
	639	370
.PEN_UP
.PEN_DOWN
	650	375
	651	375
	652	375
	653	375
	654	375
	655	375
	655	376
	656	376
	657	376
	657	377
	658	377
	658	378
	659	379
	659	380
	659	382
	659	383
	658	383
	658	384
	657	384
	657	385
	656	385
	655	385
	654	385
	653	385
	652	384
	651	382
	650	382
	650	381
	650	380
	649	379
	649	378
	649	377
	649	376
	650	375
	651	373
	651	372
	653	371
	654	370
	655	369
	657	368
	658	368
	659	368
	660	368
	661	368
	662	368
	663	368
	664	368
	665	368
.PEN_UP
.PEN_DOWN
	680	393
	681	393
	681	392
	681	390
	681	389
	681	388
	682	387
	682	386
	682	385
	682	384
	682	383
	682	381
	682	380
	682	379
	682	377
	682	376
	682	375
	682	376
	682	377
	682	378
	682	379
	682	380
	682	381
	681	382
	680	383
	680	384
	678	385
	677	385
	676	385
	675	385
	674	385
	673	384
	673	383
	672	383
	672	382
	671	381
	671	380
	671	379
	671	377
	672	376
	672	375
	673	375
	674	374
	675	373
	676	373
	678	372
	679	372
	680	372
	681	372
	682	372
	684	373
	685	373
.PEN_UP
