
.WRITER_ID BillRivard
.STYLE PRINTED
.PEN_DOWN
	81	357
	82	357
	82	358
	81	358
	81	359
	81	360
	81	361
	81	362
	81	363
	81	364
	81	365
	81	367
	81	369
	81	370
	81	371
	82	373
	82	374
	82	375
	83	377
	83	378
	84	379
	84	380
	85	380
	85	381
	86	381
	86	382
	87	382
	87	383
	88	383
	89	383
	90	383
	91	383
	92	383
	92	382
	93	382
	93	381
	93	380
	93	379
	93	378
	93	377
	92	376
	91	375
	90	374
	89	373
	88	373
	87	373
	86	372
.PEN_UP
.PEN_DOWN
	104	376
	104	377
	104	378
	104	379
	103	379
	103	380
	102	380
	101	380
	100	379
	99	378
	99	377
	98	377
	98	376
	98	375
	98	374
	98	373
	98	372
	98	371
	98	370
	99	370
	100	370
	101	370
	102	370
	103	370
	103	371
	104	372
	105	373
	105	374
	105	375
	105	376
	105	377
	105	378
	105	379
	105	378
	105	377
	105	376
	105	375
	106	375
	106	374
	106	373
	106	372
	107	372
	107	371
	108	371
	108	370
	109	370
.PEN_UP
.PEN_DOWN
	124	383
	124	384
	123	384
	123	385
	122	385
	121	385
	119	384
	118	384
	118	383
	117	383
	117	382
	116	382
	116	381
	116	380
	116	379
	116	378
	117	378
	118	377
	119	376
	120	376
	121	376
	121	375
	122	375
	123	374
	124	373
	124	372
	123	371
	122	370
	121	370
	120	370
	120	369
	119	369
	118	369
.PEN_UP
.PEN_DOWN
	134	385
	133	385
	132	385
	131	385
	131	384
	130	384
	129	383
	129	382
	129	381
	130	381
	131	380
	132	379
	133	379
	133	378
	134	378
	135	377
	136	376
	136	375
	136	374
	136	373
	136	372
	135	372
	134	372
	133	372
	132	372
	132	371
	131	371
	130	371
.PEN_UP
.PEN_DOWN
	146	379
	147	379
	148	379
	149	379
	150	379
	150	380
	151	380
	152	380
	152	381
	153	381
	153	382
	153	383
	153	384
	153	385
	152	385
	151	385
	150	385
	148	385
	147	384
	146	383
	145	382
	145	381
	144	380
	144	379
	144	378
	145	376
	146	375
	146	374
	147	374
	148	373
	149	373
	150	373
	150	372
	151	372
	152	372
	153	372
	154	372
	155	372
.PEN_UP
.PEN_DOWN
	170	394
	170	393
	171	392
	171	391
	171	390
	171	389
	171	387
	171	386
	171	385
	171	384
	171	383
	171	382
	171	381
	171	380
	171	379
	171	378
	171	377
	171	376
	170	377
	169	378
	168	379
	168	380
	167	380
	166	380
	165	381
	164	381
	163	381
	161	380
	160	380
	159	380
	159	379
	158	379
	158	378
	157	378
	157	377
	157	376
	158	376
	159	375
	160	374
	161	374
	162	373
	163	373
	164	373
	165	373
	166	373
	167	374
	168	374
	170	374
.PEN_UP
.PEN_DOWN
	202	394
	202	395
	202	396
	202	397
	202	396
	201	395
	200	394
	200	393
	199	392
	199	390
	199	389
	199	388
	199	386
	199	385
	198	383
	198	381
	198	378
	198	377
	198	376
	198	375
	199	373
	199	372
	199	371
	200	371
	200	370
	201	370
	202	370
	204	370
	204	371
	205	371
.PEN_UP
.PEN_DOWN
	191	381
	192	381
	193	381
	194	380
	195	380
	197	380
	199	380
	200	381
	201	381
	202	381
	203	381
	204	381
	205	381
.PEN_UP
.PEN_DOWN
	215	399
	216	399
	216	398
	216	397
	216	396
	216	395
	216	394
	216	393
	216	391
	216	390
	216	388
	216	385
	216	383
	216	381
	216	380
	216	379
	216	377
	216	376
	216	375
	216	374
	216	373
	217	374
	218	375
	218	376
	219	376
	220	377
	221	378
	222	380
	223	380
	223	381
	224	382
	225	382
	225	383
	226	383
	227	382
	227	381
	227	380
	227	379
	228	379
	228	378
	228	377
	229	377
	229	376
	229	375
.PEN_UP
.PEN_DOWN
	237	384
	237	383
	237	382
	237	381
	237	379
	237	378
	237	377
	237	376
	237	375
	238	375
	238	374
	237	374
	237	375
	237	376
	237	377
	237	378
	237	379
	238	379
	238	380
	238	381
	239	382
	240	383
	241	384
	242	384
	243	384
	244	384
	245	384
	246	384
	247	384
	248	384
.PEN_UP
.PEN_DOWN
	257	383
	255	382
	254	382
	253	382
	253	381
	252	380
	251	379
	251	378
	251	377
	251	376
	251	375
	251	374
	251	373
	252	372
	253	372
	254	372
	255	372
	256	372
	257	373
	258	373
	258	374
	258	375
	259	375
	259	376
	259	377
	259	378
	259	379
	258	380
	258	381
.PEN_UP
.PEN_DOWN
	264	379
	264	378
	264	377
	264	376
	263	375
	263	374
	263	373
	263	372
	263	371
	264	370
	265	370
	266	370
	267	371
	268	372
	269	372
	269	373
	270	374
	270	375
	270	376
	271	376
	271	377
	272	378
	272	379
	272	380
	273	381
	273	380
	273	379
	273	378
	274	376
	274	375
	274	374
	275	373
	276	372
	276	371
	277	371
	277	370
.PEN_UP
.PEN_DOWN
	287	379
	287	380
	286	380
	286	381
	285	381
	283	381
	282	380
	281	380
	281	379
	280	378
	280	377
	280	376
	281	374
	282	373
	283	373
	283	372
	284	372
	285	372
	286	373
	287	374
	288	375
	288	376
	288	377
	288	378
	289	378
	289	377
	289	375
	289	374
	290	372
	290	370
	290	369
	291	368
	291	367
	291	366
	291	365
	291	364
	291	362
	291	361
	291	360
	291	359
	290	358
	289	357
	289	356
	288	356
	287	356
	286	356
	285	356
	285	357
	285	358
	286	359
	287	360
	288	363
.PEN_UP
.PEN_DOWN
	305	403
	305	402
	304	402
	304	400
	304	399
	304	397
	304	395
	304	394
	304	392
	304	390
	304	388
	304	386
	304	385
	304	382
	304	381
	304	378
	304	377
	304	376
	304	377
	305	377
	305	378
	306	379
	307	380
	308	381
	309	382
	310	383
	311	383
	312	383
	313	383
	313	382
	314	381
	314	380
	314	379
	314	378
	314	377
	314	376
	315	374
.PEN_UP
.PEN_DOWN
	351	400
	351	401
	352	401
	352	402
	352	403
	351	402
	350	401
	349	400
	349	399
	348	398
	348	396
	347	395
	347	394
	346	393
	346	391
	346	390
	346	389
	346	386
	346	385
	346	384
	346	383
	346	382
	347	381
	348	380
	349	379
	351	379
	352	379
	353	379
	354	379
	355	379
	356	379
	356	380
.PEN_UP
.PEN_DOWN
	338	388
	339	388
	340	388
	341	388
	342	388
	343	389
	346	389
	347	389
	348	389
	349	389
	350	389
	351	390
	352	390
	353	390
.PEN_UP
.PEN_DOWN
	363	403
	363	402
	363	401
	363	400
	362	400
	362	399
	362	398
	362	395
	362	394
	362	393
	362	391
	362	390
	361	389
	361	387
	361	386
	361	385
	361	383
	361	382
	361	381
	361	380
	361	381
	362	381
	363	382
	365	384
	366	385
	367	386
	368	387
	369	389
	370	390
	371	391
	371	392
	372	392
	372	391
	372	390
	372	389
	372	388
	372	387
	373	385
	373	384
	373	383
	374	382
.PEN_UP
.PEN_DOWN
	381	385
	382	384
	383	384
	383	385
	384	385
	385	385
	386	386
	387	387
	388	387
	388	388
	388	389
	389	389
	389	390
	389	391
	388	391
	387	391
	386	391
	385	391
	384	391
	383	390
	382	390
	382	389
	381	389
	381	388
	380	387
	380	386
	380	385
	380	384
	380	383
	381	382
	382	381
	383	381
	383	380
	385	380
	386	380
	387	380
	388	380
	389	380
	391	380
.PEN_UP
.PEN_DOWN
	400	388
	401	388
	401	387
	401	386
	401	385
	401	384
	402	384
	402	383
	402	382
	402	381
	403	381
	403	382
	404	382
	404	383
	405	384
	405	385
	406	386
	406	387
	407	388
	407	389
	408	389
	408	390
	408	389
	409	389
	409	388
	409	386
	409	385
	409	384
	409	383
	410	383
	411	383
	412	383
	413	383
	413	384
	414	385
	415	385
	416	386
	417	386
	417	387
	418	388
	419	389
	420	390
	421	390
	421	389
	421	388
	421	387
	422	386
	422	385
	422	384
	422	383
	422	382
	423	381
	423	380
	424	379
	424	378
	425	378
.PEN_UP
.PEN_DOWN
	440	400
	440	401
	440	402
	440	403
	441	403
	441	404
	441	405
	442	405
	442	406
	443	406
	444	406
	445	406
	446	406
	447	406
	450	406
	451	406
	452	406
	453	405
	454	405
	455	405
	456	404
	456	403
	456	402
	455	401
	454	401
	454	400
	453	399
	452	398
	451	398
	450	397
	450	396
	449	396
	449	395
	449	394
	449	393
	450	392
.PEN_UP
.PEN_DOWN
	454	382
	454	381
	454	382
	453	382
	453	383
	453	384
	454	384
	454	383
	454	382
.PEN_UP
.PEN_DOWN
	511	394
	512	395
	512	396
	512	397
	512	398
	511	399
	511	400
	511	401
	510	401
	510	402
	509	402
	509	403
	508	403
	507	403
	506	403
	505	403
	503	402
	502	402
	501	401
	500	401
	500	400
	499	399
	499	398
	499	397
	499	396
	499	395
	499	394
	500	393
	501	392
	502	391
	503	391
	504	390
	505	390
	506	389
	507	389
	508	388
	508	387
	509	386
	511	385
	511	384
	512	383
	512	382
	512	381
	512	380
	512	379
	511	378
	510	377
	509	377
	508	376
	507	376
	506	376
	505	376
	504	376
	503	376
.PEN_UP
.PEN_DOWN
	527	385
	528	385
	528	386
	527	386
	527	387
	526	387
	525	387
	524	387
	523	386
	522	386
	521	385
	520	383
	520	382
	520	381
	520	380
	521	379
	522	379
	523	379
	524	379
	526	379
	526	380
	527	381
	528	382
	528	383
	529	384
	530	385
	530	386
	531	386
	531	387
.PEN_UP
.PEN_DOWN
	541	386
	542	387
	542	386
	542	385
	543	384
	543	383
	543	382
	543	381
	543	380
	543	379
	543	378
	544	378
	544	379
	545	379
	545	380
	546	380
	546	381
	547	382
	548	383
	548	384
	548	385
	550	386
	550	387
	551	388
	552	389
	552	390
	553	390
	553	389
	553	388
	553	387
	553	386
	553	385
	554	384
	554	383
	554	382
	554	381
	555	381
	555	382
	556	382
	556	383
	557	383
	558	384
	559	385
	560	386
	562	387
	563	388
	564	389
	565	389
	566	389
	567	389
	567	388
	567	387
	567	386
	567	385
	567	384
	568	383
	568	382
	568	381
	568	380
	568	379
	568	378
	569	378
	569	377
.PEN_UP
.PEN_DOWN
	580	380
	581	380
	581	379
	582	379
	583	379
	584	379
	584	380
	585	380
	586	380
	586	381
	587	381
	588	382
	588	383
	589	383
	589	384
	590	385
	590	386
	590	387
	590	388
	590	389
	589	390
	588	390
	587	390
	586	389
	585	389
	584	388
	583	387
	583	386
	582	385
	581	385
	580	383
	579	381
	579	380
	579	379
	579	378
	579	377
	579	376
	580	376
	581	375
	582	374
	583	374
	584	373
	586	373
	587	373
.PEN_UP
.PEN_DOWN
	609	404
	609	405
	609	406
	609	407
	608	406
	608	405
	607	404
	607	403
	606	401
	606	400
	606	398
	605	396
	605	394
	604	393
	604	391
	604	389
	603	386
	603	384
	603	382
	603	381
	603	380
	603	379
	603	378
	603	377
	603	376
	604	376
	605	375
	606	375
	607	375
	608	376
.PEN_UP
.PEN_DOWN
	599	391
	600	390
	601	390
	602	390
	603	390
	605	390
	606	390
	607	390
	608	390
	609	390
	611	391
	612	391
.PEN_UP
.PEN_DOWN
	626	413
	626	412
	626	411
	625	410
	625	409
	625	408
	624	407
	624	405
	624	403
	623	402
	623	400
	623	399
	622	397
	622	395
	622	392
	622	391
	621	390
	621	388
	621	387
	621	386
	621	385
	621	384
	622	384
	622	385
	623	385
	623	386
	624	386
	625	387
	626	388
	627	389
	628	390
	630	391
	631	391
	631	390
	632	389
	632	388
	632	386
	632	385
	633	384
	633	383
	633	382
	633	381
	633	380
	634	380
.PEN_UP
.PEN_DOWN
	646	393
	647	392
	647	391
	647	390
	647	389
	647	387
	647	386
	646	385
	646	384
	646	383
	646	382
	645	382
	645	381
.PEN_UP
.PEN_DOWN
	649	401
	649	402
	648	403
	649	402
	650	402
	650	401
.PEN_UP
.PEN_DOWN
	658	390
	658	391
	658	392
	659	392
	659	391
	659	390
	658	390
	658	389
	658	388
	658	387
	658	386
	658	385
	658	384
	657	384
	657	383
	657	382
	657	381
	658	382
	658	383
	659	383
	659	384
	661	386
	662	386
	662	387
	663	388
	664	389
	665	390
	666	391
	667	392
	668	393
	669	393
	669	392
	669	391
	669	390
	669	389
	669	388
	669	387
	669	385
	669	384
	669	383
	669	382
	669	381
	669	380
	670	380
	671	378
.PEN_UP
.PEN_DOWN
	692	388
	692	389
	692	390
	692	391
	691	391
	691	392
	690	393
	689	394
	688	394
	687	394
	686	394
	685	393
	684	393
	683	392
	683	391
	682	391
	682	390
	682	389
	682	388
	682	387
	683	386
	684	386
	685	386
	686	387
	687	388
	688	388
	689	389
	689	390
	690	391
	690	392
	690	391
	690	390
	689	389
	689	388
	688	387
	687	383
	686	381
	686	379
	686	377
	685	375
	685	373
	684	372
	684	370
	684	368
	684	367
	683	366
	683	365
	682	363
	681	362
	681	361
	680	360
	679	360
	678	361
	676	362
	676	363
	676	364
	677	365
	677	366
	678	367
	679	367
	681	368
	682	369
	685	371
	687	372
	689	372
.PEN_UP
.PEN_DOWN
	729	410
	730	410
	730	411
	729	411
	728	411
	727	410
	726	409
	725	407
	724	406
	723	404
	722	402
	721	401
	720	399
	720	397
	720	396
	720	393
	720	391
	720	390
	720	389
	721	388
	721	386
	722	386
	722	385
	723	385
	723	384
	724	384
	725	384
	726	384
	727	384
	728	384
.PEN_UP
.PEN_DOWN
	742	397
	742	396
	741	395
	741	394
	741	393
	741	392
	741	391
	740	390
	740	389
	740	387
	740	386
	740	385
	739	385
	739	384
	739	383
	739	382
	739	381
	740	381
.PEN_UP
.PEN_DOWN
	748	407
	748	408
	749	407
.PEN_UP
.PEN_DOWN
	760	406
	760	405
	759	405
	759	404
	759	403
	759	402
	759	401
	759	399
	759	398
	759	396
	759	395
	758	393
	758	392
	758	390
	758	388
	757	385
	757	384
	756	383
	756	381
	756	380
	755	380
	755	379
	755	378
.PEN_UP
.PEN_DOWN
	770	399
	769	399
	769	398
	768	398
	767	398
	766	397
	765	397
	764	396
	763	396
	762	395
	761	394
	760	394
	759	393
	759	392
	759	391
	759	390
	760	390
	761	389
	763	387
	764	386
	765	386
	766	385
	768	385
	768	384
	769	384
.PEN_UP
.PEN_DOWN
	785	387
	786	387
	787	387
	788	388
	789	389
	789	390
	790	391
	790	392
	790	393
	790	394
	789	394
	788	395
	787	395
	786	395
	785	395
	784	395
	783	394
	782	394
	781	393
	780	392
	780	391
	779	390
	779	388
	779	387
	779	385
	779	384
	779	383
	780	381
	780	380
	781	379
	782	377
	783	376
	784	376
	785	375
	787	374
	788	373
	789	373
	791	373
	792	373
	793	373
.PEN_UP
