
.WRITER_ID BobStrong
.STYLE PRINTED
.PEN_DOWN
	108	393
	108	392
	107	392
	107	393
	107	394
	107	395
	106	395
	106	396
	105	396
	105	397
	104	397
	103	396
	102	396
	101	395
	100	395
	99	394
	98	393
	97	392
	97	391
	97	390
	97	389
	98	389
	99	389
	101	389
	101	390
	102	390
	103	391
	104	391
	105	391
	106	392
	107	393
	108	393
	109	394
	108	394
	108	393
	107	391
	106	390
	106	388
	105	387
	105	386
	105	384
	104	382
	104	381
	104	379
	103	377
	103	376
	102	374
	102	373
	102	372
	102	371
	102	370
.PEN_UP
.PEN_DOWN
	123	391
	123	390
	122	390
	122	389
	121	388
	120	388
	120	387
	120	386
	120	385
	121	385
	122	385
	123	385
	125	385
	126	386
	127	386
	128	387
	129	388
	129	389
	129	391
	128	392
	128	393
	128	394
	126	394
	125	394
	125	395
	123	395
.PEN_UP
.PEN_DOWN
	121	381
	120	381
	119	381
	118	381
	117	380
	117	379
	116	379
	116	378
	116	377
	116	376
	116	375
	117	374
	117	373
	118	373
	119	372
	122	372
	123	372
	124	373
	125	373
	126	373
	127	374
	128	375
	128	376
	128	377
	128	379
	127	380
	127	381
	126	381
	125	382
	123	382
	122	382
	121	382
	120	382
.PEN_UP
.PEN_DOWN
	138	390
	138	389
	139	389
	140	389
	142	389
	143	389
	145	388
	146	388
	148	388
	149	388
	150	388
	151	388
	150	388
	150	386
	149	386
	149	385
	148	384
	147	383
	147	382
	146	381
	145	380
	145	379
	145	378
	144	376
	143	374
	143	373
	144	372
.PEN_UP
.PEN_DOWN
	167	390
	167	389
	166	389
	166	388
	165	387
	164	386
	163	384
	162	383
	161	380
	160	379
	160	377
	160	376
	160	375
	160	374
	160	373
	160	372
	160	371
	161	371
	161	370
	162	370
	165	370
	166	371
	167	371
	168	372
	169	372
	170	373
	171	374
	171	375
	171	376
	171	377
	171	379
	170	381
	168	381
	166	381
	165	381
	164	381
	164	380
	163	380
	163	379
.PEN_UP
.PEN_DOWN
	195	389
	196	389
	195	389
	194	389
	193	389
	191	389
	190	389
	189	388
	188	388
	187	388
	186	388
	185	387
	184	386
	184	385
	184	384
	185	384
	185	383
	186	382
	187	381
	188	381
	189	381
	190	381
	191	381
	192	381
	192	380
	193	380
	193	379
	193	378
	193	377
	192	376
	191	375
	191	374
	190	373
	190	372
	189	372
	188	372
	187	371
	186	371
	184	371
	183	371
	182	371
	181	371
	181	372
.PEN_UP
.PEN_DOWN
	248	387
	249	387
	248	386
	247	386
	247	385
	246	385
	246	384
	245	383
	244	383
	244	382
	244	381
	244	380
	245	379
	247	379
	248	379
	249	378
	250	378
	251	378
	252	378
	252	377
	254	377
	255	377
	256	377
.PEN_UP
.PEN_DOWN
	261	386
	260	386
	260	385
	258	384
	258	382
	257	381
	257	379
	256	378
	256	377
	256	375
	255	374
	255	373
	255	372
	255	371
	255	370
.PEN_UP
.PEN_DOWN
	266	387
	266	386
	267	386
	267	387
	269	387
	270	387
	272	387
	273	387
	274	386
	275	386
	275	385
	276	385
	276	384
	276	383
	275	383
	274	382
	273	381
	272	381
	271	380
	270	380
	270	379
	270	378
	271	378
	273	378
	273	377
	274	377
	275	377
	277	376
	278	376
	278	375
	277	374
	276	374
	275	374
	274	373
	273	373
	272	373
	271	372
	269	372
	268	371
.PEN_UP
.PEN_DOWN
	287	384
	288	385
	289	385
	290	385
	291	385
	293	385
	294	385
	295	384
	296	384
	296	383
	295	382
	295	381
	294	381
	293	380
	292	379
	291	379
	290	378
	288	377
	287	376
	286	375
	286	374
	286	373
	287	373
	287	372
	288	372
	288	371
	289	371
	291	371
	293	371
	294	371
	295	371
	296	371
	297	372
	298	372
	299	372
.PEN_UP
.PEN_DOWN
	312	383
	311	383
	311	382
	311	381
	310	381
	310	379
	309	379
	309	378
	308	377
	308	376
	307	375
	307	374
	307	373
	307	372
.PEN_UP
.PEN_DOWN
	323	382
	322	382
	320	381
	319	380
	319	379
	318	379
	318	378
	318	377
	318	376
	318	375
	318	374
	319	374
	320	373
	321	373
	322	372
	323	372
	325	372
	325	373
	326	373
	328	373
	329	374
	329	375
	330	375
	330	376
	331	377
	331	379
	331	381
	330	382
	330	383
	329	384
	329	385
	327	385
	326	385
	325	385
.PEN_UP
.PEN_DOWN
	383	383
	384	383
	384	384
	383	384
	383	385
	383	386
	382	386
	382	387
	381	388
	380	388
	379	388
	377	388
	376	387
	375	387
	375	386
	376	385
	377	385
	379	385
	380	385
	381	385
	382	385
	384	385
	385	386
	386	386
	387	387
	387	388
	386	388
	385	386
	384	386
	384	384
	383	382
	383	381
	382	380
	382	379
	382	378
	381	377
	381	376
	381	375
	381	374
	381	373
.PEN_UP
.PEN_DOWN
	403	387
	402	387
	401	387
	401	386
	400	386
	399	385
	399	384
	400	383
	401	383
	402	383
	403	383
	404	383
	406	383
	407	383
	408	384
	409	384
	410	385
	410	386
	410	387
	410	388
	410	389
	409	389
	408	390
	407	390
	406	391
.PEN_UP
.PEN_DOWN
	405	380
	404	380
	404	379
	403	379
	402	379
	401	379
	400	378
	399	377
	399	376
	399	375
	400	375
	400	374
	401	374
	402	373
	403	373
	404	373
	406	373
	407	373
	408	373
	409	374
	410	375
	410	376
	410	377
	409	378
	408	379
	407	379
	405	380
.PEN_UP
.PEN_DOWN
	424	387
	425	387
	426	386
	427	386
	429	386
	430	386
	431	386
	432	385
	433	385
	435	385
	436	385
	437	385
	438	385
	439	385
	439	384
	438	384
	437	384
	437	383
	436	382
	435	382
	435	381
	433	379
	432	378
	432	377
	431	376
	431	375
	430	375
	430	374
	430	373
	430	372
	430	371
.PEN_UP
.PEN_DOWN
	452	388
	452	387
	452	386
	450	384
	450	383
	449	382
	447	380
	447	379
	446	378
	445	376
	444	375
	444	374
	444	373
	444	372
	444	370
	445	370
	445	369
	446	369
	447	369
	448	369
	449	369
	450	369
	451	370
	452	370
	453	371
	454	372
	454	373
	454	374
	454	375
	453	376
	453	377
	452	378
	451	378
	450	378
	449	378
	448	378
	447	378
	446	377
.PEN_UP
.PEN_DOWN
	473	387
	473	386
	473	387
	472	387
	471	387
	470	387
	469	387
	468	387
	467	387
	466	387
	465	387
	465	386
	465	385
	464	385
	464	384
	463	383
	463	382
	463	381
	463	380
	463	379
	464	379
	464	378
	465	378
	466	378
	467	378
	468	378
	469	377
	470	377
	471	377
	471	376
	471	375
	471	374
	470	374
	470	373
	470	372
	469	372
	469	371
	468	371
	467	371
	466	371
	465	371
	464	371
	463	371
	462	371
	461	371
.PEN_UP
.PEN_DOWN
	524	393
	525	393
	523	392
	522	391
	522	390
	521	389
	520	388
	519	387
	519	386
	519	385
	519	384
	520	383
	521	383
	522	382
	523	382
	525	382
	526	382
	527	382
	528	381
	529	381
	531	381
	532	381
.PEN_UP
.PEN_DOWN
	534	390
	535	390
	535	389
	534	389
	534	388
	533	387
	533	386
	532	385
	532	384
	531	382
	531	381
	531	380
	530	377
	529	376
	529	375
	529	374
	529	373
	529	372
.PEN_UP
.PEN_DOWN
	542	387
	543	387
	544	387
	545	387
	546	387
	547	387
	548	386
	549	386
	550	386
	551	385
	552	385
	552	384
	551	384
	550	384
	549	383
	548	383
	547	383
	546	382
	545	382
	544	381
	544	380
	545	380
	545	379
	546	379
	547	379
	548	379
	548	378
	549	378
	550	377
	550	376
	551	376
	551	375
	550	375
	549	374
	548	374
	547	374
	546	374
	545	373
	544	373
	543	373
	542	373
	542	372
	541	372
	540	372
.PEN_UP
.PEN_DOWN
	558	384
	559	384
	559	385
	560	385
	561	385
	562	385
	563	385
	564	384
	565	384
	566	384
	567	384
	567	383
	567	382
	566	382
	566	381
	565	380
	563	379
	562	379
	561	378
	560	378
	559	377
	558	377
	557	376
	557	375
	557	374
	557	373
	558	373
	558	372
	559	372
	560	372
	561	372
	562	372
	564	372
	566	372
	567	372
	568	373
	569	373
	570	373
	571	373
.PEN_UP
.PEN_DOWN
	585	386
	584	385
	583	384
	581	383
	580	381
	578	379
	578	378
	578	376
	577	375
	577	374
	577	373
	578	372
	578	371
.PEN_UP
.PEN_DOWN
	597	383
	597	382
	596	382
	596	381
	596	380
	596	379
	595	378
	595	376
	595	375
	595	374
	595	373
	595	372
	596	372
	597	372
	600	372
	601	372
	602	373
	603	373
	604	374
	605	375
	605	376
	606	378
	606	379
	606	381
	606	383
	606	384
	606	386
	606	387
	606	388
	602	388
	600	388
	599	387
	598	387
	597	386
.PEN_UP
