
.WRITER_ID BobStrong
.STYLE PRINTED
.PEN_DOWN
	117	392
	117	391
	117	390
	116	388
	115	386
	115	385
	115	384
	115	382
	114	380
	114	379
	114	378
	114	377
	114	376
	114	375
	114	374
	114	373
	114	374
	115	375
	116	376
	116	377
	117	378
	117	379
	117	380
	118	381
	119	382
	119	383
	120	384
	122	385
	123	385
	123	384
	124	384
	125	384
	125	383
	126	383
	126	382
	126	381
	127	381
	127	380
	127	379
	126	379
	126	378
	125	377
	125	376
	124	376
	123	375
	121	374
	120	373
	118	372
	117	371
	116	371
	115	371
	115	370
.PEN_UP
.PEN_DOWN
	135	381
	136	381
	136	380
	136	379
	135	378
	135	377
	134	376
	134	375
	134	374
.PEN_UP
.PEN_DOWN
	135	393
	136	394
	137	394
	138	395
	139	395
	140	395
.PEN_UP
.PEN_DOWN
	155	382
	155	383
	155	384
	154	384
	153	384
	152	384
	151	384
	150	384
	149	383
	148	382
	148	381
	147	381
	147	379
	147	378
	147	377
	147	376
	148	376
	149	376
	150	376
	151	376
	152	376
	153	377
	154	377
	154	378
	155	378
	155	379
	156	380
	156	381
	156	382
	157	383
	157	384
	158	383
	158	382
	159	381
	159	380
	159	379
	159	378
	159	376
	159	375
	160	374
	160	372
	160	371
	160	370
	160	369
	160	368
	160	367
	160	366
	159	365
	159	364
	158	363
	157	363
	156	363
	155	362
	154	362
	153	362
	152	363
	151	363
	150	363
	148	363
	146	363
	145	363
	144	363
.PEN_UP
.PEN_DOWN
	201	379
	201	380
	200	380
	200	379
	199	379
	199	377
	199	376
	198	375
	198	374
	198	373
	198	372
.PEN_UP
.PEN_DOWN
	202	394
	203	394
	204	394
	204	395
	205	395
	206	396
.PEN_UP
.PEN_DOWN
	212	380
	212	379
	212	378
	212	377
	212	376
	212	375
	211	375
	211	374
	211	373
	211	374
	212	374
	212	375
	213	376
	213	377
	214	378
	215	379
	215	380
	216	381
	216	382
	217	383
	218	384
	218	385
	220	385
	221	385
	222	385
	223	384
	224	383
	224	382
	224	381
	224	380
	224	378
	224	377
	224	376
	224	375
	224	374
	224	373
	223	372
	223	371
	223	370
.PEN_UP
.PEN_DOWN
	240	395
	240	394
	240	393
	240	392
	240	391
	240	389
	240	388
	240	386
	240	384
	239	381
	239	380
	239	379
	239	377
	239	376
	239	375
	238	374
.PEN_UP
.PEN_DOWN
	250	386
	250	385
	250	384
	249	384
	248	384
	247	383
	245	382
	245	381
	244	381
	244	380
	243	380
	242	380
	242	379
	241	379
	240	379
	239	378
	240	377
	241	376
	242	376
	243	375
	245	375
	246	374
	247	373
	248	372
	249	372
	249	371
	250	371
	250	370
	251	370
.PEN_UP
.PEN_DOWN
	273	383
	273	382
	273	381
	272	381
	272	380
	272	379
	272	378
	272	377
	272	376
	272	375
	273	374
	274	373
	275	373
	277	373
	278	373
	279	373
	280	374
	281	375
	282	375
	282	376
	283	376
	283	377
	283	378
	283	379
	283	380
	283	379
	283	378
	284	378
	284	377
	284	376
	284	375
	285	374
	286	372
	286	371
	286	370
	286	369
	286	368
	286	367
	286	366
	286	365
	286	364
	286	363
	286	361
	286	360
	286	359
	286	358
	285	358
	284	358
	283	358
	281	358
	279	358
	277	358
	277	359
	276	359
	275	359
	275	360
.PEN_UP
.PEN_DOWN
	330	377
	329	378
	328	378
	327	378
	326	378
	325	378
	324	378
	322	378
	321	377
	320	376
	319	375
	319	374
	319	372
	319	371
	319	370
	320	369
	320	368
	321	368
	322	367
	323	367
	324	367
	325	367
	326	367
	327	367
	329	368
	330	369
	331	370
	332	371
	332	372
	332	373
	332	375
	333	375
	333	377
	333	378
	333	379
	334	382
	334	383
	334	385
	334	386
	334	388
	335	389
	335	390
	335	391
	334	390
	334	388
	333	387
	333	386
	332	384
	332	382
	332	380
	331	378
	331	376
	331	374
	331	371
	331	370
	331	368
	331	367
	331	366
	331	365
	331	364
	331	363
.PEN_UP
.PEN_DOWN
	356	379
	358	380
	359	380
	359	381
	359	382
	358	382
	357	382
	356	382
	353	382
	352	382
	351	381
	350	380
	348	380
	348	379
	347	378
	346	378
	345	377
	345	376
	345	375
	345	374
	346	373
	346	372
	347	372
	348	371
	349	370
	350	370
	351	370
	352	369
	353	369
	354	369
	355	369
.PEN_UP
.PEN_DOWN
	374	380
	374	379
	373	379
	373	378
	373	376
	373	375
	374	374
	374	373
	374	372
	375	371
	375	370
	376	370
	377	370
	378	370
	379	370
	380	370
	380	371
	381	372
	382	372
	382	373
	382	374
	383	375
	383	376
	383	377
	384	378
	384	379
	384	380
.PEN_UP
.PEN_DOWN
	399	379
	399	378
	399	377
	399	376
	398	376
	398	375
	397	374
	397	373
	396	373
	396	372
	396	371
.PEN_UP
.PEN_DOWN
	402	400
	402	401
	403	401
	405	400
.PEN_UP
.PEN_DOWN
	421	391
	421	390
	420	389
	420	388
	419	387
	418	386
	418	384
	417	382
	416	381
	416	379
	416	377
	416	376
	416	375
	416	374
	416	373
	416	372
	416	371
.PEN_UP
.PEN_DOWN
	436	382
	437	382
	436	382
	434	382
	433	382
	432	382
	431	382
	430	382
	429	381
	428	380
	427	380
	427	379
	427	378
	427	377
	428	377
	429	376
	430	376
	431	376
	432	376
	433	375
	434	375
	436	375
	437	374
	436	373
	435	373
	434	372
	433	372
	432	371
	431	371
	430	371
	429	370
	427	370
	426	370
	425	370
	424	370
.PEN_UP
.PEN_DOWN
	479	379
	478	379
	478	378
	477	377
	477	376
	477	375
	476	375
	476	374
	476	372
	476	371
	477	370
	478	370
	479	370
	480	370
	481	370
	481	371
	482	371
	482	372
	483	372
	483	373
	483	374
	483	375
	484	376
	485	376
	485	375
	485	374
	486	373
	486	372
	487	372
	487	371
	488	371
	489	371
	490	371
	491	371
	492	372
	493	372
	493	373
	494	373
	494	374
	495	374
	495	375
	495	376
	495	377
	495	378
	495	379
	495	380
	495	382
.PEN_UP
.PEN_DOWN
	511	377
	511	378
	511	379
	510	379
	509	379
	508	378
	507	378
	506	377
	505	377
	504	376
	503	375
	502	374
	501	373
	501	372
	501	371
	501	370
	501	369
	503	369
	504	369
	505	369
	506	369
	507	369
	508	369
	509	370
	509	371
	510	372
	510	373
	511	375
	512	376
	512	377
	513	377
	513	376
	513	375
	513	374
	514	374
	514	373
	514	372
	515	371
	516	370
	516	369
	517	369
	518	368
.PEN_UP
.PEN_DOWN
	534	383
	534	382
	534	381
	535	379
	535	378
	535	376
	535	375
	536	374
	537	373
	537	372
	538	370
	539	369
	539	368
	540	367
	541	366
	542	366
.PEN_UP
.PEN_DOWN
	544	383
	543	383
	543	382
	540	381
	539	380
	538	379
	537	378
	536	377
	534	375
	533	374
	532	373
	531	372
	531	371
	530	370
	529	370
	529	368
.PEN_UP
.PEN_DOWN
	593	380
	593	379
	592	379
	592	378
	592	377
	591	376
	591	375
	590	374
	590	373
	589	373
	589	372
	589	371
	588	370
	588	369
	588	370
	589	370
	590	371
	590	372
	591	373
	592	374
	592	375
	593	375
	593	376
	594	378
	595	379
	596	380
	596	381
	597	382
	597	383
	598	383
	599	383
	600	383
	600	382
	599	381
	599	380
	599	379
	598	377
	598	376
	597	376
	597	375
	597	374
	596	373
	596	372
	597	373
	598	373
	599	373
	599	374
	600	375
	601	376
	602	376
	602	377
	604	378
	604	379
	605	379
	605	378
	605	377
	605	376
	604	374
	604	373
	604	372
	604	371
	604	370
	604	369
	604	368
	604	367
.PEN_UP
.PEN_DOWN
	619	376
	620	376
	621	377
	622	377
	623	377
	624	378
	624	379
	623	379
	623	380
	622	380
	621	380
	620	380
	618	379
	617	379
	616	379
	615	378
	614	377
	613	376
	613	375
	612	374
	611	373
	611	372
	611	371
	612	369
	613	368
	614	368
	615	367
	616	367
	618	366
	619	366
	621	366
	622	366
	624	366
	625	366
.PEN_UP
.PEN_DOWN
	638	373
	638	372
	637	371
	637	370
	637	369
	638	369
	638	368
	638	367
	638	368
	639	369
	639	370
	639	371
	639	372
	640	373
	640	375
	641	376
	641	378
	642	379
	642	380
	643	381
	643	382
	644	382
	645	382
	647	382
	648	382
	649	382
	650	382
	651	382
	651	381
	652	381
	653	381
.PEN_UP
.PEN_DOWN
	668	379
	667	378
	666	378
	665	378
	664	378
	662	377
	662	376
	660	376
	659	375
	658	374
	658	373
	658	372
	658	371
	659	370
	660	369
	661	369
	662	368
	663	368
	664	367
	666	367
	667	367
	668	367
	669	367
	670	367
.PEN_UP
.PEN_DOWN
	685	374
	685	373
	684	372
	684	371
	684	370
	684	369
.PEN_UP
.PEN_DOWN
	685	387
	686	388
	686	389
	687	389
	687	390
	687	391
.PEN_UP
.PEN_DOWN
	715	393
	714	393
	713	393
	712	393
	711	392
	710	391
	709	390
	708	389
	707	388
	705	385
	704	384
	704	383
	704	381
	704	380
	704	379
	704	377
	704	376
	704	375
	704	373
	704	372
	704	371
	705	370
	705	369
	705	368
.PEN_UP
.PEN_DOWN
	695	379
	696	379
	697	379
	698	379
	701	379
	702	379
	703	379
	705	379
	706	379
	708	379
	709	379
	710	379
.PEN_UP
.PEN_DOWN
	722	376
	722	375
	721	375
	720	374
	720	373
	720	372
	719	372
	719	371
	719	370
	720	370
	720	369
	721	369
	722	369
	723	369
	724	369
	725	369
	727	370
	728	371
	729	372
	729	373
	730	374
	730	375
	731	376
	731	377
	731	378
.PEN_UP
.PEN_DOWN
	756	393
	756	392
	756	391
	756	390
	756	389
	755	386
	754	385
	753	384
	753	382
	752	381
	752	379
	752	378
	751	376
	751	375
	751	374
	751	373
	751	371
	751	370
.PEN_UP
