
.WRITER_ID BobStrong
.STYLE PRINTED
.PEN_DOWN
	119	390
	118	389
	117	389
	117	388
	117	386
	116	385
	116	384
	116	382
	115	381
	115	380
	115	379
	115	378
	115	377
	115	376
	116	375
	117	375
	118	375
	119	375
	120	375
	121	375
	121	376
	122	376
	122	377
	123	378
	123	379
	124	380
	124	381
	124	382
	124	383
	125	384
	125	383
	125	382
	125	381
	125	380
	125	379
	126	379
	126	378
	126	377
	127	376
	127	375
	128	375
	129	375
	130	375
	131	375
	132	375
	132	376
	133	377
	134	378
	134	379
	134	380
	135	381
	135	382
	135	383
	135	384
	136	384
	136	385
.PEN_UP
.PEN_DOWN
	149	385
	149	384
	148	384
	148	383
	147	382
	147	380
	146	378
	146	377
	146	375
	145	375
	145	374
	145	373
	145	372
	145	371
	145	370
	146	369
.PEN_UP
.PEN_DOWN
	170	386
	170	385
	170	384
	170	383
	170	382
	169	381
	169	380
	168	379
	168	378
	168	377
	168	376
	167	374
	167	373
	166	372
	166	371
	166	370
.PEN_UP
.PEN_DOWN
	162	384
	162	385
	163	385
	164	385
	165	386
	167	386
	168	386
	169	387
	171	387
	172	387
	173	387
	174	387
	175	387
	176	387
	176	386
	177	386
.PEN_UP
.PEN_DOWN
	186	383
	185	383
	185	382
	185	381
	184	380
	184	379
	184	377
	184	376
	184	375
	184	374
	184	373
	184	372
	184	371
	184	370
.PEN_UP
.PEN_DOWN
	195	385
	195	384
	194	382
	194	381
	194	380
	194	379
	194	377
	194	376
	194	375
	194	374
	194	373
.PEN_UP
.PEN_DOWN
	182	377
	183	377
	184	377
	184	378
	185	378
	186	379
	187	379
	188	379
	189	380
	190	380
	191	380
	192	380
	194	380
	195	380
	196	379
.PEN_UP
.PEN_DOWN
	245	382
	244	381
	243	380
	243	378
	242	377
	241	376
	241	375
	240	374
	240	373
	240	372
	239	371
	239	370
	239	369
	239	367
	239	368
	239	369
	240	369
	240	370
	240	371
	240	372
	241	373
	241	374
	241	375
	242	377
	243	378
	243	379
	244	380
	244	382
	245	383
	246	384
	247	385
	248	385
	249	386
	250	386
	251	386
	251	387
	251	388
	251	389
	250	389
	250	388
	250	387
	250	386
	250	385
	250	383
	250	382
	250	381
	250	379
	250	378
	251	377
	251	376
	251	375
	251	374
	251	373
	251	372
	252	371
	252	370
	252	369
	252	368
	253	368
.PEN_UP
.PEN_DOWN
	242	376
	243	376
	244	376
	244	377
	245	377
	246	378
	247	378
	248	379
	249	379
	250	379
	251	379
	252	379
	253	379
	253	378
.PEN_UP
.PEN_DOWN
	282	386
	281	386
	280	386
	279	386
	278	386
	277	385
	277	384
	275	384
	274	383
	273	382
	273	381
	271	379
	271	377
	271	376
	271	375
	271	374
	271	373
	272	373
	272	372
	274	372
	275	372
	277	372
	278	372
	280	372
	281	373
	282	374
	283	374
	283	375
	284	375
	284	376
	284	377
	284	379
	284	380
	284	381
	284	383
	283	384
	283	385
	283	386
	282	387
	281	387
	281	386
	280	386
	280	385
.PEN_UP
.PEN_DOWN
	279	379
	280	378
	281	378
	281	377
	282	377
	283	376
	283	375
	284	374
	284	373
	284	372
	284	371
	285	370
	285	369
	286	368
	287	367
.PEN_UP
.PEN_DOWN
	295	380
	295	379
	295	378
	295	377
	295	376
	295	375
	295	374
	296	374
	296	372
	297	372
	298	372
	299	372
	300	372
	301	372
	302	373
	303	373
	304	374
	304	375
	305	375
	305	376
	305	377
	305	378
	305	379
	305	380
	305	381
	305	382
	305	383
	305	384
.PEN_UP
.PEN_DOWN
	315	383
	315	384
	314	384
	314	383
	313	383
	313	382
	313	381
	313	380
	312	379
	312	378
	312	377
	311	375
	310	374
	310	373
	309	372
	309	371
	309	370
	309	369
	309	370
	310	371
	311	372
	311	373
	311	375
	312	376
	312	378
	313	379
	314	380
	315	382
	316	384
	316	385
	317	386
	318	387
	319	387
	320	386
	320	385
	320	384
	320	383
	320	381
	321	380
	321	378
	321	377
	321	375
	322	374
	322	373
	322	372
	322	371
	322	370
	323	370
	323	369
	324	369
.PEN_UP
.PEN_DOWN
	310	376
	311	376
	312	375
	313	375
	314	375
	316	376
	317	376
	318	377
	319	377
	320	377
	322	377
	323	377
.PEN_UP
.PEN_DOWN
	336	384
	337	384
	336	383
	335	382
	334	381
	334	380
	333	379
	333	378
	332	378
	332	377
	332	376
	331	375
	331	374
	331	373
	331	372
	331	371
	332	371
	334	371
	336	371
	338	371
	339	371
	340	371
	341	371
	342	371
	342	372
.PEN_UP
.PEN_DOWN
	350	384
	351	383
	351	382
	350	382
	349	381
	349	380
	349	379
	348	379
	347	377
	347	376
	347	375
	347	374
	346	373
	346	372
	346	371
	347	371
	347	370
	347	369
	348	369
	348	370
	348	371
	349	371
	349	372
	349	374
	351	375
	351	377
	352	378
	353	379
	353	381
	354	382
	354	384
	355	384
	356	385
	356	386
	357	386
	357	385
	357	384
	356	383
	356	381
	356	380
	356	379
	356	378
	357	378
	357	379
	358	379
	359	379
	360	379
	360	380
	361	381
	362	381
	362	382
	363	383
	364	384
	365	384
	365	385
	366	386
	366	384
	366	383
	365	382
	365	380
	365	379
	364	379
	364	377
	364	376
	364	375
	364	374
	364	373
	365	372
	365	371
	366	370
	367	370
.PEN_UP
.PEN_DOWN
	410	384
	410	383
	410	382
	409	381
	409	378
	408	377
	408	375
	407	374
	407	373
	407	372
	407	371
	406	370
	406	369
	406	368
	407	368
.PEN_UP
.PEN_DOWN
	406	387
	408	387
	409	387
	410	388
	412	388
	413	388
	414	388
	415	388
	417	387
	418	387
.PEN_UP
.PEN_DOWN
	430	386
	430	385
	429	384
	428	383
	427	382
	426	381
	426	380
	425	379
	425	378
	425	377
	424	376
	424	375
	424	374
	424	373
	424	372
	424	371
	424	370
	425	370
.PEN_UP
.PEN_DOWN
	439	390
	439	389
	439	388
	439	387
	438	386
	438	385
	437	384
	436	382
	436	381
	435	380
	435	379
	435	378
	435	376
	435	375
	435	374
	435	373
	436	372
	436	371
.PEN_UP
.PEN_DOWN
	426	379
	427	379
	428	379
	429	379
	430	380
	431	380
	432	380
	433	380
	435	380
	436	380
	437	380
	438	380
	439	380
.PEN_UP
.PEN_DOWN
	457	387
	457	386
	456	385
	456	384
	455	384
	454	383
	454	382
	452	379
	452	378
	451	377
	451	376
	451	375
	451	374
	451	373
	451	372
	452	372
.PEN_UP
.PEN_DOWN
	452	386
	453	386
	454	386
	454	387
	455	387
	456	388
	458	388
	460	388
	461	388
	462	388
	463	388
	464	387
	464	386
.PEN_UP
.PEN_DOWN
	459	376
	460	376
	461	376
	463	376
	464	376
.PEN_UP
.PEN_DOWN
	449	370
	450	370
	451	370
	452	369
	454	368
	455	368
	456	368
	458	368
	459	368
	460	368
	461	368
	463	368
	464	368
	465	368
	466	368
	467	368
.PEN_UP
.PEN_DOWN
	512	386
	512	385
	512	384
	512	383
	511	382
	511	381
	511	380
	511	379
	511	378
	511	376
	510	376
	510	375
	510	374
	509	373
	508	373
	507	373
	506	373
	505	374
	504	374
	504	375
	503	375
	502	375
	502	376
	501	376
	501	377
.PEN_UP
.PEN_DOWN
	507	390
	508	390
	509	390
	510	390
	511	390
	512	390
	514	390
	515	389
	516	389
	518	388
	519	388
	520	388
	521	388
	522	388
	523	388
	524	388
	525	388
.PEN_UP
.PEN_DOWN
	528	379
	527	379
	526	379
	525	379
	524	379
	523	378
	523	377
	523	375
	523	374
	525	373
	527	372
	529	372
	530	372
	531	372
	533	372
	534	372
	535	373
	536	374
	536	375
	536	376
	536	377
	536	378
	535	379
	534	380
	533	381
	533	382
	531	383
	529	383
	528	383
	527	383
	526	383
	526	382
	526	381
	525	380
.PEN_UP
.PEN_DOWN
	550	386
	551	385
	551	384
	550	384
	549	384
	549	383
	548	383
	548	382
	547	381
	546	379
	545	378
	545	377
	544	376
	544	375
	544	374
	545	374
	546	373
	547	373
	548	373
	549	373
	550	373
	551	373
	553	373
	554	373
	555	373
	556	373
	556	372
.PEN_UP
.PEN_DOWN
	566	385
	567	385
	566	385
	565	385
	564	384
	563	383
	562	381
	562	380
	561	379
	561	378
	561	377
	561	376
	560	376
	560	375
	560	374
	561	373
	561	372
	562	372
	563	372
	564	372
	565	372
	566	372
	567	372
	568	372
	569	372
	569	371
	570	371
	571	371
	572	371
	572	370
	573	370
	574	370
.PEN_UP
.PEN_DOWN
	588	391
	587	391
	587	390
	586	390
	585	389
	585	388
	585	387
	584	386
	584	385
	584	384
	584	383
	585	382
	586	382
	586	381
	587	381
	589	381
	591	381
	592	382
	593	382
	594	382
	595	383
	595	384
	596	384
	596	385
	597	386
	597	387
	598	388
	599	390
	600	391
	600	390
.PEN_UP
.PEN_DOWN
	593	380
	593	379
	593	378
	592	377
	592	376
	592	375
	592	374
	592	373
	592	372
	592	371
	591	370
	591	369
	592	368
	592	367
	593	366
.PEN_UP
