
.WRITER_ID BillRivard
.STYLE PRINTED
.PEN_DOWN
	76	377
	77	378
	77	379
	77	380
	76	381
	75	381
	74	381
	73	381
	72	381
	72	380
	71	380
	71	379
	71	378
	70	377
	70	376
	70	375
	70	374
	71	374
	71	373
	72	373
	73	373
	74	373
	74	374
	75	375
	75	376
	76	376
	76	377
	76	378
	77	379
	77	378
	78	378
	78	377
	78	376
	79	375
	79	374
	79	373
	80	371
	80	370
	80	369
	80	367
	80	365
	80	364
	80	363
	80	362
	80	361
	80	360
	80	358
	80	357
	80	356
	79	356
	79	355
	78	355
	77	355
	76	355
	76	356
	76	357
.PEN_UP
.PEN_DOWN
	87	377
	87	378
	87	379
	86	378
	85	377
	85	376
	84	376
	84	375
	84	374
	84	373
	84	372
	85	371
	86	370
	87	370
	87	369
	88	369
	89	369
	89	370
	90	370
	91	371
	91	372
	91	373
	91	374
	91	375
	91	376
	91	377
	90	378
	89	379
.PEN_UP
.PEN_DOWN
	101	383
	100	383
	100	382
	99	381
	99	380
	98	379
	98	378
	98	377
	98	376
	98	375
	99	375
	99	374
	100	373
	101	373
	102	373
	103	373
	104	374
	105	374
	105	375
	106	375
	106	376
	106	377
	106	378
	105	378
	105	379
	105	380
	104	380
	104	381
	103	381
.PEN_UP
.PEN_DOWN
	113	391
	113	390
	114	390
	114	389
	114	388
	114	387
	115	387
	115	386
	115	385
	115	384
	115	383
	115	381
	116	381
	116	380
	116	379
	116	378
	116	377
	116	376
	117	375
	117	374
	117	373
	117	374
	117	375
	116	375
	116	376
	115	377
	115	378
	114	378
	113	378
	112	378
	111	378
	110	378
	109	378
	108	377
	108	376
	108	375
	108	374
	108	373
	109	373
	109	372
	110	372
	111	372
	112	372
	113	373
	114	373
	115	373
	115	374
	116	374
	117	374
	118	375
	119	375
	119	376
.PEN_UP
.PEN_DOWN
	140	383
	140	382
	140	381
	140	380
	140	379
	140	378
	141	377
	141	376
	142	375
	142	374
	143	374
	144	374
	145	374
	145	375
	146	376
	147	377
	147	378
	148	378
	148	379
	148	380
	148	381
	149	382
	149	381
	149	380
	150	379
	150	377
	150	376
	150	375
	151	373
	151	372
	152	370
	152	369
	152	367
	153	366
	153	365
	153	364
	153	363
	153	362
	153	361
	153	360
	152	360
	151	360
	151	361
	151	362
.PEN_UP
.PEN_DOWN
	164	381
	164	382
	163	383
	162	382
	161	382
	161	381
	160	381
	159	380
	159	379
	158	378
	158	377
	157	376
	157	375
	157	374
	157	373
	158	372
	159	372
	159	371
	160	371
	161	371
	162	371
	163	371
	164	372
	165	372
	165	373
	166	373
	166	374
	167	375
	167	376
	167	378
	167	379
	166	380
.PEN_UP
.PEN_DOWN
	173	384
	173	383
	173	382
	173	381
	173	380
	173	379
	174	378
	174	377
	174	376
	174	375
	174	374
	175	374
	176	373
	177	373
	178	374
	179	374
	179	375
	180	376
	181	376
	182	377
	182	378
	182	379
	183	379
	183	380
	183	381
	183	382
	183	383
	184	384
	184	383
	184	382
	184	381
	184	380
	184	379
	185	378
	185	377
	186	376
	187	376
	188	375
	189	374
	190	373
.PEN_UP
.PEN_DOWN
	214	380
	215	381
	215	382
	215	383
	215	384
	214	385
	213	385
	212	385
	211	385
	210	385
	210	384
	210	383
	209	382
	209	381
	209	379
	209	377
	209	376
	209	375
	210	374
	211	373
	212	373
	213	373
	213	374
	214	375
	215	375
	215	376
	215	377
	216	378
	216	379
	216	380
	216	381
	216	380
	217	379
	217	378
	217	377
	217	376
	217	374
	217	373
	217	371
	217	369
	217	368
	218	367
	218	366
	218	364
	218	363
	218	362
	218	361
	218	359
	218	358
	218	357
	217	355
	216	354
	215	353
	214	353
	214	352
	213	352
	212	352
	212	353
	212	354
.PEN_UP
.PEN_DOWN
	234	377
	234	378
	234	379
	234	380
	233	380
	232	380
	232	379
	231	379
	230	379
	229	378
	229	377
	228	377
	228	376
	227	375
	227	374
	227	373
	227	372
	227	371
	227	370
	228	370
	228	369
	229	369
	230	368
	231	368
	232	368
	233	368
	234	369
	235	370
	235	371
	236	371
	236	372
	237	373
	237	375
	237	376
	237	377
	236	378
	236	379
	235	379
.PEN_UP
.PEN_DOWN
	244	380
	245	380
	245	379
	245	378
	246	377
	246	376
	246	375
	246	374
	246	373
	246	372
	246	371
	246	370
	247	369
	248	369
.PEN_UP
.PEN_DOWN
	246	389
	246	390
	247	389
.PEN_UP
.PEN_DOWN
	256	382
	257	382
	257	381
	257	380
	257	379
	258	378
	258	377
	258	376
	258	374
	258	373
	259	372
	259	371
	259	370
	260	370
	261	371
	261	372
	262	373
	262	374
	262	375
	263	376
	263	377
	264	378
	264	379
	264	380
	264	381
	265	381
	265	382
	266	382
	267	382
	267	381
	268	381
	268	380
	269	380
	269	379
	269	378
	269	377
	270	376
	270	375
	270	374
	270	373
	270	372
	270	371
	271	371
	271	370
.PEN_UP
.PEN_DOWN
	284	384
	284	385
	284	386
	283	386
	283	385
	282	385
	281	385
	280	384
	280	383
	279	382
	278	381
	277	380
	277	379
	277	376
	277	375
	277	374
	277	373
	277	372
	277	371
	278	371
	279	371
	280	372
	281	372
	281	373
	282	373
	283	374
	283	375
	284	376
	285	377
	285	378
	285	379
	285	380
	286	381
	286	382
	286	383
	286	382
	286	381
	286	380
	286	379
	286	378
	285	375
	285	373
	285	372
	285	370
	285	368
	285	367
	286	365
	286	363
	286	362
	287	360
	287	358
	288	355
	289	354
	289	353
	289	352
	289	351
	289	350
	288	349
	287	349
	286	350
	286	351
	285	351
	284	352
	284	353
	283	354
	283	355
	282	355
	282	356
	282	357
	282	358
	282	359
	283	361
	284	362
	285	363
	286	363
	287	364
	288	364
	290	365
	291	365
	292	366
	293	366
	294	366
	295	367
	296	367
	297	367
	298	367
	299	367
.PEN_UP
.PEN_DOWN
	319	382
	318	382
	317	382
	316	382
	315	381
	314	381
	314	380
	313	379
	313	378
	313	377
	313	376
	313	375
	314	373
	315	372
	317	372
	318	372
	319	372
	319	373
	320	373
	321	374
	321	375
	322	376
	322	377
	323	378
	323	379
	323	380
	323	381
	323	382
	323	383
	322	383
	322	384
	321	384
.PEN_UP
.PEN_DOWN
	330	384
	331	384
	331	383
	332	382
	332	381
	333	380
	333	379
	334	378
	334	377
	334	376
	334	375
	334	374
	334	373
	334	372
	334	373
	334	374
	335	374
	335	375
	335	376
	336	377
	336	379
	337	379
	337	381
	338	381
	338	382
	339	383
	340	384
	341	384
	342	384
	343	384
	343	383
	343	382
	343	381
	344	381
	344	380
	345	379
	345	377
	345	376
	346	376
	346	375
	346	374
	347	373
	348	372
	349	371
.PEN_UP
.PEN_DOWN
	384	372
	385	372
	385	371
	385	370
	385	369
	386	368
	386	367
	386	366
	386	364
	387	363
	387	362
	387	361
	387	360
	386	360
	386	361
	386	362
	386	363
	385	363
	385	364
	385	365
	385	366
	385	367
	385	368
	385	369
	386	372
	386	373
	386	375
	387	376
	387	378
	387	379
	387	380
	388	380
	388	381
	389	381
	390	381
	391	381
	392	381
	393	381
	393	380
	394	379
	395	378
	395	377
	395	376
	395	375
	394	375
	394	374
	393	374
	393	373
	392	373
	391	373
	390	372
	389	372
.PEN_UP
.PEN_DOWN
	404	380
	404	379
	404	378
	404	377
	404	376
	404	375
	404	374
	404	373
	404	372
	404	371
	404	370
	404	369
	404	370
	403	371
	403	372
	404	373
	404	374
	404	375
	404	376
	405	378
	406	379
	407	381
	408	382
	409	383
	410	383
	411	383
	412	383
	413	383
	414	382
	414	381
.PEN_UP
.PEN_DOWN
	420	375
	421	375
	422	374
	423	374
	424	375
	425	375
	426	375
	426	376
	427	376
	427	377
	427	378
	427	379
	427	380
	426	381
	425	381
	424	381
	423	381
	422	381
	422	380
	421	380
	421	379
	420	378
	419	376
	419	375
	419	374
	419	373
	420	372
	420	371
	421	370
	422	370
	422	369
	423	369
	424	369
	425	369
	426	369
.PEN_UP
.PEN_DOWN
	440	382
	441	382
	441	383
	440	383
	440	382
	439	382
	438	381
	437	381
	437	380
	436	380
	436	379
	435	378
	436	377
	436	376
	437	376
	438	376
	438	375
	439	375
	439	374
	440	374
	441	373
	442	373
	442	372
	442	371
	441	371
	440	370
	439	370
	438	370
	437	370
.PEN_UP
.PEN_DOWN
	455	382
	454	382
	453	382
	452	382
	451	381
	450	381
	450	380
	450	379
	450	378
	450	377
	451	377
	451	376
	452	376
	453	376
	454	375
	455	375
	456	375
	457	374
	458	374
	459	374
	460	374
	461	374
	461	373
	460	373
	459	373
	458	373
	458	372
	456	372
	455	372
	453	372
	452	372
	452	371
	451	371
	451	370
.PEN_UP
.PEN_DOWN
	469	382
	470	382
	470	381
	470	380
	470	379
	470	378
	470	377
	469	376
	469	374
	469	373
	469	372
	469	371
	469	370
	470	370
.PEN_UP
.PEN_DOWN
	470	393
	470	394
	471	394
	471	393
.PEN_UP
.PEN_DOWN
	477	378
	477	377
	477	376
	477	375
	477	374
	477	373
	477	372
	477	371
	477	370
	477	369
	478	369
	478	370
	479	370
	479	371
	479	372
	480	373
	481	374
	481	375
	482	376
	482	377
	483	378
	483	379
	484	380
	485	382
	486	383
	487	382
	488	381
	488	380
	488	379
	489	378
	489	377
	489	376
	489	375
	489	374
	489	372
	489	371
	489	370
	489	369
.PEN_UP
.PEN_DOWN
	504	377
	504	379
	503	380
	502	380
	501	380
	501	379
	500	379
	500	378
	499	378
	498	377
	497	376
	496	375
	495	374
	495	373
	495	372
	495	371
	496	370
	497	370
	498	370
	499	370
	500	371
	501	372
	502	372
	502	373
	503	373
	504	374
	504	375
	505	376
	505	377
	506	377
	505	376
	505	374
	504	373
	504	372
	504	370
	504	369
	504	367
	504	366
	504	364
	504	363
	504	361
	505	359
	505	358
	505	355
	505	354
	505	352
	505	351
	504	350
	504	349
	503	349
	502	350
	501	351
	501	352
	500	352
	499	353
	499	354
	498	355
	498	356
	498	357
	498	358
	499	360
	500	361
	501	362
	502	363
	504	363
	506	364
	507	365
	509	366
	510	366
	511	367
	513	367
	514	367
	516	368
.PEN_UP
