
.WRITER_ID BillRivard
.STYLE PRINTED
.PEN_DOWN
	70	380
	70	381
	69	381
	68	381
	67	381
	66	381
	65	381
	64	381
	64	380
	63	380
	62	380
	62	381
	61	381
	61	380
	61	379
	60	379
	60	378
	61	378
	62	377
	63	377
	64	376
	65	376
	66	376
	67	375
	68	375
	68	374
	69	374
	69	373
	69	372
	68	372
	68	371
	67	371
	66	370
	64	369
	63	369
	62	368
	62	369
.PEN_UP
.PEN_DOWN
	82	379
	82	380
	82	381
	81	381
	80	381
	79	380
	78	380
	78	379
	77	378
	76	377
	76	376
	76	375
	76	374
	76	373
	76	372
	77	372
	79	371
	80	371
	81	371
	82	371
	83	371
	84	371
	85	371
	86	372
	87	372
	88	372
	89	373
.PEN_UP
.PEN_DOWN
	92	382
	93	382
	93	381
	94	380
	94	379
	94	378
	94	377
	94	376
	95	376
	95	375
	95	374
	95	373
	95	372
	95	371
	95	372
	96	374
	96	375
	96	376
	97	377
	97	378
	97	379
	98	381
	99	382
	99	383
	100	383
	100	384
	101	384
	102	384
	103	383
.PEN_UP
.PEN_DOWN
	111	381
	111	380
	112	380
	112	379
	113	379
	113	378
	114	378
	115	378
	115	379
	116	379
	116	380
	117	380
	117	381
	118	381
	118	382
	118	383
	117	383
	117	384
	116	384
	115	384
	114	384
	113	383
	112	383
	112	382
	111	382
	110	381
	109	380
	109	379
	109	378
	109	377
	109	376
	110	376
	110	375
	111	375
	111	374
	112	374
	113	373
	114	373
	114	372
	116	372
	117	372
	118	372
	119	372
	120	372
.PEN_UP
.PEN_DOWN
	131	381
	131	382
	130	383
	129	383
	128	383
	127	382
	126	382
	125	381
	124	380
	123	379
	123	378
	123	377
	123	376
	123	375
	123	374
	124	373
	125	372
	126	372
	127	372
	128	372
	128	373
	129	373
	129	374
	130	374
	131	375
	132	376
	132	377
	133	378
	133	379
	133	380
	133	381
	134	380
	134	379
	135	378
	135	377
	136	376
	137	375
	137	374
	138	373
	138	372
	139	372
.PEN_UP
.PEN_DOWN
	145	382
	146	382
	146	381
	146	380
	146	379
	146	378
	146	377
	146	376
	146	375
	146	374
	146	373
	147	373
	147	374
	148	374
	148	375
	149	376
	149	377
	150	378
	150	379
	151	380
	151	381
	152	381
	152	382
	153	381
	153	380
	153	379
	153	378
	153	377
	153	376
	154	375
	154	374
	155	373
	156	374
	157	375
	157	376
	158	377
	159	378
	159	379
	160	380
	161	381
	162	382
	163	382
	163	381
	164	381
	164	380
	164	379
	165	378
	165	376
	165	375
	166	375
	166	374
	166	373
	167	373
.PEN_UP
.PEN_DOWN
	174	379
	175	378
	176	378
	177	378
	178	378
	179	378
	180	378
	181	378
	182	378
	182	379
	183	380
	183	381
	183	382
	183	383
	182	383
	182	384
	181	384
	180	384
	179	384
	178	384
	177	384
	176	384
	175	383
	174	382
	174	381
	174	380
	174	379
	174	378
	174	377
	175	377
	175	376
	176	375
	177	375
	178	374
	179	373
	180	373
	181	373
	182	373
	183	373
.PEN_UP
.PEN_DOWN
	195	394
	196	394
	196	393
	197	392
	197	391
	197	390
	197	389
	197	388
	197	387
	197	385
	197	384
	197	383
	197	382
	197	381
	197	380
	197	379
	197	378
	197	377
	197	376
	197	377
	197	378
	197	379
	197	380
	197	381
	196	382
	195	382
	195	383
	194	383
	193	383
	192	383
	191	383
	190	382
	189	382
	188	381
	187	380
	187	379
	187	378
	187	377
	187	376
	188	376
	188	375
	189	374
	190	373
	192	373
	194	373
	195	373
	196	373
	197	373
	198	373
	199	373
	200	373
	201	374
	202	374
.PEN_UP
.PEN_DOWN
	257	384
	257	385
	256	385
	256	386
	255	386
	253	386
	253	385
	252	385
	251	385
	250	385
	250	384
	249	383
	248	382
	248	381
	247	381
	247	378
	247	377
	247	376
	247	375
	247	374
	248	373
	249	372
	250	372
	251	372
	252	373
	253	373
	253	374
	253	375
	254	375
	255	376
	255	377
	255	378
	255	379
	256	379
	256	381
	256	380
	256	379
	257	378
	257	376
	257	375
	257	374
	257	373
	257	372
	257	371
.PEN_UP
.PEN_DOWN
	269	394
	270	395
	270	396
	269	396
	269	397
	269	396
	269	394
	269	392
	269	391
	269	390
	269	389
	268	388
	268	387
	268	385
	268	384
	268	382
	268	380
	268	379
	269	378
	269	377
	269	376
	270	375
	270	374
	271	374
	272	375
.PEN_UP
.PEN_DOWN
	263	383
	264	382
	265	382
	266	382
	267	382
	268	382
	269	382
.PEN_UP
.PEN_DOWN
	295	395
	296	395
	296	396
	296	397
	296	396
	296	395
	296	394
	296	393
	296	392
	297	390
	297	389
	298	385
	299	384
	300	382
	300	380
	300	378
	301	376
	301	375
	301	374
	301	373
	302	372
	302	371
	302	372
	303	373
	304	374
	305	376
	305	377
	306	378
	307	379
	307	381
	308	382
	308	383
	309	383
	310	383
	311	382
	311	381
	311	380
	312	379
	313	378
	313	377
	314	376
	314	375
	315	374
	315	373
	316	373
.PEN_UP
.PEN_DOWN
	323	381
	323	380
	324	379
	324	378
	324	377
	325	376
	325	375
	325	374
	325	373
.PEN_UP
.PEN_DOWN
	324	391
	324	392
	323	392
	323	393
	323	394
	324	394
	325	394
	325	393
.PEN_UP
.PEN_DOWN
	332	383
	332	382
	332	381
	333	380
	333	379
	333	378
	334	377
	334	376
	334	375
	334	374
	335	374
	335	375
	336	376
	337	376
	337	377
	338	378
	338	379
	339	380
	339	381
	340	381
	340	382
	340	383
	341	383
	341	384
	341	383
	341	382
	341	381
	341	380
	341	379
	341	378
	341	377
	342	377
	343	377
	343	378
	344	378
	345	379
	346	380
	347	381
	348	382
	348	383
	349	384
	350	384
	350	383
	351	383
	351	382
	351	381
	352	380
	352	379
	352	378
	352	377
	353	376
	353	375
	353	374
.PEN_UP
.PEN_DOWN
	359	374
	360	374
	360	375
	361	375
	362	375
	363	375
.PEN_UP
.PEN_DOWN
	396	401
	397	401
	397	400
	397	399
	396	398
	396	397
	396	396
.PEN_UP
.PEN_DOWN
	403	401
	403	400
	403	399
	402	399
	402	398
	402	397
	402	396
	402	395
.PEN_UP
.PEN_DOWN
	411	375
	410	375
	410	376
	410	377
	410	378
	411	379
	412	380
	412	381
	413	382
	413	384
	414	386
	415	387
	415	389
	416	390
	417	391
	417	392
	418	392
	418	393
	419	393
	419	392
	419	391
	419	390
	420	390
	420	389
	420	387
	420	385
	420	384
	420	383
	421	382
	421	381
	421	380
	421	379
	422	378
	422	377
	423	377
	423	376
	424	376
	425	376
	426	376
	427	376
	427	377
	428	378
	429	379
	430	380
	431	381
	431	383
	432	385
	432	387
	433	389
	433	390
	433	391
	433	393
	433	394
	433	395
	433	396
	433	397
	432	398
	432	399
	432	400
	432	399
	433	399
.PEN_UP
.PEN_DOWN
	441	386
	440	385
	439	385
	439	384
	438	384
	438	383
	437	381
	437	380
	437	379
	437	378
	437	377
	438	377
	438	376
	439	376
	440	376
	441	376
	442	377
	442	378
	443	378
	443	379
	443	380
	443	381
	444	381
	444	383
	444	384
	444	385
	443	386
	443	387
	442	387
.PEN_UP
.PEN_DOWN
	477	377
	477	378
	477	377
	477	376
	477	375
	476	374
	476	372
	476	371
	476	369
	475	368
	475	367
	475	366
	474	365
	474	364
	474	363
	473	363
	473	364
	473	365
	473	366
	473	367
	473	368
	473	369
	474	372
	474	373
	475	375
	475	376
	476	378
	477	379
	477	381
	478	382
	478	383
	479	384
	480	385
	481	385
	481	386
	482	386
	483	386
	484	386
	485	386
	486	386
	486	385
	487	385
	487	384
	487	383
	486	382
	486	381
	485	381
	484	380
	484	379
	482	378
	481	377
	480	376
	479	376
	478	376
	478	375
.PEN_UP
.PEN_DOWN
	498	383
	498	384
	497	384
	497	385
	496	385
	496	384
	495	384
	495	383
	495	382
	494	381
	494	380
	494	379
	493	378
	493	377
	492	376
	492	375
	492	374
	492	373
	492	372
.PEN_UP
.PEN_DOWN
	500	391
	500	392
	500	393
	501	393
	501	392
	502	392
.PEN_UP
.PEN_DOWN
	509	385
	509	384
	509	383
	509	382
	509	381
	509	380
	509	379
	509	378
	509	377
	509	376
	509	374
	508	374
	508	373
	508	374
	508	375
	509	376
	510	377
	511	378
	511	379
	512	380
	513	381
	514	382
	515	383
	515	384
	516	385
	517	387
	518	387
	519	387
	520	387
	520	386
	520	385
	520	384
	520	383
	520	382
	520	381
	520	380
	520	379
	520	378
	520	377
	520	376
	520	375
	520	374
.PEN_UP
.PEN_DOWN
	533	391
	533	392
	534	392
	534	391
	534	390
	534	389
	534	388
	533	387
	533	385
	533	384
	533	382
	532	381
	532	380
	532	379
	531	378
	531	377
	531	376
	531	375
	531	374
	532	374
.PEN_UP
.PEN_DOWN
	544	389
	543	389
	542	388
	541	388
	540	388
	539	388
	538	387
	537	387
	536	387
	535	386
	533	386
	533	385
	532	385
	532	384
	533	384
	534	383
	535	383
	535	382
	536	381
	537	381
	537	380
	538	379
	539	378
	540	377
	540	376
	541	375
	542	375
	542	374
	543	374
	544	374
	544	373
	545	373
.PEN_UP
.PEN_DOWN
	562	401
	562	402
	562	401
	561	401
	561	400
	561	399
	560	397
	560	396
	560	395
	560	394
	559	393
	559	392
	559	391
	558	390
	558	389
	558	387
.PEN_UP
.PEN_DOWN
	555	372
	555	373
	555	374
	555	375
	556	375
.PEN_UP
