
.WRITER_ID BillRivard
.STYLE PRINTED
.PEN_DOWN
	81	398
	81	399
	80	399
	80	398
	80	397
	79	396
	79	394
	79	392
	79	391
	79	388
	79	387
	79	385
	79	384
	79	383
	80	381
	80	380
	80	379
	80	378
	80	377
	81	376
	81	375
	82	375
	82	374
	83	374
	84	374
	85	374
	86	374
.PEN_UP
.PEN_DOWN
	71	382
	72	382
	73	382
	74	382
	75	382
	76	382
	77	383
	79	383
	81	384
	82	384
	83	384
	84	384
	85	385
	86	385
.PEN_UP
.PEN_DOWN
	91	398
	92	398
	92	397
	92	395
	92	394
	93	393
	93	392
	94	391
	94	390
	94	388
	94	387
	95	385
	95	384
	95	383
	95	382
	95	380
	95	379
	95	378
	95	377
	95	376
	96	376
	97	377
	97	378
	98	379
	98	380
	99	381
	99	382
	100	383
	100	384
	101	385
	101	386
	102	387
	102	388
	102	387
	103	387
	103	386
	103	385
	103	384
	103	383
	104	382
	105	381
	105	380
	105	379
	105	378
	106	377
.PEN_UP
.PEN_DOWN
	118	386
	118	387
	117	388
	116	388
	115	387
	114	386
	113	385
	113	384
	112	383
	112	382
	112	381
	112	380
	112	379
	112	378
	113	377
	114	376
	115	376
	116	376
	117	377
	118	378
	118	379
	119	379
	119	380
	120	381
	120	382
	120	383
	120	384
	120	385
	120	384
	120	383
	120	382
	120	381
	120	380
	121	379
	121	378
	121	377
	121	376
	122	376
	122	375
.PEN_UP
.PEN_DOWN
	132	403
	132	404
	132	403
	132	402
	132	401
	132	400
	132	399
	132	397
	132	396
	132	394
	132	393
	132	391
	132	390
	132	388
	132	386
	132	384
	133	383
	133	382
	133	381
	133	380
	133	379
	133	378
	134	378
	134	377
	135	377
	136	377
.PEN_UP
.PEN_DOWN
	126	387
	127	387
	128	387
	128	388
	129	388
	130	388
	132	388
	133	388
	134	388
	135	388
	137	388
	138	389
	139	389
	140	389
.PEN_UP
.PEN_DOWN
	155	385
	155	384
	156	384
	156	383
	156	382
	156	381
	157	380
	157	379
	157	378
	158	378
	158	377
	159	376
	160	376
	161	376
	161	377
	162	377
	163	377
	163	378
	165	378
	166	380
	166	381
	167	382
	167	383
	167	384
	167	383
	167	382
	167	381
	167	380
	167	379
	168	378
	170	377
	171	377
	172	377
	173	377
	174	378
	175	379
	175	380
	176	381
	176	382
	177	383
	177	384
	177	385
	177	386
	177	387
	177	388
	177	389
	177	390
.PEN_UP
.PEN_DOWN
	188	386
	188	387
	187	387
	186	387
	185	387
	185	386
	184	385
	183	384
	183	383
	182	382
	182	381
	182	380
	182	379
	182	378
	182	377
	183	377
	184	377
	185	377
	185	378
	186	379
	187	380
	188	381
	188	382
	188	383
	188	385
	189	386
	189	385
	190	384
	190	383
	190	382
	190	381
	191	381
	191	380
	192	379
	192	378
	193	377
	193	376
.PEN_UP
.PEN_DOWN
	205	388
	204	388
	204	387
	202	387
	202	386
	202	385
	202	384
	202	383
	203	383
	203	382
	204	382
	205	381
	206	381
	206	380
	207	380
	207	379
	208	379
	208	378
	208	377
	207	377
	207	376
	206	376
	205	376
	204	375
	203	375
.PEN_UP
.PEN_DOWN
	232	390
	233	391
	233	390
	234	388
	234	386
	234	385
	235	384
	235	382
	235	380
	236	378
	236	377
	237	376
	237	375
	237	374
	238	373
	238	372
	239	373
	239	374
	239	375
	240	377
	240	378
	240	379
	241	380
	241	381
	242	382
	242	383
	243	384
	244	384
	245	384
	246	383
	247	382
	247	381
	248	380
	248	379
	248	378
	248	377
	247	376
	246	375
	245	375
	244	374
	243	373
	242	373
	241	372
	240	372
.PEN_UP
.PEN_DOWN
	260	378
	260	379
	261	379
	262	379
	262	380
	263	380
	263	381
	263	382
	263	383
	262	384
	261	384
	260	384
	259	384
	258	383
	257	382
	256	381
	256	380
	256	378
	256	377
	256	376
	257	375
	258	374
	259	374
	260	373
	261	373
	262	373
	264	372
	265	372
	266	372
	267	372
	268	372
.PEN_UP
.PEN_DOWN
	280	397
	279	397
	279	396
	279	395
	279	393
	279	392
	279	390
	279	389
	279	387
	280	386
	280	384
	280	382
	280	381
	281	380
	281	378
	281	377
	282	375
	282	374
	283	373
	283	372
	284	372
	284	373
.PEN_UP
.PEN_DOWN
	272	382
	273	382
	273	381
	274	381
	275	381
	276	381
	277	381
	278	381
	280	381
	281	381
	282	381
	283	381
.PEN_UP
.PEN_DOWN
	295	397
	295	396
	295	395
	295	394
	295	393
	295	392
	295	390
	295	389
	295	388
	295	387
	295	385
	295	384
	295	383
	295	381
	296	380
	296	379
	296	378
	296	377
	296	376
	296	375
	296	374
	297	374
.PEN_UP
.PEN_DOWN
	290	382
	291	381
	292	381
	293	381
	294	381
	295	381
	297	381
	298	381
	300	381
	301	381
.PEN_UP
.PEN_DOWN
	309	379
	310	379
	311	379
	312	379
	313	380
	314	380
	314	381
	315	381
	315	382
	315	383
	314	384
	314	385
	313	385
	312	385
	311	385
	310	384
	309	384
	309	382
	309	381
	309	380
	309	379
	309	378
	310	377
	310	376
	311	375
	311	374
	312	373
	313	372
	314	372
	315	372
	316	372
	317	372
.PEN_UP
.PEN_DOWN
	327	385
	328	384
	328	383
	328	382
	328	381
	328	380
	328	379
	329	378
	329	377
	329	376
	328	375
	328	374
	328	375
	328	376
	328	377
	328	378
	328	379
	329	380
	329	381
	330	382
	330	383
	331	384
	331	385
	332	385
	333	385
	334	385
	335	385
	335	384
	336	384
	336	383
	337	383
	337	382
.PEN_UP
.PEN_DOWN
	366	397
	366	398
	366	397
	366	396
	366	394
	366	391
	366	390
	366	388
	366	386
	366	384
	366	382
	367	381
	367	379
	367	377
	368	376
	368	375
	368	373
	368	372
	368	371
	369	371
.PEN_UP
.PEN_DOWN
	356	384
	357	384
	358	384
	359	384
	360	384
	362	384
	364	384
	365	384
	366	384
	367	384
	368	384
.PEN_UP
.PEN_DOWN
	380	400
	380	399
	380	398
	380	397
	381	396
	381	395
	381	394
	381	393
	382	391
	382	389
	382	387
	382	385
	382	384
	382	383
	382	381
	381	380
	381	379
	381	378
	381	377
	381	375
	382	375
	382	376
	383	376
	383	377
	384	379
	384	380
	385	381
	386	381
	386	382
	387	383
	388	384
	389	384
	389	383
	389	382
	390	381
	390	380
	391	380
	391	379
	392	378
	392	377
	392	376
	393	375
.PEN_UP
.PEN_DOWN
	404	385
	403	385
	402	385
	401	384
	400	382
	400	381
	400	380
	400	379
	400	378
	400	377
	401	376
	402	376
	403	376
	404	377
	405	378
	405	379
	406	380
	406	381
	407	381
	407	383
	407	384
	407	383
	407	382
	407	381
	407	380
	407	379
	407	378
	407	377
	407	376
	407	375
	407	374
.PEN_UP
.PEN_DOWN
	415	381
	415	380
	415	379
	416	378
	416	377
	416	376
	416	375
	416	374
	417	374
	418	374
	418	375
	419	376
	419	377
	419	378
	420	378
	420	379
	420	380
	421	380
	421	381
	422	382
	422	383
	423	382
	423	381
	424	380
	424	379
	425	377
	425	376
.PEN_UP
.PEN_DOWN
	460	385
	460	384
	460	383
	460	382
	460	381
	460	380
	461	379
	461	378
	461	377
	461	376
	462	376
	462	375
	462	374
	463	374
	464	374
	464	375
	465	376
	466	376
	466	377
	467	378
	467	379
	468	379
	468	380
	469	381
	469	382
	470	382
	470	383
	470	382
	470	381
	470	380
	470	379
	471	378
	471	377
	471	376
	471	375
	472	375
	473	376
	475	376
	475	377
	476	378
	477	379
	478	380
	479	381
	480	382
	481	383
	481	384
	482	385
	482	386
	483	386
	483	385
	483	384
	483	383
	483	382
	483	381
	483	380
	483	379
	483	378
	484	377
	484	376
.PEN_UP
.PEN_DOWN
	501	382
	501	383
	500	384
	500	385
	499	385
	498	385
	497	384
	496	384
	495	383
	495	382
	494	382
	494	381
	493	380
	493	379
	493	377
	493	376
	493	375
	493	374
	494	374
	495	374
	496	374
	497	375
	498	375
	499	376
	500	376
	500	377
	500	378
	501	378
	501	379
	502	380
	502	381
	503	381
	503	382
	503	381
	503	380
	503	379
	503	378
	503	377
.PEN_UP
.PEN_DOWN
	512	377
	511	376
	511	375
	510	375
	510	374
	510	373
	510	372
	510	371
	511	371
	512	371
	513	372
	514	372
	515	373
	515	374
	516	375
	516	376
	517	377
	517	378
	517	379
	518	379
	517	378
	517	376
	517	375
	517	373
	517	372
	517	370
	517	368
	517	367
	517	365
	517	363
	518	361
	518	358
	518	356
	518	354
	518	353
	518	352
	517	352
	517	353
	516	354
	516	355
	515	357
	515	358
.PEN_UP
.PEN_DOWN
	537	383
	537	382
	537	381
	537	380
	537	379
	537	378
	537	376
	536	376
	536	375
	536	373
	536	372
	536	371
	536	370
	536	369
	536	368
	537	368
.PEN_UP
.PEN_DOWN
	540	395
	540	394
	540	395
	540	394
.PEN_UP
.PEN_DOWN
	554	383
	553	383
	553	382
	552	382
	552	381
	551	381
	551	380
	550	379
	550	378
	550	377
	550	376
	550	375
	550	373
	550	372
	550	371
	551	370
	552	370
	552	369
	553	369
	554	369
	555	368
	556	368
	557	368
	560	368
.PEN_UP
.PEN_DOWN
	574	375
	574	376
	575	375
.PEN_UP
