
.WRITER_ID BillRivard
.STYLE PRINTED
.PEN_DOWN
	76	369
	76	370
	76	371
	77	371
	77	372
	77	373
	77	374
	77	375
	77	376
	77	378
	77	379
	78	379
	78	380
	78	381
	78	382
	78	383
	78	385
	79	385
	79	386
	79	387
	80	387
	80	388
	80	389
	81	390
	81	391
	82	391
	82	392
	83	392
	83	393
	84	393
	85	393
	86	393
	86	392
	87	392
	87	391
	88	390
	88	389
	89	389
	89	388
	89	387
	90	387
	90	385
	91	385
	91	384
	91	383
	91	382
	91	381
	91	380
	92	379
	92	378
	92	377
	92	376
	92	375
	92	374
	93	374
.PEN_UP
.PEN_DOWN
	80	381
	81	380
	82	380
	83	380
	84	380
	85	381
	86	381
	87	381
	88	381
	89	381
	90	381
	91	381
	92	381
.PEN_UP
.PEN_DOWN
	103	390
	103	391
	104	391
	104	392
	103	392
	103	391
	102	390
	102	389
	101	388
	101	387
	101	386
	101	385
	101	384
	100	382
	100	381
	100	380
	100	379
	100	378
	100	377
	101	376
	101	375
	102	375
	102	374
	102	373
	103	373
	104	372
.PEN_UP
.PEN_DOWN
	111	385
	111	384
	112	384
	112	383
	112	382
	112	381
	113	380
	113	379
	113	378
	113	377
	114	377
	114	376
	114	375
	114	374
	114	373
	114	374
	114	375
	113	375
	113	376
	113	377
	113	378
	114	379
	114	380
	114	381
	115	382
	115	383
	116	383
	116	384
	117	384
	118	384
	119	384
	120	384
	121	384
	121	383
.PEN_UP
.PEN_DOWN
	131	383
	131	382
	130	381
	130	380
	130	379
	130	378
	130	377
	130	376
	130	375
	131	375
	131	374
	132	374
	133	373
	134	373
.PEN_UP
.PEN_DOWN
	133	390
	133	391
.PEN_UP
.PEN_DOWN
	148	383
	147	383
	147	384
	146	384
	145	384
	144	384
	144	383
	143	383
	143	382
	142	382
	141	381
	141	380
	141	379
	141	378
	141	377
	141	376
	142	376
	142	375
	143	375
	144	375
	145	375
	146	376
	147	376
	148	377
	148	378
	149	379
	149	380
	149	381
	149	382
	150	383
	150	382
	150	381
	150	380
	150	379
	150	378
	150	377
	150	376
	150	375
	151	374
	151	372
	151	371
	151	370
	151	369
	152	367
	152	366
	153	365
	153	364
	153	363
	153	362
	153	361
	152	360
	152	359
.PEN_UP
.PEN_DOWN
	158	398
	158	397
	158	396
	159	395
	159	394
	159	393
	159	392
	159	391
	159	389
	159	388
	159	387
	159	386
	159	385
	159	384
	159	382
	160	381
	160	380
	160	379
	160	378
	160	376
	160	375
	160	374
	160	373
	161	373
	162	374
	162	375
	163	375
	163	376
	164	377
	164	378
	165	380
	165	381
	166	382
	166	383
	166	384
	167	384
	167	385
	168	385
	169	385
	169	384
	170	384
	170	383
	170	382
	171	381
	171	380
	171	379
	171	378
	171	377
	171	376
	172	376
	172	375
	172	374
.PEN_UP
.PEN_DOWN
	179	396
	180	396
	180	397
	180	396
	180	394
	179	394
	179	392
	179	391
	179	390
	179	388
	179	387
	179	385
	179	384
	179	383
	179	382
	179	379
	179	378
	179	377
	180	376
	180	375
	180	374
	181	373
	182	373
	183	373
.PEN_UP
.PEN_DOWN
	171	388
	172	387
	173	387
	174	387
	176	387
	177	387
	178	387
	179	387
	180	387
	181	387
	183	387
	184	387
	185	387
.PEN_UP
.PEN_DOWN
	197	397
	197	398
	198	399
	199	399
	200	399
	201	399
	202	399
	204	398
	205	398
	206	398
	206	397
	207	397
	208	396
	209	396
	210	395
	210	394
	210	393
	210	392
	209	391
	208	391
	208	390
	207	389
	206	389
	206	388
	205	388
	205	387
	205	386
	205	385
.PEN_UP
.PEN_DOWN
	207	373
	207	374
	207	375
	208	376
	209	376
	210	376
.PEN_UP
.PEN_DOWN
	226	400
	227	400
	227	399
	226	398
	226	397
	226	396
.PEN_UP
.PEN_DOWN
	230	400
	230	399
	230	398
	230	397
	230	396
	230	395
	230	394
.PEN_UP
.PEN_DOWN
	254	399
	254	398
	254	397
	254	396
.PEN_UP
.PEN_DOWN
	258	398
	258	397
	259	397
	259	396
.PEN_UP
.PEN_DOWN
	268	372
	268	373
	268	374
	268	375
	268	376
	268	377
	268	378
	268	379
	268	380
	268	381
	269	382
	269	384
	269	385
	270	388
	270	389
	270	390
	270	391
	271	392
	271	393
	272	394
	272	395
	273	395
	273	396
	274	396
	275	396
	276	396
	277	396
	278	395
	278	394
	279	394
	279	393
	279	392
	279	391
	280	390
	280	388
	280	387
	281	386
	281	385
	281	384
	281	383
	281	382
	281	381
	281	380
	281	379
	281	378
	281	377
	281	376
	281	375
	281	374
	281	373
	282	373
.PEN_UP
.PEN_DOWN
	272	384
	272	383
	273	383
	274	383
	275	383
	277	382
	278	382
	279	382
	280	382
	281	382
.PEN_UP
.PEN_DOWN
	292	399
	291	398
	291	397
	291	396
	291	395
	291	394
	291	392
	291	391
	290	390
	290	389
	290	388
	290	387
	290	386
	290	385
	289	384
	289	383
	289	382
	289	381
	289	380
	290	379
	290	378
	290	377
	291	377
	292	376
.PEN_UP
.PEN_DOWN
	303	385
	304	385
	304	384
	304	383
	305	383
	305	382
	305	381
	305	380
	305	379
	305	378
	305	377
	305	376
	304	376
	304	377
	304	378
	304	379
	304	380
	305	381
	305	382
	305	383
	306	384
	306	385
	307	385
	307	386
	308	386
	309	387
	310	387
	311	387
	311	386
	312	386
	312	385
.PEN_UP
.PEN_DOWN
	320	383
	320	382
	320	381
	320	380
	320	379
	320	378
	320	377
	320	376
	320	375
	320	374
	320	373
	321	373
.PEN_UP
.PEN_DOWN
	321	393
	322	393
	323	393
	323	394
	324	394
	324	393
	325	393
.PEN_UP
.PEN_DOWN
	338	386
	337	386
	336	386
	335	386
	335	385
	334	385
	334	384
	332	383
	332	382
	331	381
	331	379
	331	378
	332	378
	332	377
	333	376
	334	376
	335	377
	335	378
	336	378
	336	379
	337	380
	337	381
	337	382
	337	383
	338	383
	338	384
	338	385
	338	384
	338	383
	338	382
	338	381
	338	380
	338	377
	338	376
	338	374
	338	373
	338	372
	339	370
	339	369
	339	367
	340	367
	340	365
	340	364
	340	363
	339	361
	339	360
	338	359
	338	358
	337	357
	337	356
	336	356
	335	357
	334	357
	334	358
.PEN_UP
.PEN_DOWN
	348	400
	348	401
	348	400
	348	399
	347	399
	347	398
	347	397
	347	396
	347	394
	347	391
	347	389
	347	387
	347	386
	347	384
	347	382
	347	381
	347	380
	347	378
	347	377
	347	376
	347	375
	347	373
	347	372
	347	371
	348	372
	349	373
	350	374
	351	375
	351	376
	352	377
	353	378
	353	379
	354	380
	354	381
	355	381
	355	383
	356	383
	356	382
	356	381
	357	380
	357	379
	357	378
	358	377
	358	376
	358	375
.PEN_UP
.PEN_DOWN
	372	402
	372	403
	371	402
	371	401
	370	400
	370	399
	369	398
	369	396
	369	395
	369	394
	369	390
	369	389
	369	387
	368	386
	368	384
	368	383
	368	381
	368	380
	369	379
	369	378
	369	377
	369	376
	370	376
	370	375
	371	375
.PEN_UP
.PEN_DOWN
	359	392
	360	392
	360	391
	361	390
	362	390
	363	390
	364	390
	365	390
	366	390
	367	390
	368	389
	369	389
	371	389
	372	389
.PEN_UP
.PEN_DOWN
	381	376
	381	377
	381	378
	382	378
	383	379
	384	379
	385	379
.PEN_UP
.PEN_DOWN
	410	398
	410	397
	410	396
	410	395
	410	394
	410	393
	410	392
	410	391
	411	390
	411	389
	412	388
	413	388
	413	387
	414	387
	416	387
	417	387
	418	387
	419	387
	420	388
	421	389
	422	390
	423	390
	424	391
	425	392
	426	393
	427	395
	427	396
	427	397
	427	398
	427	399
	427	400
.PEN_UP
.PEN_DOWN
	418	387
	418	386
	418	385
	418	384
	418	382
	418	381
	418	380
	418	379
	418	378
	418	377
	418	376
	418	375
	418	374
	418	373
.PEN_UP
.PEN_DOWN
	431	379
	432	379
	432	380
	433	380
	434	380
	434	381
	435	381
	435	382
	435	383
	435	384
	435	385
	435	386
	434	386
	433	386
	432	386
	432	385
	431	385
	430	384
	429	383
	428	382
	428	381
	428	380
	428	379
	428	378
	429	377
	430	377
	431	376
	432	376
	432	375
	434	375
	435	375
	436	375
	437	375
	438	375
	439	375
	440	375
	441	375
	442	375
.PEN_UP
.PEN_DOWN
	450	383
	450	384
	449	385
	448	385
	447	385
	446	384
	445	384
	445	383
	444	382
	444	381
	444	380
	444	379
	444	378
	444	377
	445	376
	446	376
	447	376
	448	377
	449	378
	450	380
	450	381
	451	382
	451	383
	452	384
	452	385
	452	384
	452	383
	452	382
	453	382
	453	381
	453	380
	454	378
	455	377
	455	376
	456	376
.PEN_UP
.PEN_DOWN
	464	404
	464	403
	464	402
	464	401
	464	400
	464	399
	464	398
	464	397
	464	395
	464	392
	464	391
	464	389
	464	388
	464	386
	464	385
	464	383
	464	382
	465	381
	465	380
	465	379
	465	378
	465	376
	466	376
	466	377
	467	377
	468	379
	469	380
	469	381
	470	382
	470	383
	471	384
	472	385
	472	386
	473	386
	473	385
	474	385
	474	384
	474	383
	474	382
	474	381
	475	379
	475	378
	475	377
	475	376
	475	375
	476	374
	476	373
	477	373
.PEN_UP
.PEN_DOWN
	487	375
	488	375
	488	374
	488	373
	487	372
	486	371
	486	370
	485	369
	484	369
	484	368
.PEN_UP
.PEN_DOWN
	513	381
	513	382
	513	383
	513	384
	512	384
	511	384
	510	384
	509	384
	508	383
	507	383
	507	382
	507	381
	507	380
	508	379
	509	378
	510	378
	510	377
	511	377
	511	376
	512	376
	512	375
	512	374
	512	373
	512	372
	511	372
	511	371
	510	371
	509	371
	509	370
	508	370
	507	370
.PEN_UP
.PEN_DOWN
	520	379
	519	379
	519	378
	518	378
	518	377
	518	376
	518	375
	518	374
	518	373
	518	372
	519	372
	520	372
	521	372
	521	373
	522	373
	522	374
	523	375
	523	376
	524	376
	524	377
	524	378
	525	378
	525	379
	525	380
	526	380
	526	379
	527	378
	527	377
	527	376
	528	376
	528	375
	528	374
	529	373
	529	372
	530	371
	531	370
	532	370
	533	371
.PEN_UP
.PEN_DOWN
	538	381
	539	381
	539	380
	539	379
	540	379
	540	378
	540	377
	540	376
	540	375
	541	375
	541	374
	541	373
	541	372
	541	371
	541	372
	540	372
	540	373
	540	374
	540	375
	540	376
	540	377
	541	378
	541	379
	542	380
	542	381
	543	381
	543	382
	544	382
	545	382
	546	383
	547	383
	548	382
	549	382
	550	382
	551	381
	552	381
.PEN_UP
.PEN_DOWN
	558	379
	559	379
	560	379
	561	379
	562	379
	563	379
	564	379
	564	380
	565	380
	565	381
	565	382
	565	383
	565	384
	564	385
	563	385
	562	384
	561	384
	560	383
	559	383
	559	382
	558	382
	558	381
	557	381
	557	380
	557	379
	557	378
	557	377
	557	376
	557	375
	557	374
	557	373
	558	373
	559	373
	559	372
	560	372
	561	372
	561	371
	563	371
	566	371
	567	370
	568	370
	569	370
.PEN_UP
.PEN_DOWN
	578	372
	578	371
	578	370
	578	369
	578	368
	578	367
	577	367
.PEN_UP
.PEN_DOWN
	595	393
	595	392
	594	392
	594	391
.PEN_UP
.PEN_DOWN
	600	391
	599	391
	599	390
	599	389
.PEN_UP
.PEN_DOWN
	621	374
	622	374
	622	375
	623	375
	623	376
	623	377
	624	377
	624	378
	625	379
	625	381
	626	381
	626	382
	626	383
	627	384
	627	385
	628	385
	628	386
	628	387
	629	387
	629	388
	630	388
	630	389
	631	389
	632	389
	633	389
	634	389
	635	389
	635	388
	637	388
	637	387
	638	386
	639	385
	639	384
	639	383
	639	382
	638	381
	637	380
	636	380
	635	379
	634	378
	633	378
	632	377
	631	377
	630	377
	629	377
	628	377
	627	377
	627	378
.PEN_UP
.PEN_DOWN
	650	383
	650	384
	649	384
	649	385
	648	385
	647	385
	646	385
	645	384
	644	383
	644	382
	643	382
	643	380
	643	379
	643	378
	643	377
	644	377
	644	376
	645	376
	646	376
	647	376
	647	377
	648	377
	649	378
	650	379
	650	380
	651	381
	651	382
	652	383
	652	384
	652	385
	652	384
	652	383
	652	382
	653	381
	653	380
	654	379
	654	378
	655	378
	655	377
	655	376
	656	375
.PEN_UP
.PEN_DOWN
	668	387
	668	386
	668	385
	668	384
	668	383
	668	382
	667	381
	667	380
	667	379
	667	378
	667	377
	668	376
	668	375
	669	375
	669	374
	670	374
.PEN_UP
.PEN_DOWN
	667	395
	667	396
	668	396
	668	397
.PEN_UP
.PEN_DOWN
	685	397
	685	396
	685	395
	686	394
	686	393
	686	392
	686	390
	686	389
	686	388
	686	387
	686	386
	685	385
	685	384
	685	383
	685	382
	685	381
	685	380
	685	379
	685	377
	685	376
	686	376
	686	377
	687	378
	687	379
	687	380
	686	381
	686	382
	685	383
	684	383
	683	384
	682	384
	681	384
	680	384
	679	384
	678	383
	677	382
	677	381
	677	380
	677	379
	678	378
	678	377
	679	376
	680	376
	681	375
	682	375
	683	375
	684	375
	686	375
	687	375
	688	375
.PEN_UP
