
.WRITER_ID BillRivard
.STYLE PRINTED
.PEN_DOWN
	83	396
	83	397
	83	396
	83	395
	83	394
	83	393
	82	392
	82	391
	82	389
	82	388
	82	387
	81	386
	81	385
	81	383
	81	382
	81	381
	81	380
	81	379
	81	378
	81	376
	82	375
	82	374
	83	374
	83	373
	84	373
.PEN_UP
.PEN_DOWN
	72	387
	73	387
	74	387
	75	387
	76	387
	77	387
	78	387
	79	387
	80	387
	81	387
	82	387
	83	387
	84	387
	86	387
	87	387
	88	387
	89	387
.PEN_UP
.PEN_DOWN
	94	383
	94	384
	93	384
	92	383
	91	383
	91	382
	90	382
	89	381
	89	380
	89	379
	88	378
	88	377
	88	376
	88	375
	88	374
	89	373
	90	373
	91	373
	92	373
	93	373
	94	374
	95	374
	95	375
	96	375
	96	376
	97	376
	97	377
	97	378
	97	379
	97	380
	97	381
	97	382
	97	383
	96	384
.PEN_UP
.PEN_DOWN
	106	385
	106	386
	105	386
	104	385
	103	385
	103	384
	102	384
	102	383
	101	382
	101	381
	101	380
	101	378
	102	378
	103	377
	104	376
	105	376
	106	376
	107	376
	108	376
	109	377
	110	378
	110	379
	110	380
	110	381
	109	382
	108	382
.PEN_UP
.PEN_DOWN
	116	392
	116	391
	116	390
	116	389
	117	389
	117	388
	117	387
	117	386
	117	385
	117	384
	117	382
	117	381
	117	380
	117	379
	117	378
	117	377
	117	376
	117	375
.PEN_UP
.PEN_DOWN
	127	388
	127	387
	126	387
	125	387
	125	386
	124	386
	123	386
	123	385
	122	385
	121	385
	120	384
	119	384
	119	383
	118	383
	118	382
	118	381
	119	381
	120	380
	121	380
	121	379
	122	379
	123	378
	124	378
	125	377
	126	376
	127	376
	127	375
.PEN_UP
.PEN_DOWN
	155	381
	154	381
	154	382
	153	382
	152	382
	151	382
	150	382
	150	381
	149	381
	148	380
	148	379
	147	378
	147	377
	147	376
	148	376
	148	375
	149	375
	150	374
	151	374
	152	374
	153	374
	154	375
	155	375
	155	376
	156	376
	156	377
	156	378
	156	380
	156	379
	156	378
	157	377
	157	376
	158	375
	158	374
	159	373
	160	372
	160	371
.PEN_UP
.PEN_DOWN
	170	395
	170	394
	170	393
	170	392
	170	391
	170	390
	170	389
	170	387
	170	386
	170	383
	170	382
	170	381
	170	380
	170	379
	170	378
	170	377
	170	376
	170	375
	170	374
	170	373
.PEN_UP
.PEN_DOWN
	178	394
	177	393
	177	392
	177	391
	177	390
	176	390
	176	389
	176	388
	176	386
	176	385
	175	383
	175	381
	175	380
	175	379
	175	378
	175	377
	175	376
	175	375
	175	374
	176	373
	176	372
	176	371
.PEN_UP
.PEN_DOWN
	207	391
	208	392
	208	393
	207	392
	207	391
	207	390
	206	389
	206	388
	205	386
	205	385
	205	383
	204	381
	204	378
	204	377
	204	376
	204	375
	204	374
	205	373
	205	372
	205	371
	206	371
	206	370
	207	370
.PEN_UP
.PEN_DOWN
	197	385
	198	384
	199	384
	200	384
	201	383
	202	383
	204	383
	205	383
	206	383
	208	383
	209	383
	210	383
	211	383
	212	383
.PEN_UP
.PEN_DOWN
	221	398
	221	397
	221	396
	221	394
	221	393
	221	391
	221	390
	221	389
	221	387
	221	386
	221	385
	221	383
	221	382
	221	381
	221	379
	221	378
	221	377
	222	378
	223	379
	224	380
	225	381
	226	382
	227	383
	228	383
	228	384
	229	385
	229	386
	230	386
	230	387
	230	386
	231	386
	231	385
	231	384
	232	383
	232	382
	232	381
	232	380
	232	379
	233	379
	233	378
	233	377
	233	376
	233	375
.PEN_UP
.PEN_DOWN
	243	385
	242	385
	242	384
	241	383
	241	382
	241	381
	241	380
	241	379
	241	378
	241	377
	242	376
	243	376
	243	375
	244	375
	244	376
	245	376
	245	377
	246	378
	246	379
	246	380
	246	381
	245	382
	245	383
	245	384
.PEN_UP
.PEN_DOWN
	253	386
	253	385
	252	385
	252	384
	252	383
	253	383
	253	382
	254	382
	255	381
	256	381
	256	380
	256	379
	257	379
	257	378
	257	377
	257	376
	256	376
	255	376
	254	376
	254	375
	253	375
.PEN_UP
.PEN_DOWN
	264	380
	265	380
	266	380
	267	380
	268	381
	269	381
	270	382
	270	383
	271	384
	271	385
	270	386
	270	387
	269	387
	268	387
	267	387
	266	387
	265	387
	265	386
	264	385
	264	384
	264	383
	264	382
	264	381
	264	379
	265	379
	266	378
	267	377
	268	377
	269	376
	270	376
	272	376
	273	376
	274	376
.PEN_UP
.PEN_DOWN
	313	377
	313	376
	313	375
	313	374
	314	373
	314	371
	314	370
	314	369
	314	368
	314	367
	314	366
	314	365
	314	364
	314	363
	313	362
	313	361
	313	362
	313	363
	313	364
	313	365
	313	367
	313	368
	313	369
	313	370
	314	372
	314	373
	315	375
	316	376
	317	378
	318	379
	318	380
	320	382
	320	383
	321	383
	322	383
	323	383
	324	383
	324	382
	325	381
	326	380
	326	379
	326	378
	325	377
	325	376
	324	376
	323	376
	322	375
	320	375
	319	374
	318	374
	317	373
.PEN_UP
.PEN_DOWN
	338	383
	338	382
	338	381
	337	381
	337	380
	337	379
	337	378
	337	377
	337	376
	336	375
	336	374
	336	373
	336	372
	336	371
.PEN_UP
.PEN_DOWN
	340	390
	340	391
	340	392
	340	393
	340	394
	340	393
.PEN_UP
.PEN_DOWN
	351	381
	350	382
	349	382
	348	381
	347	381
	346	380
	345	379
	345	378
	345	377
	345	376
	345	375
	345	374
	346	373
	347	372
	348	372
	349	371
	350	371
	351	371
	352	372
	353	372
.PEN_UP
.PEN_DOWN
	369	392
	369	391
	368	391
	368	390
	368	389
	367	388
	367	387
	367	385
	366	384
	366	383
	366	382
	366	381
	366	380
	366	378
	366	376
	365	375
	365	374
	365	373
.PEN_UP
.PEN_DOWN
	357	384
	357	383
	358	383
	359	383
	360	382
	363	382
	364	382
	365	381
	366	381
	368	381
	369	381
.PEN_UP
.PEN_DOWN
	375	386
	375	385
	375	384
	375	383
	375	382
	375	381
	375	380
	375	379
	375	378
	375	377
	375	376
	375	375
	376	375
	376	374
	377	374
	378	375
	379	375
	380	376
	381	376
	381	377
	382	377
	382	378
	383	379
	383	380
	384	381
	384	382
	385	382
	384	382
	384	381
	384	380
	384	379
	384	378
	384	377
	385	376
	385	375
	385	374
.PEN_UP
.PEN_DOWN
	393	386
	393	385
	393	383
	393	382
	393	381
	393	380
	393	379
	393	378
	393	377
	393	376
	393	375
	393	374
	393	375
	393	376
	392	376
	392	378
	392	379
	392	380
	392	381
	393	382
	393	383
	394	384
	395	385
	396	386
	397	387
	398	388
	399	389
	400	389
	401	389
	402	389
	403	389
.PEN_UP
.PEN_DOWN
	411	382
	412	382
	413	382
	413	383
	414	383
	414	384
	415	384
	415	385
	415	386
	415	387
	415	388
	415	389
	415	390
	414	390
	413	390
	412	390
	411	390
	411	389
	410	389
	410	388
	409	387
	409	386
	408	385
	408	384
	408	383
	408	382
	408	380
	408	379
	408	378
	408	377
	408	376
	409	376
	409	375
	410	374
	411	373
	412	373
	413	373
.PEN_UP
.PEN_DOWN
	428	388
	427	388
	427	389
	426	389
	425	389
	424	389
	423	389
	422	388
	422	387
	422	386
	422	385
	423	384
	424	383
	425	382
	425	381
	426	381
	426	380
	427	379
	427	378
	427	377
	427	376
	425	376
	424	376
	423	376
	422	376
	421	376
	421	375
	420	375
.PEN_UP
.PEN_DOWN
	460	379
	459	380
	459	381
	458	381
	457	382
	456	382
	455	381
	455	380
	455	379
	455	378
	455	377
	455	376
	456	374
	457	374
	457	373
	458	373
	459	373
	460	373
	461	374
	462	375
	462	376
	463	377
	463	378
.PEN_UP
.PEN_DOWN
	478	391
	478	392
	478	393
	477	393
	477	394
	476	394
	475	393
	474	393
	474	392
	473	391
	473	390
	473	389
	473	388
	472	387
	472	385
	472	384
	472	381
	471	380
	471	378
	471	377
	471	376
	471	375
	471	374
	471	373
	471	372
	471	371
	471	370
.PEN_UP
.PEN_DOWN
	464	380
	465	380
	465	379
	466	379
	469	378
	470	378
	471	378
	472	378
	473	378
	474	377
	475	377
	476	377
	478	377
.PEN_UP
