
.WRITER_ID BobStrong
.STYLE PRINTED
.PEN_DOWN
	120	381
	120	382
	119	382
	118	381
	117	381
	116	380
	115	379
	115	378
	114	376
	113	375
	113	374
	113	373
	113	372
	113	371
	113	370
	114	370
	115	369
	117	369
	120	369
	122	370
	123	370
	125	371
	126	372
	128	373
	129	374
	129	375
	129	376
	129	377
	129	378
	129	381
	128	382
	127	383
	126	384
	125	384
	123	384
	122	384
	120	384
	119	384
	117	384
	115	383
	114	382
	114	381
	114	380
	114	379
.PEN_UP
.PEN_DOWN
	145	383
	144	383
	143	383
	143	382
	142	382
	142	381
	141	380
	140	378
	140	377
	140	376
	140	375
	140	374
	140	373
	140	372
	141	371
	141	370
.PEN_UP
.PEN_DOWN
	141	385
	142	385
	143	385
	144	386
	145	387
	147	388
	148	388
	149	388
	150	389
	151	389
	152	389
	153	389
	154	389
.PEN_UP
.PEN_DOWN
	138	379
	139	379
	140	379
	141	379
	142	380
	143	380
	145	380
	146	380
	147	380
	148	380
	149	380
	150	380
	151	379
.PEN_UP
.PEN_DOWN
	197	386
	198	386
	198	387
	198	386
	197	386
	196	385
	195	384
	195	383
	194	382
	194	381
	193	380
	193	379
	193	378
	193	377
	192	376
	192	375
	192	374
	191	374
	190	372
	190	371
	190	370
	189	370
	189	369
	189	368
	190	368
.PEN_UP
.PEN_DOWN
	196	388
	197	388
	198	388
	199	389
	200	389
	201	390
	202	390
	203	390
	204	390
	205	390
	206	390
	207	390
	207	389
	208	388
	208	387
	207	387
	207	386
	207	385
	207	384
	206	383
	206	382
	206	381
	205	380
	205	379
	204	379
	203	379
	202	378
	201	378
	200	378
	199	378
	198	379
	197	379
	196	379
	195	379
	194	380
.PEN_UP
.PEN_DOWN
	223	387
	224	387
	224	386
	223	386
	223	385
	222	383
	222	382
	222	380
	221	379
	221	378
	220	377
	220	376
	219	375
	219	374
	219	373
	219	372
	219	371
.PEN_UP
.PEN_DOWN
	237	382
	237	381
	237	380
	236	380
	236	379
	236	378
	235	377
	235	376
	234	375
	234	374
	234	373
	233	372
	233	371
	233	370
	234	371
	235	372
	235	373
	235	374
	235	375
	236	375
	236	376
	237	377
	237	378
	238	379
	238	380
	238	381
	239	382
	239	383
	239	384
	240	384
	240	383
	240	382
	241	381
	241	380
	242	379
	242	378
	243	378
	243	377
	244	376
	244	375
	245	375
	245	374
	246	374
	246	373
	247	372
	248	372
	249	372
	249	373
	250	373
	250	374
	251	376
	251	377
	251	378
	251	379
	251	380
	252	381
	252	382
	252	384
	252	385
	253	386
	253	387
	254	388
.PEN_UP
.PEN_DOWN
	262	382
	262	381
	261	379
	261	378
	260	377
	260	376
	260	375
	261	374
	261	373
	261	372
	261	370
	262	370
	262	369
.PEN_UP
.PEN_DOWN
	264	384
	265	385
	266	386
	267	386
	268	387
	269	387
	271	387
	272	387
	273	387
	274	387
	275	386
.PEN_UP
.PEN_DOWN
	264	379
	265	379
	265	378
	266	378
	267	378
	268	378
.PEN_UP
.PEN_DOWN
	260	372
	261	372
	262	372
	263	372
	265	371
	266	371
	268	371
	269	371
	271	370
	272	370
	273	370
	274	370
	275	370
	277	370
.PEN_UP
.PEN_DOWN
	312	386
	312	387
	312	386
	311	385
	311	384
	311	383
	310	382
	310	381
	309	379
	309	378
	309	377
	309	376
	309	375
	310	375
	311	375
	312	375
	312	376
	313	376
	314	376
	314	377
	315	377
	316	378
	316	379
	317	379
	317	381
	318	382
	318	383
	318	382
	318	380
	319	379
	319	378
	320	378
	320	377
	321	377
	322	376
	323	376
	324	376
	325	376
	326	376
	326	377
	327	377
	327	378
	327	379
	327	381
	327	382
	327	383
	327	384
	327	386
	327	387
	327	388
.PEN_UP
.PEN_DOWN
	342	384
	343	384
	343	383
	343	382
	342	382
	342	381
	342	380
	341	379
	340	378
	339	375
	338	374
	338	373
	338	372
	337	371
	337	370
	338	371
	339	371
	339	372
	340	373
	341	374
	342	375
	342	376
	342	377
	343	378
	345	380
	345	382
	346	383
	347	385
	347	386
	348	387
	348	388
	349	388
	349	389
	350	389
	351	389
	351	388
	352	388
	352	387
	352	386
	352	385
	352	384
	352	382
	352	381
	352	380
	352	378
	352	377
	352	376
	352	375
	352	374
	352	373
	353	372
	353	371
.PEN_UP
.PEN_DOWN
	342	379
	343	379
	344	379
	345	380
	346	380
	347	381
	348	381
	349	381
	351	380
	352	380
	353	380
	354	380
	355	379
.PEN_UP
.PEN_DOWN
	367	389
	368	388
	369	388
	369	387
	370	386
	370	385
	371	383
	371	382
	372	381
	373	380
	373	379
	374	378
	375	377
	376	376
	376	375
	377	374
	377	373
	377	372
	378	371
	379	371
.PEN_UP
.PEN_DOWN
	381	389
	380	388
	379	388
	377	387
	376	386
	375	385
	374	384
	373	384
	371	382
	370	381
	369	380
	368	379
	367	378
	367	377
	365	376
	364	374
	363	374
.PEN_UP
.PEN_DOWN
	421	390
	421	389
	420	388
	420	387
	419	386
	419	385
	418	383
	418	382
	417	380
	416	377
	416	375
	416	374
	415	373
	415	372
	415	371
	416	370
.PEN_UP
.PEN_DOWN
	412	389
	413	389
	413	390
	414	390
	415	390
	416	391
	417	391
	418	391
	419	391
	420	391
	421	391
	423	390
	424	390
	425	390
	426	390
.PEN_UP
.PEN_DOWN
	435	380
	435	379
	434	379
	434	378
	433	378
	432	378
	432	377
	431	377
	431	376
	430	375
	430	373
	431	372
	431	371
	432	371
	433	371
	435	371
	436	371
	438	371
	439	371
	441	372
	444	372
	444	373
	445	374
	446	375
	446	376
	446	378
	446	379
	445	380
	444	381
	444	383
	443	384
	441	385
	439	385
	438	385
	437	385
	436	385
	435	384
	434	384
	433	383
.PEN_UP
.PEN_DOWN
	495	379
	494	379
	493	379
	492	379
	491	379
	490	379
	489	378
	487	376
	486	375
	486	374
	486	373
	486	372
	486	371
	486	370
	487	369
	488	369
	489	369
	492	369
	493	369
	494	369
	496	369
	497	370
	498	370
	498	371
	498	372
	498	373
	498	374
	498	375
	497	378
	496	379
	495	380
	494	381
	493	381
	493	382
	492	382
	491	382
	490	382
.PEN_UP
.PEN_DOWN
	511	380
	511	379
	510	379
	508	379
	507	378
	506	377
	505	377
	505	376
	504	375
	504	374
	504	373
	504	372
	505	370
	506	369
	507	369
	508	368
	509	368
	511	368
	512	368
	513	368
	514	368
	515	369
	516	369
	517	370
	518	371
	518	372
	518	373
	518	375
	517	375
	517	377
	516	378
	515	378
	514	379
	513	379
	511	379
	510	379
	509	379
.PEN_UP
.PEN_DOWN
	528	384
	529	384
	530	384
	531	384
	532	384
	533	384
	534	384
	535	384
	537	383
	538	383
	539	383
	540	383
	540	382
	540	381
	539	380
	538	380
	537	379
	537	378
	535	377
	534	376
	533	375
	532	374
	531	373
	530	372
	529	372
	529	371
	529	370
	530	370
	530	369
	531	369
	532	369
	533	369
	534	370
	535	370
	536	370
	538	370
	539	370
	540	370
	541	370
	542	370
.PEN_UP
.PEN_DOWN
	561	385
	561	384
	560	383
	560	382
	559	381
	559	380
	559	379
	559	378
	558	377
	558	376
	558	375
	558	374
	558	373
	558	372
.PEN_UP
.PEN_DOWN
	562	385
	563	385
	564	385
	565	386
	566	387
	567	387
	568	388
	569	388
	571	388
	572	388
	573	388
	574	388
.PEN_UP
.PEN_DOWN
	560	379
	560	378
	561	378
	562	378
	563	378
	564	378
	565	378
	566	378
	567	378
	568	378
	569	377
	570	377
.PEN_UP
.PEN_DOWN
	551	370
	552	370
	553	370
	555	370
	556	370
	558	370
	560	369
	562	369
	564	369
	565	368
	566	368
	567	368
	568	368
	569	368
	570	367
.PEN_UP
