
.WRITER_ID PaulArnao
.STYLE PRINTED
.PEN_DOWN
	71	391
	71	392
	71	393
	70	393
	70	392
	70	391
	69	390
	69	387
	69	386
	69	384
	69	383
	69	382
	70	380
	71	379
	71	378
	72	377
	72	376
	73	376
	74	376
	75	376
	76	376
	77	377
	78	377
	79	378
	80	379
	80	380
	81	382
	82	383
	82	385
	82	386
	82	389
	81	390
	81	389
	80	388
	80	386
	80	384
	81	382
	82	380
	83	379
	84	378
	85	377
	86	376
	87	376
	89	376
	90	376
	91	376
	92	376
	93	377
	94	378
	94	380
	94	381
	94	382
	93	384
	93	385
	92	387
	92	389
	91	390
	91	391
	90	392
	90	393
	91	392
	92	391
	93	391
.PEN_UP
.PEN_DOWN
	109	393
	109	394
	108	394
	108	395
	108	394
	108	393
	108	392
	107	391
	107	390
	107	389
	107	387
	107	386
	107	384
	107	383
	107	382
	107	381
	107	380
	107	378
	107	377
	107	376
	108	376
	109	376
	110	376
.PEN_UP
.PEN_DOWN
	127	393
	128	392
	128	391
	128	390
	128	389
	128	387
	128	386
	128	385
	128	383
	128	382
	128	381
	128	380
	128	379
	128	378
	129	378
.PEN_UP
.PEN_DOWN
	120	396
	120	397
	120	398
	121	398
	122	398
	124	398
	125	398
	126	398
	128	398
	129	398
	130	398
	131	398
	133	398
	134	398
	135	398
	136	398
	137	398
	138	398
	139	398
	140	398
	140	397
.PEN_UP
.PEN_DOWN
	148	401
	148	400
	148	399
	148	398
	148	397
	148	396
	148	394
	148	393
	148	392
	148	390
	149	388
	149	387
	149	385
	149	383
	149	382
.PEN_UP
.PEN_DOWN
	148	391
	148	392
	149	392
	150	392
	153	392
	154	392
	156	392
	157	392
.PEN_UP
.PEN_DOWN
	158	405
	158	404
	158	402
	158	401
	158	399
	158	398
	158	396
	158	393
	158	392
	158	389
	158	386
	158	384
	158	383
	158	382
	158	381
.PEN_UP
.PEN_DOWN
	189	394
	189	393
	189	392
	188	391
	187	389
	187	387
	187	386
	186	384
	186	383
	186	381
	186	380
	186	379
	186	377
	186	376
	186	375
	186	376
	187	377
	187	379
	187	380
	187	382
	187	384
	188	387
	188	390
	188	392
	188	394
	188	396
	189	398
	189	399
	189	401
	190	402
	190	403
	190	404
	191	404
	192	404
	193	404
	194	403
	194	402
	195	401
	195	400
	196	398
	196	395
	197	393
	197	391
	198	389
	198	387
	198	385
	199	384
	199	382
	199	380
	200	379
	200	378
	201	377
.PEN_UP
.PEN_DOWN
	190	386
	189	386
	189	387
	189	388
	190	388
	192	388
	193	388
	195	387
	198	387
	199	387
	202	387
	204	386
.PEN_UP
.PEN_DOWN
	232	405
	232	406
	231	406
	230	407
	230	408
	229	408
	228	408
	227	409
	226	409
	225	409
	224	408
	222	406
	222	405
	221	403
	220	401
	220	399
	220	397
	220	395
	221	393
	222	391
	223	389
	224	388
	228	385
	230	384
	232	384
	234	384
	236	384
	237	385
	238	385
	240	387
	241	388
	241	389
	241	391
	241	393
	240	397
	239	399
	238	401
	237	403
	236	405
	234	406
	233	407
	232	407
	231	408
.PEN_UP
.PEN_DOWN
	234	393
	234	392
	235	393
	236	392
	236	391
	237	389
	238	388
	240	387
	241	386
	242	384
	243	383
	244	382
	245	380
	246	380
	248	378
	249	377
	249	378
	249	379
.PEN_UP
.PEN_DOWN
	255	405
	256	405
	256	406
	256	405
	256	403
	256	402
	256	401
	256	400
	256	398
	256	396
	256	394
	256	392
	257	390
	257	389
	257	387
	258	385
	259	384
	260	383
	261	383
	262	383
	263	383
	264	383
	265	383
	266	383
	266	384
	267	385
	268	386
	269	389
	269	391
	269	393
	269	394
	269	397
	269	398
	269	400
	269	402
	269	404
	268	405
	268	407
	268	408
	268	409
.PEN_UP
.PEN_DOWN
	284	402
	283	402
	283	401
	283	400
	282	397
	281	395
	281	393
	281	391
	280	389
	280	388
	280	386
	280	385
	279	384
	279	383
	279	382
	279	381
	279	382
	279	383
	280	384
	280	385
	280	386
	281	388
	281	389
	282	393
	282	395
	282	398
	283	399
	283	402
	283	403
	284	405
	284	407
	284	408
	284	409
	285	410
	286	410
	286	409
	287	409
	287	408
	288	407
	289	405
	289	404
	289	403
	290	401
	290	398
	290	397
	290	395
	290	393
	291	391
	291	389
	291	388
	291	386
	291	385
	291	383
	291	382
.PEN_UP
.PEN_DOWN
	280	392
	279	392
	279	393
	280	393
	281	393
	283	392
	286	392
	288	392
.PEN_UP
.PEN_DOWN
	303	408
	303	407
	302	407
	302	406
	302	405
	301	403
	301	402
	301	400
	301	398
	300	397
	300	393
	300	392
	300	391
	300	390
	300	389
	300	388
	300	387
	300	386
	301	386
	302	386
	303	386
	304	386
	305	386
	307	386
	308	386
	309	386
	311	386
.PEN_UP
.PEN_DOWN
	322	406
	321	405
	321	403
	320	402
	320	401
	319	398
	319	394
	319	392
	319	390
	319	389
	319	387
	319	385
	319	384
	319	383
	319	384
	320	384
	320	386
	320	387
	321	389
	321	390
	322	393
	322	395
	323	397
	323	399
	324	402
	325	404
	326	407
	326	408
	327	409
	327	408
	327	407
	327	405
	327	404
	328	400
	328	398
	328	396
	328	394
	328	392
	329	391
	329	389
	329	388
	330	387
	331	388
	331	389
	332	390
	332	392
	332	394
	332	395
	333	397
	333	399
	333	401
	334	403
	335	407
	335	408
	336	409
	337	408
	337	407
	338	406
	339	404
	340	400
	341	398
	342	396
	343	393
	344	391
	345	389
	345	387
	347	385
	347	384
	348	383
	349	382
	350	381
	351	381
	352	381
.PEN_UP
.PEN_DOWN
	384	404
	384	403
	384	402
	384	400
	384	399
	384	398
	384	397
	384	395
	384	394
	384	393
	385	390
	385	389
	385	387
	385	386
	386	385
	386	384
	386	383
.PEN_UP
.PEN_DOWN
	372	407
	372	408
	372	409
	372	410
	373	410
	373	411
	375	411
	376	411
	377	411
	379	411
	381	411
	385	411
	387	411
	389	411
	390	411
	392	411
	394	411
	395	411
	396	411
	397	411
	398	411
	398	412
.PEN_UP
.PEN_DOWN
	405	411
	406	411
	407	409
	407	408
	408	406
	408	405
	409	402
	409	400
	410	399
	410	397
	410	396
	410	395
	411	394
	411	393
	411	392
	411	391
	411	390
.PEN_UP
.PEN_DOWN
	409	399
	409	400
	410	401
	411	401
	412	401
	413	402
	414	402
	415	402
	416	402
	418	402
	420	401
	421	401
	423	401
	424	401
	425	401
	426	401
	427	400
	428	400
.PEN_UP
.PEN_DOWN
	428	416
	429	416
	429	415
	429	414
	428	414
	428	413
	428	411
	427	409
	427	408
	426	407
	426	405
	425	404
	425	402
	424	401
	424	399
	424	398
	424	396
	423	395
	423	393
	423	392
	423	391
	423	390
	423	389
	424	389
.PEN_UP
.PEN_DOWN
	454	416
	454	417
	454	416
	454	415
	454	414
	453	413
	452	411
	452	409
	451	408
	450	406
	450	405
	449	404
	449	402
	449	401
	448	400
	447	399
	447	398
	447	397
	447	396
	447	395
	447	394
	448	394
	449	394
	450	393
	451	393
	453	393
	455	393
	456	392
	457	392
	458	391
	460	391
	461	390
	463	390
	464	389
.PEN_UP
.PEN_DOWN
	450	407
	450	408
	451	408
	452	408
	453	408
	454	408
	455	407
	456	407
.PEN_UP
.PEN_DOWN
	453	422
	454	423
	454	425
	455	426
	455	427
	456	427
	457	427
	458	427
	460	427
	461	427
	463	427
	465	426
	467	425
	468	424
.PEN_UP
.PEN_DOWN
	554	424
	554	423
	554	422
	554	421
	554	420
	553	418
	553	416
	553	415
	552	413
	552	408
	552	406
	551	403
	551	401
	551	399
	551	397
	551	395
	551	394
	551	392
	551	391
	550	390
	549	389
	548	389
	547	389
	546	390
	545	390
	544	391
	542	392
	541	393
	540	394
	538	395
	537	396
	535	397
	533	399
	532	400
	531	401
	530	401
	530	402
	529	402
	530	401
	530	400
.PEN_UP
.PEN_DOWN
	537	427
	537	428
	538	429
	539	429
	540	430
	541	430
	543	431
	545	431
	547	431
	550	431
	552	431
	557	430
	560	429
	563	429
	565	429
	567	429
	568	429
	569	428
	570	428
	571	428
	571	429
	570	429
	570	430
.PEN_UP
.PEN_DOWN
	575	411
	574	412
	574	413
	573	414
	572	414
	571	414
	570	414
	569	414
	568	414
	567	413
	566	412
	564	408
	563	406
	562	404
	562	402
	562	400
	562	398
	562	397
	562	395
	563	393
	563	391
	564	390
	566	387
	568	387
	569	387
	571	387
	572	387
	573	387
	575	388
	575	389
	576	390
	577	392
	577	393
	578	396
	578	400
	578	402
	578	404
	578	406
	578	408
	577	409
	577	411
	576	411
	576	412
.PEN_UP
.PEN_DOWN
	591	419
	590	419
	589	417
	589	416
	588	414
	587	412
	587	410
	586	407
	586	405
	585	403
	585	402
	585	400
	585	398
	585	395
	585	393
	585	392
	586	391
	586	390
	587	390
	588	389
	589	388
	590	388
	592	388
	594	387
	595	387
	599	387
.PEN_UP
.PEN_DOWN
	610	417
	610	418
	610	419
	610	420
	609	420
	608	417
	608	415
	607	413
	607	411
	606	408
	605	406
	605	404
	604	401
	604	399
	604	397
	604	395
	604	393
	604	390
	605	388
	606	387
	607	386
	608	385
	609	385
	611	384
	612	384
	614	384
.PEN_UP
.PEN_DOWN
	627	412
	628	412
	628	411
	628	410
	629	408
	629	406
	630	404
	631	402
	632	398
	633	396
	634	394
	635	392
	636	391
	637	389
.PEN_UP
.PEN_DOWN
	650	415
	650	416
	649	416
	647	416
	646	416
	645	414
	644	413
	642	410
	641	407
	640	404
	638	401
	636	398
	635	394
	633	390
	631	387
	629	381
	627	379
	627	377
	626	375
	625	374
	625	373
	625	372
	625	371
.PEN_UP
