
.WRITER_ID PaulArnao
.STYLE PRINTED
.PEN_DOWN
	77	393
	77	394
	76	394
	76	393
	75	392
	75	391
	75	390
	75	388
	75	386
	75	385
	75	382
	75	381
	75	380
	76	379
	77	378
	78	377
	79	377
	80	377
	81	377
	82	378
	83	379
	83	380
	84	381
	84	382
	85	383
	85	385
	85	386
	85	387
	85	388
	85	389
	85	388
	85	387
	85	386
	85	384
	85	383
	86	381
	87	380
	89	378
	89	377
	90	377
	91	377
	93	377
	94	377
	96	378
	96	380
	97	381
	97	382
	97	384
	97	386
	97	389
	96	391
	96	392
	96	393
	95	394
	95	395
	94	395
	95	395
.PEN_UP
.PEN_DOWN
	104	393
	104	394
	104	395
	104	396
	104	397
	104	398
	105	399
	106	399
	107	400
	108	400
	109	400
	110	400
	111	399
	112	398
	113	398
	114	397
	114	396
	115	395
	115	394
	115	393
	115	392
	115	391
	115	390
	114	390
	113	390
	112	390
	111	390
	110	391
	109	391
	107	391
	106	391
	105	390
	105	389
	104	389
	104	387
	104	386
	104	385
	104	384
	105	383
	106	382
	107	381
	108	380
	109	380
	111	380
	112	380
	113	381
	114	382
	115	383
	116	385
	116	386
	116	387
	116	388
	116	389
	116	390
	115	391
	114	391
	114	390
	114	389
	115	388
	115	387
	115	386
	116	386
	116	385
	117	384
	118	384
	118	383
	119	382
	120	382
	121	382
.PEN_UP
.PEN_DOWN
	123	393
	124	392
	124	391
	124	390
	124	389
	124	388
	124	387
	124	386
	124	385
	124	384
	124	383
	125	383
	125	382
	126	382
	127	382
	127	383
	127	384
	127	385
	127	386
	126	388
	126	389
	126	391
	126	393
	126	394
	126	395
	126	396
	127	397
	127	398
	128	398
	129	398
	130	398
	131	398
	132	398
	133	398
	134	398
	135	398
.PEN_UP
.PEN_DOWN
	140	398
	140	397
	141	395
	141	394
	141	393
	141	392
	141	391
	141	390
	141	388
	142	387
	142	386
	142	385
	142	383
	142	382
	142	383
	142	386
	142	387
	142	388
	142	390
	142	391
	142	392
	142	394
	142	395
	142	396
	143	397
	144	398
	145	398
	146	398
	147	397
	148	396
	148	395
	149	394
	149	393
	150	392
	151	390
	151	389
	151	388
	151	387
	151	386
	151	385
	150	386
	150	387
	150	388
	150	389
	150	390
	150	391
	150	392
	150	393
	151	395
	151	396
	152	397
	152	399
	153	399
	154	400
	155	400
	156	400
	157	399
	157	398
	158	397
	158	396
	158	395
	159	393
	160	391
	160	390
	160	388
	160	387
	160	386
	161	386
	161	385
	161	386
	162	386
	163	386
	164	386
	165	387
	165	388
	166	388
.PEN_UP
.PEN_DOWN
	206	399
	207	399
	207	400
	206	401
	205	402
	204	403
	203	403
	202	403
	201	403
	200	403
	200	402
	198	401
	197	400
	197	399
	196	397
	196	395
	195	394
	195	392
	195	391
	195	390
	195	388
	195	387
	196	386
	198	385
	199	384
	200	384
	202	384
	203	384
	204	385
	206	385
	207	386
.PEN_UP
.PEN_DOWN
	212	398
	212	397
	212	396
	211	395
	211	394
	211	393
	211	391
	211	389
	212	387
	213	386
	214	385
	215	385
	216	385
	217	385
	218	385
	219	386
	220	386
	221	387
	222	390
	222	391
	222	392
	222	393
	222	394
	222	395
	222	396
	222	397
	222	398
	221	398
	221	399
.PEN_UP
.PEN_DOWN
	226	389
	226	388
	226	386
	227	384
	227	382
	227	381
	227	379
	228	377
	228	376
	228	375
	228	374
	228	373
	228	372
	227	372
	227	373
	226	374
	226	375
	225	378
	225	381
	225	383
	225	385
	225	387
	225	390
	226	392
	227	394
	227	396
	228	398
	228	399
	230	400
	230	401
	231	402
	232	402
	233	402
	234	402
	235	401
	236	400
	237	399
	237	398
	237	397
	237	395
	237	394
	236	392
	235	391
	233	390
	232	389
	230	388
	228	388
	227	388
	226	388
.PEN_UP
.PEN_DOWN
	249	398
	249	399
	249	400
	248	400
	247	402
	246	402
	245	403
	245	402
	245	401
	245	400
	246	400
	247	399
	248	398
	249	397
	250	397
	252	396
	253	395
	254	395
	255	394
	255	393
	255	392
	255	391
	254	391
	253	390
	252	390
	251	389
	250	389
	249	389
	247	389
	246	389
	245	389
	245	388
.PEN_UP
.PEN_DOWN
	287	404
	286	404
	285	405
	284	405
	283	405
	282	405
	282	404
	281	404
	279	403
	279	402
	278	401
	278	400
	278	399
	278	398
	278	396
	278	395
	278	394
	279	393
	280	392
	281	391
	284	391
	286	391
	287	391
	288	391
	289	391
	290	392
	291	392
	291	393
	291	394
	291	395
	291	396
	291	398
	290	400
	289	401
	288	402
	287	403
	286	404
.PEN_UP
.PEN_DOWN
	308	425
	307	426
	306	426
	305	426
	304	425
	304	424
	304	422
	304	419
	304	418
	304	416
	305	414
	305	412
	306	410
	306	409
	307	407
	308	405
	308	404
	309	403
	309	401
	309	400
	310	398
	310	397
	310	396
	310	395
.PEN_UP
.PEN_DOWN
	302	404
	303	404
	304	404
	305	405
	306	405
	307	405
	308	405
	310	405
	311	405
	312	405
	314	405
	315	405
	316	405
	317	405
	318	405
	318	404
.PEN_UP
.PEN_DOWN
	358	435
	357	435
	356	434
	356	433
	356	432
	355	430
	355	428
	355	426
	355	423
	355	420
	355	417
	355	414
	355	412
	355	409
	355	404
	355	402
	355	400
	356	399
	356	397
	356	396
	356	395
	355	396
	355	397
	354	398
	354	400
	354	401
	353	403
	353	404
	353	406
	353	408
	353	409
	353	410
	354	412
	355	413
	356	413
	357	413
	359	413
	360	413
	361	412
	362	411
	363	409
	363	408
	364	406
	364	404
	364	403
	364	401
	364	400
	363	400
	362	399
	361	398
	360	397
	358	397
	358	396
	356	396
	355	396
.PEN_UP
.PEN_DOWN
	365	402
	366	401
	366	400
	367	400
	368	400
	369	400
	369	401
	370	401
	371	401
	372	402
	373	402
	374	403
	376	404
	377	405
	377	406
	377	407
	377	408
	376	409
	376	410
	375	410
	374	410
	373	410
	371	410
	370	410
	369	409
	368	408
	368	407
	367	406
	367	405
	367	404
	367	403
	367	401
	367	400
	368	399
	371	397
	372	397
.PEN_UP
.PEN_DOWN
	384	409
	383	409
	382	409
	382	408
	382	407
	382	406
	384	405
	385	404
	386	403
	387	402
	389	402
	390	401
	390	400
	391	400
	391	399
	391	398
	391	397
	391	396
	391	395
	390	395
	389	395
	388	395
	386	395
	385	395
	383	395
	382	395
	380	395
	379	395
	378	395
	378	396
.PEN_UP
.PEN_DOWN
	392	435
	392	436
	393	435
	394	434
	395	432
	396	430
	397	428
	397	426
	398	423
	399	421
	400	418
	400	416
	400	413
	401	411
	401	407
	401	405
	401	403
	401	402
	401	401
	401	400
	401	399
	401	398
	401	397
.PEN_UP
.PEN_DOWN
	391	413
	392	413
	393	413
	395	413
	396	413
	400	413
	402	413
	404	413
	406	413
	407	413
	409	413
	410	413
	411	413
	412	413
	412	414
	411	414
.PEN_UP
.PEN_DOWN
	440	406
	441	405
	442	402
	442	401
	442	400
	443	398
	443	397
	444	395
	444	394
	444	392
	444	391
	444	390
	444	389
	444	388
	442	386
	441	385
	440	385
	439	385
	438	385
	436	386
	435	386
	434	386
	433	386
	432	387
	431	388
	431	389
	432	389
	433	389
.PEN_UP
.PEN_DOWN
	439	422
	439	423
	439	424
	440	424
	441	423
	442	423
.PEN_UP
.PEN_DOWN
	453	414
	454	415
	455	415
	456	415
	457	415
	458	414
	459	413
	459	412
	460	412
	460	410
	461	409
	461	408
	461	407
	461	406
	460	406
	459	406
	458	406
	457	407
	456	407
	456	408
	455	408
	454	408
	453	408
	452	408
	451	408
	451	407
	450	406
	449	405
	448	404
	448	403
	448	402
	448	401
	448	400
	448	399
	448	398
	449	398
	450	397
	451	396
	453	396
	454	396
	455	396
	456	397
	457	397
	457	398
	458	399
	458	400
	459	401
	459	403
	459	404
	459	406
	459	407
	459	408
	459	407
	459	406
	459	405
	459	404
	460	404
	460	403
	461	402
	461	401
	461	400
	462	400
	462	399
	463	398
	464	398
	465	398
	466	398
.PEN_UP
.PEN_DOWN
	468	410
	469	409
	469	408
	469	407
	469	406
	470	404
	470	403
	471	402
	472	401
	472	400
	473	400
	474	400
	474	401
	475	402
	475	404
	475	406
	475	407
	475	409
	476	410
	476	412
	476	413
	476	415
	476	416
	476	417
	477	419
	478	419
.PEN_UP
.PEN_DOWN
	484	416
	485	416
	486	416
	486	417
	486	418
	487	418
	488	419
	489	419
	490	418
	491	418
	491	417
	492	416
	492	415
	493	414
	493	413
	494	413
	494	412
	494	411
	493	411
	492	412
	491	413
	490	413
	489	413
	488	413
	487	412
	486	412
	486	411
	485	410
	485	409
	484	408
	484	407
	484	405
	485	404
	485	403
	486	403
	487	403
	488	403
	489	403
	490	403
	491	404
	492	405
	492	406
	493	407
	493	408
	493	409
	493	410
	493	411
	493	410
	492	409
	492	408
	492	407
	492	405
	493	404
	493	403
	494	403
	495	402
	496	400
	497	400
	498	400
	499	400
	500	400
	501	400
	502	400
.PEN_UP
