
.WRITER_ID PaulArnao
.STYLE PRINTED
.PEN_DOWN
	74	410
	75	410
	75	409
	76	409
	76	408
	76	407
	76	406
	75	405
	75	404
	75	403
	75	402
	75	400
	75	399
	75	398
	75	397
.PEN_UP
.PEN_DOWN
	77	393
	77	392
	76	393
.PEN_UP
.PEN_DOWN
	107	398
	108	398
	109	398
	111	398
	111	399
	112	399
	112	400
	113	401
	113	402
	112	402
	111	402
	110	401
	110	400
	110	399
	109	398
	109	397
	110	395
	111	395
	112	394
	113	394
	114	394
	115	394
	116	394
	116	395
	117	396
	118	397
	118	398
	118	399
	118	400
	118	401
	117	402
	117	403
	116	405
	115	406
	114	407
	113	407
	110	408
	109	408
	108	408
	106	408
	105	408
	104	408
	103	407
	102	407
	101	406
	100	405
	100	404
	99	401
	99	399
	99	398
	100	397
	101	396
	102	394
	103	394
	105	393
	107	393
	108	393
	111	393
.PEN_UP
.PEN_DOWN
	139	409
	139	410
	139	409
	139	408
	139	407
	139	406
	138	405
	138	403
	138	402
	138	401
	138	400
	138	397
	138	396
	137	395
	137	394
	137	393
.PEN_UP
.PEN_DOWN
	142	411
	142	410
	142	409
	141	409
	141	407
	141	405
	141	404
	141	403
	141	402
	141	400
	141	399
	141	398
	141	397
	141	396
	141	395
.PEN_UP
.PEN_DOWN
	132	405
	133	405
	134	406
	135	406
	136	406
	138	406
	140	406
	142	406
	143	406
	145	406
.PEN_UP
.PEN_DOWN
	133	398
	134	398
	134	399
	135	399
	136	399
	138	399
	139	399
	140	399
	142	399
	143	399
	144	399
	145	399
.PEN_UP
.PEN_DOWN
	173	398
	172	398
	171	399
	170	399
	170	400
	169	400
	168	400
	167	400
	165	400
	164	400
	164	399
	163	399
	163	398
	164	397
	165	396
	167	396
	167	395
	168	395
	169	395
	170	394
	171	394
	172	393
	173	392
	174	392
	175	391
	175	390
	175	389
	174	389
	173	389
	172	388
	170	388
	169	388
	168	388
	166	388
	165	388
	164	388
	163	389
	162	389
	161	389
	161	390
.PEN_UP
.PEN_DOWN
	165	406
	165	407
	164	407
	165	407
	165	406
	165	405
	165	402
	165	401
	165	400
	165	398
	165	396
	165	395
	165	393
	164	391
	164	390
	164	388
	164	387
	164	386
	164	384
.PEN_UP
.PEN_DOWN
	169	408
	168	408
	168	407
	168	406
	168	405
	168	404
	168	403
	168	402
	169	400
	169	398
	169	397
	169	395
	170	393
	170	392
	170	390
	170	387
	170	386
	170	385
.PEN_UP
.PEN_DOWN
	195	399
	195	400
	194	400
	193	400
	192	400
	192	399
	191	399
	191	398
	190	397
	190	396
	190	395
	190	394
	191	394
	191	393
	192	393
	193	393
	194	393
	194	394
	195	394
	196	396
	196	397
	196	398
	196	399
	195	399
	195	400
	194	400
	195	400
	196	399
	197	399
	198	399
	201	399
	202	400
	203	400
	204	400
	205	400
	206	400
	207	400
	207	401
	208	401
	207	401
	207	400
	207	399
	206	399
	206	398
	205	397
	204	396
	203	393
	202	392
	202	391
	201	389
	200	388
	199	386
	199	385
	198	384
	198	382
	197	381
	197	380
	197	379
	197	378
	197	377
.PEN_UP
.PEN_DOWN
	208	388
	207	388
	206	388
	205	388
	205	387
	204	387
	204	385
	204	384
	204	383
	205	382
	206	381
	207	381
	208	381
	210	381
	211	381
	212	382
	212	383
	212	384
	211	385
	210	386
	209	386
	208	387
	207	387
	207	388
.PEN_UP
.PEN_DOWN
	221	390
	221	391
	221	392
	221	393
	222	394
	223	395
	223	396
	223	397
	224	397
	224	398
	225	398
	225	397
	226	397
	226	396
	226	395
	227	395
	227	394
	227	393
	228	393
	228	392
	229	392
	229	391
	230	390
.PEN_UP
.PEN_DOWN
	251	399
	251	400
	251	399
	251	398
	250	397
	250	396
	250	395
	250	394
	250	393
	250	392
	250	390
	250	389
	250	388
	250	387
	251	387
	251	386
	251	385
	251	386
	251	387
	250	387
	250	388
	249	389
	248	391
	247	391
	247	392
	246	392
	245	392
	244	392
	244	391
	244	390
	245	389
	246	389
	247	388
	248	388
	249	388
	250	388
	251	388
	252	388
	253	388
	254	388
	254	389
.PEN_UP
.PEN_DOWN
	275	393
	275	392
	276	391
	276	390
	276	389
	276	388
	276	387
	276	386
	276	385
.PEN_UP
.PEN_DOWN
	272	389
	273	389
	275	389
	275	388
.PEN_UP
.PEN_DOWN
	277	390
	276	390
	276	389
	275	389
	274	389
	274	388
	273	388
	273	387
	272	387
.PEN_UP
.PEN_DOWN
	272	390
	273	390
	274	389
	275	389
	276	388
	277	387
	278	387
.PEN_UP
.PEN_DOWN
	309	396
	308	396
	307	396
	305	396
	304	396
	303	396
	303	395
	302	395
	302	394
	301	393
	300	392
	300	391
	300	390
	300	387
	300	386
	300	384
	300	383
	302	382
	302	381
	303	380
	304	379
	305	378
	307	377
	308	377
	309	376
	311	376
.PEN_UP
.PEN_DOWN
	319	400
	320	400
	321	399
	322	399
	322	398
	323	398
	324	397
	325	397
	326	396
	326	395
	327	393
	327	392
	327	391
	327	389
	327	388
	327	386
	327	385
	327	384
	326	384
	325	383
	325	382
	324	381
	323	380
	322	380
.PEN_UP
.PEN_DOWN
	345	396
	346	396
	346	395
	346	394
	347	394
	347	393
	348	392
	349	392
	349	391
.PEN_UP
.PEN_DOWN
	356	391
	356	392
	356	393
	357	393
	357	394
	358	394
	359	394
	359	393
	360	393
	360	392
	361	392
	361	391
	362	391
	363	391
	364	391
	364	392
	364	393
	364	394
	364	395
.PEN_UP
.PEN_DOWN
	386	386
	385	386
	386	386
	387	386
	388	386
	389	386
	390	386
	391	386
.PEN_UP
.PEN_DOWN
	389	376
	389	375
	390	375
	391	375
	392	375
	393	375
	394	375
	395	375
	396	375
	398	375
	399	375
	400	375
	401	375
	402	375
	403	375
.PEN_UP
.PEN_DOWN
	415	391
	415	390
	415	389
	415	388
	415	387
	415	386
	415	385
	415	384
	416	384
	416	383
	416	382
.PEN_UP
.PEN_DOWN
	411	386
	412	386
	413	386
	414	386
	416	386
	417	385
	418	385
	419	385
	420	385
.PEN_UP
.PEN_DOWN
	447	383
	448	383
	448	382
	449	382
	450	382
	451	382
	451	381
	452	381
	453	381
	454	381
	456	381
	457	381
.PEN_UP
.PEN_DOWN
	445	376
	446	376
	447	376
	448	376
	449	376
	449	375
	450	375
	451	375
	452	375
	453	375
	454	375
	455	375
	456	374
	457	374
.PEN_UP
.PEN_DOWN
	486	402
	485	402
	484	402
	483	402
	483	403
	482	403
	481	403
	480	403
	479	403
	478	403
	477	402
	476	402
	475	402
	474	402
	473	402
	472	402
	472	401
	472	400
	472	399
	472	398
	472	397
	472	394
	471	393
	471	392
	471	390
	471	389
	471	388
	470	387
	470	386
	470	385
	470	384
	469	384
	469	383
	469	382
	469	381
	470	381
	471	382
	472	382
	473	382
	474	382
	476	381
	477	381
	478	381
	479	381
	480	381
	480	380
	481	380
	482	380
	483	380
.PEN_UP
.PEN_DOWN
	491	404
	491	405
	491	406
	492	405
	493	405
	494	405
	495	405
	496	405
	497	405
	497	404
	498	404
	499	404
	500	404
	500	403
	499	403
	499	402
	499	401
	499	399
	499	398
	499	397
	499	395
	499	394
	498	393
	498	392
	498	391
	498	390
	498	389
	498	387
	498	386
	498	385
	498	384
	498	383
	499	383
	499	382
	499	381
	499	380
	498	380
	497	380
	496	380
	495	380
	494	381
	493	381
	492	381
	491	381
	490	381
	490	380
.PEN_UP
.PEN_DOWN
	529	407
	529	408
	528	408
	528	409
	527	409
	526	410
	525	410
	524	410
	523	409
	522	409
	521	409
	520	408
	520	407
	521	407
	521	406
	522	405
	522	404
	523	403
	523	402
	524	402
	524	401
	525	401
	525	400
	526	399
	526	398
	526	397
	526	396
	525	396
	525	395
	524	395
	523	395
	522	395
	521	395
	521	394
	521	393
	522	393
	523	393
	523	392
	524	392
	525	391
	525	390
	525	389
	524	389
	523	388
	522	387
	522	386
	521	386
	520	385
	520	384
	520	383
	520	382
	520	381
	521	381
	522	380
	523	380
	524	379
	525	379
	526	379
	527	379
	528	379
.PEN_UP
.PEN_DOWN
	539	411
	540	411
	541	411
	542	411
	543	411
	543	410
	544	410
	544	409
	545	409
	545	408
	545	407
	544	407
	544	406
	543	406
	543	405
	542	405
	542	404
	541	403
	541	402
	540	402
	539	401
	539	400
	538	400
	538	399
	538	398
	539	398
	539	397
	540	396
	541	396
	541	395
	542	395
	543	395
	544	394
	543	394
	542	394
	541	393
	541	392
	540	392
	541	391
	541	390
	542	390
	542	389
	543	389
	543	388
	544	388
	545	387
	546	386
	546	385
	547	385
	547	384
	547	383
	547	382
	547	381
	546	380
	545	380
	544	379
	543	379
	542	379
	542	378
	541	378
	540	378
	539	378
	539	379
.PEN_UP
.PEN_DOWN
	556	410
	557	410
	557	409
	558	408
	558	407
	559	407
	560	405
	561	404
	562	403
	563	402
	564	400
	564	399
	567	396
	568	394
	569	393
	570	392
	571	390
	571	389
	572	389
	573	388
	573	387
	574	386
	575	386
.PEN_UP
.PEN_DOWN
	583	384
	583	383
	584	383
	584	382
	584	381
	584	380
	584	379
	583	379
	583	378
	582	378
	582	377
	581	377
	580	377
.PEN_UP
.PEN_DOWN
	608	411
	608	412
	608	413
	607	413
	607	412
	607	411
	606	411
	606	410
	604	408
	603	406
	602	405
	601	403
	601	401
	599	399
	599	398
	598	396
	597	394
	597	393
	596	391
	595	389
	595	388
	594	387
	594	386
	594	385
	595	385
	596	386
	597	387
.PEN_UP
.PEN_DOWN
	632	398
	631	398
	631	399
	630	400
	630	401
	630	402
	631	402
	631	403
	631	404
	632	404
	633	404
	634	404
	635	404
	636	404
	637	404
	638	403
	639	402
	639	401
	639	400
	639	399
	638	399
	638	398
	637	398
	637	397
	636	396
	635	396
	635	395
	634	395
	633	395
	632	394
	631	394
	630	393
	629	393
	628	392
	627	391
	627	390
	627	389
	627	388
	628	388
	629	387
	629	386
	630	386
	631	386
	631	385
	632	385
	632	384
.PEN_UP
.PEN_DOWN
	633	377
	632	377
	631	379
	630	379
	630	380
	629	380
	630	380
	631	379
	631	378
.PEN_UP
.PEN_DOWN
	654	402
	654	403
	654	402
	654	400
	654	399
	654	398
	654	397
	654	396
.PEN_UP
.PEN_DOWN
	676	400
	677	400
	677	401
	677	400
	678	400
	678	399
	678	398
	677	398
	677	397
	677	396
	677	395
	677	394
	677	393
.PEN_UP
.PEN_DOWN
	681	399
	682	399
	682	398
	683	398
	683	397
	683	396
	683	395
	683	394
	683	393
	683	392
	683	391
.PEN_UP
.PEN_DOWN
	708	390
	708	391
	708	392
	708	393
	707	392
	706	392
	706	391
	705	390
	704	389
	703	388
	702	388
	701	387
	700	386
	699	385
	698	384
	697	383
	696	383
	696	382
	695	382
	695	381
	694	381
	695	381
	696	381
	697	380
	699	380
	699	379
	700	379
	702	378
	703	378
	704	377
	705	377
	706	376
	708	376
	708	375
	709	375
.PEN_UP
.PEN_DOWN
	719	406
	719	405
	719	404
	719	403
	718	402
	718	400
	718	399
	717	398
	717	394
	717	393
	717	390
	717	389
	717	386
	717	384
	717	383
	717	381
	717	379
	716	377
	716	376
	716	375
	716	372
	716	371
	716	370
	716	369
	717	368
	717	367
	718	367
	719	367
.PEN_UP
.PEN_DOWN
	724	401
	725	400
	726	399
	727	398
	728	398
	728	397
	729	396
	730	395
	731	395
	732	394
	732	393
	733	393
	734	392
	734	391
	735	391
	735	390
	736	390
	735	391
	734	391
	734	390
	733	390
	732	389
	731	388
	730	387
	729	386
	728	386
	728	385
	727	384
	726	384
	726	383
	725	383
	724	382
	723	381
	723	380
	724	380
	725	380
.PEN_UP
.PEN_DOWN
	748	407
	748	408
	748	407
	748	406
	748	405
	748	404
	748	403
	748	402
.PEN_UP
.PEN_DOWN
	751	405
	751	404
	751	403
	751	402
	751	401
	751	400
	751	399
.PEN_UP
.PEN_DOWN
	779	387
	778	387
	777	388
	777	387
.PEN_UP
.PEN_DOWN
	777	377
	777	378
	777	377
	778	377
	778	376
	778	375
	778	374
	778	373
	778	372
	778	371
	778	370
	777	369
	777	368
	777	367
	776	367
	776	366
	775	366
.PEN_UP
.PEN_DOWN
	793	384
	793	385
	792	386
	791	387
	792	387
	792	386
	792	385
.PEN_UP
.PEN_DOWN
	792	374
	791	375
	790	375
	790	376
	789	376
	789	377
	790	376
.PEN_UP
.PEN_DOWN
	806	376
	805	377
	804	378
	803	379
	803	380
	802	380
	803	380
	803	379
	804	379
	804	378
.PEN_UP
