
.WRITER_ID PaulArnao
.STYLE PRINTED
.PEN_DOWN
	75	379
	75	378
	76	377
	76	376
	75	376
	75	375
	74	375
	73	375
	72	375
	70	376
	68	377
	67	377
	66	377
	65	377
	65	378
.PEN_UP
.PEN_DOWN
	74	391
	74	392
	73	392
	73	393
.PEN_UP
.PEN_DOWN
	86	386
	86	385
	86	384
	86	383
	86	382
	86	380
	87	379
	87	378
	88	378
	89	377
	90	377
	91	377
	91	378
	91	379
	91	380
	91	381
	91	382
	91	383
	91	384
	91	385
	91	386
	90	386
	90	387
.PEN_UP
.PEN_DOWN
	106	401
	107	401
	107	400
	107	399
	107	398
	107	397
	107	395
	107	394
	107	391
	107	390
	107	388
	107	387
	107	386
	107	385
	107	384
	107	383
	107	382
	107	381
	106	382
	105	383
	104	383
	103	384
	103	385
	102	385
	101	385
	101	384
	100	384
	100	383
	100	381
	100	380
	100	379
	101	378
	102	378
	102	377
	104	377
	105	377
	106	377
	107	377
	108	377
	111	378
.PEN_UP
.PEN_DOWN
	115	389
	114	389
	113	389
	113	388
	112	388
	112	386
	112	385
	112	384
	112	383
	112	382
	113	382
	113	381
	114	380
	115	380
	116	380
	117	380
	117	381
	118	382
	118	383
	118	384
	117	384
	117	385
	117	384
	117	383
	117	382
	117	381
	117	380
	118	378
	118	377
	119	374
	119	373
	119	372
	119	371
	119	370
	119	369
	119	368
	119	367
	118	367
	117	367
	116	367
.PEN_UP
.PEN_DOWN
	124	379
	125	379
	126	379
	127	379
	127	380
	128	380
	129	381
	130	381
	130	382
	131	383
	131	384
	131	385
	130	385
	130	386
	129	386
	128	386
	127	386
	126	386
	125	385
	124	384
	124	383
	123	382
	123	380
	123	379
	124	377
	125	376
	126	375
	128	375
	129	375
.PEN_UP
.PEN_DOWN
	156	388
	156	387
	156	386
	156	385
	156	384
	156	383
	156	382
	156	381
	157	380
	157	379
	157	377
	157	376
	157	375
	157	374
	156	373
	155	373
	154	373
	153	373
	152	374
	151	374
	150	375
	149	375
	149	376
	148	376
.PEN_UP
.PEN_DOWN
	155	391
	154	391
	154	392
	154	393
.PEN_UP
.PEN_DOWN
	163	387
	163	386
	163	385
	164	384
	164	383
	164	382
	165	382
	166	381
	166	380
	167	380
	168	380
	169	381
	170	382
	171	383
	171	384
	171	385
	171	388
	171	389
	171	390
	171	391
.PEN_UP
.PEN_DOWN
	175	386
	175	385
	175	384
	175	383
	175	382
	176	382
	177	382
	177	383
	177	384
	178	385
	178	387
	179	388
	179	389
	179	390
	179	391
	179	392
	179	393
.PEN_UP
.PEN_DOWN
	188	392
	189	391
	190	391
	190	390
	191	390
	191	389
	192	388
	193	387
	193	386
	194	386
.PEN_UP
.PEN_DOWN
	198	393
	198	394
	197	394
	197	393
	197	392
	196	391
	196	390
	196	389
	195	388
	195	387
	194	386
	193	385
	193	384
	192	383
	191	381
	191	380
	190	379
	190	378
	190	377
.PEN_UP
.PEN_DOWN
	232	392
	233	392
	233	391
	233	390
	233	389
	233	388
	233	387
	233	386
	233	385
	233	384
	233	383
	233	382
	233	381
	233	380
	232	380
	231	381
	230	382
	228	383
	227	383
	226	384
	225	385
	224	386
	223	386
	222	386
	223	386
.PEN_UP
.PEN_DOWN
	232	401
	232	402
	232	403
.PEN_UP
.PEN_DOWN
	241	393
	241	394
	241	395
	242	395
	242	396
	243	396
	244	396
	245	396
	246	395
	247	395
	248	395
	248	394
	248	393
	249	393
	249	392
	248	392
	248	391
	247	391
	246	391
	245	391
	244	391
	243	391
	242	392
	241	392
	241	391
	240	391
	239	391
	239	390
	239	389
	239	388
	239	387
	240	387
	241	386
	242	386
	243	386
	244	386
	245	386
	246	386
	246	387
	247	388
	247	389
	247	390
	247	391
	247	390
	247	389
	247	388
	248	387
	248	386
	248	385
.PEN_UP
.PEN_DOWN
	256	395
	256	394
	257	394
	257	393
	258	393
	258	392
	259	391
	259	390
	259	389
	259	388
	259	387
	259	386
	259	385
	259	384
	260	384
	260	383
.PEN_UP
.PEN_DOWN
	259	402
	258	403
	258	404
	257	405
	257	406
	258	406
.PEN_UP
.PEN_DOWN
	270	417
	270	418
	269	417
	269	416
	269	415
	269	414
	269	413
	269	411
	269	409
	269	408
	269	406
	270	402
	270	401
	270	399
	270	397
	270	395
	270	394
	270	392
	270	391
	270	390
	270	389
	270	388
	270	387
	270	386
	271	386
.PEN_UP
.PEN_DOWN
	274	394
	275	394
	276	394
	277	393
	278	393
	279	393
	280	393
	281	393
	282	393
	282	394
	282	395
	281	396
	279	397
	278	397
	277	397
	276	397
	275	397
	274	396
	273	395
	273	394
	273	392
	273	391
	274	391
	275	390
	276	389
	277	388
	279	387
.PEN_UP
.PEN_DOWN
	289	393
	289	392
	288	391
	288	390
	288	389
	288	388
	288	387
	288	386
	288	385
	289	384
	289	383
	289	384
	289	385
	289	386
	289	387
	289	389
	289	390
	289	391
	289	392
	289	394
	289	395
	289	396
	289	397
	290	397
	291	397
	292	397
	293	397
	295	396
	296	396
	298	395
	299	395
.PEN_UP
.PEN_DOWN
	325	395
	325	396
	325	397
	326	397
	326	396
	326	395
	327	394
	327	393
	327	392
	327	391
	327	390
	327	388
	327	387
	327	386
	327	385
	327	383
	327	382
	327	380
	327	379
	327	378
	327	377
	326	377
	325	377
	324	377
	324	378
	323	378
	321	380
	320	380
	320	381
	318	382
	318	383
	317	384
.PEN_UP
.PEN_DOWN
	323	401
	323	402
	323	403
	322	403
	322	404
.PEN_UP
.PEN_DOWN
	333	398
	334	398
	334	397
	334	396
	334	395
	334	394
	334	393
	334	392
	335	391
	335	390
	335	389
	335	390
	335	391
	335	392
	335	391
	335	390
.PEN_UP
.PEN_DOWN
	333	412
	333	413
.PEN_UP
.PEN_DOWN
	340	397
	340	396
	340	395
	340	394
	340	393
	340	392
	341	391
	341	390
	342	389
	343	389
	343	390
	343	391
	343	392
	343	393
	343	394
	343	396
	343	397
	344	398
	344	399
	344	400
	345	400
	346	399
	347	398
	348	398
	349	397
	349	396
	350	395
	350	394
	350	392
	350	391
	350	390
	350	389
.PEN_UP
.PEN_DOWN
	359	401
	360	401
	361	400
	361	399
	362	399
	362	398
	363	397
	364	396
	365	396
	365	395
	367	393
	368	392
	369	391
	370	390
	371	390
	372	389
.PEN_UP
.PEN_DOWN
	372	401
	371	401
	370	401
	369	401
	368	401
	368	400
	367	400
	366	399
	366	398
	365	397
	364	395
	363	393
	363	392
	361	391
	361	390
	361	389
	361	388
.PEN_UP
.PEN_DOWN
	393	398
	393	397
	393	396
	393	395
	394	394
	394	393
	394	392
	394	391
	395	388
	395	387
	396	386
	396	385
	396	384
	396	383
	396	382
	396	381
	396	380
	396	379
	396	378
	395	378
	394	378
	393	378
	392	378
	391	379
	390	379
	389	380
	388	381
	387	381
	387	382
	386	382
	386	383
	387	383
.PEN_UP
.PEN_DOWN
	394	404
	394	405
	393	406
	392	407
.PEN_UP
.PEN_DOWN
	405	400
	406	401
	406	402
	407	402
	408	402
	408	401
	409	401
	409	400
	410	399
	410	398
	410	397
	410	396
	409	396
	408	395
	407	395
	406	395
	405	395
	404	395
	403	395
	402	395
	401	395
	401	394
	400	394
	400	393
	400	392
	400	391
	400	390
	401	389
	402	389
	402	388
	403	388
	404	388
	406	388
	407	388
	408	389
	409	390
	410	391
	410	392
	410	393
	410	394
	410	395
	410	396
	410	395
	410	394
	410	393
	410	392
	411	391
	411	390
	411	389
	412	388
	413	387
	413	386
.PEN_UP
.PEN_DOWN
	422	399
	422	400
	423	400
	424	400
	425	400
	426	400
	427	400
	428	400
	429	400
	430	400
	431	399
	432	399
	433	399
	433	398
	433	397
	432	396
	432	395
	431	395
	431	394
	429	393
	428	392
	427	392
	427	391
	426	391
	425	390
	425	389
	425	388
	426	387
	427	387
	428	387
	429	387
	430	387
	431	387
	432	387
	433	387
	434	387
	435	387
	436	388
.PEN_UP
.PEN_DOWN
	422	396
	423	396
	424	396
	426	396
	427	396
	429	396
	430	396
	431	396
	432	396
	433	395
	434	395
	435	395
	436	395
.PEN_UP
.PEN_DOWN
	443	404
	444	404
	445	404
	446	403
	447	403
	449	402
	450	402
	450	401
	451	401
	451	400
	451	399
	450	398
	449	398
	447	397
	446	396
	445	395
	444	394
	444	393
	443	393
	443	392
	442	391
	442	390
	443	389
	444	388
	445	388
	446	388
	447	388
	448	388
	449	388
	450	388
	452	388
.PEN_UP
.PEN_DOWN
	441	398
	442	398
	443	398
	444	398
	445	398
	446	398
	447	398
	448	397
	452	397
.PEN_UP
