
.WRITER_ID PaulArnao
.STYLE PRINTED
.PEN_DOWN
	85	413
	84	413
	84	414
	83	414
	82	414
	80	415
	79	415
	78	415
	77	415
	76	415
	75	415
	74	414
	73	413
	72	412
	71	411
	70	410
	68	407
	67	405
	66	403
	66	401
	65	398
	65	397
	65	394
	65	393
	66	391
	66	389
	67	388
	70	385
	71	384
	74	384
	76	384
	78	384
	80	385
	83	386
	85	387
	87	389
	88	391
	90	392
	91	394
	91	398
	91	401
	91	403
	90	405
	89	407
	88	409
	86	411
	85	412
	83	413
	82	414
	80	414
	79	415
	77	415
	77	414
.PEN_UP
.PEN_DOWN
	82	394
	82	395
	82	396
	82	395
	83	395
	83	394
	84	393
	84	392
	85	390
	85	389
	86	387
	87	386
	88	383
	89	382
	89	381
	90	380
	90	379
	91	379
	91	378
	92	378
.PEN_UP
.PEN_DOWN
	106	409
	106	410
	105	410
	105	411
	104	410
	104	408
	104	407
	105	405
	105	403
	105	401
	105	399
	106	397
	106	394
	106	393
	107	391
	107	389
	109	386
	110	385
	110	384
	111	384
	112	384
	113	384
	114	384
	114	385
	115	386
	116	387
	117	389
	118	392
	119	394
	119	397
	119	399
	119	401
	119	403
	119	406
	119	407
	118	409
	118	411
	117	411
	117	412
	116	412
.PEN_UP
.PEN_DOWN
	137	408
	136	408
	136	409
	135	410
	135	407
	135	406
	135	404
	135	402
	135	401
	135	399
	135	397
	136	395
	136	393
	136	391
	137	390
	137	389
	137	386
	138	385
	138	384
	139	384
.PEN_UP
.PEN_DOWN
	161	404
	161	405
	161	406
	161	407
	160	408
	160	409
	159	410
	158	410
	158	411
	157	411
	156	411
	155	411
	153	411
	152	410
	151	409
	150	408
	148	406
	148	405
	147	403
	147	402
	147	401
	147	399
	147	398
	147	396
	148	395
	149	394
	150	393
	153	391
	154	390
	156	389
	157	389
	159	389
	160	389
.PEN_UP
.PEN_DOWN
	174	413
	174	414
	173	414
	173	415
	173	414
	173	413
	173	412
	173	411
	174	409
	174	407
	174	406
	174	403
	175	401
	175	397
	175	395
	175	393
	175	391
	175	389
	176	388
	176	386
	176	385
	176	384
	176	383
	177	383
.PEN_UP
.PEN_DOWN
	190	407
	189	406
	188	405
	187	405
	185	403
	184	403
	183	402
	182	402
	180	401
	179	401
	178	401
	177	400
	176	400
	175	400
	175	399
	176	398
	177	398
	178	397
	179	396
	181	395
	183	395
	184	394
	186	393
	189	392
	190	391
	191	391
	192	391
	192	390
	193	390
	193	389
.PEN_UP
.PEN_DOWN
	204	410
	204	411
	204	412
	204	413
	204	414
	204	413
	205	412
	205	411
	205	410
	205	408
	206	407
	206	405
	206	403
	206	401
	206	399
	206	397
	206	394
	206	392
	206	391
	206	389
	205	388
	205	387
	205	386
	206	386
	207	386
	208	386
	209	386
	211	386
	212	386
	213	386
	214	386
	215	386
	216	386
	217	386
	219	385
	220	385
	220	384
	221	384
	222	384
	223	383
.PEN_UP
.PEN_DOWN
	228	407
	227	408
	227	409
	227	410
	228	409
	229	408
	230	407
	231	406
	231	405
	232	404
	233	403
	234	402
	235	401
	236	400
	237	398
	238	397
	239	396
	240	395
	240	394
.PEN_UP
.PEN_DOWN
	247	413
	247	414
	246	414
	246	415
	245	415
	244	415
	244	414
	243	413
	243	411
	243	410
	242	408
	241	406
	241	403
	241	401
	240	399
	240	396
	239	394
	238	389
	238	387
	238	385
	238	384
	238	382
	238	381
	238	380
	239	380
	241	381
.PEN_UP
.PEN_DOWN
	285	400
	285	398
	285	396
	285	393
	285	391
	285	388
	286	386
	286	383
	286	381
	287	378
	287	376
	288	375
	288	374
	289	374
	289	373
	289	372
.PEN_UP
.PEN_DOWN
	284	400
	284	401
	284	402
	285	403
	287	404
	288	404
	291	404
	293	404
	296	404
	298	404
	300	404
	302	404
	306	404
	307	404
.PEN_UP
.PEN_DOWN
	288	397
	288	396
	288	394
	289	394
	290	394
	291	394
	293	394
	295	394
	297	394
	300	395
	302	395
	307	396
.PEN_UP
.PEN_DOWN
	329	404
	328	406
	327	406
	326	407
	325	407
	323	407
	322	407
	321	407
	319	407
	317	406
	316	405
	315	404
	314	402
	312	398
	312	397
	312	395
	312	393
	313	391
	314	389
	315	387
	318	386
	319	384
	322	384
	324	383
	326	383
	331	383
	332	383
	333	384
	335	385
	335	386
	335	388
	335	390
	335	392
	334	395
	333	397
	332	400
	330	402
	326	406
	325	407
	324	408
	323	409
.PEN_UP
.PEN_DOWN
	344	399
	342	399
	341	399
	340	399
	339	398
	339	397
	339	395
	339	394
	339	393
	340	391
	340	389
	342	388
	343	386
	344	384
	345	383
	346	382
	346	381
	346	382
	345	383
	345	385
	344	387
	344	389
	343	391
	342	394
	342	397
	342	402
	342	406
	342	407
	342	408
	343	409
	344	410
	345	410
	346	410
	347	410
	349	410
	350	410
	353	408
	355	407
	356	406
	357	405
	358	404
	359	403
	359	402
	359	401
	359	399
	359	398
	358	398
	357	397
	354	396
	353	395
	351	395
	349	395
	347	395
	346	394
	345	394
	344	393
	344	392
	345	391
	345	390
	346	389
	347	388
	349	387
	351	386
	353	385
	354	384
	356	383
	357	383
	358	382
	360	382
	362	381
.PEN_UP
.PEN_DOWN
	384	406
	384	407
	384	408
	383	409
	383	410
	382	410
	381	411
	380	411
	379	412
	378	412
	376	412
	375	412
	374	411
	372	411
	372	410
	370	408
	369	407
	368	406
	367	404
	367	402
	367	400
	367	398
	367	394
	367	392
	368	390
	370	388
	371	387
	372	385
	374	384
	376	383
	377	382
	379	381
	381	381
	384	381
	385	381
	387	381
	387	382
	388	383
	389	384
	390	385
	390	386
	390	387
	390	388
	390	389
	390	391
	389	393
	388	394
	388	395
	387	396
	385	396
	385	397
	384	397
	383	397
	382	397
	381	397
	381	396
	382	395
.PEN_UP
.PEN_DOWN
	407	402
	406	405
	405	406
	404	407
	403	408
	402	408
	401	408
	400	408
	399	408
	399	407
	397	405
	396	404
	395	402
	395	400
	395	398
	395	396
	395	394
	395	392
	395	390
	396	388
	398	386
	399	384
	401	382
	402	381
	404	381
	405	381
	407	381
	408	381
	410	382
	410	384
	411	385
	412	387
	412	389
	412	391
	412	397
	411	399
	410	401
	409	403
	408	405
	407	406
	406	406
	406	407
	406	406
.PEN_UP
.PEN_DOWN
	428	406
	428	405
	428	404
	429	403
	429	402
	430	400
	431	398
	432	397
	432	395
	432	393
	433	389
	433	387
	433	385
	433	383
	433	382
	433	381
	433	380
	433	379
.PEN_UP
.PEN_DOWN
	422	407
	422	408
	422	409
	423	410
	424	410
	425	410
	427	410
	430	409
	432	409
	435	408
	438	408
	440	407
	443	407
	444	407
	446	407
	449	407
	450	407
	450	408
	450	409
	449	409
.PEN_UP
.PEN_DOWN
	480	402
	480	403
	480	404
	479	404
	479	405
	479	404
	479	403
	479	402
	479	400
	479	398
	480	396
	480	394
	480	389
	480	387
	481	385
	481	384
	481	382
	481	380
	482	379
	482	378
	482	377
.PEN_UP
.PEN_DOWN
	480	391
	481	392
	482	392
	483	393
	484	393
	486	393
	487	393
	489	392
	490	392
	492	392
	494	391
	495	391
	496	391
.PEN_UP
.PEN_DOWN
	497	404
	496	405
	496	406
	496	407
	496	406
	496	405
	496	403
	496	402
	496	399
	496	397
	496	395
	496	393
	496	390
	496	388
	496	384
	496	382
	497	381
	497	380
	497	379
.PEN_UP
.PEN_DOWN
	512	407
	511	407
	510	407
	508	407
	507	406
	505	405
	504	403
	503	402
	502	400
	502	398
	502	396
	502	394
	502	392
	502	390
	503	388
	503	386
	505	384
	507	382
	508	381
	510	381
	512	381
	513	381
	513	382
	514	384
	514	385
	514	387
	514	389
	514	393
	514	396
	513	398
	513	400
	512	402
	511	404
	511	405
	510	407
	510	408
.PEN_UP
.PEN_DOWN
	520	406
	519	407
	518	408
	518	409
	518	410
	519	409
	519	408
	520	407
	521	405
	522	402
	522	401
	523	398
	524	396
	525	394
	525	392
	526	389
	526	387
	528	384
	528	383
	528	382
	529	382
	529	383
	529	384
	529	385
	530	387
	530	392
	530	394
	531	397
	531	399
	531	402
	532	405
	532	407
	533	409
	533	410
	534	410
	534	409
	534	407
	535	406
	535	404
	536	402
	536	399
	537	397
	538	395
	539	393
	541	389
	542	387
	543	386
	543	384
	544	384
	545	384
	546	384
	547	384
	547	385
	548	386
	548	388
	549	390
	549	395
	549	398
	549	401
	549	403
	548	406
	548	408
	548	410
	548	411
	548	412
	548	413
.PEN_UP
.PEN_DOWN
	586	415
	585	415
	584	415
	584	414
	584	413
	584	412
	584	408
	584	406
	584	404
	584	401
	585	399
	585	397
	585	394
	586	392
	586	390
	587	388
	587	386
	588	384
	588	383
.PEN_UP
.PEN_DOWN
	573	414
	574	414
	574	415
	575	415
	576	415
	578	415
	579	415
	581	415
	582	415
	584	415
	585	415
	586	415
	588	415
	589	415
	591	415
	592	415
	594	415
	594	416
	595	416
	595	417
	595	418
	595	419
.PEN_UP
.PEN_DOWN
	616	410
	615	410
	614	410
	612	410
	610	410
	608	410
	607	409
	607	407
	605	405
	605	403
	605	401
	605	399
	605	397
	605	395
	606	393
	608	391
	609	389
	610	387
	611	385
	613	384
	616	383
	617	383
	619	383
	620	383
	621	384
	622	385
	623	387
	623	389
	623	391
	623	394
	623	397
	622	400
	620	405
	619	407
	617	410
	616	411
	615	412
	614	412
.PEN_UP
.PEN_DOWN
	659	408
	659	409
	659	410
	658	411
	658	412
	659	410
	659	409
	660	407
	661	405
	661	402
	662	400
	663	397
	664	394
	664	391
	666	388
	666	386
	667	384
	669	380
	670	378
	671	377
	671	376
	672	376
	672	377
	673	378
	673	379
	673	383
	673	385
	673	388
	673	391
	673	394
	673	397
	673	400
	673	402
	673	404
	673	405
	673	407
	673	408
	674	408
	674	407
	675	406
	675	404
	676	402
	676	400
	677	397
	678	392
	678	390
	679	388
	680	386
	681	385
	682	384
	683	383
	684	383
	685	383
	686	384
	686	387
	687	389
	687	391
	688	393
	688	396
	688	399
	688	401
	688	403
	689	406
	689	408
	689	410
	689	411
	690	413
.PEN_UP
.PEN_DOWN
	704	398
	702	398
	700	397
	700	396
	699	394
	699	393
	699	391
	698	389
	698	385
	698	384
	699	383
	699	381
	699	380
	700	380
	700	381
	701	384
	701	386
	702	388
	702	391
	702	394
	702	397
	702	401
	703	404
	703	407
	704	410
	704	412
	705	414
	705	416
	705	417
	706	418
	707	418
	708	418
	709	417
	710	416
	711	414
	712	410
	714	408
	714	406
	715	403
	716	401
	717	398
	718	396
	718	393
	719	391
	719	388
	720	386
	720	384
	721	381
	722	380
	722	379
	722	378
	723	377
.PEN_UP
.PEN_DOWN
	707	394
	706	395
	706	396
	707	396
	709	396
	710	396
	712	395
	714	395
	717	395
	720	394
	722	394
	724	393
	726	393
	727	393
.PEN_UP
.PEN_DOWN
	736	414
	736	415
	736	416
	736	415
	735	412
	735	410
	735	408
	735	406
	735	403
	735	401
	735	399
	735	397
	735	395
	735	393
	735	391
	735	388
	735	387
	735	386
	735	385
	736	386
	737	387
	738	388
	739	388
	741	388
	742	388
	744	388
	746	388
	747	388
	749	388
	750	387
	751	387
	753	386
	754	385
	755	384
	756	384
.PEN_UP
.PEN_DOWN
	765	411
	764	411
	764	412
	764	411
	764	410
	764	408
	764	406
	764	403
	764	401
	764	399
	764	395
	764	393
	764	391
	764	389
	764	387
	764	385
	764	384
	764	383
	765	382
	765	381
.PEN_UP
.PEN_DOWN
	755	410
	754	411
	753	411
	753	412
	754	412
	755	412
	756	412
	758	412
	760	412
	763	411
	766	411
	769	411
	774	410
	776	410
	778	410
	779	411
	780	411
	781	411
	782	411
	782	412
	782	413
	781	413
	781	414
	780	414
.PEN_UP
.PEN_DOWN
	789	413
	790	413
	791	414
	792	414
	793	414
	795	414
	799	413
	801	413
	802	412
	805	412
	806	411
	808	411
	809	411
	810	410
	811	410
	811	409
	810	408
	810	407
	808	405
	806	404
	804	402
	802	401
	800	399
	798	398
	796	396
	794	394
	793	393
	790	389
	789	388
	789	387
	789	386
	789	385
	790	384
	791	383
	792	383
	793	382
	795	382
	798	381
	800	381
	804	381
	806	382
	808	382
	810	383
	811	383
	812	384
	813	384
	814	384
	815	384
.PEN_UP
.PEN_DOWN
	792	403
	791	404
	791	405
	793	405
	794	405
	796	405
	799	405
	803	404
	806	403
	810	402
	813	402
	818	402
	820	402
	822	402
	824	402
	825	402
	826	402
	826	403
	826	404
	826	405
.PEN_UP
