
.WRITER_ID PaulArnao
.STYLE PRINTED
.PEN_DOWN
	73	390
	73	391
	72	391
	72	392
	72	391
	72	390
	72	389
	73	388
	73	386
	73	385
	73	384
	73	383
	73	380
	73	379
	73	378
	73	377
	73	376
	73	375
	73	374
	72	374
	71	374
	70	374
	69	375
	68	375
	67	376
	66	376
	65	377
	64	377
	64	378
	63	378
	62	379
	61	380
	60	380
	61	380
	61	379
.PEN_UP
.PEN_DOWN
	67	400
	66	401
	65	402
	64	403
	64	404
	65	404
	65	403
	66	403
	66	402
	67	402
.PEN_UP
.PEN_DOWN
	84	398
	83	398
	81	398
	81	399
	80	399
	79	399
	79	398
	78	397
	78	396
	78	395
	78	394
	78	393
	78	392
	78	391
	79	389
	80	388
	80	387
	81	387
	82	387
	83	386
	84	386
	85	386
	86	387
	87	388
	87	390
	87	391
	87	393
	86	394
	86	395
	85	395
	85	396
	84	397
	84	398
	83	398
.PEN_UP
.PEN_DOWN
	91	395
	90	396
	90	395
	91	394
	91	393
	92	391
	93	390
	94	389
	94	388
	94	387
	95	386
	96	386
	96	387
	96	388
	97	389
	97	390
	97	391
	97	392
	97	394
	97	395
	97	396
	97	397
	98	398
	98	399
.PEN_UP
.PEN_DOWN
	105	396
	104	396
	104	395
	104	394
	104	393
	104	392
	105	391
	106	390
	106	389
	107	389
	107	388
	108	388
	108	389
	108	390
	108	392
	108	393
	108	395
	108	396
	108	397
	108	398
	108	399
	108	400
	108	401
	109	401
.PEN_UP
.PEN_DOWN
	120	396
	119	396
	119	395
	119	394
	119	393
	119	392
	120	391
	120	390
	121	389
	121	388
	122	388
	122	387
	122	388
	122	390
	122	391
	122	392
	122	393
	122	394
	122	395
	122	397
	123	398
	123	399
	124	399
	125	399
	126	399
	126	398
	127	397
	127	396
	128	395
	128	394
	129	393
	129	392
	130	392
	130	390
	131	389
.PEN_UP
.PEN_DOWN
	137	390
	138	390
	138	389
	139	389
	140	389
	140	388
	141	388
	142	388
	143	388
	144	388
	145	388
	145	389
	146	389
	146	390
	147	390
	147	391
	147	392
	147	393
	146	394
	145	395
	144	396
	143	396
	142	397
	141	397
	140	397
	140	396
	139	395
	139	394
	139	393
	139	392
	139	391
	139	389
	140	388
	141	388
	142	387
	143	387
	144	386
	145	386
	146	386
	147	386
	148	386
	149	385
.PEN_UP
.PEN_DOWN
	151	392
	152	391
	152	390
	153	389
	154	388
	154	387
	156	386
.PEN_UP
.PEN_DOWN
	159	394
	159	393
	159	392
	159	391
	159	388
	159	387
	159	386
	159	385
	159	384
	158	382
	158	381
	157	380
	157	378
	156	377
	155	376
	154	375
	153	374
	152	374
	151	374
	150	374
.PEN_UP
.PEN_DOWN
	173	394
	172	395
	171	395
	170	395
	169	395
	169	394
	169	393
	169	392
	170	391
	171	390
	172	389
	173	389
	174	388
	175	387
	176	386
	176	385
	176	384
	175	384
	174	384
	173	384
	172	384
	171	384
	169	384
	168	384
	167	384
	166	384
	165	384
	165	383
.PEN_UP
.PEN_DOWN
	204	414
	204	415
	203	416
	203	417
	203	416
	203	415
	202	414
	202	413
	202	410
	202	409
	202	407
	202	405
	202	403
	202	400
	202	398
	202	396
	203	395
	203	393
	203	392
	203	391
	203	389
	203	388
	203	389
	203	390
	203	392
	203	393
	204	394
	204	395
	204	396
	204	397
	204	398
	204	399
	205	399
	205	400
	206	400
	207	400
	208	399
	208	398
	209	397
	210	397
	211	395
	212	394
	212	393
	213	391
	213	390
	213	389
	213	388
	213	387
	214	387
	214	386
.PEN_UP
.PEN_DOWN
	218	393
	218	392
	218	391
	218	390
	218	389
	217	388
	217	387
	218	386
	218	385
	219	385
.PEN_UP
.PEN_DOWN
	221	398
	220	399
	219	400
	218	401
	217	402
	217	403
	218	403
.PEN_UP
.PEN_DOWN
	234	414
	234	415
	235	415
	235	414
	236	413
	236	411
	237	409
	237	407
	237	405
	237	404
	237	402
	237	400
	237	398
	237	397
	237	395
	237	394
	237	393
	237	391
	237	390
	238	390
	238	391
	237	394
	237	395
	236	396
	235	397
	234	397
	233	398
	232	399
	231	399
	229	399
	228	399
	227	398
	225	396
	225	395
	225	394
	225	392
	225	391
	225	390
	226	389
	227	388
	228	388
	230	387
	231	386
	233	386
	236	386
	237	386
	239	386
	240	387
.PEN_UP
.PEN_DOWN
	249	419
	249	420
	249	419
	249	418
	249	416
	249	415
	250	410
	250	408
	251	406
	251	404
	252	402
	252	400
	252	398
	252	396
	253	395
	253	394
	253	393
	253	392
	253	391
	253	392
	253	393
	253	394
	252	395
	252	397
	251	399
	250	400
	249	401
	249	402
	248	402
	247	402
	246	401
	245	401
	244	400
	243	399
	243	397
	243	395
	243	394
	243	393
	243	392
	244	391
	245	390
	246	389
	247	389
	248	388
	249	388
	252	388
	253	388
	254	388
.PEN_UP
.PEN_DOWN
	256	394
	257	393
	258	392
	259	392
	260	392
	261	393
	262	393
	263	393
	264	393
	265	394
	266	395
	266	396
	266	397
	266	398
	266	399
	265	399
	264	399
	262	399
	261	399
	260	398
	259	398
	259	397
	258	396
	258	395
	258	394
	258	393
	258	392
	258	391
	260	390
	260	389
	261	388
	263	388
.PEN_UP
.PEN_DOWN
	271	396
	271	395
	271	394
	271	393
	271	392
	271	391
	272	389
	273	388
	273	389
	273	390
	273	391
	273	393
	273	394
	274	395
	274	397
	275	398
	275	399
	275	400
	276	401
	276	402
	277	402
	278	401
	279	400
	280	399
	280	398
	280	397
	281	396
	281	395
	281	394
	281	393
	282	392
	282	391
	282	390
	282	389
	282	388
	283	388
.PEN_UP
.PEN_DOWN
	306	428
	306	427
	306	426
	306	424
	306	422
	306	419
	306	414
	306	412
	306	409
	306	407
	306	404
	307	403
	307	401
	307	400
	307	398
	307	397
	307	396
	307	395
	307	396
	307	397
	307	398
	307	400
	307	401
	307	403
	307	406
	307	407
	307	409
	308	410
	308	411
	309	411
	310	411
	311	411
	313	410
	315	409
	316	408
	317	407
	318	406
	320	405
	321	403
	321	402
	322	401
	322	400
	322	399
	320	397
	319	397
	318	397
	316	397
	314	397
	312	397
	310	397
	309	397
	307	397
	305	397
	304	397
	303	397
.PEN_UP
.PEN_DOWN
	326	403
	325	404
	326	403
	326	402
	327	401
	328	400
	329	399
	330	398
	331	397
	333	396
	334	395
	335	395
	337	395
.PEN_UP
.PEN_DOWN
	339	405
	339	406
	339	405
	340	405
	340	404
	340	403
	341	400
	341	398
	341	397
	341	395
	341	393
	340	391
	339	390
	338	388
	337	386
	335	385
	334	384
	332	383
	329	382
	327	381
	326	381
	325	381
.PEN_UP
.PEN_DOWN
	380	403
	380	404
	379	405
	379	406
	378	406
	378	407
	376	408
	376	409
	375	409
	374	409
	373	409
	372	409
	371	409
	370	409
	370	408
	369	407
	368	405
	368	404
	368	402
	368	401
	368	400
	368	399
	369	398
	370	397
	371	397
	372	396
	373	396
	374	396
	376	396
	377	397
	378	397
	379	398
	379	399
	380	400
	381	401
	381	402
	381	403
	381	404
	381	405
	381	407
	380	407
	379	407
	378	406
	377	405
	376	404
	375	402
	374	401
	373	399
	372	395
	372	392
	371	391
	371	388
	371	386
	371	384
	372	383
	372	381
	373	380
	374	379
	375	378
	377	378
	378	378
	379	378
	380	379
	381	380
	382	381
	382	382
	383	384
	383	386
	383	387
	383	390
	382	393
	381	395
	380	396
	379	398
	378	399
	377	400
	376	400
.PEN_UP
.PEN_DOWN
	391	405
	391	404
	391	402
	391	401
	391	399
	391	398
	392	397
	392	396
	393	395
	394	394
	395	394
	396	394
	397	395
	398	396
	399	397
	399	398
	400	400
	400	401
	400	402
	400	404
	400	405
	400	406
	400	407
.PEN_UP
.PEN_DOWN
	406	406
	407	406
	406	406
	406	405
	406	404
	406	403
	407	402
	407	401
	407	400
	407	398
	407	397
	408	396
	408	395
	409	395
	410	395
.PEN_UP
.PEN_DOWN
	408	413
	407	413
	406	414
	407	413
.PEN_UP
.PEN_DOWN
	417	404
	418	404
	418	405
	419	405
	420	405
	422	405
	423	405
	424	405
	425	405
	426	405
	426	406
	427	406
	427	407
	427	408
	426	409
	425	409
	424	409
	423	410
	422	410
	421	410
	420	410
	417	410
	416	409
	415	409
	414	409
	413	408
	412	407
	412	406
	411	405
	411	404
	411	402
	412	401
	414	399
	415	398
	417	398
	419	397
	420	397
	422	397
	424	397
	425	397
	427	397
	428	397
	430	398
.PEN_UP
.PEN_DOWN
	441	429
	441	430
	440	431
	440	432
	439	432
	438	432
	437	432
	437	431
	436	429
	436	427
	436	425
	436	422
	437	420
	437	417
	439	412
	439	410
	439	408
	440	406
	440	404
	441	402
	441	401
	441	400
	441	399
	442	398
	442	397
	442	396
.PEN_UP
.PEN_DOWN
	428	416
	429	416
	430	415
	431	415
	434	415
	436	414
	438	413
	441	413
	443	413
	445	413
	447	412
	448	412
	449	412
	451	412
	451	411
.PEN_UP
.PEN_DOWN
	472	407
	472	408
	473	408
	473	409
	474	409
	474	410
	475	410
	477	410
	478	410
	479	410
	480	410
	481	410
	482	410
	483	409
	483	408
	482	407
	481	406
	480	405
	479	404
	478	403
	476	402
	475	401
	474	400
	473	399
	472	399
	471	398
	471	397
	470	396
	470	395
	471	395
	472	394
	473	394
	473	393
	474	393
	476	393
	477	392
	479	392
	481	392
	482	392
	484	392
	485	392
	486	392
.PEN_UP
.PEN_DOWN
	492	404
	492	405
	493	405
	493	404
	494	404
	495	404
	496	404
	497	404
	498	404
	498	405
	499	405
	500	405
	500	406
	500	407
	500	408
	500	409
	499	410
	498	410
	497	410
	496	410
	495	410
	494	410
	493	409
	492	408
	491	407
	491	406
	491	405
	491	404
	491	403
	491	402
	491	401
	492	401
	492	400
	494	399
	495	399
	496	399
	497	399
	499	399
	500	399
.PEN_UP
.PEN_DOWN
	507	408
	507	409
	507	410
	507	411
	508	411
	508	412
	509	412
	510	412
	511	412
	512	412
	512	411
	513	411
	513	410
	513	409
	513	408
	513	407
	513	406
	512	407
	511	407
	510	408
	509	408
	508	408
	507	408
	506	408
	505	408
	504	407
	503	406
	502	406
	501	404
	501	403
	501	402
	501	401
	501	400
	502	400
	503	400
	505	400
	506	400
	507	400
	508	401
	509	401
	510	402
	511	403
	511	404
	511	405
	510	405
	510	404
	510	403
	510	402
	510	401
	510	400
	511	399
	512	398
	513	398
.PEN_UP
.PEN_DOWN
	520	426
	520	427
	519	428
	519	427
	518	426
	518	425
	518	423
	518	421
	518	419
	517	418
	517	413
	517	412
	517	410
	517	408
	517	407
	517	405
	517	404
	517	403
	517	402
	517	401
.PEN_UP
