
.WRITER_ID PaulArnao
.STYLE PRINTED
.PEN_DOWN
	90	415
	90	416
	89	415
	88	414
	87	412
	86	410
	85	408
	84	406
	83	404
	82	402
	81	400
	81	398
	80	396
	79	394
	78	391
	78	390
	78	388
	77	387
	77	386
	78	387
	78	388
	79	390
	79	391
	80	393
	81	395
	82	396
	83	398
	84	400
	84	403
	85	404
	86	407
	87	410
	87	412
	88	413
	88	414
	89	416
	89	417
	89	418
	90	419
	90	420
	90	421
	90	422
	91	422
	92	422
	93	422
	93	421
	93	420
	94	419
	94	417
	94	416
	95	412
	95	410
	95	408
	95	406
	96	404
	96	402
	96	400
	96	398
	97	396
	97	395
	97	393
	97	392
	98	390
	98	389
	98	388
	98	387
	98	386
.PEN_UP
.PEN_DOWN
	81	399
	80	399
	80	400
	81	400
	83	400
	85	400
	87	400
	89	400
	91	400
	93	400
	95	400
	97	400
.PEN_UP
.PEN_DOWN
	134	417
	133	417
	132	417
	131	417
	130	417
	130	416
	128	415
	127	414
	126	413
	125	412
	124	411
	124	410
	123	408
	122	407
	122	405
	121	404
	121	403
	121	400
	121	399
	122	397
	123	396
	123	395
	124	394
	125	393
	127	392
	128	391
	130	391
	131	391
	135	391
	136	391
	138	392
	140	392
	141	393
	142	394
	142	395
	143	396
	143	397
	143	399
	143	400
	143	401
	141	405
	140	407
	139	409
	137	410
	136	412
	135	413
	133	414
	132	415
	131	416
	130	417
	129	417
	128	417
.PEN_UP
.PEN_DOWN
	135	397
	135	396
	135	395
	136	394
	136	393
	137	392
	138	391
	139	390
	140	389
	140	388
	141	387
	142	387
	143	386
	143	385
	144	385
	145	384
	146	384
.PEN_UP
.PEN_DOWN
	155	411
	154	411
	153	411
	153	410
	153	409
	154	409
	154	407
	154	406
	154	405
	154	404
	154	402
	155	401
	155	400
	155	398
	156	397
	156	395
	156	394
	157	392
	158	391
	159	390
	160	390
	161	390
	162	390
	163	390
	164	391
	165	391
	165	392
	166	394
	167	396
	167	397
	167	399
	167	401
	167	403
	167	405
	167	407
	166	409
	166	410
	166	411
	165	412
	165	414
	164	414
.PEN_UP
.PEN_DOWN
	184	410
	184	411
	184	410
	184	409
	184	408
	184	407
	184	406
	184	404
	184	403
	184	402
	184	401
	183	399
	183	398
	183	396
	183	395
	183	393
	183	391
	183	390
	183	389
	183	388
	184	387
	184	386
	185	385
.PEN_UP
.PEN_DOWN
	212	408
	211	408
	210	409
	209	409
	208	409
	207	409
	206	409
	204	409
	203	409
	202	409
	201	409
	201	408
	200	408
	200	407
	199	406
	199	405
	198	404
	198	403
	198	400
	198	398
	198	397
	199	395
	200	394
	201	393
	202	392
	203	391
	204	390
	205	389
	207	389
.PEN_UP
.PEN_DOWN
	219	415
	218	415
	218	414
	218	413
	218	411
	218	408
	218	406
	218	404
	218	402
	219	400
	219	398
	219	396
	219	395
	219	394
	220	392
	220	391
	220	390
	220	388
.PEN_UP
.PEN_DOWN
	235	407
	235	406
	234	405
	233	405
	232	404
	231	404
	230	404
	228	403
	227	402
	225	402
	224	401
	223	401
	222	400
	221	400
	220	400
	219	400
	219	399
	218	399
	218	398
	218	397
	219	396
	220	396
	221	395
	222	395
	224	394
	225	394
	228	393
	230	392
	231	392
	232	391
	234	391
	235	391
	235	390
	236	390
	237	390
	237	389
	237	388
.PEN_UP
.PEN_DOWN
	266	396
	266	394
	266	393
	266	392
	266	391
	267	390
	267	389
	268	389
	268	388
	269	388
	269	389
	269	390
	269	391
	269	392
	268	393
	268	395
	267	396
	267	398
	266	401
	266	403
	266	404
	266	406
	266	407
	266	408
	266	409
	266	410
	266	411
	267	411
	267	412
	268	412
	270	413
	271	413
	272	413
	273	413
	275	413
	276	412
	277	412
	278	411
	279	411
	279	410
	279	409
	279	408
	278	408
	277	407
	276	406
	275	406
	273	405
	272	404
	271	404
	270	404
	270	403
	270	402
	271	402
	272	402
	274	401
	275	401
	277	400
	278	400
	279	399
	280	399
	280	398
	281	397
	282	397
	282	396
	282	395
	282	394
	281	393
	281	392
	280	391
	279	391
	278	391
	277	390
	275	390
	274	389
	272	389
	271	389
	270	389
	268	389
	267	389
	266	389
.PEN_UP
.PEN_DOWN
	289	406
	289	405
	290	404
	290	403
	290	402
	290	400
	290	399
	290	397
	290	395
	290	394
	290	392
	290	391
	290	389
	290	388
	290	387
	289	387
	288	388
	288	389
	288	390
	288	392
	288	394
	289	396
	289	398
	289	400
	289	402
	290	404
	291	406
	291	408
	292	410
	293	411
	293	412
	295	413
	295	414
	296	414
	297	414
	298	414
	299	414
	300	414
	301	413
	302	412
	303	412
	304	411
	304	409
	304	408
	304	406
	303	406
	303	405
	302	404
	301	403
	299	403
	298	402
	297	401
	294	400
	293	400
	292	400
	291	399
	291	398
	292	397
	293	396
	295	395
	296	395
	298	394
	299	393
	300	393
	301	392
	303	392
	304	391
	305	391
	306	391
	306	390
	307	390
.PEN_UP
.PEN_DOWN
	318	406
	317	408
	317	409
	316	410
	316	411
	315	413
	314	414
	313	415
	312	415
	311	415
	310	415
	309	414
	308	414
	307	413
	306	410
	305	409
	305	407
	305	406
	305	404
	305	402
	305	400
	305	399
	306	397
	307	396
	309	395
	312	392
	314	392
	315	391
	317	391
	318	391
	320	391
	321	391
	322	392
	322	393
	323	394
	323	395
	323	397
	323	400
	323	402
	322	404
	321	406
	320	408
	320	409
	318	410
	318	411
	317	412
	316	413
.PEN_UP
.PEN_DOWN
	329	410
	328	411
	327	412
	327	413
	327	412
	327	411
	327	409
	328	408
	328	407
	328	405
	328	403
	329	399
	329	398
	329	396
	330	395
	330	393
	331	392
	331	391
	332	390
	332	389
	333	389
	334	389
	335	390
	335	391
	336	392
	337	394
	337	395
	338	397
	338	399
	338	401
	339	404
	340	406
	341	410
	341	411
	341	412
	341	413
	341	412
	341	409
	341	407
	341	406
	341	404
	342	402
	342	401
	343	399
	343	397
	344	396
	344	395
	345	394
	346	393
	347	391
	348	391
	349	391
	350	392
	350	393
	351	394
	351	395
	352	396
	352	397
	353	399
	353	401
	354	405
	354	407
	354	409
	354	411
	354	413
	354	414
	354	415
	354	416
	355	416
.PEN_UP
.PEN_DOWN
	367	410
	367	411
	367	412
	367	411
	366	409
	366	408
	365	407
	365	406
	364	404
	364	403
	363	401
	363	400
	363	399
	363	397
	363	396
	363	395
	363	393
	363	394
	364	395
	364	396
	365	398
	365	400
	366	401
	366	403
	367	405
	367	407
	367	409
	368	410
	368	412
	368	413
	368	415
	368	416
	369	417
	369	418
	369	417
	369	416
	370	415
	371	413
	371	412
	372	408
	372	406
	372	404
	373	403
	373	400
	374	399
	375	397
	376	395
	376	393
	377	392
	378	391
	378	390
	380	390
	381	390
	382	390
	382	391
	383	393
	383	394
	384	396
	384	398
	385	400
	385	405
	385	407
	385	410
	385	412
	384	413
	384	415
	384	416
	384	418
	383	418
	384	417
.PEN_UP
.PEN_DOWN
	418	412
	418	413
	418	414
	418	415
	418	414
	419	413
	419	412
	419	410
	419	406
	419	404
	419	403
	419	400
	419	399
	419	397
	419	395
	419	393
	419	391
	419	390
	419	388
	419	387
	419	385
	419	384
	419	383
	420	383
.PEN_UP
.PEN_DOWN
	418	409
	419	409
	419	410
	419	411
	420	412
	421	412
	422	413
	423	413
	425	413
	426	413
	428	413
	429	413
	431	413
	433	413
	435	412
	436	412
	437	412
	439	412
.PEN_UP
.PEN_DOWN
	420	398
	421	398
	422	398
	422	399
	423	399
	425	399
	426	399
.PEN_UP
.PEN_DOWN
	445	408
	444	409
	443	409
	442	410
	441	410
	440	410
	439	410
	437	410
	436	410
	435	409
	434	407
	433	406
	433	404
	433	402
	433	400
	433	398
	433	396
	433	394
	434	392
	436	389
	438	387
	439	386
	441	385
	442	384
	444	384
	445	384
	446	384
	448	384
	448	385
	450	386
	450	389
	450	391
	450	393
	450	395
	450	398
	449	400
	448	402
	447	404
	446	406
	445	407
	444	408
	444	409
	442	410
.PEN_UP
.PEN_DOWN
	455	410
	454	411
	455	411
	455	410
	456	409
	457	407
	458	406
	459	404
	460	403
	463	400
	464	398
	465	396
	467	394
	468	392
	469	391
	470	389
	471	387
	472	386
	472	384
	473	383
	474	382
	475	381
.PEN_UP
.PEN_DOWN
	475	407
	475	408
	474	409
	474	410
	473	410
	472	411
	471	412
	470	412
	469	411
	469	410
	468	409
	467	409
	466	407
	465	406
	464	404
	463	403
	460	399
	459	397
	457	395
	456	394
	456	392
	455	391
	455	390
	455	389
	455	388
	455	386
	456	386
.PEN_UP
.PEN_DOWN
	520	409
	520	410
	520	411
	520	410
	520	409
	520	408
	520	407
	521	405
	521	404
	521	402
	522	400
	522	399
	522	397
	522	395
	522	393
	522	389
	522	388
	522	386
	521	385
	521	384
	521	383
	520	382
	519	382
	518	382
	517	382
	516	383
	515	383
	513	384
	512	385
	509	386
	508	387
	506	389
	506	390
	506	391
	505	391
	505	392
	506	392
.PEN_UP
.PEN_DOWN
	511	409
	511	410
	511	412
	511	413
	512	413
	513	413
	514	413
	516	413
	518	413
	520	413
	522	412
	524	412
	526	411
	531	410
	532	410
	534	410
	535	409
	536	409
.PEN_UP
.PEN_DOWN
	540	409
	539	409
	537	408
	536	407
	536	406
	535	405
	534	404
	534	402
	534	400
	534	399
	534	397
	535	395
	536	393
	537	391
	539	388
	540	387
	541	386
	542	386
	543	386
	544	386
	545	386
	546	386
	547	387
	548	388
	548	389
	549	391
	550	395
	550	397
	551	400
	551	402
	551	404
	551	407
	551	409
	551	410
	551	411
	552	412
	552	413
.PEN_UP
.PEN_DOWN
	562	406
	561	406
	560	406
	560	405
	559	404
	559	403
	559	402
	559	399
	559	397
	559	395
	559	394
	560	392
	560	391
	560	390
	560	389
	561	388
	561	387
	561	388
	562	389
	562	391
	562	392
	562	394
	562	395
	562	397
	562	400
	563	402
	563	404
	563	406
	565	409
	565	411
	566	411
	566	412
	567	412
	568	412
	569	411
	570	410
	570	409
	571	406
	571	404
	572	403
	572	401
	573	399
	573	397
	573	395
	573	393
	573	392
	573	391
	573	389
	573	388
	573	389
	573	390
	573	391
	573	393
	573	394
	573	396
	574	397
	575	401
	575	403
	575	404
	576	406
	577	407
	577	408
	578	409
	579	409
	579	410
	580	410
	581	410
	582	410
	583	409
	584	409
	585	408
	586	406
	586	405
	587	404
	587	403
	587	401
	587	400
	587	398
	587	395
	587	393
	587	392
	587	391
	587	390
	587	388
	588	387
	588	386
.PEN_UP
.PEN_DOWN
	600	407
	600	406
	600	405
	599	404
	599	402
	599	401
	599	399
	599	397
	599	395
	599	393
	600	391
	600	388
	600	387
	601	386
	601	385
	601	386
	601	387
	601	389
	601	393
	601	395
	601	398
	601	401
	601	404
	601	407
	601	409
	601	412
	601	414
	601	416
	601	418
	602	419
	603	419
	604	418
	606	417
	607	415
	609	414
	610	412
	611	410
	613	409
	614	407
	615	404
	616	402
	616	401
	616	400
	616	399
	615	399
	614	399
	613	399
	611	399
	610	399
	608	399
	604	401
	603	401
	602	402
	601	403
.PEN_UP
.PEN_DOWN
	641	409
	641	410
	640	411
	639	412
	638	413
	635	415
	634	416
	632	416
	631	416
	629	416
	628	416
	627	416
	626	415
	626	414
	626	413
	626	411
	627	410
	628	409
	629	407
	631	406
	632	404
	634	403
	636	401
	638	400
	640	399
	641	398
	642	396
	643	394
	643	393
	643	392
	641	392
	640	392
	639	392
	637	392
	635	392
	633	392
	629	393
	627	393
	626	394
	625	394
	624	394
	623	394
	623	393
	624	392
.PEN_UP
