
.WRITER_ID PaulArnao
.STYLE PRINTED
.PEN_DOWN
	86	408
	86	409
	85	409
	85	410
	84	410
	84	411
	83	411
	83	412
	82	412
	81	412
	80	411
	79	411
	78	411
	78	410
	77	410
	75	408
	74	407
	73	405
	72	404
	71	402
	70	400
	69	399
	69	396
	69	395
	69	392
	69	391
	69	387
	70	385
	71	384
	72	382
	74	381
	75	381
	77	381
	79	381
	82	381
	84	381
	86	382
	88	383
	92	386
	94	387
	95	389
	96	390
	96	392
	96	394
	96	396
	95	398
	94	400
	93	403
	91	405
	90	407
	86	410
	84	412
	83	413
	81	414
	80	415
	79	415
.PEN_UP
.PEN_DOWN
	110	414
	110	415
	110	414
	110	413
	111	412
	111	410
	111	409
	112	407
	112	405
	113	403
	113	401
	114	397
	114	395
	114	393
	115	391
	115	390
	115	388
	115	387
	115	386
	115	385
	115	384
.PEN_UP
.PEN_DOWN
	111	410
	111	411
	111	412
	111	413
	111	414
	112	415
	112	416
	113	417
	114	418
	115	418
	117	419
	120	420
	122	420
	124	420
	125	420
	126	420
.PEN_UP
.PEN_DOWN
	115	398
	115	397
	116	397
	117	398
	118	398
	119	399
	121	399
	122	400
	123	400
	124	400
	125	401
	126	401
	128	401
	129	401
	130	401
	131	401
.PEN_UP
.PEN_DOWN
	169	410
	169	411
	169	412
	168	413
	169	411
	169	409
	169	408
	170	405
	170	403
	170	400
	171	398
	171	395
	172	391
	173	389
	173	387
	173	386
	173	384
	174	383
	174	382
	174	383
	173	384
	173	385
	172	387
	171	389
	171	391
	170	394
	170	396
	169	399
	169	402
	168	405
	168	408
	168	413
	168	415
	168	417
	168	419
	169	420
	169	421
	170	422
	171	423
	172	423
	174	423
	175	423
	177	423
	180	423
	182	422
	183	421
	185	419
	186	418
	186	417
	187	415
	187	413
	187	411
	187	409
	186	408
	185	407
	182	405
	180	404
	178	403
	176	403
	174	402
	172	402
	170	402
	169	402
	168	402
	167	402
	167	403
.PEN_UP
.PEN_DOWN
	204	423
	204	424
	204	425
	204	424
	205	422
	205	421
	205	419
	206	415
	207	413
	207	410
	208	408
	208	406
	209	404
	209	401
	209	399
	210	397
	210	395
	210	393
	210	392
	210	390
	210	389
	211	388
	211	387
.PEN_UP
.PEN_DOWN
	228	422
	227	422
	227	421
	227	420
	227	419
	227	415
	228	413
	228	411
	229	409
	229	406
	230	404
	230	402
	230	400
	231	399
	231	397
	231	396
	231	394
	231	393
	230	393
	230	394
	230	395
	230	396
	230	398
	230	402
	230	404
	230	407
	230	409
	230	412
	230	414
	230	417
	230	420
	231	422
	231	424
	231	426
	231	427
	231	428
	232	428
	232	427
	233	426
	233	424
	234	422
	235	418
	236	415
	237	413
	237	411
	238	409
	239	406
	240	404
	240	402
	241	400
	242	398
	243	397
	244	395
	246	393
	247	392
	249	391
	250	391
	251	391
	252	391
	252	392
	253	393
	253	395
	253	396
	253	401
	253	403
	253	406
	253	409
	253	412
	252	415
	252	418
	251	420
	250	423
	250	425
	249	426
	249	428
	250	428
.PEN_UP
.PEN_DOWN
	288	425
	288	426
	287	427
	286	427
	285	427
	284	427
	283	427
	282	427
	281	427
	280	427
	278	427
	277	427
	276	427
	275	427
	274	426
	273	426
	272	426
	271	426
	271	425
	271	424
	272	424
	272	423
	273	421
	273	420
	273	419
	273	417
	274	416
	275	414
	275	412
	275	410
	275	409
	275	407
	275	405
	275	403
	275	400
	275	398
	275	396
	275	395
	275	394
	275	393
	274	392
	274	391
	275	391
	275	392
	276	393
	277	393
	277	394
	278	394
	279	394
	281	395
	282	395
	283	395
	284	395
	286	395
	287	394
	288	394
	289	394
	290	393
	291	393
	292	393
	293	392
	294	392
	294	391
.PEN_UP
.PEN_DOWN
	274	405
	274	406
	273	406
	273	407
	273	408
	274	408
	275	408
	277	408
	279	408
	281	408
	283	408
	287	408
	288	408
	289	408
	290	408
.PEN_UP
.PEN_DOWN
	327	427
	327	428
	327	429
	327	428
	328	427
	328	426
	329	424
	329	422
	330	419
	330	417
	331	414
	331	412
	332	409
	332	407
	332	405
	333	402
	334	401
	334	400
	335	399
	335	398
	335	399
	335	400
	335	401
	335	403
	335	404
	335	406
	336	408
	336	410
	336	412
	336	414
	337	417
	337	419
	338	424
	338	425
	338	427
	338	428
	339	428
	339	427
	340	426
	340	425
	341	421
	342	418
	342	415
	343	412
	343	409
	344	407
	344	405
	345	403
	346	401
	347	400
	348	398
	350	396
	351	396
	352	396
	353	397
	354	398
	354	400
	355	402
	355	404
	355	406
	355	409
	355	414
	355	417
	354	419
	354	422
	354	423
	353	425
	353	427
	352	428
	352	429
.PEN_UP
.PEN_DOWN
	369	420
	368	421
	368	422
	367	422
	366	421
	366	418
	365	416
	365	414
	365	412
	365	409
	365	407
	365	405
	365	403
	365	402
	365	400
	365	399
	365	398
	365	396
	365	397
	365	398
	365	400
	366	401
	366	403
	366	405
	366	407
	366	412
	366	415
	366	418
	366	421
	366	424
	366	427
	366	429
	366	431
	366	432
	366	433
	367	433
	368	433
	369	432
	369	431
	370	430
	371	428
	372	426
	373	424
	373	422
	375	418
	376	415
	376	413
	377	410
	378	409
	379	406
	380	404
	380	403
	382	401
	382	400
	383	398
	383	397
	384	395
.PEN_UP
.PEN_DOWN
	364	408
	365	408
	366	408
	368	408
	369	408
	371	408
	372	408
	374	408
.PEN_UP
.PEN_DOWN
	392	426
	393	425
	393	424
	394	423
	395	422
	397	420
	398	418
	400	416
	401	414
	403	412
	405	410
	406	409
	407	407
	410	404
	411	403
	413	402
.PEN_UP
.PEN_DOWN
	412	427
	412	428
	412	429
	411	429
	410	429
	409	428
	407	427
	406	426
	403	421
	402	419
	401	416
	399	413
	397	411
	396	409
	395	407
	395	405
	394	403
	394	402
	394	400
.PEN_UP
.PEN_DOWN
	468	427
	468	426
	468	424
	468	422
	469	418
	469	414
	469	412
	470	409
	470	407
	471	404
	471	402
	471	400
	472	397
	472	395
	472	394
	472	392
.PEN_UP
.PEN_DOWN
	452	431
	453	431
	454	431
	455	432
	456	432
	457	432
	458	433
	461	434
	464	434
	467	435
	470	435
	473	436
	475	436
	478	436
	480	436
	482	436
	485	436
	486	437
	488	437
	490	437
	491	437
	490	438
.PEN_UP
.PEN_DOWN
	516	431
	516	432
	515	433
	515	434
	514	434
	514	435
	513	436
	511	436
	510	436
	509	436
	509	435
	508	435
	508	433
	507	432
	506	430
	504	427
	504	425
	503	422
	502	415
	502	412
	502	409
	503	407
	503	405
	505	403
	506	401
	508	399
	509	398
	511	397
	513	397
	515	397
	518	398
	519	399
	520	401
	521	403
	521	405
	521	408
	521	411
	520	414
	519	418
	518	421
	516	424
	514	427
	511	432
	509	434
	508	435
	507	435
.PEN_UP
.PEN_DOWN
	608	420
	607	420
	606	421
	605	422
	604	424
	603	425
	602	425
	600	425
	599	425
	598	425
	596	425
	594	424
	593	422
	592	420
	591	418
	590	415
	589	413
	589	409
	589	406
	589	404
	589	401
	591	398
	594	394
	596	392
	598	390
	601	389
	603	389
	606	389
	608	389
	610	389
	612	390
	613	391
	614	393
	614	395
	614	400
	614	403
	613	406
	612	410
	610	413
	609	416
	608	419
	606	422
	604	424
	603	426
	601	427
	600	428
.PEN_UP
.PEN_DOWN
	633	419
	632	422
	631	424
	629	426
	628	427
	626	428
	625	428
	624	428
	622	427
	622	425
	621	422
	620	419
	620	416
	620	413
	620	407
	620	404
	620	401
	621	399
	622	396
	623	394
	625	392
	626	391
	628	389
	630	389
	632	389
	634	389
	637	390
	639	391
	640	393
	641	395
	641	398
	641	400
	641	404
	641	407
	640	410
	639	413
	637	417
	636	420
	632	425
	631	426
	630	427
.PEN_UP
.PEN_DOWN
	645	426
	646	426
	647	426
	648	426
	649	427
	651	427
	653	427
	655	427
	658	426
	660	426
	662	426
	667	424
	668	424
	670	423
	671	422
	672	421
	672	420
	672	419
	672	418
	671	417
	671	416
	669	414
	666	412
	664	411
	661	409
	659	409
	657	408
	655	407
	654	406
	652	405
	651	404
	650	403
	649	402
	649	401
	649	400
	650	399
	651	399
	653	398
	655	397
	657	396
	660	396
	662	395
	665	395
	667	395
	670	395
	672	395
	675	395
	676	395
	677	395
	678	395
	678	396
	677	396
.PEN_UP
.PEN_DOWN
	709	426
	709	427
	708	427
	707	427
	706	427
	705	427
	704	427
	701	427
	700	427
	699	427
	697	427
	695	427
	694	427
	693	426
	692	426
	691	426
	690	426
	689	426
	689	425
	689	424
	689	423
	689	422
	690	421
	690	419
	690	418
	690	417
	690	415
	690	413
	690	412
	690	410
	690	408
	690	407
	689	405
	689	404
	689	401
	688	400
	688	399
	688	398
	688	397
	689	397
	689	398
	690	398
	691	398
	692	399
	693	399
	694	399
	695	399
	696	398
	697	398
	699	397
	700	397
	701	396
	702	395
	703	395
	704	394
	705	394
	705	393
.PEN_UP
.PEN_DOWN
	684	413
	685	413
	685	414
	686	414
	687	415
	688	415
	689	415
	690	415
	691	414
	692	414
	695	413
	696	413
	697	413
	698	413
	699	413
	700	413
	701	413
.PEN_UP
