
.WRITER_ID PaulArnao
.STYLE PRINTED
.PEN_DOWN
	70	411
	69	411
	69	412
	69	413
	69	412
	70	412
	70	411
	71	410
	72	407
	73	405
	73	404
	74	402
	74	400
	75	399
	75	397
	75	396
	76	395
	76	394
	77	393
	77	392
	78	392
	78	393
	79	394
	79	395
	80	397
	80	399
	80	401
	80	402
	80	406
	80	408
	80	409
	80	411
	80	412
	80	413
	81	413
.PEN_UP
.PEN_DOWN
	90	403
	90	402
	91	402
	92	402
	93	402
	94	403
	95	403
	96	403
	97	404
	98	404
	99	405
	100	405
	100	406
	100	407
	100	408
	100	409
	98	410
	96	410
	94	410
	93	410
	92	409
	91	409
	90	408
	90	407
	89	406
	89	405
	89	404
	89	402
	89	401
	90	398
	90	397
	91	396
	93	396
	94	396
	96	396
.PEN_UP
.PEN_DOWN
	102	411
	103	410
	103	409
	104	408
	106	405
	107	404
	108	404
	109	403
	110	402
	111	402
	112	401
	113	400
	114	400
	115	399
.PEN_UP
.PEN_DOWN
	114	412
	113	413
	112	413
	111	412
	110	410
	109	409
	108	408
	107	406
	106	404
	106	403
	105	401
	104	398
	104	397
	104	396
	104	395
	104	394
	105	394
.PEN_UP
.PEN_DOWN
	121	410
	121	409
	121	408
	121	407
	120	406
	120	405
	119	403
	119	402
	119	401
	119	400
	119	399
	120	398
	121	398
.PEN_UP
.PEN_DOWN
	123	418
	122	418
.PEN_UP
.PEN_DOWN
	131	411
	131	410
	131	409
	130	409
	130	408
	130	407
	130	406
	130	404
	130	403
	130	402
	130	401
	130	400
	130	399
	130	400
	130	401
	130	402
	130	404
	130	406
	131	407
	131	409
	131	410
	132	412
	132	413
	133	413
	134	413
	135	413
	136	413
	137	411
	138	410
	138	409
	138	407
	138	406
	138	405
	138	404
	138	403
	138	402
	137	402
	137	400
	137	399
	137	398
.PEN_UP
.PEN_DOWN
	150	411
	150	412
	149	413
	148	413
	148	414
	146	414
	145	414
	144	413
	143	412
	143	411
	143	410
	143	409
	143	408
	143	406
	143	405
	144	403
	144	402
	145	401
	146	401
	147	401
	148	401
	149	401
	150	401
	151	402
	151	403
	152	404
	152	406
	152	407
	152	408
	152	409
	152	410
	151	411
	151	412
	150	413
	149	413
	149	412
	149	411
	149	410
	149	408
	150	407
	151	405
	151	404
	152	403
	153	401
	154	400
	156	396
	156	395
	157	394
	157	393
	157	392
	157	391
	157	390
	157	389
	156	389
	155	388
	153	388
	152	387
	148	387
	146	387
	144	387
	142	387
	141	386
	140	386
	141	386
.PEN_UP
.PEN_DOWN
	197	428
	197	429
	197	428
	197	427
	197	426
	197	424
	197	422
	197	420
	197	418
	197	415
	197	412
	198	410
	198	407
	199	403
	199	401
	199	399
	200	398
	200	396
	200	395
	200	394
	200	393
	200	394
	200	395
	199	395
	199	396
	198	397
	197	398
	196	399
	196	401
	194	402
	193	403
	192	404
	190	405
	189	405
	188	405
	187	404
	187	403
	187	402
	187	400
	187	399
	188	398
	190	395
	191	394
	193	393
	194	392
	196	392
	198	392
	199	392
	201	392
	202	392
	203	392
	204	392
	206	393
.PEN_UP
.PEN_DOWN
	212	405
	212	406
	212	407
	213	407
	213	408
	214	408
	214	407
	215	407
	215	406
	216	406
	216	405
	217	404
	217	403
	217	402
	216	402
	215	402
	214	402
	213	402
	212	402
	211	402
	210	402
	209	402
	208	402
	207	401
	206	401
	205	400
	205	399
	204	398
	204	397
	204	396
	204	395
	204	394
	205	393
	206	392
	207	392
	208	392
	209	392
	210	392
	211	392
	213	393
	214	393
	214	394
	215	395
	216	395
	216	397
	216	398
	216	399
	216	400
	215	401
	214	401
	213	401
	213	400
	213	399
	213	398
	213	397
	214	396
	215	395
	216	395
	216	394
	218	393
.PEN_UP
.PEN_DOWN
	236	425
	236	426
	235	427
	234	427
	233	428
	232	428
	231	428
	230	428
	229	428
	228	428
	227	427
	226	425
	225	423
	225	422
	224	420
	224	418
	224	416
	224	413
	225	411
	225	409
	226	407
	226	405
	227	404
	229	400
	230	399
	231	397
	232	396
	232	395
	233	394
	234	394
	235	394
.PEN_UP
.PEN_DOWN
	223	406
	224	406
	225	406
	226	406
	228	406
	231	405
	233	405
	235	405
	237	405
	239	405
.PEN_UP
.PEN_DOWN
	244	422
	244	423
	244	422
	244	420
	244	418
	244	416
	244	414
	244	412
	244	410
	244	408
	245	406
	245	404
	245	402
	245	400
	246	397
	247	396
	247	395
	247	394
.PEN_UP
.PEN_DOWN
	237	415
	237	416
	238	416
	240	416
	242	416
	246	416
	248	416
	250	416
	251	417
	253	417
	254	417
	255	417
	256	417
.PEN_UP
.PEN_DOWN
	275	403
	276	403
	276	404
	276	405
	276	404
	277	402
	278	401
	278	399
	279	398
	279	396
	280	394
	280	392
	281	391
	281	389
	282	387
	282	386
	282	385
	282	383
	282	382
	281	382
	280	382
	278	382
	277	383
	276	383
	275	383
	273	384
	272	385
	270	386
	269	386
	269	387
	269	388
	269	389
.PEN_UP
.PEN_DOWN
	274	414
	273	415
	272	417
	272	418
	272	419
	272	420
	273	420
	274	420
	275	419
.PEN_UP
.PEN_DOWN
	294	410
	293	410
	293	409
	293	408
	293	406
	293	404
	294	403
	294	401
	294	400
	295	399
	295	397
	296	395
	296	394
	296	393
	296	392
	297	392
	297	391
.PEN_UP
.PEN_DOWN
	293	421
	292	422
	291	423
	290	423
	290	424
	289	424
	289	425
	290	425
	291	424
.PEN_UP
.PEN_DOWN
	307	411
	307	410
	307	409
	307	408
	307	407
	307	405
	308	404
	308	403
	309	402
	309	400
	310	398
	310	397
	310	396
	310	397
	310	398
	310	399
	310	400
	310	403
	310	405
	310	407
	310	409
	310	410
	311	412
	311	414
	311	415
	312	416
	312	417
	313	418
	314	418
	315	418
	316	417
	316	416
	317	415
	318	414
	318	412
	319	411
	320	409
	321	408
	322	405
	322	404
	322	403
	323	402
	323	401
	322	401
	322	402
	321	404
	321	405
	321	407
	321	409
	321	410
	321	412
	322	413
	322	415
	323	417
	324	418
	325	419
	327	420
	328	420
	329	419
	330	418
	331	417
	332	416
	333	414
	334	413
	335	411
	335	409
	337	408
	338	404
	338	403
	339	402
	339	401
	339	400
	339	399
	340	399
.PEN_UP
