
.WRITER_ID PaulArnao
.STYLE PRINTED
.PEN_DOWN
	69	407
	69	406
	69	405
	69	404
	69	403
	69	402
	69	401
	69	400
	69	399
	69	398
	69	397
	69	396
	69	395
	69	394
	70	394
.PEN_UP
.PEN_DOWN
	70	386
	69	386
	69	387
.PEN_UP
.PEN_DOWN
	101	398
	100	399
	99	399
	99	400
	98	400
	97	400
	97	399
	96	399
	96	398
	95	398
	95	397
	95	396
	95	395
	96	394
	97	394
	98	394
	99	394
	99	395
	100	395
	100	396
	100	397
	101	398
	101	399
	101	400
	100	400
	100	399
	99	398
	99	397
	99	396
	99	395
	99	394
	99	393
	100	393
	101	393
	102	393
	103	393
	104	393
	105	393
	105	394
	106	395
	107	396
	107	397
	107	398
	107	399
	106	400
	105	401
	105	402
	104	403
	103	403
	102	404
	101	405
	100	405
	99	405
	98	405
	97	405
	96	405
	95	405
	94	404
	93	404
	93	403
	92	402
	91	400
	91	399
	91	398
	91	397
	91	395
	92	394
	93	393
	94	392
	95	391
	96	390
	99	390
	100	390
	103	390
.PEN_UP
.PEN_DOWN
	125	408
	125	407
	125	406
	125	405
	125	404
	125	403
	125	402
	125	401
	125	400
	124	399
	124	398
	124	397
.PEN_UP
.PEN_DOWN
	128	411
	128	410
	128	409
	129	408
	129	406
	129	405
	129	404
	129	403
	129	402
	129	401
	129	400
	129	399
.PEN_UP
.PEN_DOWN
	121	405
	122	405
	123	406
	125	406
	126	406
	127	406
	129	406
.PEN_UP
.PEN_DOWN
	123	402
	123	401
	124	401
	125	401
	126	401
	127	401
	128	401
.PEN_UP
.PEN_DOWN
	156	402
	155	402
	155	403
	154	403
	153	404
	152	404
	151	404
	150	404
	149	403
	149	402
	150	402
	150	401
	151	401
	152	400
	153	400
	153	399
	154	399
	155	399
	155	398
	156	397
	156	396
	156	395
	156	394
	156	393
	155	393
	153	393
	152	393
	150	393
	149	393
	148	393
	148	394
	147	394
	146	395
.PEN_UP
.PEN_DOWN
	150	409
	150	408
	151	407
	151	406
	151	405
	151	404
	151	402
	151	401
	151	400
	151	398
	151	396
	151	394
	151	393
	151	392
.PEN_UP
.PEN_DOWN
	153	410
	153	409
	153	408
	154	407
	154	406
	154	405
	154	404
	154	403
	154	402
	154	401
	154	399
	154	398
	154	397
	154	395
	154	393
	154	392
	154	391
	154	390
.PEN_UP
.PEN_DOWN
	180	405
	179	405
	178	405
	177	404
	176	404
	176	403
	176	402
	176	401
	176	400
	176	399
	177	399
	178	399
	179	399
	180	399
	182	399
	182	400
	183	401
	183	402
	183	403
	182	404
	182	405
	181	405
	182	405
	183	405
	185	405
	186	405
	187	405
	188	406
	189	406
	190	406
	191	406
	192	406
	192	405
	192	404
	191	403
	190	402
	190	401
	188	398
	188	397
	187	396
	187	395
	186	393
	185	391
	185	390
	185	389
	184	389
	184	388
	184	387
	184	386
.PEN_UP
.PEN_DOWN
	191	395
	190	395
	190	394
	189	394
	189	393
	189	392
	189	391
	189	390
	189	389
	190	388
	190	387
	191	387
	192	387
	193	387
	194	387
	195	387
	196	387
	197	388
	197	389
	197	390
	197	391
	197	392
	196	393
	195	393
	195	394
	193	394
.PEN_UP
.PEN_DOWN
	213	401
	214	401
	214	402
	214	403
	214	404
	215	404
	215	405
	215	406
	216	406
	217	406
	217	405
	218	405
	218	404
	218	403
	219	402
	219	401
.PEN_UP
.PEN_DOWN
	239	402
	239	401
	239	400
	239	399
	239	398
	238	396
	238	395
	238	394
	238	393
	238	392
	239	391
	239	390
	239	389
	239	390
	239	391
	239	392
	238	394
	237	394
	237	395
	236	395
	235	396
	234	396
	233	396
	233	395
	233	394
	234	394
	235	393
	236	393
	237	393
	238	393
	239	393
	240	393
	241	393
	242	393
	243	393
	244	393
.PEN_UP
.PEN_DOWN
	268	407
	268	405
	268	404
	268	403
	267	402
	267	401
	267	400
	267	399
.PEN_UP
.PEN_DOWN
	263	402
	264	402
	265	402
	266	402
	268	402
	269	402
	270	402
.PEN_UP
.PEN_DOWN
	269	404
	268	403
	266	403
	266	402
	265	402
	264	401
	264	400
	263	400
	263	399
.PEN_UP
.PEN_DOWN
	264	405
	265	405
	267	404
	268	404
	268	403
	270	403
	270	402
	271	402
	272	401
	273	400
.PEN_UP
.PEN_DOWN
	298	407
	297	407
	296	407
	295	407
	294	407
	293	407
	292	406
	292	405
	291	405
	291	404
	289	403
	289	402
	288	401
	288	399
	288	398
	288	397
	288	395
	288	393
	289	390
	290	389
	290	388
	291	386
	292	385
	294	384
	295	384
	296	383
	297	382
	298	382
	299	382
.PEN_UP
.PEN_DOWN
	303	411
	303	412
	304	412
	305	412
	305	411
	306	411
	308	410
	309	408
	310	407
	311	406
	311	404
	312	403
	313	401
	313	400
	313	398
	313	397
	313	395
	313	394
	312	392
	311	391
	311	390
	310	389
	309	389
	309	388
	308	388
	308	387
.PEN_UP
.PEN_DOWN
	323	407
	323	406
	324	406
	325	405
	326	404
	326	403
	327	403
.PEN_UP
.PEN_DOWN
	338	398
	339	398
	339	399
	339	400
	340	400
	341	400
	341	401
	342	401
	343	401
	343	400
	343	399
	344	399
	344	398
	344	397
	345	397
	345	396
	346	396
	347	396
	348	396
	349	396
	350	397
	350	398
	351	398
.PEN_UP
.PEN_DOWN
	376	400
	375	400
	376	400
	377	399
	378	399
	379	399
	380	399
	381	399
	383	399
	384	399
.PEN_UP
.PEN_DOWN
	398	388
	398	389
	399	389
	400	389
	401	389
	403	389
	404	389
	405	389
	406	388
	407	388
	408	388
	409	388
	410	388
	411	388
	412	388
	413	388
	414	388
	415	388
.PEN_UP
.PEN_DOWN
	442	400
	443	400
	443	399
	443	398
	443	397
	444	396
	444	395
	444	394
	444	393
	444	392
	444	391
	444	390
	444	389
	444	388
.PEN_UP
.PEN_DOWN
	440	394
	439	394
	440	394
	441	394
	442	394
	443	394
	444	393
	445	393
	446	393
	447	393
	448	393
	449	392
.PEN_UP
.PEN_DOWN
	464	396
	466	395
	466	396
	467	396
	468	396
	469	396
	471	396
	472	395
	473	395
	474	395
	474	394
.PEN_UP
.PEN_DOWN
	467	388
	467	389
	468	389
	470	388
	471	388
	472	388
	473	388
	474	387
	475	387
	475	386
	476	386
	477	386
.PEN_UP
.PEN_DOWN
	506	406
	506	407
	505	407
	504	407
	503	407
	502	407
	501	407
	500	407
	499	407
	498	407
	496	407
	495	406
	494	406
	493	406
	492	406
	491	405
	491	404
	491	403
	491	402
	492	402
	492	401
	492	400
	492	399
	492	398
	493	396
	493	395
	493	394
	493	393
	493	391
	493	390
	493	388
	493	387
	494	385
	494	384
	494	382
	494	381
	494	380
	494	381
	495	381
	496	381
	497	381
	498	380
	499	380
	500	380
	501	380
	502	380
	503	380
	504	379
	505	379
	506	379
.PEN_UP
.PEN_DOWN
	517	410
	517	411
	518	411
	519	411
	519	410
	521	410
	522	410
	523	410
	524	410
	525	410
	525	409
	526	409
	526	408
	526	407
	526	406
	526	404
	526	402
	527	401
	527	400
	527	398
	527	397
	527	396
	527	394
	527	393
	527	392
	527	391
	527	390
	527	388
	527	387
	528	386
	528	385
	528	384
	528	383
	528	382
	529	382
	529	381
	529	380
	528	380
	527	380
	526	380
	525	380
	524	380
	524	381
	522	381
	519	382
	518	382
	517	382
	516	382
	515	382
	515	381
.PEN_UP
.PEN_DOWN
	564	414
	564	415
	564	416
	562	416
	561	416
	560	416
	559	416
	558	416
	557	416
	556	416
	555	415
	554	415
	554	414
	553	414
	553	413
	553	412
	553	411
	553	410
	553	409
	554	408
	555	407
	556	406
	556	405
	557	405
	557	404
	557	403
	557	402
	558	402
	558	401
	558	400
	557	400
	556	399
	555	399
	554	399
	554	398
	553	398
	552	398
	551	398
	550	398
	549	398
	548	398
	548	397
	548	396
	548	395
	549	394
	549	393
	550	392
	550	391
	550	390
	550	389
	550	388
	550	387
	550	386
	550	385
	551	384
	552	384
	552	383
	553	383
	554	382
	555	382
	556	382
	557	382
	557	381
	558	381
.PEN_UP
.PEN_DOWN
	563	416
	564	416
	564	417
	565	417
	567	417
	568	417
	569	417
	570	417
	571	417
	572	417
	573	416
	574	416
	574	415
	575	414
	575	413
	575	412
	575	411
	574	410
	573	409
	572	408
	571	407
	570	407
	569	406
	567	404
	567	403
	566	403
	566	402
	566	401
	566	400
	566	399
	567	398
	568	397
	569	396
	570	396
	571	396
	572	395
	571	395
	570	395
	570	394
	569	394
	569	393
	569	392
	569	391
	569	390
	570	389
	571	388
	571	387
	571	386
	572	384
	573	384
	573	383
	573	382
	573	381
	573	380
	572	380
	571	380
	569	380
	568	380
	568	379
	567	379
.PEN_UP
.PEN_DOWN
	587	411
	587	412
	587	413
	588	411
	588	410
	589	408
	590	407
	591	406
	592	404
	593	402
	594	400
	595	398
	596	397
	597	394
	599	393
	601	389
	601	388
	602	387
	603	386
	603	385
	603	384
	604	384
	604	383
	605	384
.PEN_UP
.PEN_DOWN
	608	382
	609	382
	609	381
	610	380
	610	379
	610	378
	610	377
	610	376
	610	375
	610	374
	609	374
	609	373
	608	372
.PEN_UP
.PEN_DOWN
	632	416
	632	417
	632	418
	632	417
	631	417
	631	416
	630	415
	629	411
	629	410
	628	407
	627	405
	626	403
	626	401
	625	399
	624	397
	624	395
	623	393
	622	392
	622	391
	621	389
	621	388
	621	387
	621	386
.PEN_UP
.PEN_DOWN
	654	399
	653	399
	653	400
	652	400
	652	401
	652	402
	652	403
	652	404
	653	404
	654	404
	655	404
	656	404
	657	404
	658	404
	659	404
	660	403
	660	402
	661	402
	661	401
	661	400
	661	399
	661	398
	659	396
	658	395
	657	394
	656	394
	656	393
	655	393
	654	392
	653	391
	653	389
	653	388
	653	387
	654	386
	654	385
	655	384
	656	383
	657	383
	657	382
	658	382
.PEN_UP
.PEN_DOWN
	657	376
	657	375
	656	376
	656	377
	656	378
	657	377
.PEN_UP
.PEN_DOWN
	674	410
	674	409
	674	408
	674	407
	674	406
	674	405
	674	404
	674	403
	673	403
	673	402
.PEN_UP
.PEN_DOWN
	690	404
	691	404
	691	405
	691	404
	691	403
	691	402
	691	401
	691	400
.PEN_UP
.PEN_DOWN
	694	405
	693	405
	692	404
	692	403
	692	402
	692	401
	692	400
	692	399
	692	398
.PEN_UP
.PEN_DOWN
	719	398
	719	399
	718	399
	717	399
	717	398
	716	398
	715	397
	715	395
	714	394
	713	393
	712	392
	711	390
	710	389
	709	388
	709	387
	708	386
	707	385
	706	384
	707	384
	708	383
	709	383
	710	383
	711	382
	712	382
	713	381
	714	380
	716	380
	717	379
	719	379
	719	378
	720	378
	720	377
	721	377
.PEN_UP
.PEN_DOWN
	732	408
	733	408
	733	409
	733	408
	733	407
	733	406
	733	404
	732	402
	732	401
	732	398
	732	396
	732	394
	732	392
	732	389
	732	387
	732	383
	732	381
	732	380
	732	379
	732	378
	732	377
.PEN_UP
.PEN_DOWN
	744	403
	744	404
	745	403
	747	402
	748	402
	749	401
	750	400
	751	399
	752	398
	753	398
	754	396
	755	395
	756	394
	756	393
	757	392
	758	391
	759	390
	759	389
	760	389
	760	388
	760	387
	761	387
	761	386
	761	385
	761	384
	760	384
	760	383
	759	383
	758	382
	757	381
	755	380
	754	380
	753	379
	751	378
	751	377
	750	377
	749	377
	748	376
	747	375
	747	374
.PEN_UP
.PEN_DOWN
	764	404
	764	403
	764	402
.PEN_UP
.PEN_DOWN
	768	403
	768	402
.PEN_UP
.PEN_DOWN
	784	386
	783	386
	782	387
	782	388
	781	388
	782	388
	782	387
	783	386
	783	385
.PEN_UP
.PEN_DOWN
	784	372
	784	371
	785	370
	785	369
	785	367
	785	366
	785	364
	785	363
	785	362
	785	360
	784	359
	784	358
	784	357
	783	355
	782	355
	781	354
	780	354
	778	354
.PEN_UP
.PEN_DOWN
	799	390
	799	391
	798	392
	797	393
	796	394
.PEN_UP
.PEN_DOWN
	796	376
	795	376
	794	377
	794	379
	793	379
	793	380
	794	380
.PEN_UP
.PEN_DOWN
	810	372
	810	373
	810	374
	809	374
	810	374
.PEN_UP
