
.WRITER_ID PaulArnao
.STYLE PRINTED
.PEN_DOWN
	62	403
	63	402
	62	402
	62	401
	62	400
	62	399
	62	396
	62	395
	62	393
	62	392
	63	390
	63	389
	63	388
	64	387
	64	386
	64	385
	65	385
	65	384
	64	384
	64	385
	63	386
	63	387
	63	388
	62	390
	62	393
	62	395
	62	397
	62	399
	62	401
	62	403
	62	406
	62	407
	62	409
	62	411
	63	412
	64	415
	65	416
	65	417
	67	418
	68	418
	69	418
	70	418
	71	418
	72	418
	74	417
	75	417
	75	416
	76	413
	76	411
	76	410
	76	408
	76	407
	75	406
	74	405
	73	404
	71	403
	70	402
	68	402
	67	401
	65	400
	64	400
.PEN_UP
.PEN_DOWN
	81	400
	82	400
	82	401
	83	402
	83	403
	84	403
	84	404
	85	404
	86	403
	87	402
	88	402
	88	401
	88	400
	88	399
	88	398
	87	398
	87	397
	86	396
	85	396
	84	395
	83	395
	82	395
	81	395
	80	394
	79	394
	78	393
	78	392
	77	392
	77	391
	77	390
	77	389
	78	389
	79	388
	81	388
	82	388
	83	389
	84	389
	85	389
	86	389
	87	390
	88	391
	88	392
	89	393
	89	394
	88	395
	88	394
	88	393
	88	392
	89	391
	89	390
	90	390
	91	389
	92	389
	93	389
.PEN_UP
.PEN_DOWN
	97	399
	97	398
	98	397
	99	396
	100	395
	101	395
	102	394
	103	394
	104	394
.PEN_UP
.PEN_DOWN
	106	402
	105	402
	106	401
	106	399
	106	398
	107	397
	107	396
	108	395
	108	394
	108	393
	108	391
	108	390
	108	389
	108	388
	107	387
	106	385
	105	384
	104	384
	103	383
	102	383
	101	382
	100	382
	99	382
.PEN_UP
.PEN_DOWN
	144	410
	143	411
	142	411
	141	411
	140	412
	138	412
	137	412
	136	412
	135	412
	134	411
	133	411
	133	410
	133	409
	134	408
	134	407
	136	407
	137	407
	138	406
	139	406
	140	406
	141	405
	144	405
	145	405
	146	405
	147	404
	148	404
	148	403
	148	402
	147	402
	146	402
	144	402
	143	402
	141	401
	140	401
	138	401
	136	401
	135	400
	133	400
	132	400
	131	400
	130	400
.PEN_UP
.PEN_DOWN
	136	420
	136	419
	137	418
	138	417
	138	416
	139	414
	139	412
	139	410
	139	408
	139	407
	139	405
	139	403
	139	400
	139	399
.PEN_UP
.PEN_DOWN
	141	422
	142	422
	142	421
	141	420
	141	419
	141	417
	141	414
	141	412
	141	410
	141	409
	142	407
	142	405
	143	403
	144	402
	144	401
	145	400
.PEN_UP
.PEN_DOWN
	158	421
	158	422
	157	422
	157	421
	157	420
	157	419
	157	418
	157	417
	157	416
	157	414
	157	412
	158	411
	158	407
	158	406
	159	404
	159	403
	159	402
	159	401
	160	400
	160	399
	160	398
.PEN_UP
.PEN_DOWN
	169	404
	168	404
	167	404
	166	404
	167	404
.PEN_UP
.PEN_DOWN
	181	416
	181	417
	181	418
	182	418
	183	419
	184	419
	185	419
	187	419
	189	418
	190	418
	191	418
	191	417
	192	417
	192	416
	192	415
	192	414
	191	413
	190	412
	190	411
	187	408
	187	407
	186	407
	185	406
	184	404
	184	403
	184	402
	184	401
	185	401
	185	400
	187	400
	189	400
	190	400
.PEN_UP
.PEN_DOWN
	196	420
	196	422
	196	423
	196	424
	197	425
	198	425
	199	425
	201	425
	202	425
	203	425
	205	424
	206	423
	207	422
	207	421
	207	420
	207	419
	207	418
	206	417
	205	416
	203	415
	203	414
	202	414
	201	414
	201	413
	202	413
	203	413
	206	414
	207	414
	208	414
	209	414
	211	414
	211	413
	212	413
	212	412
	213	411
	213	410
	213	408
	212	407
	212	406
	211	405
	210	404
	209	403
	208	402
	207	402
	207	401
	205	401
	205	400
	203	400
	202	400
	202	401
.PEN_UP
.PEN_DOWN
	242	419
	241	419
	241	420
	240	420
	239	420
	238	421
	237	421
	236	421
	235	421
	235	420
	234	420
	234	419
	233	418
	233	417
	233	416
	233	415
	233	414
	234	413
	235	412
	236	412
	237	412
	238	412
	239	413
	240	413
	240	414
	241	414
	241	415
	241	416
	240	416
	239	416
	239	415
	238	415
	238	414
	238	412
	238	411
	238	410
	239	409
	240	409
	240	408
	241	408
	242	408
	243	408
	244	408
	245	409
	247	410
	248	411
	248	412
	249	413
	249	414
	249	415
	249	416
	249	417
	249	419
	248	420
	247	423
	246	425
	244	426
	243	426
	242	427
	241	427
	239	427
	237	427
	236	427
	235	426
	233	425
	232	424
	230	421
	229	419
	229	417
	229	415
	229	414
	229	412
	230	410
	231	409
	232	408
	234	407
	236	406
	237	406
	241	406
	243	406
.PEN_UP
.PEN_DOWN
	270	427
	270	428
	269	429
	268	429
	267	429
	266	428
	265	427
	265	426
	265	425
	264	423
	264	422
	264	420
	264	419
	263	418
	263	417
	263	416
	263	415
	263	414
	263	413
	264	413
	265	413
	266	413
	267	413
	268	413
	269	414
	272	414
	274	415
	275	415
.PEN_UP
.PEN_DOWN
	279	423
	279	424
	278	424
	278	425
	278	424
	278	423
	278	421
	278	420
	278	418
	278	417
	278	415
	278	412
	278	411
	278	410
	278	409
	279	408
	279	407
	280	407
.PEN_UP
.PEN_DOWN
	285	428
	285	429
	283	429
	282	429
	283	428
.PEN_UP
.PEN_DOWN
	289	411
	288	411
	289	411
	290	412
.PEN_UP
.PEN_DOWN
	305	426
	304	426
	303	426
	302	426
	302	425
	303	425
	304	424
	304	423
	305	423
	306	422
	307	421
	308	421
	310	420
	311	418
	312	417
	313	417
	313	416
	314	415
	314	414
	314	413
	314	412
	314	411
	313	411
	313	410
	311	409
	309	409
	307	409
	306	409
	305	409
	304	409
	303	409
	302	409
.PEN_UP
.PEN_DOWN
	307	428
	307	429
	307	430
	307	431
	308	431
	308	432
	310	432
	311	432
	314	433
	315	433
	316	433
	317	433
	319	433
	320	432
	321	432
.PEN_UP
.PEN_DOWN
	333	432
	333	433
	332	433
	331	432
	330	431
	329	429
	328	428
	327	425
	326	424
	326	422
	326	420
	326	419
	326	417
	326	416
	326	415
	327	413
	327	412
	328	412
	330	411
	332	411
	333	411
	335	411
	337	411
	338	411
	339	412
	340	413
	341	414
	341	415
	341	416
	341	417
	340	418
	339	418
	337	418
	336	418
	335	418
	333	418
	333	417
	332	417
	331	416
	331	414
.PEN_UP
.PEN_DOWN
	367	424
	368	423
	368	422
	368	421
	368	419
	368	417
	368	416
	367	414
	367	412
	367	411
	367	409
	368	408
	368	407
	368	404
	367	404
	366	405
	366	406
	365	407
	364	410
	364	411
	363	414
	363	416
	362	418
	362	420
	362	422
	362	425
	362	427
	362	429
	362	430
	363	433
	363	434
	364	434
	365	435
	367	435
	368	435
	370	435
	371	435
	373	434
	374	434
	375	433
	378	430
	378	429
	378	428
	378	427
	378	426
	378	425
	377	424
	376	424
	375	423
	373	422
	372	422
	370	421
	367	420
	366	420
	365	420
	366	420
.PEN_UP
.PEN_DOWN
	385	428
	385	429
	386	429
	387	428
	387	427
	387	426
	387	424
	387	423
	387	421
	387	419
	387	418
	386	416
	386	415
	386	412
	386	411
	386	410
	386	411
	386	412
	387	415
	387	416
	387	418
	387	419
	387	421
	388	423
	388	425
	388	427
	388	429
	388	430
	388	432
	388	433
	388	435
	388	434
	389	434
	389	432
	390	429
	390	427
	390	425
	390	423
	392	422
	393	420
	393	419
	393	418
	394	417
	394	416
	395	416
	395	417
	395	419
	395	420
	395	421
	395	423
	395	424
	395	426
	395	430
	395	432
	395	433
	395	435
	395	436
	396	437
	396	438
	397	438
	398	438
	399	437
	400	436
	401	435
	402	434
	403	432
	404	430
	405	428
	406	426
	406	424
	407	422
	408	421
	410	418
	410	417
	411	417
	411	416
	412	416
	413	416
	414	416
.PEN_UP
