
.WRITER_ID PaulArnao
.STYLE PRINTED
.PEN_DOWN
	85	412
	85	413
	84	413
	84	414
	83	415
	82	416
	81	416
	80	417
	79	417
	78	417
	78	416
	77	416
	76	415
	76	414
	76	413
	76	412
	75	411
	75	409
	75	405
	76	403
	76	401
	76	399
	77	397
	77	395
	78	394
	78	392
	79	390
	79	389
	79	387
	80	386
	80	385
	80	384
	80	383
	80	382
.PEN_UP
.PEN_DOWN
	68	393
	69	393
	69	394
	70	394
	71	394
	73	394
	74	394
	76	394
	79	394
	81	394
.PEN_UP
.PEN_DOWN
	89	392
	90	392
	91	392
	91	393
	92	393
	95	393
	96	394
	97	395
	98	395
	99	395
	100	396
	101	396
	101	397
	101	398
	101	399
	100	400
	99	400
	98	400
	97	400
	96	400
	95	400
	94	399
	92	399
	91	398
	90	397
	90	394
	90	393
	90	391
	90	390
	90	389
	91	388
	92	387
	93	386
	94	386
	96	385
	97	385
	98	385
	101	386
.PEN_UP
.PEN_DOWN
	104	398
	104	397
	103	396
	103	395
	103	394
	103	393
	103	392
	104	391
	104	390
	105	390
	106	389
	107	389
	108	389
	109	389
	110	389
	111	390
	111	391
	112	391
	112	392
	113	394
	113	395
	113	396
	113	397
	113	399
	112	400
	112	399
	112	398
	112	397
	112	396
	112	395
	113	393
	114	392
	115	391
	116	390
	117	389
	118	389
	119	389
	120	389
	121	389
	121	390
	122	392
	122	393
	122	394
	121	395
	121	397
	120	398
	119	399
	119	400
	118	401
	117	401
	118	401
.PEN_UP
.PEN_DOWN
	161	404
	160	404
	159	404
	158	404
	157	403
	156	403
	154	402
	152	400
	152	399
	151	398
	150	396
	150	395
	150	393
	150	392
	150	391
	151	390
	152	389
	153	389
	155	389
	158	389
	159	389
	161	390
	162	391
	163	392
	164	393
	165	394
	165	395
	165	397
	165	398
	165	399
	165	400
	165	403
	164	404
	163	404
	163	405
	162	405
	161	405
	160	405
	160	404
	159	400
	158	398
	158	396
	158	394
	158	391
	158	388
	158	386
	158	383
	158	381
	158	378
	158	376
	158	374
	159	372
	159	371
	160	370
	161	370
	162	371
	162	372
	163	373
	163	374
	163	375
	164	377
	164	380
	164	382
	164	384
	164	386
	164	387
	164	389
	163	390
	163	391
	162	391
	162	392
	163	392
	164	392
	166	392
	168	392
	169	392
	171	392
	173	391
	175	391
.PEN_UP
.PEN_DOWN
	181	406
	181	407
	180	407
	179	407
	179	406
	179	405
	179	404
	180	402
	180	401
	180	399
	181	398
	181	396
	182	395
	182	394
	183	394
	184	393
	185	392
	186	392
	187	392
	188	393
	188	394
	189	395
	189	396
	190	397
	190	398
	190	401
	190	402
	190	403
	190	404
.PEN_UP
.PEN_DOWN
	198	405
	197	406
	197	407
	197	406
	196	405
	196	404
	196	403
	196	402
	196	400
	196	398
	197	396
	197	395
	198	394
	199	394
	200	394
	202	394
.PEN_UP
.PEN_DOWN
	202	413
	200	413
	200	414
.PEN_UP
.PEN_DOWN
	210	398
	209	398
	208	397
	208	395
	208	394
	208	393
	208	392
	208	391
	208	390
	208	388
	209	387
	209	386
	211	384
	211	383
	212	383
	212	384
	211	385
	210	386
	210	387
	208	390
	207	392
	206	394
	205	396
	205	398
	205	401
	205	403
	205	405
	205	408
	206	409
	207	410
	208	412
	210	413
	212	413
	214	413
	215	413
	217	412
	219	411
	220	410
	221	409
	222	408
	223	407
	224	404
	224	403
	224	401
	224	400
	224	399
	222	398
	221	397
	220	397
	219	396
	217	396
	216	396
	215	396
	213	397
.PEN_UP
.PEN_DOWN
	249	409
	250	409
	250	410
	249	410
	248	411
	248	412
	247	412
	246	412
	245	412
	244	412
	243	412
	241	412
	240	411
	239	411
	239	410
	239	409
	240	409
	241	408
	242	407
	244	406
	246	405
	247	405
	249	404
	250	404
	252	403
	253	403
	253	402
	253	401
	253	400
	253	399
	252	398
	251	397
	250	397
	249	396
	247	396
	246	395
	244	395
	243	395
	242	395
	241	395
	241	394
	242	394
.PEN_UP
.PEN_DOWN
	297	406
	297	407
	297	408
	296	409
	295	411
	294	412
	294	413
	293	414
	292	415
	291	416
	290	417
	289	417
	287	417
	286	417
	284	416
	283	415
	283	414
	282	413
	282	411
	282	410
	282	409
	283	407
	284	406
	284	405
	286	404
	287	404
	290	404
	292	404
	293	404
	294	404
	295	405
	296	405
	296	406
	296	407
	296	408
	296	409
	296	410
	295	410
	295	409
	295	408
	296	406
	298	403
	299	402
	300	400
	301	398
	303	396
	304	395
	305	393
	306	391
	306	390
	306	389
	306	388
	305	387
	303	386
	302	386
	299	386
	298	386
	295	387
	294	387
	292	387
	290	388
	289	389
	288	390
	288	391
	290	391
.PEN_UP
.PEN_DOWN
	310	412
	310	413
	311	413
	311	414
	311	415
	312	416
	313	417
	314	417
	315	417
	317	417
	318	416
	319	415
	320	415
	320	414
	321	413
	321	411
	321	410
	321	409
	320	409
	319	409
	318	409
	316	409
	315	410
	314	410
	313	410
	312	410
	310	410
	309	410
	308	409
	307	409
	307	408
	307	406
	307	405
	307	404
	308	403
	309	403
	309	402
	310	401
	311	401
	312	401
	314	401
	315	401
	317	401
	318	401
	319	402
	320	402
	320	403
	320	404
	320	405
	320	406
	320	407
	319	407
	319	406
	319	405
	319	404
	320	403
	321	402
	323	400
	324	399
	325	399
	326	398
	327	398
	328	398
.PEN_UP
.PEN_DOWN
	332	430
	331	430
	330	430
	330	429
	330	428
	330	426
	330	424
	331	422
	331	419
	331	417
	332	415
	332	412
	333	408
	333	406
	333	404
	334	403
	334	401
	334	400
	334	399
	335	398
	335	397
.PEN_UP
.PEN_DOWN
	341	416
	341	415
	341	414
	341	413
	341	411
	341	410
	341	409
	342	407
	343	406
	344	404
	344	403
	345	402
	346	401
	347	401
	348	400
	350	400
	351	400
	351	401
	352	402
	352	403
	352	404
	352	405
	351	406
	351	408
	351	409
	351	411
	351	413
	351	414
.PEN_UP
.PEN_DOWN
	359	414
	359	413
	360	413
	360	414
	361	415
	361	416
	362	416
	363	416
	364	416
	365	416
	365	415
	365	414
	366	414
	366	413
	367	412
	367	411
	367	410
	367	409
	366	409
	365	410
	364	411
	363	411
	363	412
	362	412
	361	412
	360	412
	359	411
	358	410
	358	409
	358	408
	358	407
	358	406
	358	405
	358	404
	359	404
	360	403
	361	403
	362	403
	364	404
	365	404
	366	404
	366	405
	367	406
	368	407
	368	408
	368	409
	368	410
	367	411
	366	412
	366	411
	366	410
	366	409
	366	408
	366	406
	367	405
	368	404
	369	403
	370	403
	372	402
	373	402
.PEN_UP
.PEN_DOWN
	375	412
	375	411
	375	410
	375	409
	375	408
	375	407
	375	405
	375	404
	376	404
	376	406
	376	407
	376	408
	376	409
	377	410
	377	411
	377	412
	378	413
	378	414
	378	415
	379	416
	380	415
	380	414
	380	413
	380	412
	380	411
	381	409
	381	408
	382	406
	382	405
	383	404
	383	403
	384	403
	385	403
.PEN_UP
.PEN_DOWN
	391	419
	392	419
	392	418
	391	418
	391	417
	390	417
	390	416
	389	415
	389	413
	389	411
	388	410
	388	409
	388	408
	388	406
	389	406
	389	405
	389	404
	390	404
	391	404
.PEN_UP
.PEN_DOWN
	392	426
	392	427
	391	428
	390	429
	389	430
	390	430
.PEN_UP
.PEN_DOWN
	398	418
	398	419
	398	420
	398	421
	398	422
	399	423
	400	423
	401	423
	402	423
	403	423
	405	423
	406	422
	407	421
	407	419
	407	418
	407	417
	407	416
	406	414
	405	413
	404	412
	403	411
	402	410
	401	409
	400	409
	399	408
	397	406
	397	405
	397	404
	398	404
	399	404
	400	403
	401	403
	402	403
	405	402
	406	402
	407	402
	408	402
	409	402
	410	402
	411	402
	411	401
	412	401
.PEN_UP
.PEN_DOWN
	401	411
	400	411
	400	412
	399	412
	399	413
	400	413
	401	413
	402	413
	403	413
	405	413
	406	413
	407	413
	408	413
	409	413
	411	413
	411	412
	412	412
.PEN_UP
.PEN_DOWN
	421	413
	422	412
	422	411
	423	411
	424	411
	425	411
	426	411
	427	411
	428	411
	429	411
	430	412
	431	412
	432	412
	434	412
	434	413
	435	413
	436	413
	437	414
	437	415
	437	416
	437	417
	436	418
	436	419
	435	420
	435	421
	434	421
	433	421
	432	421
	431	421
	430	421
	429	420
	428	419
	428	418
	427	417
	426	416
	425	414
	425	413
	424	412
	424	409
	424	408
	424	407
	425	406
	425	405
	426	404
	427	404
	428	403
	429	403
	430	403
	432	403
.PEN_UP
.PEN_DOWN
	455	436
	455	437
	455	436
	455	435
	454	431
	454	429
	453	427
	453	424
	453	422
	453	420
	452	418
	452	416
	452	414
	452	412
	452	411
	452	409
	452	408
	452	407
	452	406
	452	407
	451	408
	451	409
	451	410
	451	411
	450	413
	449	415
	448	415
	447	416
	446	416
	445	416
	445	415
	443	414
	442	413
	442	411
	442	410
	442	409
	442	408
	443	407
	444	406
	445	406
	447	405
	449	404
	452	404
	454	404
	455	405
	456	405
	457	405
	458	406
	458	407
.PEN_UP
