
.WRITER_ID PaulArnao
.STYLE PRINTED
.PEN_DOWN
	89	387
	88	387
	88	388
	87	388
	87	389
	86	389
	86	390
	85	390
	84	390
	83	390
	83	391
	82	391
	81	391
	80	390
	79	390
	78	389
	77	389
	77	388
	77	387
	77	386
	77	385
	77	384
	78	383
	79	383
	80	382
	81	382
	82	381
	83	381
	84	380
	85	380
	86	380
	87	380
	88	379
	89	379
	89	378
	89	377
	88	376
	87	376
	86	376
	85	375
	83	375
	81	375
	79	375
	78	375
.PEN_UP
.PEN_DOWN
	100	390
	100	389
	99	390
	98	390
	97	390
	96	390
	95	390
	95	389
	94	389
	94	388
	94	387
	94	386
	94	385
	94	384
	94	383
	94	382
	94	381
	95	380
	95	379
	97	378
	98	377
	99	377
	100	377
	102	377
	103	377
	104	377
	105	378
	106	379
	107	380
	107	382
	107	384
	107	385
	106	386
	105	387
	105	388
	104	389
	103	390
	102	390
	101	391
	100	391
	99	391
.PEN_UP
.PEN_DOWN
	113	389
	113	388
	113	387
	113	386
	113	385
	113	384
	113	383
	114	381
	114	380
	114	379
	114	378
	114	377
	114	378
	114	379
	114	380
	114	381
	113	382
	113	383
	113	384
	113	385
	113	387
	113	388
	113	389
	113	390
	113	391
	113	392
	114	392
	115	392
	115	391
	116	391
	116	389
	117	389
	117	387
	118	386
	118	385
	119	384
	120	383
	120	382
	121	381
	122	381
	122	380
	123	380
	124	380
	125	380
	126	381
	126	382
	126	383
	126	384
	126	385
	125	388
	125	389
	125	390
	124	391
	124	392
	124	393
	123	394
	123	395
.PEN_UP
.PEN_DOWN
	145	394
	145	395
	144	395
	143	396
	142	396
	142	397
	141	397
	140	397
	139	397
	138	397
	138	396
	137	396
	136	396
	135	395
	134	394
	134	393
	133	392
	133	391
	133	390
	133	389
	133	388
	133	387
	134	387
	134	386
	135	385
	135	384
	137	383
	138	383
	139	382
	140	382
	141	382
	142	382
	144	382
	145	383
	146	383
	147	384
	148	384
	148	385
	148	386
	148	387
	148	388
	148	389
	148	390
	147	390
	146	390
	145	390
	144	390
	143	390
	142	390
	142	389
	141	389
.PEN_UP
.PEN_DOWN
	169	390
	169	389
	168	389
	168	387
	168	385
	168	384
	168	383
	168	382
	168	381
	168	380
	168	379
	168	378
	168	377
	167	377
	167	378
	167	379
	168	380
	168	381
	168	382
	169	384
	169	386
	169	388
	169	389
	169	390
	169	391
	169	392
	169	393
	170	393
	170	394
	171	394
	172	394
	172	393
	173	392
	174	391
	174	390
	175	390
	175	389
	176	388
	176	387
	176	386
	177	386
	177	385
	178	384
	178	383
	179	381
	180	381
	180	380
.PEN_UP
.PEN_DOWN
	172	384
	171	384
	171	385
	171	386
	172	387
	173	387
	174	387
	175	387
	176	387
	177	387
	178	387
.PEN_UP
.PEN_DOWN
	187	393
	187	392
	187	391
	187	390
	187	389
	187	388
	188	386
	188	385
	188	384
	189	384
	189	383
	190	383
	190	382
	189	383
	189	384
	189	385
	189	386
	189	387
	189	388
	188	389
	188	390
	188	391
	187	392
	187	394
	187	395
	187	396
	187	397
	188	397
	188	398
	189	398
	190	398
	192	398
	192	397
	193	397
	194	396
	195	395
	195	394
	195	393
	194	392
	193	392
	192	392
	192	391
	191	391
	190	391
	191	391
	192	391
	193	391
	194	391
	195	390
	197	389
	198	389
	198	388
	199	388
	199	387
	199	386
	199	385
	198	384
	197	384
	195	383
	194	383
	193	383
	192	383
	191	384
	190	384
	190	385
	190	386
.PEN_UP
.PEN_DOWN
	213	398
	212	398
	211	398
	210	398
	209	398
	208	398
	207	398
	206	397
	206	396
	205	395
	205	394
	205	393
	205	392
	205	390
	206	389
	206	387
	207	386
	208	385
	209	384
	210	384
	211	384
	212	384
	213	384
	214	384
	216	385
	216	386
	217	387
	217	388
	217	389
	217	391
	216	392
	215	393
	215	394
	214	396
	213	397
	213	398
	212	399
.PEN_UP
.PEN_DOWN
	220	398
	220	397
	220	396
	220	395
	221	393
	221	392
	221	391
	221	389
	222	388
	222	387
	223	386
	223	385
	224	384
	225	384
	225	383
	226	383
	227	383
	228	383
	229	383
	229	384
	230	385
	230	386
	230	387
	231	388
	231	389
	231	390
	231	392
	231	394
	231	396
	230	397
	230	398
	230	399
.PEN_UP
.PEN_DOWN
	239	398
	239	399
	239	398
	240	396
	240	395
	241	394
	241	393
	241	391
	241	390
	241	389
	242	388
	242	387
	242	386
	243	385
	243	384
	243	383
.PEN_UP
.PEN_DOWN
	236	399
	235	399
	235	400
	235	401
	236	401
	239	401
	240	401
	242	401
	243	401
	245	401
	246	401
	248	401
	249	401
	250	401
	251	401
.PEN_UP
.PEN_DOWN
	271	397
	271	398
	271	397
	272	397
	272	396
	272	395
	273	394
	274	393
	274	390
	274	389
	275	388
	275	386
	275	385
	275	384
	275	383
	275	382
	275	381
	276	381
.PEN_UP
.PEN_DOWN
	268	397
	267	398
	267	399
	268	399
	269	400
	270	400
	271	400
	272	400
	274	400
	275	400
	276	400
	278	400
	280	400
	282	400
	284	400
	285	400
.PEN_UP
.PEN_DOWN
	288	399
	288	398
	289	397
	289	395
	289	394
	289	393
	290	391
	291	389
	291	388
	291	387
	291	386
	291	385
	291	384
.PEN_UP
.PEN_DOWN
	290	393
	290	394
	291	394
	292	394
	293	394
	294	395
	295	395
	297	395
	299	395
	300	395
	301	395
.PEN_UP
.PEN_DOWN
	300	404
	299	404
	299	403
	299	401
	300	399
	300	398
	301	397
	301	395
	302	394
	302	392
	302	391
	303	390
	303	389
	303	388
	303	387
.PEN_UP
.PEN_DOWN
	312	402
	311	402
	310	402
	310	401
	310	400
	310	399
	310	398
	311	396
	311	395
	311	394
	311	393
	312	393
	312	392
	312	390
	313	389
	313	388
	314	388
	315	388
	316	388
	318	388
	320	388
	321	388
	322	388
.PEN_UP
.PEN_DOWN
	313	397
	314	397
	315	397
	316	398
	318	398
	319	398
.PEN_UP
.PEN_DOWN
	311	406
	312	406
	313	406
	314	406
	315	406
	317	406
	318	406
	320	406
	321	406
	322	405
	324	405
.PEN_UP
.PEN_DOWN
	360	396
	359	396
	359	397
	358	398
	357	399
	356	399
	355	399
	354	399
	353	399
	352	399
	351	399
	350	398
	349	398
	348	397
	348	396
	347	396
	347	395
	347	394
	347	393
	347	392
	347	391
	347	390
	347	389
	347	387
	347	386
	348	385
	349	384
	350	383
	351	382
	353	381
	354	381
	355	380
	356	380
	357	380
	360	380
	361	380
	362	381
	363	382
	364	382
	364	383
	364	384
	364	385
	365	386
	365	387
	365	388
	365	389
	365	390
	364	390
	364	391
	363	391
	362	391
	361	391
	360	391
	359	391
	358	391
	357	391
	357	390
.PEN_UP
.PEN_DOWN
	374	398
	375	398
	374	398
	374	397
	374	396
	374	395
	374	394
	374	393
	374	391
	374	390
	374	389
	374	388
	375	386
	375	385
	375	384
	375	385
	375	386
	375	389
	375	391
	375	392
	375	393
	375	394
	375	396
	375	397
	375	398
	375	399
	376	399
	376	400
	377	400
	377	401
	378	401
	379	401
	380	401
	380	400
	381	400
	382	400
	383	400
	383	399
	384	398
	385	398
	385	397
	385	396
	385	395
	384	394
	383	394
	382	393
	381	393
	379	392
	378	392
	377	392
	376	392
	375	391
	376	391
	376	390
	377	390
	378	389
	379	389
	380	389
	381	389
	382	388
	383	388
	384	387
	385	387
	387	386
	388	386
	389	386
.PEN_UP
.PEN_DOWN
	397	398
	397	399
	396	399
	396	400
	396	399
	396	398
	397	396
	397	395
	397	394
	397	393
	398	392
	398	390
	398	389
	398	388
	399	388
	399	387
	399	386
	399	385
	400	384
	400	383
	401	383
.PEN_UP
.PEN_DOWN
	420	399
	419	399
	419	400
	418	400
	417	401
	416	402
	415	402
	414	402
	413	402
	412	402
	411	402
	411	401
	411	400
	412	400
	412	399
	413	399
	413	398
	414	398
	416	397
	416	396
	417	396
	417	395
	418	395
	419	394
	420	393
	421	393
	421	392
	422	392
	422	390
	423	390
	423	389
	423	388
	423	387
	422	387
	421	386
	420	386
	418	386
	417	386
	416	386
	415	386
	414	387
	413	387
	413	388
.PEN_UP
.PEN_DOWN
	429	400
	429	401
	429	400
	430	399
	430	398
	430	397
	430	396
	430	395
	430	394
	430	393
	430	392
	430	391
	430	389
	430	388
	430	387
	430	386
	430	385
	430	384
	431	384
	432	384
	433	385
	434	385
	434	386
	435	386
	436	386
	437	386
	438	387
	439	387
	440	387
	441	387
	441	386
	442	386
	442	385
	443	385
.PEN_UP
.PEN_DOWN
	444	401
	444	402
	445	401
	445	400
	446	400
	446	399
	447	398
	448	396
	449	395
	450	394
	450	393
	451	392
	451	391
	452	390
	453	389
.PEN_UP
.PEN_DOWN
	457	401
	457	402
	457	403
	456	403
	456	402
	456	401
	456	400
	456	399
	455	398
	455	396
	455	395
	455	393
	454	392
	454	390
	454	389
	453	387
	453	385
	453	384
	453	383
	453	382
	453	381
	454	381
.PEN_UP
.PEN_DOWN
	475	402
	476	402
	476	403
	475	403
	475	402
	475	401
	476	400
	476	399
	476	398
	476	397
	477	395
	477	393
	477	392
	478	390
	478	389
	479	388
	480	385
	480	384
	481	384
	482	383
	483	383
	484	383
	485	383
	485	384
	486	385
	486	387
	486	388
	486	389
	486	391
	487	393
	487	394
	487	396
	487	397
	487	398
	487	399
	487	400
	486	402
	487	402
	488	401
.PEN_UP
.PEN_DOWN
	506	400
	506	401
	505	401
	505	400
	505	399
	505	398
	505	397
	505	396
	506	395
	506	394
	506	393
	506	392
	507	391
	507	390
	507	389
	507	388
	508	386
	509	385
	509	384
	510	384
.PEN_UP
.PEN_DOWN
	517	403
	517	404
	516	404
	516	403
	516	402
	516	401
	517	398
	517	397
	518	395
	518	393
	518	392
	519	391
	519	390
	519	389
	519	388
	520	387
	520	386
	520	385
	521	385
.PEN_UP
.PEN_DOWN
	528	401
	527	400
	526	400
	525	399
	524	399
	523	398
	522	398
	521	397
	520	396
	519	394
	518	394
	518	393
	519	393
	521	393
	522	393
	523	393
	524	392
	525	392
	526	392
	527	392
	528	391
	529	391
	530	390
	531	390
	532	390
	533	389
	534	389
	535	389
.PEN_UP
.PEN_DOWN
	544	404
	545	404
	545	403
	545	402
	545	401
	545	400
	545	399
	545	398
	546	397
	546	395
	546	393
	546	392
	546	391
	546	390
	546	389
	546	388
	546	386
	546	385
	546	384
	546	383
	547	383
.PEN_UP
.PEN_DOWN
	563	401
	564	401
	564	402
	563	402
	563	403
	563	402
	563	401
	563	400
	563	399
	563	398
	563	395
	563	394
	563	392
	563	391
	563	390
	563	389
	563	388
	563	387
	563	386
	563	385
	563	386
	563	387
	563	388
	563	389
	563	391
	563	392
	563	393
	563	394
	563	395
	563	397
	563	398
	563	399
	563	400
	563	401
	562	402
	562	403
	562	405
	562	406
	562	407
	562	406
	563	406
	563	405
	564	404
	564	403
	565	402
	566	400
	566	399
	568	397
	568	396
	569	395
	571	392
	572	392
	573	391
	574	390
	575	389
	576	389
	577	389
	578	389
	578	390
	578	392
	578	393
	578	394
	578	395
	578	397
	578	398
	577	399
	577	400
	577	402
	576	403
	576	404
	575	406
	574	407
	574	408
	573	409
	573	410
	573	411
	574	410
	575	410
.PEN_UP
.PEN_DOWN
	601	405
	601	406
	600	406
	599	407
	598	407
	597	409
	596	410
	595	410
	595	411
	594	411
	593	411
	592	410
	591	409
	591	408
	590	408
	590	407
	589	406
	588	404
	588	403
	587	402
	587	401
	587	399
	588	398
	588	397
	589	396
	590	395
	591	394
	591	393
	593	392
	594	391
	596	391
	597	391
	600	390
	601	390
	602	390
	603	391
	604	391
	605	392
	606	393
	607	393
	607	394
	607	395
	607	396
	607	397
	607	398
	606	398
	606	399
	605	399
	605	400
	604	400
	604	401
	603	401
	601	401
	600	401
	599	401
	598	401
	598	400
	598	399
.PEN_UP
