
.WRITER_ID PaulArnao
.STYLE PRINTED
.PEN_DOWN
	68	415
	67	415
	67	414
	67	413
	67	411
	67	409
	67	407
	67	404
	67	401
	67	398
	67	395
	68	393
	68	388
	69	386
	69	384
	69	383
	70	382
	70	381
	70	380
.PEN_UP
.PEN_DOWN
	65	414
	64	415
	64	416
	64	417
	64	418
	65	419
	66	420
	67	420
	68	421
	71	421
	73	422
	75	422
	77	422
	78	422
	79	422
.PEN_UP
.PEN_DOWN
	69	404
	70	404
	71	405
	72	406
	73	406
	76	407
	77	409
.PEN_UP
.PEN_DOWN
	105	421
	106	421
	106	420
	106	418
	106	417
	106	415
	106	413
	106	411
	106	410
	107	407
	107	405
	107	403
	108	402
	108	401
	109	400
	109	399
.PEN_UP
.PEN_DOWN
	129	414
	128	413
	128	410
	128	408
	127	407
	127	405
	127	403
	127	402
	127	400
	127	398
	128	396
	128	395
	128	393
	128	392
	129	390
	129	391
	129	393
	129	394
	129	396
	128	398
	128	404
	128	407
	127	410
	127	413
	127	416
	127	418
	127	420
	127	422
	127	423
	128	425
	129	426
	130	427
	132	427
	133	427
	135	427
	136	426
	138	425
	139	425
	140	424
	141	422
	142	421
	143	420
	143	417
	143	415
	142	414
	141	412
	140	411
	138	410
	136	409
	134	408
	133	408
	131	407
	130	407
	128	407
	127	406
	127	405
	127	404
	128	403
	129	402
	131	402
	132	402
	134	401
	136	400
	139	400
.PEN_UP
.PEN_DOWN
	172	420
	171	421
	170	421
	167	422
	165	423
	163	423
	162	423
	160	423
	159	423
	158	423
	157	423
	156	423
	156	422
	156	421
	156	420
	157	420
	158	419
	159	418
	160	417
	162	417
	163	416
	165	416
	167	415
	169	415
	172	413
	173	412
	174	412
	175	411
	176	410
	177	410
	177	409
	177	408
	177	407
	177	406
	175	406
	175	405
	173	404
	171	403
	170	402
	168	402
	167	402
	165	401
	164	401
	163	401
	162	401
	161	401
	160	401
.PEN_UP
.PEN_DOWN
	189	426
	189	427
	189	428
	189	429
	188	429
	188	430
	188	429
	189	427
	189	425
	190	423
	190	421
	190	419
	191	416
	191	412
	191	410
	191	408
	191	407
	192	405
	192	403
	192	402
	192	401
	192	400
	192	399
.PEN_UP
.PEN_DOWN
	181	427
	180	428
	180	429
	180	430
	181	430
	184	431
	186	431
	189	431
	191	431
	194	431
	197	431
	199	431
	202	431
	206	431
	207	431
	208	432
.PEN_UP
.PEN_DOWN
	250	421
	249	422
	248	422
	247	422
	245	419
	244	417
	243	414
	243	411
	243	408
	243	405
	243	402
	243	399
	243	397
	243	394
	243	393
	244	389
	245	388
	246	388
	246	389
	246	390
	247	392
	247	395
	247	397
	247	400
	247	403
	247	409
	247	413
	247	416
	247	420
	247	423
	247	425
	247	427
	247	429
	248	429
	249	428
	249	426
	251	424
	252	421
	253	418
	253	415
	254	412
	255	410
	257	407
	257	405
	258	403
	259	400
	260	399
	260	400
	260	401
	260	403
	260	405
	260	407
	260	410
	260	416
	260	418
	260	421
	260	425
	260	427
	260	429
	260	431
	260	432
	261	431
	262	429
	263	427
	263	424
	264	422
	265	419
	265	417
	266	414
	266	412
	267	410
	268	408
	268	407
	270	404
.PEN_UP
.PEN_DOWN
	280	426
	280	425
	280	422
	279	420
	279	417
	279	414
	279	411
	279	409
	279	407
	279	405
	280	401
	281	399
	281	397
	282	396
	282	395
	283	395
	284	395
	284	396
	284	397
	284	399
	284	401
	283	407
	283	410
	282	413
	282	417
	281	421
	280	425
	279	428
	279	432
	278	434
	278	437
	278	438
	278	439
	278	440
	279	440
	280	440
	280	439
	281	438
	283	436
	284	434
	285	432
	286	429
	288	426
	290	420
	291	417
	292	414
	294	412
	294	409
	296	407
	296	405
	298	403
	298	402
	299	400
	299	399
.PEN_UP
.PEN_DOWN
	285	417
	286	417
	288	416
	289	416
	291	416
	293	416
	296	416
.PEN_UP
.PEN_DOWN
	317	436
	316	434
	315	433
	314	431
	314	429
	314	427
	314	425
	314	423
	314	420
	315	418
	315	416
	316	414
	316	411
	317	408
	317	406
	318	405
	318	404
	318	403
	319	402
	319	401
.PEN_UP
.PEN_DOWN
	299	433
	298	434
	298	435
	298	436
	299	437
	300	437
	303	438
	305	438
	309	438
	311	439
	315	439
	317	440
	320	440
	325	441
	327	441
	329	442
	330	442
	331	442
	332	443
	331	443
	331	444
	331	445
.PEN_UP
.PEN_DOWN
	351	438
	350	438
	350	437
	350	436
	350	435
	350	433
	350	431
	350	429
	350	427
	351	424
	351	419
	352	417
	353	415
	353	413
	353	411
	353	410
	353	408
	354	407
	354	406
	354	405
	354	404
	355	404
	355	405
	356	405
	358	405
	359	406
	360	406
	361	407
	363	407
	365	407
	368	407
	370	407
	372	407
	374	407
	375	407
	376	407
	377	407
	378	407
.PEN_UP
.PEN_DOWN
	357	420
	357	421
	357	422
	358	422
	358	423
	359	423
	361	424
	363	424
	365	424
	369	424
	371	424
	373	424
.PEN_UP
.PEN_DOWN
	350	441
	350	442
	350	443
	350	444
	351	444
	352	445
	354	446
	356	447
	362	448
	365	448
	368	449
	371	449
	374	449
	376	449
	378	449
	379	449
	381	449
	382	449
	382	448
.PEN_UP
.PEN_DOWN
	440	428
	440	429
	440	431
	439	431
	439	432
	438	432
	437	431
	437	430
	437	429
	437	427
	437	424
	436	421
	436	419
	436	416
	436	414
	436	411
	436	409
	436	407
	436	404
	437	403
	437	402
	437	400
	438	399
	438	398
	439	398
	440	398
	441	398
	442	398
	444	398
	447	398
	449	398
	450	398
	452	398
	454	398
	455	398
	456	398
	457	398
	458	398
.PEN_UP
.PEN_DOWN
	439	412
	438	413
	439	413
	440	414
	442	414
	443	415
	445	416
	447	416
	449	416
	452	416
	454	416
.PEN_UP
.PEN_DOWN
	440	430
	439	431
	439	432
	439	433
	440	434
	441	435
	445	437
	447	438
	449	438
	452	438
	454	439
	457	439
	458	439
	460	439
	462	439
	463	439
.PEN_UP
.PEN_DOWN
	477	434
	477	433
	477	431
	477	429
	477	426
	477	424
	478	421
	479	418
	481	415
	482	412
	486	407
	488	405
	490	402
	491	400
	493	398
	494	397
.PEN_UP
.PEN_DOWN
	500	434
	499	435
	498	435
	496	435
	495	435
	491	431
	489	428
	487	425
	485	422
	484	419
	482	416
	481	413
	479	410
	479	407
	479	404
	479	402
	479	400
.PEN_UP
.PEN_DOWN
	513	434
	512	434
	511	433
	509	430
	508	428
	507	425
	506	422
	506	420
	506	416
	506	410
	506	407
	506	405
	506	402
	506	400
	507	398
	507	397
	507	396
	508	396
	507	396
	507	398
	507	400
	507	402
	507	405
	507	408
	506	411
	506	415
	506	419
	506	424
	506	428
	507	433
	508	438
	510	440
	511	442
	512	443
	513	443
	515	443
	516	443
	518	443
	520	443
	521	442
	523	441
	524	439
	525	436
	525	434
	525	432
	525	430
	525	428
	523	427
	522	425
	519	424
	517	423
	515	422
	512	421
	508	421
	507	421
	506	421
	505	421
	504	421
.PEN_UP
.PEN_DOWN
	534	436
	533	435
	533	434
	533	433
	532	431
	532	429
	532	428
	532	425
	532	423
	532	420
	532	418
	532	416
	532	413
	533	411
	533	408
	533	407
	533	406
	533	405
	534	405
	534	404
	535	404
	536	404
	537	405
	539	405
	542	406
	544	406
	546	407
	547	407
	549	407
	551	407
	552	407
	554	407
.PEN_UP
.PEN_DOWN
	536	417
	537	417
	538	417
	540	417
	541	418
	543	418
	545	418
.PEN_UP
.PEN_DOWN
	536	434
	536	435
	536	436
	537	437
	538	437
	539	438
	541	439
	542	439
	545	440
	549	440
	551	440
	553	440
	554	440
.PEN_UP
.PEN_DOWN
	582	430
	582	431
	581	431
	581	432
	581	433
	580	433
	580	434
	579	434
	578	434
	578	435
	577	435
	576	435
	575	435
	574	435
	574	434
	573	434
	573	433
	572	433
	571	432
	571	431
	570	430
	570	429
	569	426
	569	425
	569	423
	569	422
	570	421
	571	420
	571	419
	573	419
	573	418
	574	418
	576	418
	578	418
	580	418
	581	419
	582	419
	583	419
	583	420
	584	420
	584	421
	585	421
.PEN_UP
.PEN_DOWN
	597	433
	596	433
	596	434
	596	435
	595	435
	595	434
	595	433
	595	432
	595	431
	595	430
	596	429
	596	428
	596	426
	596	425
	596	424
	597	423
	597	422
	597	420
	598	420
	598	419
.PEN_UP
.PEN_DOWN
	591	437
	590	437
	590	438
	591	438
	592	438
	592	439
	593	439
	595	439
	596	439
	597	439
	599	439
	602	439
	603	439
	604	439
	605	439
	606	439
	607	440
	608	440
.PEN_UP
.PEN_DOWN
	609	434
	610	434
	610	433
	610	432
	610	431
	610	430
	610	429
	610	427
	610	426
	610	425
	610	424
	610	423
	610	422
	610	423
	611	423
	612	423
	613	423
	614	423
	615	424
	616	424
	618	424
	619	424
.PEN_UP
.PEN_DOWN
	610	432
	611	432
	611	433
	612	433
	613	433
	614	433
	616	433
	617	433
.PEN_UP
.PEN_DOWN
	612	441
	612	440
	611	441
	611	442
	611	443
	612	443
	613	443
	614	443
	616	443
	618	443
	619	443
	620	442
	621	442
	621	441
	622	441
.PEN_UP
.PEN_DOWN
	629	443
	628	442
	628	441
	628	439
	628	438
	628	437
	628	436
	628	434
	628	433
	629	432
	629	430
	629	429
	630	428
	630	427
	630	426
	630	427
	630	428
	630	430
	629	431
	629	433
	629	434
	629	436
	629	437
	628	439
	628	441
	628	442
	628	444
	627	445
	627	446
	627	447
	627	448
	628	448
	629	448
	630	447
	631	446
	633	445
	634	443
	635	442
	636	441
	637	439
	637	438
	638	436
	638	435
	638	434
	638	433
	638	431
	636	429
	635	429
	634	429
	632	429
	631	429
	630	429
	628	429
	627	429
.PEN_UP
.PEN_DOWN
	664	427
	664	428
	664	426
	664	425
	663	424
	663	423
	663	422
	663	420
	662	419
	662	417
	662	416
	661	415
	661	414
	661	413
	661	412
	661	411
	661	412
	661	414
	661	415
	661	416
	661	418
	661	419
	661	421
	662	422
	662	424
	662	426
	662	428
	662	429
	662	430
	662	433
	663	434
	663	435
	663	436
	664	436
	664	435
	665	435
	665	434
	666	434
	666	433
	666	432
	667	431
	667	429
	667	428
	668	426
	668	425
	669	424
	669	421
	669	420
	669	419
	670	418
	670	417
	670	416
	671	415
	671	414
	671	413
.PEN_UP
.PEN_DOWN
	666	420
	665	420
	665	421
	664	421
	664	422
	665	422
	666	422
	667	422
	668	422
	671	422
	672	422
	673	422
	674	422
.PEN_UP
.PEN_DOWN
	708	435
	709	435
	708	436
	709	435
	709	434
	710	433
	711	432
	711	431
	712	430
	712	429
	713	426
	714	425
	714	424
	714	423
	714	422
	714	421
	714	420
	714	419
	713	419
	713	418
	712	418
	710	417
	709	417
	708	417
	707	417
	706	417
	705	418
	704	418
	703	418
	702	418
	703	418
.PEN_UP
.PEN_DOWN
	701	432
	701	433
	700	433
	700	434
	701	435
	702	435
	704	435
	705	435
	706	435
	710	435
	711	436
	712	436
	714	436
	715	436
	716	436
	717	436
	718	436
.PEN_UP
.PEN_DOWN
	725	432
	726	431
	726	430
	726	429
	726	427
	727	426
	727	425
	727	424
	727	423
	727	422
	728	421
	728	420
	728	419
	728	418
	729	418
	730	418
	731	418
	732	418
	733	418
	734	418
	735	418
.PEN_UP
.PEN_DOWN
	727	425
	728	425
	729	425
	730	425
	731	425
	732	425
	733	425
.PEN_UP
.PEN_DOWN
	727	434
	727	435
	727	436
	728	436
	729	436
	730	436
	733	435
	734	435
.PEN_UP
.PEN_DOWN
	750	433
	750	434
	750	435
	750	436
	750	435
	751	435
	751	434
	751	433
	751	432
	752	431
	752	429
	752	427
	753	426
	753	425
	753	423
	753	422
	753	421
	753	420
	753	419
	751	419
	750	419
	749	420
	748	420
	746	421
	745	422
	744	422
	743	423
	743	422
	744	422
.PEN_UP
.PEN_DOWN
	745	434
	744	434
	744	435
	744	436
	745	436
	746	436
	749	436
	750	436
	751	436
	752	436
	753	436
	754	436
	755	436
	756	436
	757	436
	757	437
	758	437
	759	437
.PEN_UP
.PEN_DOWN
	762	437
	761	437
	761	436
	761	435
	761	434
	761	432
	762	431
	762	429
	764	426
	764	425
	765	425
	765	424
	766	423
	767	423
	768	423
	768	424
	768	425
	769	427
	770	428
	770	429
	770	431
	770	432
	770	434
	770	435
	770	437
	770	438
	770	440
	770	441
	770	442
	769	443
	769	444
	770	443
.PEN_UP
.PEN_DOWN
	779	418
	779	419
	778	419
	778	420
	778	421
	778	422
	778	423
	778	424
	778	425
	778	426
	778	429
	778	430
	778	431
	778	432
	778	434
	778	435
	778	436
	778	437
	778	438
	778	439
	779	438
	780	437
	781	436
	782	434
	783	433
	783	432
	784	431
	785	430
	786	429
	787	428
	788	427
	789	426
	790	425
	791	425
	792	424
	793	424
	794	424
	794	425
	794	426
	794	428
	794	429
	794	430
	794	432
	794	434
	794	435
	794	437
	794	439
	794	441
	794	442
	794	443
	794	444
	794	446
	794	447
	794	448
	794	447
	795	447
	795	446
.PEN_UP
.PEN_DOWN
	805	443
	805	444
	805	443
	805	440
	805	439
	805	438
	805	437
	805	435
	805	434
	805	433
	805	432
	805	431
	805	430
	805	429
	805	428
	805	427
	806	426
	806	425
	807	425
	808	425
	808	424
	809	424
	811	424
	814	425
	815	425
	816	425
	817	425
	818	425
	819	426
.PEN_UP
.PEN_DOWN
	810	434
	809	434
	809	435
	810	435
	811	435
	812	435
	813	435
	814	435
	815	435
.PEN_UP
.PEN_DOWN
	806	444
	806	445
	807	446
	808	446
	809	446
	810	447
	812	447
	813	447
.PEN_UP
