
.WRITER_ID PaulArnao
.STYLE PRINTED
.PEN_DOWN
	74	390
	74	391
	74	392
	74	393
	74	394
	74	395
	73	395
	72	396
	71	396
	71	397
	70	397
	69	397
	68	397
	68	396
	67	396
	66	395
	66	394
	66	393
	65	392
	65	391
	65	390
	65	389
	66	387
	67	386
	68	386
	69	386
	70	386
	71	387
	72	387
	72	388
	73	388
	73	389
	74	389
	74	390
	74	391
	74	392
	74	393
	74	394
	74	393
	73	393
	73	392
	73	391
	73	390
	72	388
	72	387
	72	386
	72	385
	71	383
	71	382
	71	381
	71	379
	71	378
	71	377
	71	376
	71	375
	71	373
	71	372
	71	371
	71	370
	71	369
	72	369
	73	369
	74	369
	75	369
	76	370
	77	371
	78	371
	78	372
	78	373
	79	374
	79	376
	79	377
	79	378
	79	379
	79	380
	78	381
	78	382
	77	383
	77	384
	76	385
	75	385
	75	386
	76	386
	77	386
	78	386
	79	386
	80	386
	81	386
	82	386
	82	387
	83	387
	83	388
	84	388
	84	389
	84	390
	84	389
.PEN_UP
.PEN_DOWN
	90	398
	90	397
	90	396
	90	395
	90	394
	90	393
	90	392
	90	391
	90	390
	90	388
	90	387
	91	386
	91	385
	92	384
	93	383
	94	383
	95	383
	95	384
	96	384
	96	385
	96	386
	96	387
	97	388
	97	389
	97	390
	97	391
	97	393
	97	394
	96	395
	96	396
.PEN_UP
.PEN_DOWN
	106	397
	107	396
	107	395
	108	395
	108	394
	108	393
	109	393
	109	392
	108	392
	108	393
	107	393
	106	394
	105	394
	104	394
	103	393
	102	392
	102	391
	101	391
	101	390
	101	389
	101	388
	101	387
	101	386
	102	386
	103	386
	104	386
	105	386
	105	387
	106	387
	106	388
	107	388
	107	389
	107	390
	107	391
	107	392
	108	393
	108	392
	108	391
	108	390
	108	389
	109	389
	109	388
	109	387
	110	387
.PEN_UP
.PEN_DOWN
	115	396
	116	396
	116	395
	116	394
	116	393
	116	392
	116	391
	116	390
	116	389
	116	388
	116	387
	116	386
	115	386
	116	386
	116	387
.PEN_UP
.PEN_DOWN
	116	411
	115	411
	115	412
	115	413
	116	413
	116	412
	117	412
.PEN_UP
.PEN_DOWN
	125	395
	124	395
	124	394
	124	393
	124	392
	124	391
	124	390
	124	389
	124	388
	124	387
	124	386
	125	385
	125	384
	125	385
	125	386
	125	387
	125	388
	125	389
	125	390
	125	391
	125	392
	125	393
	125	394
	126	395
	126	396
	126	397
	127	397
	128	397
	129	397
	129	396
	130	396
	130	395
	130	394
	130	393
	130	391
	130	390
	130	389
	130	388
	130	387
	130	386
	130	385
.PEN_UP
.PEN_DOWN
	141	419
	141	418
	141	417
	141	416
	141	415
	141	413
	141	412
	142	411
	142	409
	142	408
	142	406
	142	403
	142	401
	142	400
	142	398
	142	397
	142	395
	142	394
	142	393
	142	392
	142	391
	142	390
	141	389
.PEN_UP
.PEN_DOWN
	135	406
	135	407
	136	407
	136	408
	137	408
	138	408
	139	408
	140	408
	142	408
	144	407
	145	407
	146	407
	146	406
	147	406
.PEN_UP
.PEN_DOWN
	160	393
	160	392
	159	392
	159	391
	159	390
	159	388
	159	387
	159	386
	159	385
	160	384
	160	383
	161	383
	162	382
	163	382
	164	382
	165	382
	165	383
	166	383
	166	384
	166	385
	166	386
	166	387
	166	388
	166	389
	166	391
	165	391
	165	390
	165	389
	165	388
	164	388
	164	387
	164	386
	164	385
	163	384
	163	383
	163	382
	163	381
	163	379
	162	378
	162	377
	162	375
	162	374
	162	371
	162	370
	162	369
	162	368
	162	367
	162	366
	162	365
	163	365
	163	364
	164	364
	165	364
	166	365
	167	366
	168	367
	168	368
	168	369
	168	370
	168	371
	168	373
	168	375
	168	377
	168	378
	168	379
	167	380
	166	381
	166	382
	166	383
	165	383
	165	384
	164	384
.PEN_UP
.PEN_DOWN
	172	394
	172	393
	172	392
	172	391
	173	390
	173	389
	173	388
	173	387
	174	386
	175	385
	175	384
	176	384
	176	383
	177	383
	178	383
	178	384
	179	384
	179	385
	179	386
	180	386
	180	387
	180	388
	180	389
	180	390
	180	391
	180	392
	180	393
	180	394
	180	395
.PEN_UP
.PEN_DOWN
	184	393
	183	392
	183	391
	183	390
	183	389
	184	388
	184	387
	185	386
	185	385
	186	385
.PEN_UP
.PEN_DOWN
	187	399
	187	400
.PEN_UP
.PEN_DOWN
	190	386
	190	385
	190	384
	190	383
	190	382
	190	381
	190	380
	190	379
	190	378
	191	377
	191	376
	192	375
	193	375
	193	376
	193	377
	193	378
	193	381
	192	382
	192	384
	192	386
	192	388
	192	390
	192	392
	192	394
	192	395
	192	397
	193	398
	193	399
	193	400
	194	400
	195	400
	196	399
	197	399
	197	398
	198	397
	199	396
	199	395
	200	394
	200	391
	200	389
	200	388
	200	387
	200	386
	199	386
	198	385
	197	385
	196	385
	194	386
	193	386
.PEN_UP
.PEN_DOWN
	216	397
	215	398
	214	398
	213	398
	212	398
	211	398
	210	398
	210	397
	209	396
	209	395
	210	394
	211	394
	211	393
	212	393
	213	392
	214	392
	214	391
	216	391
	217	390
	218	390
	219	389
	220	389
	220	388
	220	387
	220	386
	219	386
	218	386
	217	386
	215	386
	214	386
	213	386
	212	386
	211	386
	210	386
	209	386
.PEN_UP
.PEN_DOWN
	242	403
	241	403
	240	403
	239	404
	238	404
	237	404
	236	404
	235	404
	234	403
	234	402
	233	401
	233	400
	232	399
	232	398
	231	397
	231	395
	231	393
	231	392
	231	391
	232	390
	233	389
	234	389
	235	389
	236	389
	237	389
	238	390
	239	390
	239	391
	240	391
	240	393
	241	393
	241	394
	241	395
	241	396
	241	397
	241	398
	241	399
	240	400
	240	401
	240	400
	240	399
	241	398
	241	396
	241	395
	241	394
	241	391
	241	389
	241	388
	241	387
	241	385
	241	384
	241	382
	241	381
	241	380
	241	379
	241	378
	241	377
	241	375
	241	374
	241	373
	240	373
	240	372
	241	372
	242	372
	242	373
	243	373
	244	373
	245	373
	245	374
	247	374
	247	375
	248	375
	248	376
	248	377
	248	378
	247	379
	246	381
	245	382
	244	384
	243	385
	243	386
	242	387
	241	387
	241	388
	241	389
.PEN_UP
.PEN_DOWN
	251	405
	252	405
	252	404
	252	403
	252	402
	252	401
	252	400
	252	399
	252	397
	252	396
	252	395
	252	394
	252	392
	252	391
	253	391
	253	390
	253	389
	254	389
	254	388
	255	388
	256	389
	258	391
	259	392
	259	393
	260	395
	260	396
	260	397
	260	398
	260	399
	260	400
	260	401
	260	402
	260	403
	260	404
.PEN_UP
.PEN_DOWN
	270	398
	270	399
	270	400
	269	400
	268	400
	267	401
	267	400
	266	400
	265	400
	265	399
	264	398
	264	397
	263	396
	263	395
	263	394
	263	393
	263	392
	264	391
	264	390
	265	389
	266	388
	267	387
	268	387
	270	387
	271	388
	272	389
	272	390
	272	392
	272	393
	272	394
	272	395
	272	396
	271	397
	270	397
	270	398
	269	399
.PEN_UP
.PEN_DOWN
	283	421
	283	422
	283	421
	283	420
	283	419
	283	418
	283	417
	283	416
	283	413
	283	411
	283	409
	283	408
	284	407
	284	405
	284	403
	284	402
	284	400
	284	399
	284	397
	284	396
	284	394
	284	393
	284	392
	284	391
	285	391
	285	390
	285	389
.PEN_UP
.PEN_DOWN
	278	401
	278	402
	278	403
	279	403
	280	403
	281	402
	282	402
	283	402
	284	402
	285	401
	286	401
	287	401
	288	400
	289	400
	290	400
	291	400
.PEN_UP
.PEN_DOWN
	300	403
	301	403
	301	404
	302	404
	302	403
	302	402
	301	402
	301	401
	301	400
	301	399
	301	398
	300	397
	300	396
	300	395
	300	393
	300	392
	299	392
	299	391
	299	390
	299	389
	299	388
	300	388
.PEN_UP
.PEN_DOWN
	304	414
	303	415
	303	416
	302	416
	303	416
.PEN_UP
.PEN_DOWN
	310	403
	310	404
	310	403
	310	401
	310	400
	310	398
	310	397
	310	396
	310	395
	310	394
	310	393
	310	392
	310	391
	311	390
	311	391
	311	392
	311	393
	311	394
	311	395
	312	396
	312	397
	312	398
	313	400
	314	401
	314	402
	314	403
	315	403
	315	404
	316	404
	317	404
	318	403
	318	402
	319	402
	319	400
	319	399
	319	398
	319	397
	319	396
	319	395
	319	394
	319	393
	318	392
	318	391
.PEN_UP
.PEN_DOWN
	334	402
	335	403
	335	404
	335	405
	334	405
	334	406
	333	406
	332	406
	332	405
	331	405
	331	404
	330	404
	328	402
	328	401
	327	400
	327	399
	326	398
	326	397
	326	396
	326	395
	326	394
	327	393
	328	393
	329	392
	330	392
	331	392
	332	392
	333	392
	334	393
	335	394
	336	395
	337	395
	337	397
	337	398
	337	399
	337	400
	337	401
	337	402
	336	402
	336	403
	335	403
	335	404
	334	404
	333	404
	333	403
	333	402
	334	402
	334	401
	335	400
	336	399
	336	398
	337	398
	337	397
	337	396
	337	395
	338	394
	338	393
	338	391
	338	390
	337	389
	337	386
	337	385
	337	383
	336	382
	336	381
	335	379
	335	378
	334	377
	333	377
	332	377
	331	377
	330	377
	329	377
	328	378
	327	378
	327	379
	326	379
	325	380
	325	381
	326	381
.PEN_UP
.PEN_DOWN
	373	394
	373	395
	373	396
	373	397
	373	398
	373	399
	372	400
	372	401
	372	402
	371	403
	371	404
	370	404
	370	405
	369	405
	369	406
	368	406
	367	406
	366	406
	365	406
	363	405
	361	404
	360	403
	360	402
	359	400
	358	399
	358	398
	358	396
	358	395
	358	393
	358	392
	359	391
	361	389
	362	389
	363	389
	364	389
	366	389
	367	389
	368	389
	369	390
	370	390
	371	391
	371	392
	372	393
	372	394
	372	395
	372	396
	372	397
	372	398
	371	399
	371	400
	370	400
	370	399
	369	399
	369	398
	369	397
	368	396
	368	395
	368	393
	367	391
	366	387
	366	385
	365	383
	365	381
	364	378
	363	376
	363	374
	363	373
	363	371
	363	370
	363	369
	363	368
	363	367
	363	366
	364	366
	365	366
	366	367
	367	367
	368	368
	369	368
	369	369
	371	370
	372	373
	372	374
	372	376
	372	378
	372	379
	372	381
	372	382
	371	383
	371	384
	370	386
	369	387
	369	388
	370	388
	371	388
	372	387
	375	387
	376	387
	377	387
	378	387
	379	387
.PEN_UP
.PEN_DOWN
	384	403
	384	402
	384	401
	384	400
	384	399
	384	398
	384	396
	384	395
	384	394
	384	392
	384	390
	385	389
	385	388
	386	387
	386	386
	387	386
	388	386
	389	386
	389	387
	390	388
	391	390
	391	391
	391	392
	391	393
	391	394
	391	395
	391	397
	391	398
	391	399
	391	400
.PEN_UP
.PEN_DOWN
	399	402
	399	403
	399	404
	400	404
	401	404
	401	403
	402	403
	403	403
	403	402
	404	401
	405	401
	405	400
	406	399
	406	398
	406	397
	406	396
	406	395
	406	394
	405	394
	405	395
	404	396
	403	397
	403	398
	402	398
	401	398
	400	398
	399	398
	399	397
	398	397
	397	396
	397	395
	396	394
	396	392
	396	391
	396	390
	396	388
	396	387
	397	386
	398	385
	399	385
	400	385
	401	385
	402	385
	403	386
	403	387
	404	388
	404	389
	405	390
	405	391
	405	392
	405	393
	405	394
	405	393
	405	392
	405	391
	405	390
	405	389
	405	388
	406	387
	406	386
	407	386
.PEN_UP
.PEN_DOWN
	416	396
	416	395
	416	394
	416	393
	416	392
	416	391
	416	390
	416	389
	416	388
	417	387
	417	386
	418	386
	418	385
	419	385
	419	386
	419	387
	419	389
	419	390
	419	391
	419	392
	419	393
	419	394
	419	397
	420	398
	420	399
	420	400
	421	401
	422	401
	423	400
	424	400
	425	399
	425	398
	426	397
	426	396
	427	395
	427	394
	428	392
	428	391
	428	390
	428	388
	428	387
	428	386
	428	385
.PEN_UP
.PEN_DOWN
	438	418
	439	418
	439	419
	439	420
	439	419
	439	418
	440	418
	440	416
	440	415
	440	413
	440	412
	440	409
	440	408
	440	406
	440	404
	440	400
	440	398
	440	397
	440	395
	440	394
	440	392
	440	391
	440	390
	440	389
	440	388
.PEN_UP
.PEN_DOWN
	433	403
	433	404
	433	405
	433	406
	434	406
	435	406
	438	406
	439	406
	441	406
	442	405
	443	405
	444	405
	445	404
	446	404
	447	403
	449	403
.PEN_UP
.PEN_DOWN
	449	400
	450	400
	450	399
	449	399
	449	398
	449	396
	449	395
	449	394
	449	393
	449	392
	450	391
	451	390
	451	389
	452	389
	453	389
	454	390
	455	391
	456	393
	456	394
	456	395
	456	396
	456	397
	456	399
	457	400
	457	401
.PEN_UP
.PEN_DOWN
	463	399
	464	399
	464	398
	464	396
	464	395
	464	394
	463	393
	463	392
	463	391
	463	390
	463	389
	463	388
	463	387
	463	386
	463	387
	464	387
	464	388
	464	389
	464	390
	465	391
	465	392
	465	394
	466	396
	467	397
	467	398
	468	398
	468	399
	468	400
	469	400
	470	400
	471	399
	472	398
	473	397
	473	396
	473	395
	474	394
	474	393
	474	392
	474	390
	474	389
	474	388
	474	387
	474	388
	474	389
	474	390
	474	391
	475	391
	476	392
	476	393
	476	394
	477	395
	478	395
	479	397
	480	397
	480	398
	481	398
	482	398
	483	398
	484	397
	486	395
	486	394
	486	393
	487	392
	487	391
	487	390
	487	389
	487	388
	487	387
	488	386
	489	386
.PEN_UP
.PEN_DOWN
	522	404
	521	404
	520	405
	518	406
	517	406
	516	406
	515	406
	515	405
	513	405
	513	404
	512	403
	510	402
	510	400
	509	399
	509	397
	509	394
	509	392
	509	391
	509	389
	510	388
	511	387
	512	386
	513	386
	514	386
	516	386
	517	386
	520	388
	521	389
	522	390
	523	391
	523	392
	523	394
	523	395
	523	396
	523	397
	523	398
	523	399
	522	399
	521	399
	521	398
	520	398
	520	396
	520	395
	519	393
	518	391
	518	389
	517	384
	516	381
	515	378
	515	376
	515	374
	514	372
	514	370
	514	368
	514	367
	515	366
	515	365
	516	365
	517	365
	518	365
	519	365
	519	366
	520	367
	520	368
	521	369
	521	371
	521	373
	521	374
	521	377
	521	381
	521	384
	520	386
	519	387
	519	389
	519	390
	518	390
	519	390
	519	389
	520	388
.PEN_UP
.PEN_DOWN
	532	397
	533	397
	533	398
	533	399
	532	399
	531	398
	531	397
	531	396
	531	394
	531	393
	531	391
	532	390
	532	389
	533	386
	534	385
	535	384
	536	383
	537	383
	538	383
	539	383
	540	384
	541	385
	541	386
	541	389
	541	391
	541	392
	541	394
	541	395
	541	397
	541	398
	541	399
.PEN_UP
.PEN_DOWN
	548	399
	548	400
	549	401
	550	401
	551	401
	552	401
	553	401
	554	400
	555	400
	556	399
	558	398
	558	397
	559	396
	559	395
	559	394
	559	393
	559	392
	558	392
	557	392
	557	393
	556	394
	555	395
	554	395
	554	396
	553	396
	552	396
	550	395
	549	395
	548	394
	548	393
	547	392
	547	391
	546	390
	546	389
	546	388
	546	387
	547	386
	548	385
	549	385
	550	385
	551	385
	553	385
	553	386
	554	386
	554	387
	555	388
	555	389
	556	391
	556	392
	556	393
	556	392
	556	391
	556	388
	556	387
	557	386
	557	385
	558	384
.PEN_UP
.PEN_DOWN
	570	422
	569	421
	569	420
	569	418
	569	417
	569	415
	569	413
	569	411
	569	409
	569	407
	569	403
	569	400
	569	398
	569	397
	570	395
	570	393
	570	391
	570	390
	571	388
.PEN_UP
.PEN_DOWN
	578	399
	578	398
	578	397
	578	395
	578	394
	578	393
	578	391
	578	390
	578	389
	578	388
	579	386
	579	387
	579	388
	579	390
	579	391
	579	392
	580	395
	580	397
	580	398
	581	400
	581	401
	582	402
	582	403
	582	404
	583	404
	584	404
	585	403
	585	402
	586	401
	586	400
	586	399
	587	397
	587	396
	587	395
	587	393
	587	392
	587	390
	587	389
	587	390
	586	391
	586	394
	587	395
	587	397
	588	398
	588	399
	589	400
	590	401
	591	401
	592	401
	593	401
	594	400
	595	399
	595	398
	596	397
	596	396
	596	395
	596	393
	596	391
	596	390
	596	389
	596	388
.PEN_UP
.PEN_DOWN
	608	404
	607	405
	606	406
	605	406
	604	406
	603	406
	603	405
	603	404
	603	402
	604	401
	604	400
	605	400
	606	399
	608	398
	609	397
	610	396
	611	395
	612	395
	613	394
	614	393
	614	392
	613	392
	612	392
	611	392
	610	392
	608	392
	606	392
	605	393
	604	393
	601	393
	601	392
	601	391
.PEN_UP
