
.WRITER_ID PaulArnao
.STYLE PRINTED
.PEN_DOWN
	56	381
	57	381
	57	382
	58	382
	59	382
	60	382
	61	382
	62	382
	62	381
	63	380
	63	379
	63	378
	63	377
	63	376
	62	377
	61	377
	60	376
	59	376
	59	375
	58	375
	58	374
	58	373
	57	373
	57	372
	57	371
	57	370
	57	369
	58	368
	59	368
	59	367
	60	367
	61	367
	61	368
	62	368
	62	369
	62	370
	63	370
	63	371
	63	372
	63	373
	63	374
	62	374
	62	375
	62	376
	62	375
	63	374
	63	373
	64	373
	64	372
	64	371
	65	371
	65	370
	66	370
	66	369
	67	369
	68	369
	68	368
	69	368
	69	369
.PEN_UP
.PEN_DOWN
	75	388
	75	387
	75	386
	75	385
	74	385
	74	384
	74	383
	74	382
	74	381
	74	380
	74	379
	74	378
	74	377
	74	376
	74	375
	74	374
	74	373
	74	372
	74	371
	74	372
	74	373
	74	374
	75	374
	75	375
	75	376
	75	377
	75	378
	75	379
	76	379
	77	379
	78	379
	79	379
	79	378
	80	378
	80	377
	80	376
	80	375
	81	375
	81	374
	81	373
	81	372
	80	372
	80	371
	79	371
	78	371
	77	371
	76	371
	76	370
	75	370
	75	371
.PEN_UP
.PEN_DOWN
	97	380
	96	381
	95	381
	94	381
	93	380
	92	380
	91	379
	90	378
	90	377
	90	376
	90	375
	90	374
	90	373
	90	372
	91	372
	92	371
	93	371
	94	371
	95	371
	96	371
	96	372
	97	372
.PEN_UP
.PEN_DOWN
	112	394
	112	393
	113	393
	113	392
	113	391
	113	390
	113	389
	113	388
	112	387
	112	386
	112	385
	112	384
	112	383
	112	381
	112	380
	112	379
	112	378
	112	377
	112	376
	112	375
	112	374
	112	373
	112	374
	112	375
	112	376
	112	377
	113	377
	113	378
	113	379
	113	380
	112	381
	112	382
	112	383
	111	383
	111	384
	110	384
	109	384
	108	384
	107	384
	106	384
	106	383
	105	383
	104	383
	104	382
	103	381
	103	380
	103	379
	102	379
	102	377
	102	376
	102	375
	103	375
	103	374
	103	373
	104	373
	105	372
	106	372
	107	372
	108	372
	109	373
	110	373
	111	373
	111	374
	112	374
	112	375
	113	375
.PEN_UP
.PEN_DOWN
	121	379
	122	378
	123	378
	123	377
	124	377
	125	377
	126	377
	126	378
	127	378
	128	378
	128	379
	129	379
	129	380
	128	381
	128	382
	127	382
	126	383
	125	383
	124	383
	123	383
	122	383
	121	382
	121	381
	121	380
	121	379
	121	378
	121	377
	121	376
	122	376
	123	375
	124	375
	125	375
	126	375
	127	375
	128	375
	129	375
	130	375
	131	375
	131	376
.PEN_UP
.PEN_DOWN
	169	394
	170	394
	169	394
	169	395
	168	395
	168	396
	167	396
	166	396
	166	395
	165	395
	165	394
	164	393
	164	392
	163	391
	163	390
	163	389
	163	388
	163	386
	163	384
	163	382
	163	381
	163	380
	163	378
	163	377
	163	376
	164	375
	164	374
	164	373
	164	372
	164	371
	165	371
.PEN_UP
.PEN_DOWN
	157	382
	158	382
	159	382
	160	381
	161	381
	162	381
	163	381
	164	381
	165	381
	166	382
	168	382
	169	382
	168	382
.PEN_UP
.PEN_DOWN
	181	383
	181	382
	180	382
	179	381
	179	380
	178	380
	178	379
	177	378
	177	377
	177	376
	177	375
	177	374
	177	373
	178	373
	179	373
	180	373
	181	373
	182	373
	182	374
	183	374
	183	375
	183	376
	183	377
	183	378
	183	379
	183	380
	183	379
	183	378
	184	377
	184	376
	185	375
	185	374
	185	373
	186	373
	186	372
	186	371
	186	370
	186	369
	186	368
	186	367
	185	367
	185	366
	184	365
	183	365
	182	365
	182	364
	181	364
	180	364
	179	364
	178	364
	177	364
	178	364
.PEN_UP
.PEN_DOWN
	191	398
	191	397
	192	397
	192	396
	192	395
	192	394
	192	393
	192	391
	192	389
	192	388
	192	387
	192	386
	192	385
	192	383
	192	382
	192	381
	192	379
	192	378
	192	377
	192	376
	192	375
	192	374
	193	374
	193	373
	193	374
	193	375
	193	376
	193	377
	193	378
	194	379
	194	380
	194	381
	194	382
	194	383
	194	384
	195	384
	195	385
	196	386
	197	386
	198	386
	198	385
	199	385
	199	384
	199	383
	199	382
	200	382
	200	381
	200	380
	200	379
	200	378
	200	377
	200	376
	201	375
.PEN_UP
.PEN_DOWN
	210	385
	210	384
	209	383
	209	382
	209	381
	209	380
	209	379
	209	378
	209	377
	209	375
	209	374
	209	373
	209	372
	210	372
.PEN_UP
.PEN_DOWN
	210	391
	210	390
.PEN_UP
.PEN_DOWN
	224	384
	224	383
	224	382
	224	381
	224	380
	224	379
	224	378
	224	377
	224	376
	224	375
	224	374
	224	373
	223	373
	223	372
	223	371
	222	370
	221	370
	220	370
	220	371
	219	371
	219	372
	218	372
	218	373
	217	374
	217	375
	216	375
	217	375
.PEN_UP
.PEN_DOWN
	223	391
	224	391
.PEN_UP
.PEN_DOWN
	245	395
	245	394
	245	393
	245	392
	245	391
	244	390
	244	389
	244	387
	244	386
	244	385
	243	382
	243	381
	243	380
	243	379
	243	378
	243	377
	243	376
	243	375
.PEN_UP
.PEN_DOWN
	250	387
	250	386
	250	385
	249	385
	248	384
	247	384
	247	383
	246	383
	245	383
	245	382
	246	381
	247	380
	248	379
	248	378
	249	378
	249	377
	250	376
	250	375
	251	375
	251	376
.PEN_UP
.PEN_DOWN
	260	400
	260	399
	260	398
	260	397
	260	396
	260	395
	259	395
	259	394
	259	393
	259	391
	259	390
	258	389
	258	388
	258	386
	258	385
	257	384
	257	383
	257	382
	257	381
	256	380
	256	379
	256	378
	256	377
	256	376
	256	375
	257	375
	257	374
	258	374
	258	375
.PEN_UP
.PEN_DOWN
	264	383
	264	382
	263	381
	263	380
	263	379
	263	378
	263	377
	263	376
	263	375
	262	374
	263	375
	263	376
	263	377
	264	377
	264	378
	264	379
	264	380
	265	381
	265	382
	265	383
	266	383
	267	383
	268	382
	269	381
	269	380
	269	379
	269	378
	269	377
	269	376
	269	375
	268	375
	268	376
	268	377
	269	377
	269	378
	269	379
	270	379
	270	380
	270	381
	270	382
	271	382
	271	383
	272	383
	273	383
	273	382
	273	381
	273	380
	274	379
	274	378
	274	377
	275	377
.PEN_UP
.PEN_DOWN
	280	383
	280	382
	280	381
	280	380
	280	379
	280	378
	280	377
	280	376
	280	377
	280	378
	280	379
	280	380
	280	381
	281	381
	281	382
	282	382
	283	382
	284	382
	285	381
	285	380
	285	379
	285	378
	285	377
	285	376
	285	375
.PEN_UP
.PEN_DOWN
	294	384
	293	384
	293	383
	292	383
	292	382
	291	381
	290	380
	290	379
	290	378
	290	377
	291	377
	291	376
	292	375
	293	375
	294	375
	295	375
	296	375
	297	375
	298	376
	298	377
	298	378
	298	379
	298	380
	298	381
	298	382
	297	383
	296	384
	295	384
	294	384
.PEN_UP
.PEN_DOWN
	318	362
	318	361
	318	360
	318	359
	318	358
	318	357
	318	356
	318	355
	318	356
	318	358
	318	359
	318	360
	318	361
	318	362
	319	364
	319	365
	319	366
	320	367
	320	369
	320	370
	320	371
	321	373
	321	374
	321	376
	321	377
	322	378
	322	379
	322	380
	323	380
	323	381
	324	381
	325	381
	325	380
	326	379
	326	378
	326	377
	326	376
	326	375
	326	374
	326	373
	325	373
	324	373
	323	373
	322	374
	321	374
.PEN_UP
.PEN_DOWN
	338	381
	337	381
	336	381
	335	380
	335	379
	334	378
	334	377
	334	376
	334	375
	334	374
	334	373
	335	373
	336	373
	337	373
	338	373
	338	374
	338	375
	339	376
	339	377
	339	378
	339	379
	339	380
	338	380
	338	379
	338	378
	338	377
	337	377
	337	376
	337	375
	337	373
	336	371
	336	370
	336	369
	335	368
	335	367
	335	366
	335	365
	335	364
	336	363
	337	363
	338	363
	339	363
	339	364
	340	364
	340	365
	340	366
	341	367
	341	368
	341	369
	341	370
	341	371
	341	372
	340	373
	340	374
	339	374
.PEN_UP
.PEN_DOWN
	349	381
	349	380
	349	379
	348	378
	348	377
	348	375
	348	374
	348	373
	348	372
	349	372
	349	373
	349	374
	349	375
	349	376
	350	377
	350	378
	350	379
	350	380
	350	381
	351	382
	351	383
	352	383
	353	384
	354	384
	355	384
	356	384
	357	384
	357	383
	358	383
.PEN_UP
.PEN_DOWN
	366	383
	365	383
	364	383
	363	383
	362	383
	361	383
	361	382
	361	381
	362	381
	362	380
	363	380
	363	379
	364	378
	365	378
	365	377
	366	377
	366	376
	367	376
	367	375
	368	374
	368	373
	367	373
	367	372
	366	372
	365	372
	364	372
	363	372
	362	373
	361	373
	361	374
.PEN_UP
.PEN_DOWN
	379	400
	380	400
	380	399
	380	398
	380	397
	379	396
	379	394
	379	393
	379	392
	379	390
	379	389
	379	388
	379	386
	379	385
	379	383
	378	382
	378	381
	378	380
	378	378
	378	377
	379	377
	379	376
.PEN_UP
.PEN_DOWN
	373	388
	374	389
	374	390
	375	390
	376	390
	377	390
	378	390
	379	390
	380	390
	381	390
	382	390
	383	390
	384	390
	385	390
	385	391
	385	390
.PEN_UP
.PEN_DOWN
	397	380
	398	380
	397	380
	397	381
	397	380
	396	379
	396	378
	396	377
	396	376
	396	375
	396	373
	397	372
	398	371
	399	371
	400	372
	401	372
	402	373
	402	374
	402	375
	403	376
	403	377
	403	378
	403	379
	403	381
	403	382
	403	383
	403	384
	404	384
	404	383
	405	383
.PEN_UP
.PEN_DOWN
	410	382
	411	382
	411	381
	411	380
	411	379
	411	378
	411	377
	411	376
	411	375
	412	374
	412	373
	412	372
	413	372
	413	371
	414	371
	414	372
	415	373
	415	374
	416	375
	416	376
	416	377
	417	378
	417	379
	417	380
	417	381
	418	382
	418	383
	419	383
	419	384
	420	384
.PEN_UP
.PEN_DOWN
	424	382
	425	382
	425	381
	425	380
	425	379
	426	378
	426	377
	426	375
	426	374
	426	373
	427	373
	427	372
	427	373
	428	373
	428	374
	428	375
	429	376
	429	377
	430	378
	430	379
	430	380
	430	381
	431	382
	431	381
	432	380
	432	379
	432	378
	432	377
	433	377
	433	376
	433	375
	433	374
	433	373
	434	373
	435	373
	435	374
	436	375
	436	377
	437	377
	437	379
	438	380
	438	381
	438	382
	438	383
	438	384
	438	385
	438	386
	439	386
	439	385
	440	385
.PEN_UP
.PEN_DOWN
	447	383
	448	383
	448	382
	449	381
	449	380
	450	379
	450	378
	451	377
	451	376
	452	375
	452	374
	453	374
	453	373
	454	373
	454	372
	455	372
.PEN_UP
.PEN_DOWN
	454	382
	454	383
	453	383
	452	382
	451	381
	450	380
	449	378
	448	377
	448	376
	447	376
	447	375
	446	374
	446	373
	446	372
.PEN_UP
.PEN_DOWN
	458	382
	459	382
	459	381
	459	380
	460	379
	460	378
	461	377
	461	376
	462	375
	462	374
	463	373
.PEN_UP
.PEN_DOWN
	465	382
	465	381
	465	380
	464	379
	464	378
	464	377
	463	377
	463	376
	462	373
	462	372
	462	371
	461	370
	461	369
	460	368
	459	367
	459	366
	458	365
	458	364
	459	364
.PEN_UP
.PEN_DOWN
	472	382
	472	383
	473	383
	474	383
	475	383
	476	383
	477	383
	478	383
	478	382
	479	382
	479	381
	478	380
	478	379
	477	379
	476	378
	476	377
	475	377
	475	376
	474	376
	474	375
	473	375
	473	374
	473	373
	472	373
	473	373
	474	373
	475	373
	476	373
	477	373
	478	373
	479	373
	480	373
	481	373
	482	374
	483	374
	483	373
	484	373
.PEN_UP
