
.WRITER_ID PaulArnao
.STYLE PRINTED
.PEN_DOWN
	75	406
	76	406
	75	405
	75	404
	74	403
	74	402
	73	398
	73	397
	73	395
	72	393
	72	391
	71	389
	71	387
	71	385
	70	384
	70	383
	70	382
	70	381
	70	380
	70	381
	70	382
	70	383
	70	385
	71	386
	71	390
	71	393
	72	394
	72	397
	73	398
	73	401
	73	402
	74	404
	74	406
	74	407
	74	409
	75	410
	75	411
	75	412
	76	412
	76	413
	76	414
	77	414
	78	414
	78	413
	79	413
	79	412
	79	411
	80	411
	80	410
	81	409
	81	407
	82	407
	83	405
	83	404
	84	402
	85	399
	85	398
	86	397
	86	396
	86	395
	87	393
	88	392
	88	391
	88	390
	89	390
	89	389
	90	389
.PEN_UP
.PEN_DOWN
	75	393
	74	393
	74	394
	74	395
	74	396
	75	396
	77	396
	78	397
	80	397
	81	397
	83	397
	84	397
	86	397
	88	396
	89	396
.PEN_UP
.PEN_DOWN
	132	411
	131	411
	130	411
	129	411
	128	411
	127	411
	126	411
	125	410
	124	410
	123	409
	122	407
	121	405
	120	404
	120	402
	119	400
	119	398
	119	396
	119	394
	119	393
	119	391
	120	389
	121	388
	123	385
	125	385
	127	385
	129	385
	131	385
	133	385
	135	385
	137	386
	139	387
	140	389
	141	390
	142	392
	143	395
	143	397
	143	399
	142	401
	142	403
	140	406
	139	407
	137	409
	135	411
	134	412
	132	413
	130	414
	129	414
	128	414
.PEN_UP
.PEN_DOWN
	133	398
	134	398
	135	396
	136	395
	137	394
	139	393
	140	392
	141	391
	142	389
	143	389
	143	387
	144	386
	145	386
	146	385
	146	384
	147	384
.PEN_UP
.PEN_DOWN
	158	404
	158	405
	158	404
	158	403
	158	402
	158	401
	158	400
	158	399
	158	398
	158	397
	159	396
	159	395
	159	394
	160	393
	161	393
	162	392
	162	391
	163	391
	164	391
	165	391
	165	392
	165	393
	166	394
	166	395
	166	397
	166	398
	166	399
	166	400
	166	401
	166	402
	166	403
	166	404
.PEN_UP
.PEN_DOWN
	173	403
	174	402
	174	401
	174	400
	174	399
	174	398
	174	397
	174	396
	174	395
.PEN_UP
.PEN_DOWN
	175	407
	174	407
.PEN_UP
.PEN_DOWN
	187	404
	187	405
	186	405
	185	405
	184	405
	184	404
	183	404
	182	403
	182	402
	182	401
	181	401
	181	400
	181	399
	182	398
	183	397
	184	396
	185	396
	186	396
	187	396
	189	396
	190	397
	191	398
.PEN_UP
.PEN_DOWN
	202	416
	202	415
	202	414
	203	412
	203	411
	203	409
	203	407
	204	406
	204	402
	204	401
	205	399
	205	398
	205	397
	205	396
	205	395
	205	394
.PEN_UP
.PEN_DOWN
	215	406
	214	406
	213	406
	212	405
	210	405
	210	404
	209	404
	208	404
	207	403
	206	403
	205	403
	205	402
	206	402
	207	402
	207	401
	208	401
	209	400
	210	400
	211	399
	212	399
	214	399
	215	398
	217	398
	218	398
	219	398
	220	398
.PEN_UP
.PEN_DOWN
	251	409
	251	410
	251	409
	251	408
	251	407
	251	406
	252	402
	252	401
	253	399
	253	397
	253	396
	254	394
	254	393
	254	392
	254	391
	254	392
	254	393
	253	393
	253	395
	253	396
	253	398
	252	399
	252	401
	252	403
	252	406
	252	408
	252	410
	252	411
	252	412
	252	414
	253	415
	253	416
	254	417
	255	418
	257	418
	259	418
	260	418
	261	418
	262	418
	263	418
	264	417
	265	417
	265	416
	265	415
	265	414
	265	413
	265	411
	264	410
	263	410
	262	409
	261	408
	260	407
	259	407
	259	406
	258	406
	257	406
	257	405
	258	405
	259	405
	260	405
	261	405
	262	405
	264	404
	266	403
	268	402
	269	402
	270	401
	270	400
	272	399
	272	398
	272	397
	272	396
	272	395
	271	394
	271	393
	269	392
	268	392
	266	392
	265	392
	263	392
	262	392
	261	392
	260	392
	259	393
	258	393
	258	394
	257	395
	257	396
.PEN_UP
.PEN_DOWN
	276	403
	276	402
	276	401
	276	399
	276	398
	276	397
	277	396
	277	395
	277	394
	277	393
	277	392
	278	391
	278	390
	278	389
	278	390
	278	391
	278	392
	278	393
	278	396
	277	397
	277	398
	277	399
	277	400
	277	401
	278	401
	279	402
	280	402
	282	402
	282	401
	283	401
.PEN_UP
.PEN_DOWN
	299	403
	298	403
	297	403
	296	403
	296	402
	295	402
	294	401
	294	400
	294	399
	293	398
	293	397
	293	396
	293	395
	293	394
	294	393
	295	391
	296	391
	297	391
	298	391
	299	391
	300	391
	301	391
	302	392
	302	393
	303	394
	303	395
	303	397
	303	398
	302	399
	302	401
	301	402
	300	402
	299	403
	298	404
	297	404
.PEN_UP
.PEN_DOWN
	311	402
	311	401
	311	400
	311	399
	311	398
	311	397
	311	396
	311	395
	311	394
	312	393
	313	392
	314	391
	316	391
	317	391
	317	392
	318	392
	318	393
	319	393
	319	394
	319	395
	320	396
	320	397
	320	398
	320	400
	320	401
	319	401
	318	401
	318	400
	317	399
	317	398
	317	397
	317	396
	317	395
	318	394
	318	393
	319	392
	320	392
	320	391
	321	391
	322	391
	323	391
	325	392
	326	393
	326	394
	327	395
	327	396
	327	397
	327	398
	327	400
	327	401
	327	402
	327	404
	326	404
	326	405
	325	405
.PEN_UP
.PEN_DOWN
	332	402
	332	401
	332	400
	333	399
	333	398
	333	397
	333	395
	334	394
	334	393
	334	392
	335	391
	335	392
	335	393
	335	394
	335	395
	335	396
	334	397
	334	398
	334	399
	334	400
	334	401
	334	402
	335	403
	335	404
	336	404
	337	404
	338	403
	339	402
	340	402
	340	401
	341	400
	342	399
	342	398
	342	397
	343	397
	343	396
	343	395
	343	394
	343	393
.PEN_UP
.PEN_DOWN
	358	422
	357	423
	357	424
	357	425
	357	424
	357	422
	357	420
	357	418
	358	416
	358	413
	359	411
	359	408
	360	406
	361	404
	361	400
	361	399
	362	398
	362	396
	363	396
	363	395
	363	394
.PEN_UP
.PEN_DOWN
	356	424
	356	425
	356	426
	357	426
	358	426
	360	427
	362	427
	366	428
	368	428
	370	428
	372	428
	374	428
	375	428
	376	428
.PEN_UP
.PEN_DOWN
	357	411
	358	411
	359	411
	360	411
	362	411
	363	411
	365	412
	366	412
	368	412
	370	412
	371	413
	372	413
.PEN_UP
.PEN_DOWN
	384	409
	383	409
	382	409
	380	409
	379	409
	378	409
	378	408
	377	407
	377	406
	377	405
	377	404
	377	403
	377	402
	377	400
	379	398
	380	397
	381	397
	382	396
	383	396
	385	396
	386	396
	387	397
	388	397
	389	398
	389	401
	389	402
	389	403
	388	404
	388	405
	387	406
	386	407
	385	407
	384	408
	383	408
.PEN_UP
.PEN_DOWN
	393	410
	394	410
	394	409
	396	408
	396	407
	399	405
	400	404
	401	403
	402	402
	403	402
	404	401
	405	400
	406	399
	407	398
.PEN_UP
.PEN_DOWN
	404	412
	404	413
	403	413
	402	413
	401	413
	400	412
	399	411
	398	409
	398	407
	396	406
	396	405
	396	403
	395	402
	395	401
	395	400
	395	399
.PEN_UP
.PEN_DOWN
	445	425
	445	426
	445	427
	445	428
	445	426
	445	425
	445	423
	445	422
	445	421
	445	419
	446	418
	446	416
	446	415
	446	413
	446	411
	446	409
	446	408
	447	407
	447	406
	447	405
	446	404
	446	403
	445	403
	444	403
	443	403
	441	404
	440	404
	439	404
	437	405
	435	406
	434	406
	433	407
	432	407
	432	408
.PEN_UP
.PEN_DOWN
	434	431
	434	432
	433	432
	433	433
	433	434
	434	434
	435	434
	439	435
	441	435
	443	435
	445	435
	447	435
	450	435
	452	435
	454	435
	457	435
	458	435
	460	435
	461	435
	463	435
	463	436
	462	436
.PEN_UP
.PEN_DOWN
	466	414
	466	412
	466	411
	466	410
	466	409
	466	408
	467	407
	467	406
	467	405
	468	404
	469	403
	470	403
	471	402
	472	402
	473	402
	474	403
	475	403
	475	404
	476	405
	476	406
	477	407
	477	408
	477	410
	477	411
	477	413
	476	414
	476	415
	475	416
.PEN_UP
.PEN_DOWN
	482	413
	481	413
	481	412
	481	411
	481	410
	483	408
	483	407
	484	407
	484	406
	485	405
	484	406
	484	407
	483	408
	483	409
	483	410
	483	411
	483	412
	483	413
	484	414
	484	415
	484	416
	485	416
	486	416
	487	416
	488	416
	488	415
	489	415
	490	414
	490	413
	491	412
	491	411
	491	410
	491	409
	491	408
	491	407
	491	408
	491	409
	491	410
	491	411
	492	412
	492	413
	493	414
	493	415
	494	415
	494	416
	495	416
	496	416
	497	415
	497	414
	498	414
	498	413
	499	412
	499	411
	499	410
	500	409
	500	408
	501	408
	501	407
.PEN_UP
.PEN_DOWN
	505	409
	505	408
	504	407
	504	406
	504	405
	504	404
	504	403
	504	402
	505	400
	505	399
	505	398
	505	397
	505	395
	505	394
	505	395
	505	396
	505	397
	505	398
	505	399
	505	400
	505	401
	505	403
	505	404
	505	406
	505	407
	506	409
	506	411
	506	413
	507	414
	507	415
	508	415
	508	416
	509	416
	511	416
	512	416
	512	415
	513	415
	514	414
	514	413
	514	412
	514	411
	514	410
	512	409
	511	409
	510	409
	509	409
	508	408
	507	408
	506	408
	505	408
.PEN_UP
.PEN_DOWN
	527	415
	526	416
	524	416
	523	416
	523	417
	522	417
	521	417
	521	416
	521	415
	522	414
	523	413
	524	413
	524	412
	526	411
	527	411
	528	410
	529	409
	530	409
	530	408
	531	408
	531	407
	531	406
	530	406
	529	406
	528	406
	526	407
	525	407
	524	407
	523	407
	522	407
	520	407
	520	408
.PEN_UP
