
.WRITER_ID PaulArnao
.STYLE PRINTED
.PEN_DOWN
	71	405
	71	404
	72	404
	72	403
	72	402
	72	401
	72	400
	72	399
	72	398
	72	395
	72	394
	72	392
	72	391
	72	390
	72	388
	72	387
	72	386
	72	385
	72	384
	72	385
	72	386
	72	387
	72	388
	72	390
	73	391
	73	392
	73	393
	73	394
	74	394
	74	395
	75	395
	76	395
	77	395
	78	395
	79	394
	80	393
	80	392
	81	392
	81	391
	82	390
	82	388
	82	387
	81	386
	81	385
	80	385
	79	384
	78	383
	77	383
	76	382
	75	382
	73	382
	72	382
	71	382
.PEN_UP
.PEN_DOWN
	88	395
	88	394
	88	393
	88	392
	88	391
	88	390
	88	389
	88	388
	88	387
	88	385
	88	384
	88	383
	89	382
	89	381
.PEN_UP
.PEN_DOWN
	89	400
	90	401
.PEN_UP
.PEN_DOWN
	105	398
	104	398
	104	399
	103	399
	102	399
	101	399
	100	399
	99	399
	98	398
	97	397
	97	396
	96	395
	96	393
	96	392
	96	391
	97	390
	98	389
	99	388
	100	388
	101	387
	103	387
	105	387
	106	387
	107	388
	108	389
	108	390
	109	391
	109	392
	109	393
	109	394
	109	395
	108	396
	108	397
	107	397
	106	397
	106	396
	106	395
	106	394
	106	393
	108	390
	108	388
	109	386
	110	384
	111	382
	111	381
	112	379
	113	377
	113	376
	113	375
	113	374
	112	373
	110	372
	108	372
	107	372
	106	372
	104	372
	102	372
	101	372
	100	373
	98	373
.PEN_UP
.PEN_DOWN
	138	398
	139	398
	139	397
	139	396
	139	394
	139	393
	139	392
	139	391
	139	390
	139	389
	139	388
	139	387
	139	386
.PEN_UP
.PEN_DOWN
	139	405
	139	406
	138	406
	138	407
.PEN_UP
.PEN_DOWN
	146	402
	146	401
	146	400
	147	399
	147	397
	147	396
	148	395
	148	394
	148	393
	148	392
	149	391
	149	390
	149	389
	149	390
	149	391
	149	392
	149	393
	149	395
	149	396
	149	397
	149	399
	149	400
	150	401
	150	402
	150	403
	151	403
	152	403
	153	403
	154	403
	155	402
	156	402
	156	401
	156	400
	157	400
	157	399
	157	398
	157	396
	157	395
	157	394
	157	393
	157	391
	157	390
	157	389
	157	388
.PEN_UP
.PEN_DOWN
	165	417
	165	418
	164	418
	164	417
	164	416
	164	415
	164	413
	164	412
	164	410
	164	409
	165	407
	165	405
	165	403
	165	402
	165	399
	165	397
	165	396
	165	395
	165	394
	165	393
	166	393
	166	392
.PEN_UP
.PEN_DOWN
	176	401
	175	400
	174	399
	173	399
	172	398
	170	398
	169	397
	168	397
	166	397
	165	396
	164	396
	164	395
	165	395
	166	394
	167	394
	168	393
	170	393
	171	392
	172	391
	173	391
	174	391
	175	390
	176	390
	176	389
	177	389
	177	388
	178	388
.PEN_UP
.PEN_DOWN
	184	400
	185	400
	186	399
	187	398
	188	397
	188	396
	188	395
	189	394
	190	394
	190	393
	191	392
.PEN_UP
.PEN_DOWN
	195	401
	195	400
	195	399
	195	398
	195	397
	194	394
	194	393
	193	391
	193	390
	192	388
	191	387
	190	386
	190	384
	188	383
	187	382
	186	382
	185	381
	183	381
	182	381
.PEN_UP
.PEN_DOWN
	228	422
	228	421
	228	419
	228	418
	227	416
	227	414
	227	412
	227	410
	227	408
	227	406
	228	402
	228	401
	229	400
	229	398
	229	397
	230	396
	230	395
	229	396
	229	397
	228	398
	227	399
	227	400
	226	401
	225	403
	224	404
	223	405
	221	406
	220	406
	219	406
	218	406
	217	406
	216	405
	215	404
	215	403
	215	402
	215	401
	217	398
	218	397
	219	395
	220	395
	222	394
	224	393
	225	392
	227	392
	229	392
	230	392
	231	392
.PEN_UP
.PEN_DOWN
	238	401
	238	400
	239	400
	240	399
	241	398
	242	398
	243	398
	244	398
	245	398
	246	398
	247	398
	247	399
	247	400
	247	401
	246	402
	245	402
	245	403
	244	403
	243	404
	242	404
	241	404
	239	404
	238	404
	237	403
	236	402
	236	401
	236	400
	236	399
	236	398
	237	397
	238	396
	240	395
	241	394
	242	394
	243	394
.PEN_UP
.PEN_DOWN
	255	400
	255	399
	255	398
	255	397
	255	396
	255	395
	255	394
	255	393
	256	392
	256	391
	256	390
	257	389
	258	388
	259	388
	259	389
	259	390
	259	391
	260	393
	260	395
	260	396
	261	397
	261	399
	261	400
	262	401
	262	402
	263	402
.PEN_UP
.PEN_DOWN
	270	396
	270	395
	270	394
	270	393
	269	392
	269	391
	268	391
	268	390
	268	389
.PEN_UP
.PEN_DOWN
	271	404
	270	404
	269	405
	269	406
.PEN_UP
.PEN_DOWN
	277	415
	278	415
	278	414
	278	413
	278	412
	278	411
	278	409
	278	408
	278	406
	278	404
	278	401
	278	400
	278	398
	278	396
	278	395
	278	394
	278	393
	278	392
	278	391
.PEN_UP
.PEN_DOWN
	293	403
	291	403
	290	403
	288	404
	287	404
	286	404
	286	403
	287	402
	288	400
	290	400
	291	399
	293	398
	294	397
	296	396
	297	395
	298	394
	299	393
	300	392
	300	391
	299	390
	298	390
	297	390
	295	390
	294	390
	292	390
	291	390
	290	391
	289	391
	288	391
.PEN_UP
.PEN_DOWN
	325	409
	324	410
	324	409
	324	406
	324	404
	324	402
	324	401
	325	399
	325	397
	326	396
	326	395
	327	394
	327	393
	327	392
	328	392
	329	392
	329	393
	329	394
	330	395
	330	396
	331	397
	331	398
	331	400
	332	402
	332	404
	332	405
	332	406
	333	406
	333	405
	333	404
	333	403
	334	400
	334	399
	335	397
	336	396
	337	395
	338	394
	339	393
	339	392
	340	392
	341	392
	343	392
	345	393
	346	394
	346	395
	346	396
	346	398
	346	399
	346	401
	346	402
	346	404
	345	404
	345	406
.PEN_UP
.PEN_DOWN
	357	406
	358	407
	359	407
	360	407
	361	406
	362	406
	363	406
	364	405
	365	404
	366	404
	367	402
	367	401
	368	400
	368	399
	368	398
	367	397
	366	397
	365	397
	364	397
	363	397
	362	398
	361	398
	361	399
	360	399
	359	399
	358	399
	357	399
	356	399
	355	399
	354	397
	354	396
	354	395
	354	393
	354	392
	354	391
	355	390
	356	390
	357	389
	359	389
	361	389
	362	389
	363	389
	364	390
	365	390
	366	391
	367	391
	367	392
	367	393
	367	394
	367	395
	366	396
	366	395
	366	394
	366	393
	367	392
	368	390
	369	389
	371	389
	372	388
	373	388
	374	388
.PEN_UP
.PEN_DOWN
	379	406
	380	405
	380	404
	381	404
	381	403
	381	402
	381	401
	382	399
	383	398
	384	396
	385	395
	386	394
	387	393
	388	392
	389	391
	390	390
.PEN_UP
.PEN_DOWN
	392	404
	391	404
	389	404
	388	403
	387	402
	386	401
	384	400
	383	399
	382	397
	381	396
	379	395
	379	394
	378	392
	378	391
	378	389
.PEN_UP
.PEN_DOWN
	419	405
	419	406
	419	407
	418	407
	418	406
	418	405
	418	404
	418	402
	418	401
	418	400
	418	398
	418	396
	418	395
	418	394
	418	395
	417	396
	417	397
	417	398
	417	400
	417	401
	417	402
	417	404
	417	405
	418	406
	418	407
	418	408
	419	408
	419	409
	420	409
	421	409
	422	409
	423	408
	424	407
	425	406
	426	405
	427	404
	427	402
	428	400
	429	397
	429	395
	429	394
	429	392
	429	391
	429	390
	429	389
	429	388
	429	389
	428	390
	428	391
	428	392
	429	394
	429	395
	429	396
	429	397
	430	398
	430	400
	431	401
	432	401
	433	401
	434	401
	435	401
	435	400
	436	400
	436	399
	437	398
	438	396
	438	395
	438	393
	439	392
	439	391
	439	390
	439	389
	439	388
	439	387
	440	387
	440	386
.PEN_UP
.PEN_DOWN
	444	398
	445	397
	445	396
	446	396
	446	395
	447	395
	447	394
	448	394
	449	394
	450	393
	451	393
	452	393
	453	393
	455	393
	456	393
	456	394
	456	395
	455	396
	455	397
	454	398
	453	398
	452	399
	451	399
	448	399
	447	399
	445	398
	445	397
	444	396
	444	395
	444	394
	444	393
	444	391
	444	390
	445	388
	446	387
	447	386
	449	386
	450	385
	451	384
.PEN_UP
.PEN_DOWN
	464	392
	464	391
	464	390
	464	389
	464	388
	464	386
	464	385
	464	386
	464	387
	464	388
	464	389
	464	390
	464	391
	464	392
	464	393
	465	395
	465	396
	465	397
	466	398
	466	399
	467	399
	467	400
	468	400
	469	400
	470	400
	471	399
	472	399
.PEN_UP
.PEN_DOWN
	482	397
	481	398
	480	399
	479	399
	478	399
	477	398
	476	398
	475	397
	475	396
	474	396
	474	394
	473	393
	473	392
	473	391
	473	390
	474	389
	474	388
	474	387
	475	386
	476	386
	477	385
	479	385
.PEN_UP
.PEN_DOWN
	490	395
	489	395
	488	395
	487	394
	487	393
	487	392
	487	391
	487	390
	487	389
	487	388
	487	387
	488	386
	488	385
	489	384
.PEN_UP
.PEN_DOWN
	495	407
	494	408
	493	409
	492	410
.PEN_UP
.PEN_DOWN
	520	412
	520	413
	519	413
	519	414
	518	415
	517	416
	516	416
	515	417
	514	417
	512	417
	510	417
	509	416
	508	415
	508	414
	507	413
	507	412
	507	411
	507	409
	507	406
	507	404
	507	403
	507	401
	507	399
	508	397
	508	395
	508	394
	508	392
	509	391
	509	390
	509	388
	509	387
	510	386
	510	385
	510	384
.PEN_UP
.PEN_DOWN
	504	397
	504	398
	503	398
	503	399
	504	399
	505	399
	507	399
	508	398
	509	398
	510	398
	511	397
	513	397
	514	397
	515	397
	516	396
	517	396
.PEN_UP
.PEN_DOWN
	521	397
	520	396
	519	395
	519	394
	519	393
	519	392
	519	391
	519	390
	520	388
	521	387
	521	386
	522	386
	523	385
	524	385
	525	385
	526	385
	527	386
	528	387
	528	388
	529	390
	529	391
	529	393
	529	394
	529	395
	529	397
	529	398
	530	399
.PEN_UP
.PEN_DOWN
	542	420
	542	419
	541	418
	541	417
	541	415
	541	413
	540	412
	540	409
	540	407
	540	405
	539	403
	539	400
	539	396
	539	395
	539	393
	539	392
	539	391
	539	390
	539	389
	539	388
	540	388
	541	388
.PEN_UP
