
.WRITER_ID PaulArnao
.STYLE PRINTED
.PEN_DOWN
	79	417
	79	418
	78	418
	77	418
	77	419
	76	419
	75	420
	74	420
	73	420
	72	420
	71	419
	71	418
	70	418
	70	417
	70	416
	70	415
	71	413
	71	412
	71	411
	71	410
	71	409
	71	407
	72	406
	72	405
	72	404
	72	403
	72	402
	72	401
	71	400
	71	399
	70	399
	69	399
	69	398
	70	398
	71	398
	72	398
	73	398
	74	398
	77	398
	78	398
	79	398
	80	398
	81	399
	82	399
	83	399
	84	399
	85	399
	85	398
.PEN_UP
.PEN_DOWN
	107	417
	107	418
	106	418
	105	419
	104	420
	103	420
	102	420
	101	420
	100	420
	99	419
	99	418
	98	416
	97	415
	97	414
	97	412
	97	411
	97	409
	98	406
	99	405
	99	404
	100	403
	101	402
	102	402
	104	402
	105	402
	106	402
	108	402
	110	404
	111	405
	111	406
	111	407
	111	408
	111	409
	111	411
	110	412
	110	414
	108	415
	107	416
	106	417
	105	419
	104	419
	103	420
.PEN_UP
.PEN_DOWN
	117	419
	117	418
	116	418
	115	418
	115	417
	115	415
	115	413
	115	412
	115	411
	116	409
	116	408
	117	407
	117	406
	118	405
	118	404
	119	403
	118	404
	118	405
	117	406
	117	407
	116	409
	116	410
	116	412
	116	415
	116	417
	116	418
	116	420
	116	421
	117	422
	118	423
	119	424
	120	424
	121	424
	122	423
	123	423
	124	422
	124	421
	125	421
	125	420
	126	419
	126	418
	126	417
	126	416
	125	414
	124	413
	123	412
	122	412
	120	411
	119	411
	118	410
	117	410
	117	409
	117	408
	118	407
	119	407
	121	406
	123	406
	124	406
	126	406
	128	406
	130	406
	131	405
	132	405
	134	405
.PEN_UP
.PEN_DOWN
	157	421
	157	422
	157	423
	157	422
	157	420
	157	419
	157	417
	156	415
	156	413
	156	409
	156	408
	156	406
	155	405
	155	404
	155	403
	155	402
	155	401
	155	400
	156	400
	157	400
	158	401
	159	401
	160	401
	161	401
	163	401
	164	401
	165	400
	166	400
	167	400
.PEN_UP
.PEN_DOWN
	156	403
	156	404
	157	404
	158	405
	159	405
	161	405
	162	406
	163	406
.PEN_UP
.PEN_DOWN
	156	416
	156	417
	157	418
	158	418
	159	419
	161	419
	163	419
	167	420
	169	420
	171	420
	173	420
.PEN_UP
.PEN_DOWN
	178	421
	178	420
	178	416
	178	415
	178	414
	178	412
	178	411
	178	409
	178	408
	178	406
	179	405
	179	404
	179	403
	179	402
	179	401
	180	401
	181	401
	182	401
	183	402
	184	402
	185	402
	186	402
	187	402
	189	402
	190	402
	191	402
	192	402
	193	402
.PEN_UP
.PEN_DOWN
	205	421
	204	422
	203	423
	202	424
	200	424
	199	424
	197	424
	196	424
	195	424
	194	424
	193	424
	192	424
	192	423
	192	422
	193	421
	193	420
	194	419
	195	418
	197	417
	198	417
	200	416
	204	414
	206	414
	207	413
	208	412
	209	411
	211	411
	211	410
	213	409
	213	408
	213	407
	211	406
	209	405
	208	405
	207	405
	206	404
	204	404
	203	404
	202	404
	201	404
	199	403
	198	403
.PEN_UP
.PEN_DOWN
	224	428
	224	427
	224	428
	224	429
	224	428
	224	427
	224	426
	224	425
	224	423
	223	421
	223	419
	223	418
	223	416
	223	413
	223	412
	223	411
	223	410
	223	409
	223	408
	223	407
	223	406
	223	405
	223	404
	224	404
	225	404
	227	405
	229	405
	230	405
	231	405
	232	405
	233	404
	234	404
	235	404
	236	404
	238	403
	239	403
	240	403
	240	402
.PEN_UP
.PEN_DOWN
	223	413
	224	414
	225	414
	226	414
	227	414
	228	413
	229	413
	230	413
	231	413
	233	413
	234	413
	235	413
.PEN_UP
.PEN_DOWN
	224	428
	224	427
	223	428
	223	429
	224	429
	225	429
	226	429
	228	429
	230	429
	231	430
	235	430
	236	430
	237	430
	239	430
	240	430
	241	430
.PEN_UP
.PEN_DOWN
	279	432
	278	432
	278	433
	277	433
	276	433
	275	433
	274	433
	273	433
	272	433
	272	432
	271	432
	271	431
	270	431
	270	430
	270	429
	269	429
	269	428
	269	427
	270	426
	271	425
	272	425
	272	424
	274	423
	275	422
	275	421
	276	421
	276	420
	275	419
	274	418
	273	417
	272	417
	271	416
	270	416
	269	416
	269	415
	270	415
	271	415
	272	415
	273	415
	274	415
	275	415
	276	415
	276	414
	276	413
	276	412
	275	412
	275	411
	274	411
	273	410
	273	409
	271	408
	271	407
	270	407
	270	406
	269	406
	269	405
	268	405
	268	404
	268	403
	268	402
	269	401
	270	400
	271	399
	272	398
	274	398
	275	398
	276	398
	277	399
	278	399
	279	399
	280	399
.PEN_UP
.PEN_DOWN
	293	428
	293	427
	293	428
	294	428
	294	427
	295	427
	296	426
	297	426
	298	425
	298	424
	298	423
	299	423
	299	422
	300	422
	300	421
	301	421
	301	420
	302	420
.PEN_UP
.PEN_DOWN
	305	430
	305	429
	305	428
	305	427
	305	426
	305	425
	305	423
	305	422
	305	421
	304	420
	304	419
	304	418
	303	417
	302	416
	301	415
	300	414
	299	414
.PEN_UP
.PEN_DOWN
	312	425
	312	424
	312	423
	312	422
	311	422
	311	421
	311	420
	311	419
	313	419
	313	418
	314	418
	315	418
	316	418
	317	418
	318	418
	319	419
	320	420
	320	421
	320	422
	320	423
	320	424
	319	424
	318	425
	317	426
	316	426
	316	427
	314	427
	313	427
.PEN_UP
.PEN_DOWN
	332	431
	332	430
	332	429
	332	428
	331	428
	331	427
	331	426
	331	425
	332	424
	332	423
	333	422
	333	421
	334	421
	335	420
	336	420
	337	420
	338	420
	338	421
	338	422
	338	423
	338	425
	338	426
	338	427
	338	428
	338	429
	337	430
.PEN_UP
.PEN_DOWN
	363	434
	364	434
	364	433
	364	432
	364	431
	364	430
	364	429
	363	428
	363	427
	363	426
	363	425
	363	424
	363	423
	363	422
	363	421
.PEN_UP
.PEN_DOWN
	368	430
	368	429
	367	428
	366	428
	365	427
	364	426
	364	425
	365	425
	366	425
	367	425
	367	424
	368	424
	369	424
	370	423
	371	423
	371	422
	372	422
.PEN_UP
.PEN_DOWN
	379	430
	379	429
	379	428
	379	427
	379	426
	378	425
	378	424
	378	425
	379	425
	379	426
	379	427
	379	428
	380	429
	380	430
	380	431
	381	431
	381	432
	382	432
	382	433
	383	433
	383	432
	383	431
	384	431
	384	430
	384	429
	384	428
	384	427
	384	426
	385	425
	385	424
	385	423
.PEN_UP
.PEN_DOWN
	398	433
	397	433
	397	432
	396	432
	395	432
	395	431
	394	431
	394	430
	393	429
	393	428
	393	427
	393	426
	393	425
	394	425
	394	424
	395	424
	396	424
	397	425
	398	425
	399	426
	399	427
	399	428
	399	429
	399	430
	398	431
	398	432
	397	432
	396	433
	395	433
.PEN_UP
.PEN_DOWN
	405	432
	405	431
	405	430
	405	429
	405	428
	405	427
	405	426
	405	425
	406	425
	407	425
	408	426
	409	427
	409	428
	409	429
	409	430
	409	429
	409	428
	410	428
	410	427
	411	426
	411	425
	412	425
	413	425
	414	426
	415	426
	415	427
	415	428
	415	429
	415	430
	414	431
.PEN_UP
.PEN_DOWN
	438	432
	439	432
	438	432
	438	431
	438	430
	438	429
	438	428
	438	426
	438	425
	438	424
	438	423
	439	422
	440	422
	441	422
	441	423
	442	424
	443	425
	443	426
	443	427
	443	428
	443	427
	443	426
	444	425
	445	424
	446	424
	446	423
	447	423
	448	423
	449	423
	449	424
	450	424
	450	425
	451	425
	451	426
	451	427
	450	428
	450	429
	450	430
	449	430
	449	431
	449	432
	448	432
	448	433
.PEN_UP
.PEN_DOWN
	452	441
	453	440
	453	438
	454	437
	454	436
	454	435
	454	434
	455	433
	455	432
	455	431
	455	430
	455	429
	456	428
	456	427
	456	426
	456	425
	456	426
	456	427
	456	428
	456	429
	456	430
	456	431
	457	432
	458	432
	459	432
	460	431
	460	430
	461	429
	461	427
	461	426
	461	425
.PEN_UP
.PEN_DOWN
	464	434
	465	434
	466	434
	467	434
	468	434
	468	433
	469	433
	469	432
	469	431
	469	430
	469	429
	468	429
	468	430
	467	430
	466	430
	465	429
	464	429
	463	428
	463	427
	463	426
	463	425
	464	425
	465	425
	466	425
	467	425
	468	425
	468	426
	469	427
	469	428
	469	429
	470	428
	470	427
	470	426
	471	426
	471	425
	472	425
.PEN_UP
.PEN_DOWN
	479	447
	480	447
	480	446
	480	445
	480	444
	480	443
	481	440
	481	439
	481	438
	481	437
	481	435
	481	434
	482	433
	482	432
	482	430
	483	429
	483	428
	483	427
	483	426
.PEN_UP
.PEN_DOWN
	475	435
	476	435
	477	435
	478	435
	479	435
	480	435
	481	435
	483	435
	484	435
	485	435
	486	435
	487	435
	488	435
	489	435
.PEN_UP
.PEN_DOWN
	497	449
	497	448
	497	447
	497	446
	497	445
	497	444
	497	443
	497	442
	497	441
	497	440
	497	439
	497	438
	497	437
	497	436
	497	435
.PEN_UP
.PEN_DOWN
	500	430
	499	431
	499	432
	499	433
	498	432
	499	431
.PEN_UP
.PEN_DOWN
	506	451
	506	452
	506	451
	506	452
	507	452
	508	452
	509	452
	510	452
	510	451
	511	451
	511	450
	511	449
	511	448
	511	447
	511	446
	511	445
	510	445
	510	444
	509	444
	509	443
	508	443
	508	442
	508	441
	508	440
	508	439
	508	438
	508	437
	509	437
	509	436
	510	436
	511	436
	511	435
	512	435
	512	434
	511	434
	511	433
	510	433
	509	433
	509	432
	509	431
	510	431
	510	430
	511	430
	511	429
	512	429
	512	428
	513	428
	513	427
	514	426
	514	425
	515	424
	515	423
	515	422
	515	421
	515	420
	515	419
	515	418
	514	418
	514	417
	514	416
	513	416
	512	416
	511	416
	510	416
	509	416
	508	416
	508	415
.PEN_UP
.PEN_DOWN
	521	451
	522	451
	523	451
	524	451
	525	451
	526	451
	527	451
	528	451
	529	451
	529	450
	530	450
	531	450
	532	450
	532	449
	532	448
	532	447
	532	446
	532	445
	531	444
	531	443
	531	442
	531	441
	531	440
	531	439
	531	438
	530	438
	530	437
	530	434
	530	433
	530	432
	530	431
	530	430
	530	429
	530	428
	530	427
	530	426
	530	425
	530	424
	530	423
	530	422
	531	422
	531	421
	531	420
	531	419
	531	418
	531	417
	532	417
	531	417
	531	416
	530	416
	529	416
	528	416
	527	416
	526	416
	525	416
	526	416
.PEN_UP
.PEN_DOWN
	541	425
	540	425
	539	426
	539	427
	538	427
	538	426
	539	426
	539	425
	540	425
.PEN_UP
