
.WRITER_ID DavidSinger
.STYLE PRINTED
.PEN_DOWN
	150	393
	151	393
	152	392
	153	392
	152	392
	149	393
	148	393
	147	393
	145	393
	145	391
	145	386
	145	380
	146	377
	146	373
	146	371
	147	371
	148	371
	150	371
	152	371
.PEN_UP
.PEN_DOWN
	164	377
	162	378
	160	377
	160	374
	160	373
	161	370
	165	370
	166	371
	169	373
	169	375
	169	377
	169	379
	166	380
	164	380
	160	379
	159	377
.PEN_UP
.PEN_DOWN
	177	381
	177	382
	177	379
	177	375
	177	374
	177	372
	177	373
.PEN_UP
.PEN_DOWN
	176	381
	175	384
	175	385
	177	386
	182	387
	183	387
	185	386
	185	384
	183	380
	182	379
	180	378
	180	377
	180	376
	182	375
	183	374
	187	373
	188	372
	188	371
.PEN_UP
.PEN_DOWN
	213	379
	212	376
	212	374
	211	373
	211	374
	211	376
	210	378
	210	381
	210	383
	212	384
	213	384
	216	385
	219	385
	220	385
	221	384
.PEN_UP
.PEN_DOWN
	212	378
	211	378
	213	378
	215	378
	218	379
	220	379
.PEN_UP
.PEN_DOWN
	210	373
	210	372
	211	372
	214	372
	218	372
	220	372
	220	373
.PEN_UP
.PEN_DOWN
	231	383
	231	384
	231	383
	231	381
	229	378
	228	374
	227	372
	227	371
	229	371
	231	371
	234	371
	237	372
.PEN_UP
.PEN_DOWN
	251	381
	250	383
	249	383
	246	383
	245	383
	243	381
	243	380
	244	380
	246	378
	249	375
	250	374
	249	372
	245	372
	241	372
	240	372
	240	374
.PEN_UP
.PEN_DOWN
	254	378
	255	378
	255	376
	255	374
	255	373
	254	374
	254	375
	253	380
	253	383
	254	384
	257	385
	260	386
	262	386
	262	385
.PEN_UP
.PEN_DOWN
	257	379
	258	379
	260	379
	261	379
	263	379
	264	379
.PEN_UP
.PEN_DOWN
	255	375
	255	374
	255	373
	260	373
	261	373
	264	373
	264	374
.PEN_UP
.PEN_DOWN
	292	388
	292	391
	293	391
	294	392
	294	393
	294	392
	290	391
	287	388
	286	388
	287	385
	289	383
	292	382
	294	379
	294	377
	292	375
	289	374
	287	373
	290	373
	291	373
	292	372
	291	369
	290	369
	290	368
	291	368
	295	368
	296	368
	299	369
.PEN_UP
.PEN_DOWN
	306	378
	305	377
	305	376
	305	374
	305	372
	307	373
	309	375
	310	376
	311	377
	312	377
	313	375
	314	370
	314	367
	313	364
	309	361
	307	361
	306	362
	305	364
	307	368
	308	368
	311	369
.PEN_UP
.PEN_DOWN
	321	374
	320	375
	319	375
	319	373
	319	372
	320	370
	321	370
	323	370
	325	372
	326	374
	325	375
	322	376
	320	376
	318	375
.PEN_UP
.PEN_DOWN
	338	374
	337	375
	336	374
	336	372
	338	370
	339	370
	341	370
	342	373
	342	376
	342	377
	341	377
	341	378
.PEN_UP
.PEN_DOWN
	368	388
	368	389
	368	390
	368	386
	368	381
	368	379
	367	376
	366	376
	366	378
	368	381
	368	382
	371	383
	374	383
	374	382
	373	380
	371	379
	369	378
	368	377
	369	376
	370	375
	373	374
	374	374
	375	373
.PEN_UP
.PEN_DOWN
	385	379
	384	378
	383	376
	383	374
	382	373
	383	374
	384	375
	386	378
	390	382
	389	378
	388	374
	388	373
.PEN_UP
.PEN_DOWN
	410	380
	406	381
	405	381
	402	378
	402	374
	404	373
	407	374
	409	375
	410	379
	408	382
	406	383
	404	382
	402	381
.PEN_UP
.PEN_DOWN
	422	378
	421	379
	420	377
	419	376
	419	373
	420	371
	421	371
	423	372
	425	373
	426	374
	425	374
	426	374
	428	373
	431	373
	433	374
	434	375
	434	377
	432	380
	431	381
.PEN_UP
.PEN_DOWN
	456	377
	455	378
	454	378
	453	375
	453	374
	453	371
	454	370
	455	370
	458	371
	460	373
	461	373
	461	371
	462	369
	462	368
	465	367
	467	367
	468	368
	469	372
	468	375
	467	376
	467	377
.PEN_UP
.PEN_DOWN
	475	392
	476	393
	476	392
	476	386
	476	383
	474	377
	474	374
	475	373
	475	374
	478	376
	479	377
	480	377
	480	376
	480	373
	481	372
	481	370
.PEN_UP
.PEN_DOWN
	496	375
	496	376
	493	376
	489	375
	489	374
	488	372
	489	371
	491	371
	494	372
	496	373
	496	371
	497	370
	497	369
	499	369
.PEN_UP
.PEN_DOWN
	511	387
	511	390
	510	388
	508	385
	506	379
	506	375
	506	373
	508	370
	511	370
	512	371
	515	374
	515	375
.PEN_UP
.PEN_DOWN
	506	379
	507	380
	509	380
	512	381
.PEN_UP
.PEN_DOWN
	524	388
	525	389
	525	388
	524	386
	523	383
	523	379
	523	378
.PEN_UP
.PEN_DOWN
	522	370
	521	370
	521	371
	521	370
.PEN_UP
.PEN_DOWN
	535	386
	535	387
	534	387
	534	386
	535	387
	536	386
	537	385
	538	382
	537	381
	534	379
	532	377
	531	377
	532	376
	535	375
	536	375
	536	374
	535	374
	532	373
	533	372
	534	371
	536	369
	536	367
	535	366
	531	366
	530	366
	527	366
.PEN_UP
.PEN_DOWN
	546	387
	544	388
	545	388
	546	387
	547	387
	548	388
	549	388
	549	389
	548	389
	548	388
	548	383
	547	377
	547	375
	548	370
	548	368
	548	367
	548	365
	544	366
	542	367
	542	368
	541	368
	542	368
.PEN_UP
.PEN_DOWN
	557	370
	556	370
	556	369
	556	370
	556	369
.PEN_UP
