
.WRITER_ID DavidSinger
.STYLE PRINTED
.PEN_DOWN
	119	377
	119	378
	119	379
	118	379
	115	379
	114	378
	114	375
	114	374
	114	372
	115	372
	117	374
	119	376
	119	377
	119	378
	119	376
	119	374
	119	368
	118	359
	118	357
	117	353
	117	352
	117	353
	117	355
	120	361
	121	369
	123	371
	123	374
	123	375
.PEN_UP
.PEN_DOWN
	126	377
	126	378
	126	379
	126	378
	126	376
	126	374
	126	372
	128	371
	129	372
	130	374
	132	377
	132	380
	132	381
	132	382
.PEN_UP
.PEN_DOWN
	141	376
	141	377
	141	378
	140	378
	136	378
	135	378
	134	377
	134	374
	134	373
	135	372
	138	372
	139	373
	140	375
	141	377
	141	378
	141	376
	142	375
	143	371
	144	370
	147	371
.PEN_UP
.PEN_DOWN
	155	377
	154	379
	153	380
	153	379
	152	376
	152	373
	152	372
	154	372
	155	372
	155	373
	157	375
.PEN_UP
.PEN_DOWN
	152	389
	150	391
	149	391
.PEN_UP
.PEN_DOWN
	162	377
	161	378
	161	377
	161	375
	161	374
	161	375
	163	378
	164	378
	165	379
	165	376
	165	374
	166	373
	166	372
	167	372
.PEN_UP
.PEN_DOWN
	177	396
	177	397
	176	394
	175	388
	175	384
	174	379
	174	375
	175	372
	176	372
	177	372
	179	374
	180	375
	181	376
.PEN_UP
.PEN_DOWN
	174	381
	175	382
	177	382
	179	383
.PEN_UP
.PEN_DOWN
	209	379
	209	380
	208	380
	205	380
	202	380
	198	379
	196	378
	196	377
	197	375
	199	374
	200	374
	203	375
	205	377
	205	378
	205	379
	204	379
	204	376
	203	373
	202	366
	202	361
	202	358
	201	357
	203	362
	205	368
	206	372
	207	375
	208	377
.PEN_UP
.PEN_DOWN
	216	377
	215	378
	215	375
	214	374
	214	372
	215	372
	217	373
	220	376
	220	377
	220	378
	220	379
.PEN_UP
.PEN_DOWN
	226	376
	224	377
	224	376
	223	374
	223	373
	225	372
	226	372
	227	372
	229	374
	229	375
.PEN_UP
.PEN_DOWN
	225	385
	225	387
.PEN_UP
.PEN_DOWN
	235	375
	234	375
	233	371
	232	367
	232	365
	231	362
	230	361
	229	361
	229	363
	230	369
	231	372
	234	375
	237	377
	237	374
	236	371
	236	370
.PEN_UP
.PEN_DOWN
	246	373
	244	373
	245	375
	247	377
	248	378
	251	381
	253	381
	254	381
	255	378
	254	374
	252	373
	248	371
	246	372
	245	373
	246	375
	248	374
.PEN_UP
.PEN_DOWN
	284	376
	284	377
	283	378
	282	378
	280	378
	276	376
	275	375
	274	373
	276	372
	278	373
	280	375
	282	377
	281	373
	281	370
	280	365
	280	359
	280	358
	279	358
	280	359
	280	362
	282	367
	284	372
	285	373
	285	375
	285	374
.PEN_UP
.PEN_DOWN
	289	376
	289	377
	288	377
	288	376
	288	374
	289	371
	289	370
	291	370
	294	372
	295	374
	295	377
	295	379
	294	379
.PEN_UP
.PEN_DOWN
	304	375
	303	375
	302	376
	300	375
	300	373
	300	372
	301	371
	303	371
	305	372
	306	373
	307	374
	307	375
	307	376
	305	377
	302	377
	301	377
	300	376
	301	375
.PEN_UP
.PEN_DOWN
	316	391
	315	393
	315	392
	313	389
	312	387
	311	380
	310	376
	310	374
	312	372
	315	372
	316	372
	318	374
	318	375
.PEN_UP
.PEN_DOWN
	312	378
	311	380
	311	381
	312	382
	314	383
	315	383
	317	383
.PEN_UP
.PEN_DOWN
	323	377
	323	376
	322	374
	321	372
	321	371
	322	370
	325	371
	326	372
	327	373
	327	374
.PEN_UP
.PEN_DOWN
	324	383
	322	385
.PEN_UP
.PEN_DOWN
	338	377
	337	379
	336	379
	335	376
	335	375
	334	373
	334	372
	334	373
	336	376
	339	378
	340	379
	341	378
	341	377
	341	374
	341	372
	341	371
	342	371
.PEN_UP
.PEN_DOWN
	357	377
	355	378
	353	378
	352	377
	351	376
	350	373
	351	372
	353	373
	354	374
	355	375
	356	376
	357	375
	358	370
	359	365
	358	359
	357	354
	355	353
	349	353
	347	355
	347	357
	349	362
	352	365
	353	365
.PEN_UP
.PEN_DOWN
	389	379
	388	379
	387	380
	386	380
	384	380
	382	380
	380	378
	379	377
	380	375
	381	373
	382	373
	384	375
	385	377
	386	379
	386	380
	385	378
	384	373
	383	370
	383	364
	383	358
	383	361
	384	366
	385	369
	387	373
	388	377
	389	377
	389	378
.PEN_UP
.PEN_DOWN
	391	378
	391	379
	390	378
	390	375
	390	373
	391	372
	392	372
	395	374
	396	376
	397	378
	397	380
	397	381
.PEN_UP
.PEN_DOWN
	410	378
	410	379
	410	380
	409	380
	408	380
	404	380
	403	379
	402	377
	402	376
	402	374
	403	373
	404	372
	406	373
	407	376
	407	377
	406	378
	406	377
	407	375
	408	374
	410	374
	412	374
	413	374
.PEN_UP
.PEN_DOWN
	420	377
	419	377
	419	376
	418	372
	417	372
	417	370
	417	372
	418	373
	420	377
	422	379
	423	379
	423	377
	423	373
	423	372
	423	371
.PEN_UP
.PEN_DOWN
	432	394
	432	395
	432	396
	429	390
	427	384
	427	382
	427	378
	430	376
	431	376
	435	377
	437	379
	437	380
.PEN_UP
.PEN_DOWN
	426	384
	425	386
	427	387
	430	387
	431	387
	432	388
.PEN_UP
.PEN_DOWN
	441	380
	440	381
	439	381
	439	379
	439	377
	439	375
	440	374
	442	375
	443	376
	445	378
	446	382
	446	383
	446	384
.PEN_UP
.PEN_DOWN
	455	378
	455	377
	455	376
	454	374
	454	372
	455	375
	456	377
	459	379
	459	380
	459	379
	460	376
	460	375
	460	374
	461	376
	463	379
	464	379
	465	380
	466	379
	466	378
	466	375
	466	374
	466	373
.PEN_UP
.PEN_DOWN
	493	377
	493	378
	494	378
	494	379
	492	379
	488	378
	487	377
	485	375
	486	372
	488	372
	489	372
	492	374
	495	377
	495	378
	494	373
	494	370
	493	364
	493	360
	493	359
	493	358
	494	362
	495	365
	497	371
	498	375
	499	376
	499	377
.PEN_UP
.PEN_DOWN
	503	379
	502	379
	501	377
	500	375
	500	374
	501	372
	503	372
	504	373
	506	375
	508	377
	508	379
	508	381
	508	382
.PEN_UP
.PEN_DOWN
	518	377
	517	377
	514	377
	513	377
	511	377
	509	376
	509	375
	510	374
	511	373
	513	373
	514	374
	515	375
	516	377
	516	378
	516	377
	516	375
	516	373
	518	372
	520	372
.PEN_UP
.PEN_DOWN
	527	391
	527	393
	526	394
	526	393
	526	391
	525	386
	525	381
	525	379
	526	376
	526	374
.PEN_UP
.PEN_DOWN
	533	377
	532	377
	531	376
	531	375
	530	373
	531	374
	533	376
	534	378
	535	379
	535	378
	535	375
	535	373
	537	375
	539	377
	540	379
	541	379
	541	378
	541	376
	540	374
	540	373
	540	372
.PEN_UP
.PEN_DOWN
	549	373
	548	373
	549	373
	550	373
	552	374
	554	376
	556	378
	558	380
	559	380
	560	380
	560	376
	559	373
	558	372
	554	370
	551	371
	551	374
.PEN_UP
