
.WRITER_ID DavidSinger
.STYLE PRINTED
.PEN_DOWN
	128	382
	126	381
	125	380
	124	378
	124	375
	124	374
	127	374
	130	374
	132	375
	133	377
	133	380
	130	382
	128	382
	127	382
	126	380
.PEN_UP
.PEN_DOWN
	139	379
	138	381
	138	380
	138	378
	139	375
	139	374
	140	373
	141	374
	143	379
	144	380
	145	383
	145	384
	146	384
.PEN_UP
.PEN_DOWN
	152	376
	153	376
	154	377
	156	378
	157	379
	157	380
	156	382
	154	382
	152	382
	150	380
	149	377
	149	375
	149	373
	152	372
	154	372
	156	373
.PEN_UP
.PEN_DOWN
	162	379
	162	380
	162	379
	163	378
	163	376
	163	375
	163	377
	163	381
	165	384
	166	385
	167	386
	169	386
	170	386
	171	386
.PEN_UP
.PEN_DOWN
	200	392
	199	393
	199	394
	200	395
	199	393
	198	387
	198	384
	198	380
	199	377
	200	377
	201	376
	203	377
	204	378
	206	380
	206	381
.PEN_UP
.PEN_DOWN
	198	384
	198	385
	201	386
	205	385
.PEN_UP
.PEN_DOWN
	216	394
	215	396
	214	393
	214	391
	214	385
	213	383
	213	379
	212	379
	213	382
	216	384
	216	385
	217	385
	218	382
	218	380
	218	378
	219	376
.PEN_UP
.PEN_DOWN
	228	379
	226	379
	228	379
	229	379
	232	379
	233	381
	233	382
	231	383
	229	383
	227	382
	225	379
	225	377
	226	375
	227	374
	232	374
	234	374
	237	375
.PEN_UP
.PEN_DOWN
	263	396
	262	394
	262	392
	262	386
	262	380
	262	379
	262	378
.PEN_UP
.PEN_DOWN
	278	382
	277	383
	277	384
	274	384
	273	384
	271	382
	270	379
	270	378
	271	377
	273	377
	274	378
	276	380
	277	383
	277	381
	277	378
	278	377
	280	376
	281	376
.PEN_UP
.PEN_DOWN
	289	384
	291	384
	292	384
	295	381
	294	378
	293	377
	291	375
	289	374
	289	373
	291	373
	295	372
	298	369
	298	367
	298	362
	298	361
	294	358
	290	358
	288	360
	287	361
	288	363
	289	365
.PEN_UP
.PEN_DOWN
	307	380
	305	382
	305	380
	305	379
	305	377
	307	377
	308	378
	311	380
	313	382
	313	383
	314	384
	315	383
	317	379
	318	371
	318	369
	317	364
	314	361
	311	361
	307	363
	307	366
	307	368
	311	370
.PEN_UP
.PEN_DOWN
	344	396
	343	398
	341	398
	341	396
	340	392
	340	384
	340	381
	340	377
	343	375
	343	376
	345	377
	345	380
	345	382
	344	384
	343	384
	343	385
	344	385
	346	386
	349	386
.PEN_UP
.PEN_DOWN
	359	397
	358	398
	358	397
	358	394
	357	388
	356	382
	356	379
	356	376
	356	375
.PEN_UP
.PEN_DOWN
	376	384
	375	385
	372	385
	369	384
	367	383
	366	381
	367	379
	368	378
	371	378
	373	380
	373	381
	374	383
	374	382
	374	380
	374	378
	376	377
	379	377
	380	378
.PEN_UP
.PEN_DOWN
	401	384
	401	385
	401	384
	397	384
	394	383
	392	383
	391	380
	391	375
	392	375
	395	373
	399	373
	400	374
	401	375
.PEN_UP
.PEN_DOWN
	414	401
	414	400
	414	399
	414	396
	414	390
	414	388
	412	384
	411	381
	411	382
	412	385
	413	386
	418	390
	422	391
	423	391
	424	390
	422	387
	420	386
	417	383
	416	382
	416	381
	418	380
	421	379
	423	377
	424	376
	424	375
	424	376
.PEN_UP
.PEN_DOWN
	480	383
	478	384
	477	385
	474	385
	473	385
	469	384
	465	381
	464	380
	464	377
	467	375
	469	375
	473	376
	476	379
	477	383
	477	388
	477	393
	476	395
	476	397
	476	394
	476	390
	476	389
	476	386
	477	385
.PEN_UP
.PEN_DOWN
	496	380
	495	382
	494	382
	493	383
	491	383
	489	382
	488	381
	488	379
	490	376
	491	375
	495	375
	499	377
	500	378
	500	381
	498	383
	494	384
	493	384
	491	383
	491	382
.PEN_UP
.PEN_DOWN
	515	384
	514	385
	512	385
	511	385
	509	384
	509	383
	509	382
	509	381
	511	381
	512	382
	513	383
	514	384
	514	385
	515	383
	516	379
	516	373
	516	370
	515	362
	512	358
	510	358
	507	358
	505	363
	505	365
	508	370
	515	374
	517	375
	519	376
.PEN_UP
