
.WRITER_ID DavidSinger
.STYLE PRINTED
.PEN_DOWN
	166	383
	167	384
	162	384
	157	382
	155	381
	153	380
	154	379
	156	379
	161	377
	163	374
	163	373
	159	371
	152	370
	150	371
	150	372
	151	372
.PEN_UP
.PEN_DOWN
	184	375
	181	376
	179	375
	177	375
	176	372
	177	370
	179	369
	184	370
	185	372
	185	373
	184	375
	179	377
	176	377
	175	376
.PEN_UP
.PEN_DOWN
	195	376
	195	377
	195	376
	195	374
	194	372
	194	371
	193	372
	194	374
	195	378
	197	381
	198	381
	200	378
	202	374
	203	373
	205	371
.PEN_UP
.PEN_DOWN
	209	381
	208	381
	207	380
	204	375
	203	372
	203	371
.PEN_UP
.PEN_DOWN
	225	380
	223	381
	221	381
	217	379
	216	377
	215	372
	216	370
	218	369
	220	370
	220	372
	219	373
	219	374
	222	374
	225	375
.PEN_UP
.PEN_DOWN
	273	383
	271	379
	270	375
	270	374
	270	376
	270	377
	272	382
	276	387
	277	387
	278	386
	278	382
	278	378
	276	374
	275	371
	275	370
.PEN_UP
.PEN_DOWN
	270	376
	270	377
	273	377
	275	378
	278	378
.PEN_UP
.PEN_DOWN
	286	382
	286	381
	286	377
	286	374
	286	373
.PEN_UP
.PEN_DOWN
	285	380
	285	383
	287	383
	291	383
	295	382
	295	381
	294	379
	289	377
	285	376
	286	375
	293	374
	295	373
	298	372
	297	369
	294	368
	288	367
	285	367
	283	368
	283	369
	285	369
.PEN_UP
.PEN_DOWN
	308	377
	307	378
	305	377
	305	373
	305	372
	307	370
	310	371
	311	371
	313	375
	313	376
	312	379
	308	381
	306	381
	305	380
.PEN_UP
.PEN_DOWN
	323	376
	322	377
	322	375
	322	373
	322	372
	324	370
	326	371
	327	371
	330	374
	330	378
	330	379
	329	381
	328	382
	328	381
.PEN_UP
.PEN_DOWN
	342	376
	341	377
	341	376
	340	373
	340	372
	340	371
.PEN_UP
.PEN_DOWN
	333	378
	333	379
	337	380
	340	380
	345	381
.PEN_UP
.PEN_DOWN
	392	381
	391	381
	390	377
	389	373
	388	371
	389	368
.PEN_UP
.PEN_DOWN
	380	380
	380	381
	383	383
	385	383
	391	384
	397	386
	400	386
.PEN_UP
.PEN_DOWN
	407	380
	406	381
	406	382
	406	383
	405	380
	405	378
	405	373
	405	370
	404	369
	404	370
	403	373
	403	374
	403	376
	404	376
	405	376
	407	375
	411	375
	412	375
	413	376
.PEN_UP
.PEN_DOWN
	414	387
	413	385
	413	379
	413	377
	413	373
	414	371
	414	370
.PEN_UP
.PEN_DOWN
	426	379
	425	379
	424	376
	424	375
	424	373
	424	374
	424	378
	424	379
	424	383
	425	385
	426	385
	429	385
	433	385
	434	384
.PEN_UP
.PEN_DOWN
	425	377
	429	378
	432	378
	434	378
.PEN_UP
.PEN_DOWN
	423	373
	424	372
	429	372
	433	372
	436	372
.PEN_UP
.PEN_DOWN
	472	380
	473	383
	471	383
	470	383
	465	379
	462	375
	462	373
	464	370
	468	369
	470	369
	470	370
	469	373
	468	373
	467	374
	468	374
	473	375
	475	375
.PEN_UP
.PEN_DOWN
	485	379
	485	378
	485	376
	484	372
	484	370
	484	369
	484	368
.PEN_UP
.PEN_DOWN
	481	378
	481	381
	482	382
	487	384
	490	384
	495	384
	496	381
	496	380
	493	377
	490	375
	489	373
	491	371
	495	369
	497	368
.PEN_UP
.PEN_DOWN
	501	379
	501	380
	501	379
	501	376
	501	373
	501	372
.PEN_UP
.PEN_DOWN
	524	381
	521	382
	519	382
	514	381
	512	380
	513	377
	517	375
	519	374
	520	371
	517	370
	515	370
	510	370
	509	371
.PEN_UP
.PEN_DOWN
	528	380
	528	381
	528	379
	528	377
	528	373
	528	371
	528	370
	529	369
	531	369
	533	369
	535	369
	537	369
.PEN_UP
.PEN_DOWN
	543	381
	542	382
	542	383
	543	381
	543	379
	545	379
	548	381
	549	382
	550	383
.PEN_UP
.PEN_DOWN
	543	374
	542	373
	541	372
	541	370
	540	367
	541	366
.PEN_UP
.PEN_DOWN
	573	382
	572	383
	572	384
	572	383
	573	379
	573	378
	574	374
	575	373
	575	372
	576	373
	578	376
	579	378
	581	382
	583	385
.PEN_UP
.PEN_DOWN
	594	382
	593	379
	593	378
	592	374
	591	372
	591	371
.PEN_UP
.PEN_DOWN
	604	379
	603	381
	603	380
	603	376
	603	375
	603	373
	603	372
	604	372
	605	373
	609	376
	610	377
	613	380
	615	381
.PEN_UP
.PEN_DOWN
	609	373
	612	372
	615	370
	616	370
.PEN_UP
.PEN_DOWN
	631	377
	630	376
	629	374
	629	372
	629	369
	629	367
.PEN_UP
.PEN_DOWN
	640	376
	640	378
	640	377
	640	375
	639	374
	638	373
	637	373
	637	374
	638	377
	640	379
	641	379
	643	378
	646	375
	647	374
	649	372
	650	371
.PEN_UP
.PEN_DOWN
	653	381
	653	382
	652	381
	651	378
	650	376
	650	373
	650	370
	650	369
.PEN_UP
.PEN_DOWN
	666	379
	667	381
	669	382
	670	383
	669	383
	666	381
	663	378
	662	376
	663	373
	666	371
	667	371
	669	371
	669	373
	669	374
	667	375
	665	375
	668	375
	673	375
	674	375
	677	376
.PEN_UP
