
.WRITER_ID DavidSinger
.STYLE PRINTED
.PEN_DOWN
	152	384
	150	384
	149	380
	150	377
	152	375
	158	375
	162	377
	163	379
	164	382
	162	387
	160	389
	158	390
.PEN_UP
.PEN_DOWN
	154	378
	154	379
	156	376
	159	372
	161	371
	161	369
.PEN_UP
.PEN_DOWN
	170	377
	170	374
	171	373
	174	371
	177	371
	178	372
	179	374
	179	377
	178	380
	178	381
	177	381
.PEN_UP
.PEN_DOWN
	186	380
	186	379
	186	376
	187	375
	188	371
	189	369
	188	370
.PEN_UP
.PEN_DOWN
	205	378
	204	379
	205	379
	206	379
	205	379
	204	379
	200	377
	197	375
	196	373
	197	371
	201	369
	205	370
	208	370
.PEN_UP
.PEN_DOWN
	220	376
	219	377
	219	376
	219	373
	219	371
	220	371
	221	372
	225	376
	227	381
	229	383
	231	386
.PEN_UP
.PEN_DOWN
	225	376
	225	377
	226	376
	228	374
	230	373
	233	372
.PEN_UP
.PEN_DOWN
	245	383
	245	384
	244	382
	244	380
	242	376
	242	374
	242	373
	244	372
	246	372
	248	372
	252	372
	255	372
	256	372
.PEN_UP
.PEN_DOWN
	264	383
	264	384
	264	383
	266	379
	266	378
	269	377
	273	379
	274	381
	277	384
	277	387
	277	388
.PEN_UP
.PEN_DOWN
	265	372
	265	373
	264	371
	263	368
	263	367
	264	366
.PEN_UP
.PEN_DOWN
	312	378
	311	380
	311	379
	311	375
	310	372
	310	370
	310	369
	310	368
	311	369
	311	373
	311	377
	312	381
	313	383
	315	385
	318	386
	319	386
	320	386
.PEN_UP
.PEN_DOWN
	311	378
	312	378
	314	378
	317	378
	319	378
	320	378
.PEN_UP
.PEN_DOWN
	335	376
	333	377
	332	378
	331	378
	330	378
	327	376
	327	374
	327	373
	330	372
	333	372
	334	372
	337	374
	338	377
	338	378
	336	381
	331	381
	330	381
	328	380
.PEN_UP
.PEN_DOWN
	349	384
	349	383
	348	379
	348	377
	348	374
	349	371
.PEN_UP
.PEN_DOWN
	351	381
	350	382
	350	384
	352	384
	354	384
	358	384
	361	382
	361	381
	359	378
	354	376
	352	375
	351	373
	352	372
	355	370
	360	368
.PEN_UP
.PEN_DOWN
	376	381
	376	383
	375	383
	374	384
	371	382
	369	380
	367	376
	367	372
	367	371
	369	369
	372	369
	372	370
	372	373
	371	374
	370	374
	371	374
	374	374
	378	375
	379	375
.PEN_UP
.PEN_DOWN
	391	378
	390	378
	387	377
	386	374
	386	373
	388	370
	393	370
	395	370
	399	372
	399	376
	399	377
	395	379
	388	379
	386	378
	385	375
.PEN_UP
.PEN_DOWN
	415	377
	415	378
	415	376
	414	374
	413	373
	413	370
.PEN_UP
.PEN_DOWN
	405	378
	403	381
	404	382
	407	383
	413	383
	420	385
.PEN_UP
.PEN_DOWN
	452	382
	452	384
	452	383
	452	378
	452	376
	451	372
	450	370
	450	371
	450	372
	451	374
	453	375
	455	375
	458	375
	460	375
.PEN_UP
.PEN_DOWN
	461	383
	460	383
	460	382
	460	380
	460	375
	459	372
	459	370
.PEN_UP
.PEN_DOWN
	477	380
	476	380
	474	379
	473	378
	472	376
	473	374
	474	373
	477	373
	479	375
	480	376
	480	378
	479	380
	477	381
	473	380
	471	379
	473	377
.PEN_UP
.PEN_DOWN
	488	378
	486	380
	486	381
	486	378
	487	377
	488	374
	489	372
	490	372
	492	374
	494	376
	494	377
	495	377
	496	376
	496	375
	498	373
	499	373
	500	373
	502	375
	505	379
	506	380
	507	382
.PEN_UP
.PEN_DOWN
	539	379
	539	380
	540	380
	538	375
	538	374
	538	371
	538	370
	538	369
.PEN_UP
.PEN_DOWN
	531	380
	535	381
	541	381
	543	381
	546	382
	547	382
.PEN_UP
.PEN_DOWN
	555	377
	554	377
	552	377
	550	375
	549	374
	549	371
	552	368
	553	368
	556	368
	559	372
	560	373
	559	376
	555	377
	553	376
	549	375
.PEN_UP
.PEN_DOWN
	585	380
	584	381
	584	379
	584	376
	584	372
	585	370
	585	369
	587	370
	590	374
	591	375
	592	377
	592	375
	593	373
	593	372
	594	372
	596	375
	597	376
	599	381
	600	383
	600	384
.PEN_UP
.PEN_DOWN
	609	377
	608	378
	608	377
	607	375
	606	373
	605	372
	605	374
	607	379
	609	382
	612	386
	615	387
	616	386
	616	381
	615	376
	614	373
	613	370
	613	369
.PEN_UP
.PEN_DOWN
	609	375
	608	376
	609	376
	613	376
	614	376
.PEN_UP
.PEN_DOWN
	625	381
	624	384
	625	385
	625	383
	625	379
	622	376
	621	373
	621	372
	621	371
	624	371
	626	371
	629	372
	631	372
.PEN_UP
.PEN_DOWN
	645	378
	644	379
	644	378
	643	375
	642	373
	642	371
	642	369
.PEN_UP
.PEN_DOWN
	638	377
	635	380
	634	381
	636	382
	638	382
	645	381
	650	381
	652	382
	653	383
.PEN_UP
.PEN_DOWN
	662	378
	660	379
	659	380
	659	381
	660	381
	661	382
	663	382
	666	382
	665	380
	663	376
	661	375
	658	373
	656	371
	655	370
	660	370
	666	369
	668	369
	672	369
	672	370
.PEN_UP
