
.WRITER_ID DavidSinger
.STYLE PRINTED
.PEN_DOWN
	141	394
	140	396
	139	394
	139	390
	139	387
	139	383
	138	381
.PEN_UP
.PEN_DOWN
	138	372
	137	372
	138	372
.PEN_UP
.PEN_DOWN
	165	382
	166	383
	165	383
	163	383
	161	382
	159	379
	158	376
	158	375
	159	373
	163	374
	164	375
	165	378
	165	379
	165	380
	164	379
	164	376
	164	375
	165	375
	167	376
	168	378
	168	379
	168	382
	163	384
	159	384
	155	382
	153	378
	153	376
	157	373
	163	373
	169	373
.PEN_UP
.PEN_DOWN
	205	386
	205	387
	204	387
	204	386
	202	379
	202	374
	201	372
	200	369
.PEN_UP
.PEN_DOWN
	207	387
	208	388
	208	383
	206	377
	205	374
	204	370
	204	369
.PEN_UP
.PEN_DOWN
	198	379
	196	380
	199	380
	201	380
	205	381
	207	381
.PEN_UP
.PEN_DOWN
	196	377
	194	376
	196	376
	200	376
	204	376
	207	377
.PEN_UP
.PEN_DOWN
	241	383
	239	383
	236	383
	234	382
	234	381
	236	379
	238	378
	241	376
	241	373
	237	370
	233	371
	232	371
	231	373
	232	376
.PEN_UP
.PEN_DOWN
	235	391
	235	392
	235	390
	235	387
	236	378
	236	376
	236	371
	236	368
	236	367
	235	367
.PEN_UP
.PEN_DOWN
	257	389
	256	389
	254	386
	255	384
	257	384
	260	385
	261	386
	261	388
	260	389
	259	389
	257	389
.PEN_UP
.PEN_DOWN
	264	392
	264	390
	262	385
	259	377
	258	375
	256	372
	255	369
	255	370
.PEN_UP
.PEN_DOWN
	264	375
	262	373
	261	371
	261	369
	262	369
	264	370
	266	372
	266	374
	265	374
	262	374
	261	373
.PEN_UP
.PEN_DOWN
	283	385
	282	386
	281	384
	282	384
	283	384
	284	386
	286	387
	287	386
	288	384
	289	383
	290	383
	292	383
.PEN_UP
.PEN_DOWN
	308	367
	308	368
	308	367
	309	365
	308	366
	306	370
	305	373
	306	379
	308	384
	310	385
	313	386
	314	385
	313	384
	309	381
	303	377
	300	374
	298	372
	298	369
	300	369
	304	369
	307	370
	308	370
	309	372
.PEN_UP
.PEN_DOWN
	338	383
	338	382
	339	379
	340	376
	343	373
	343	372
	344	372
.PEN_UP
.PEN_DOWN
	345	383
	344	384
	343	383
	341	379
	340	376
	338	372
	337	370
.PEN_UP
.PEN_DOWN
	331	375
	330	375
	333	375
	335	375
	341	375
	344	376
	346	376
.PEN_UP
.PEN_DOWN
	365	384
	364	385
	363	383
	361	379
	360	375
	360	372
	360	370
	362	368
.PEN_UP
.PEN_DOWN
	375	386
	374	386
	376	381
	376	376
	376	374
	375	371
	370	367
.PEN_UP
.PEN_DOWN
	395	390
	396	390
	398	387
	399	386
	400	384
.PEN_UP
.PEN_DOWN
	410	372
	408	373
	409	374
	410	374
	412	376
	415	377
	416	377
	417	376
	417	374
	418	372
	418	371
	420	371
.PEN_UP
.PEN_DOWN
	439	376
	438	377
	438	378
	439	378
	440	378
	441	378
	443	378
	444	378
.PEN_UP
.PEN_DOWN
	458	369
	456	369
	458	369
	460	369
	463	369
	466	369
	467	369
.PEN_UP
.PEN_DOWN
	482	381
	484	381
	485	381
	487	381
	490	381
.PEN_UP
.PEN_DOWN
	485	383
	484	384
	484	382
	483	379
	483	377
	483	374
.PEN_UP
.PEN_DOWN
	501	378
	501	379
	504	379
	505	379
	507	379
	508	379
.PEN_UP
.PEN_DOWN
	503	376
	502	377
	503	376
	505	376
	506	376
	508	377
	510	376
.PEN_UP
.PEN_DOWN
	526	386
	526	387
	527	387
	529	387
	530	387
	529	387
	528	388
	526	389
	525	389
	525	388
	524	387
	524	383
	524	377
	524	374
	524	372
	524	370
	525	370
	525	369
	527	369
	528	369
	530	369
.PEN_UP
.PEN_DOWN
	535	386
	534	387
	535	387
	538	387
	539	387
	540	388
	540	386
	540	384
	540	380
	541	374
	541	372
	541	370
	541	367
	540	367
	539	367
	538	367
	537	367
	535	367
.PEN_UP
.PEN_DOWN
	561	393
	561	394
	560	394
	559	394
	557	393
	555	391
	554	388
	554	386
	556	383
	557	381
	558	379
	558	378
	556	375
	554	375
	552	375
	551	374
	552	374
	553	374
	554	373
	555	372
	555	370
	553	367
	552	365
	552	363
	553	362
	555	362
	558	363
.PEN_UP
.PEN_DOWN
	568	392
	567	394
	569	394
	570	394
	572	392
	572	389
	572	388
	569	385
	565	383
	564	382
	564	381
	565	379
	568	377
	569	377
	569	376
	568	375
	566	375
	567	373
	569	372
	569	370
	570	369
	570	368
	569	367
	567	366
	566	366
	564	365
	561	366
.PEN_UP
.PEN_DOWN
	581	387
	580	388
	580	387
	583	383
	586	378
	587	376
	588	374
.PEN_UP
.PEN_DOWN
	595	370
	595	371
	595	368
	595	367
	594	365
.PEN_UP
.PEN_DOWN
	614	390
	615	390
	615	391
	614	387
	613	385
	610	379
	609	377
	607	374
	606	372
.PEN_UP
.PEN_DOWN
	625	388
	624	390
	625	391
	628	391
	630	391
	631	390
	630	389
	628	387
	625	386
	625	385
	625	384
	626	383
	627	382
.PEN_UP
.PEN_DOWN
	624	371
	623	371
	624	371
.PEN_UP
.PEN_DOWN
	644	394
	643	396
	643	395
	643	394
	643	392
.PEN_UP
.PEN_DOWN
	665	392
	665	391
	664	390
	664	389
	664	388
.PEN_UP
.PEN_DOWN
	668	391
	667	390
	667	389
	667	388
.PEN_UP
.PEN_DOWN
	680	381
	680	382
	680	383
	681	383
	680	382
	677	379
	676	378
	675	376
	673	375
	675	374
	678	373
	679	372
	681	372
	682	371
	681	371
.PEN_UP
.PEN_DOWN
	689	387
	689	388
	688	385
	688	378
	687	375
	686	368
	686	364
	686	362
.PEN_UP
.PEN_DOWN
	697	380
	697	381
	696	381
	697	380
	698	379
	699	379
	702	378
	703	378
	704	377
	704	376
	702	374
	701	373
	698	371
	697	370
	697	369
.PEN_UP
.PEN_DOWN
	712	386
	712	387
	712	386
	711	385
	711	384
	712	383
.PEN_UP
.PEN_DOWN
	715	384
	714	384
	713	383
	713	380
.PEN_UP
.PEN_DOWN
	720	371
	719	372
	720	371
	722	369
	722	368
	722	366
	721	364
	720	363
	718	363
	717	364
.PEN_UP
.PEN_DOWN
	722	376
	720	377
	720	378
	720	377
.PEN_UP
.PEN_DOWN
	731	372
	731	371
	731	370
.PEN_UP
.PEN_DOWN
	732	375
	731	377
	730	378
.PEN_UP
.PEN_DOWN
	736	371
	736	370
	737	370
.PEN_UP
