
.WRITER_ID DavidSinger
.STYLE PRINTED
.PEN_DOWN
	150	388
	149	390
	149	391
	147	391
	141	389
	138	387
	136	384
	135	379
	137	375
	137	372
	140	367
	140	362
	139	360
	136	358
	130	357
	128	357
	127	361
.PEN_UP
.PEN_DOWN
	129	371
	129	373
	130	373
	134	375
	139	375
	140	375
	141	375
.PEN_UP
.PEN_DOWN
	159	377
	158	377
	157	377
	155	375
	154	373
	154	371
	155	369
	158	369
	159	370
	162	372
	162	374
	160	376
	158	376
	155	375
	154	375
.PEN_UP
.PEN_DOWN
	175	374
	173	376
	174	376
	176	376
	178	375
	178	374
	177	372
	175	370
	173	370
	175	372
.PEN_UP
.PEN_DOWN
	185	374
	183	375
	182	375
	179	374
	178	372
	178	371
	180	370
	182	370
.PEN_UP
.PEN_DOWN
	188	374
	188	373
	188	370
	188	369
	189	369
	191	370
	193	372
	193	374
	195	373
	195	371
	195	366
	195	363
	194	355
	190	353
	188	352
	186	354
	186	357
	186	359
	186	361
.PEN_UP
.PEN_DOWN
	222	375
	220	376
	221	376
	224	377
	226	377
	227	375
	227	373
	224	370
	223	369
	222	368
	223	367
	226	366
	228	364
	229	362
	229	358
	228	355
	227	354
	224	352
	222	353
	221	353
	220	356
	220	357
.PEN_UP
.PEN_DOWN
	234	376
	233	374
	232	372
	233	370
	235	369
	237	369
	239	370
	241	374
	241	376
	241	377
	241	378
.PEN_UP
.PEN_DOWN
	253	390
	252	392
	251	391
	250	384
	250	381
	250	375
	250	370
	250	369
	250	370
.PEN_UP
.PEN_DOWN
	256	376
	255	373
	255	372
	255	369
	257	367
	258	367
	260	369
	261	371
	262	374
	262	377
.PEN_UP
.PEN_DOWN
	269	372
	267	371
	267	370
	267	369
	268	370
	269	370
	271	373
	274	374
	276	376
	279	377
	280	377
	281	375
	280	371
	279	370
	276	368
	273	369
	273	370
	273	371
.PEN_UP
.PEN_DOWN
	306	376
	307	376
	307	377
	306	377
	303	377
	302	377
	300	375
	299	372
	299	370
	301	368
	303	368
	304	368
	305	371
	305	374
	306	375
	305	372
	305	370
	303	361
	302	356
	301	354
	301	352
	302	354
	303	356
	305	365
	308	371
	308	372
	309	373
.PEN_UP
.PEN_DOWN
	313	375
	313	376
	312	374
	312	371
	312	370
	313	369
	315	370
	318	373
	318	374
	319	376
	319	377
.PEN_UP
.PEN_DOWN
	327	374
	326	373
	326	369
	326	367
	328	367
	332	369
	333	370
	334	372
.PEN_UP
.PEN_DOWN
	326	385
	326	384
.PEN_UP
.PEN_DOWN
	340	376
	338	377
	338	376
	339	373
	339	372
	339	370
	340	369
	340	370
	342	372
	343	376
	344	377
	344	379
	345	380
	345	379
.PEN_UP
.PEN_DOWN
	349	373
	350	373
	352	374
	353	375
	353	377
	352	377
	351	377
	348	376
	347	376
	346	373
	347	371
	348	370
	350	369
	352	370
	354	370
.PEN_UP
.PEN_DOWN
	361	375
	361	374
	361	371
	361	370
	361	369
	361	372
	361	375
	362	377
	364	378
	365	378
	368	379
	370	379
	370	378
.PEN_UP
.PEN_DOWN
	400	378
	399	379
	399	377
	399	374
	399	372
	399	371
	400	370
	402	371
	403	372
	405	373
	406	371
	407	371
	410	371
	411	372
	413	374
	413	377
	412	379
	411	379
	409	380
	409	379
.PEN_UP
.PEN_DOWN
	418	392
	418	394
	418	393
	418	390
	417	384
	416	377
	416	375
	416	373
	417	372
	417	373
	420	375
	423	379
	423	377
	423	373
	424	372
	424	371
	425	370
.PEN_UP
.PEN_DOWN
	433	377
	432	377
	431	374
	431	372
	431	371
	433	370
	435	371
	436	372
	437	373
.PEN_UP
.PEN_DOWN
	431	385
	431	386
	431	385
.PEN_UP
.PEN_DOWN
	445	390
	445	393
	445	394
	445	391
	445	388
	443	381
	442	376
	442	375
	443	372
.PEN_UP
.PEN_DOWN
	448	375
	448	374
	451	374
	452	374
	455	376
	456	377
	456	378
	454	379
	451	379
	449	378
	448	376
	449	372
	450	371
	453	371
	456	371
.PEN_UP
.PEN_DOWN
	493	378
	493	379
	492	379
	491	380
	488	380
	487	380
	484	379
	483	376
	483	373
	485	372
	489	372
	494	374
	495	376
	495	380
	495	387
	495	392
	495	396
	495	397
	495	391
	495	387
	495	380
	498	373
	498	371
	500	370
.PEN_UP
.PEN_DOWN
	502	378
	501	379
	501	378
	501	377
	501	374
	501	373
	500	373
	500	376
	501	378
	503	380
	506	381
	509	382
	510	382
	511	381
.PEN_UP
.PEN_DOWN
	524	378
	524	379
	524	380
	522	378
	521	376
	521	373
	522	372
	525	372
	526	373
	527	376
.PEN_UP
.PEN_DOWN
	523	390
	522	392
	522	393
	521	393
	520	392
.PEN_UP
.PEN_DOWN
	540	377
	539	377
	538	378
	538	377
	537	375
	537	373
	537	372
	537	373
	538	376
	541	379
	542	379
	543	379
	543	377
	543	375
	543	373
	543	372
	543	371
.PEN_UP
.PEN_DOWN
	556	395
	555	397
	555	398
	555	396
	555	391
	555	388
	553	379
	552	376
	552	375
	552	378
	554	383
	556	386
	558	387
	562	388
	564	388
	565	386
	563	383
	563	381
	560	379
	559	377
	559	376
	561	374
	564	373
	565	372
.PEN_UP
.PEN_DOWN
	576	376
	576	377
	575	377
	575	376
	574	373
	574	372
	576	371
	576	372
	578	373
	579	375
.PEN_UP
.PEN_DOWN
	577	385
	576	386
	575	388
	574	388
.PEN_UP
.PEN_DOWN
	585	375
	585	376
	585	377
	584	375
	583	373
	583	372
	583	373
	584	375
	586	376
	589	378
	590	378
	591	377
	591	375
	591	372
	591	371
	592	369
	593	369
.PEN_UP
.PEN_DOWN
	610	375
	609	376
	608	378
	607	378
	605	376
	603	375
	603	374
	605	374
	607	375
	609	376
	610	376
	611	374
	612	372
	613	364
	612	358
	612	356
	608	352
	603	351
	601	353
	597	357
	597	361
	598	363
	603	366
	611	369
.PEN_UP
