
.WRITER_ID DavidSinger
.STYLE PRINTED
.PEN_DOWN
	122	383
	122	384
	122	382
	121	379
	121	374
	120	371
	120	370
	120	371
	120	375
	121	378
	123	383
	127	386
	128	387
	129	387
	130	384
	130	381
	129	377
	127	373
	127	372
	127	371
	127	372
.PEN_UP
.PEN_DOWN
	122	376
	121	376
	124	376
	125	377
	128	377
.PEN_UP
.PEN_DOWN
	137	382
	137	381
	137	377
	137	374
	137	371
	137	370
.PEN_UP
.PEN_DOWN
	136	382
	136	384
	139	385
	141	385
	144	384
	146	382
	146	381
	143	379
	140	377
	139	377
	141	377
	146	376
	147	375
	147	373
	147	370
	145	369
	139	367
	134	368
	133	368
	133	369
	135	369
.PEN_UP
.PEN_DOWN
	158	384
	158	385
	159	383
	160	383
	158	383
	155	383
	152	381
	150	379
	149	378
	149	375
	151	372
	152	372
	155	371
	157	372
	158	373
.PEN_UP
.PEN_DOWN
	169	378
	168	380
	168	379
	168	376
	168	372
	167	371
	167	369
.PEN_UP
.PEN_DOWN
	164	381
	165	381
	167	381
	169	381
	173	380
	174	379
	174	375
	169	371
	167	369
	163	369
	162	369
	161	370
	162	370
	165	371
.PEN_UP
.PEN_DOWN
	181	378
	181	376
	180	373
	180	371
	180	370
	179	372
	179	374
	179	379
	179	381
	179	382
	182	383
	185	384
	186	385
	189	385
	192	385
	191	384
.PEN_UP
.PEN_DOWN
	180	376
	181	376
	184	376
	186	376
.PEN_UP
.PEN_DOWN
	176	370
	179	370
	184	370
	187	371
	188	371
.PEN_UP
.PEN_DOWN
	213	379
	213	381
	213	380
	214	376
	214	373
	214	372
	213	372
	213	374
	213	377
	213	381
	213	382
	215	384
	216	385
	218	386
	220	386
	222	386
	223	386
	223	384
.PEN_UP
.PEN_DOWN
	212	378
	211	378
	214	378
	216	378
	218	378
.PEN_UP
.PEN_DOWN
	232	383
	231	384
	230	384
	229	384
	226	382
	225	380
	223	376
	223	374
	223	372
	225	371
	226	370
	227	371
	227	372
	226	374
	225	374
	225	375
	224	375
	226	375
	230	375
	231	375
	232	375
	232	376
	232	375
.PEN_UP
.PEN_DOWN
	240	385
	239	386
	239	385
	238	380
	237	376
	237	374
	236	372
	236	373
	235	375
	236	376
	237	376
	240	376
	241	376
	242	377
	243	376
.PEN_UP
.PEN_DOWN
	244	385
	243	387
	243	386
	243	382
	242	379
	241	374
	241	371
	241	370
.PEN_UP
.PEN_DOWN
	255	384
	254	385
	254	386
	254	385
	253	381
	252	377
	251	374
	251	371
	251	370
	251	371
.PEN_UP
.PEN_DOWN
	265	382
	265	383
	266	381
	268	378
	269	377
	268	375
	266	373
	263	373
	262	374
	261	376
	261	377
	262	377
.PEN_UP
.PEN_DOWN
	256	385
	256	386
	257	385
	264	385
	266	385
	271	385
	272	386
	271	386
	269	385
.PEN_UP
.PEN_DOWN
	300	383
	299	384
	300	381
	300	379
	300	374
	300	373
	300	372
	302	375
	304	377
	306	381
	309	385
	309	386
	310	387
	310	386
.PEN_UP
.PEN_DOWN
	305	379
	305	378
	307	375
	308	373
	309	373
	310	372
	309	372
.PEN_UP
.PEN_DOWN
	320	384
	319	386
	318	385
	317	381
	316	377
	315	376
	315	374
	316	373
	320	373
	323	373
	324	373
.PEN_UP
.PEN_DOWN
	329	379
	328	380
	328	378
	328	377
	327	374
	327	373
	328	375
	329	379
	330	380
	332	382
	333	381
	333	380
	333	378
	333	375
	334	377
	336	379
	338	382
	340	383
	341	383
	341	381
	341	379
	340	375
	340	373
	340	372
.PEN_UP
.PEN_DOWN
	349	381
	349	380
	348	377
	347	375
	347	373
	346	373
	346	374
	346	377
	347	381
	348	382
	349	383
	350	381
	351	379
	352	376
	354	374
	355	373
.PEN_UP
.PEN_DOWN
	357	386
	356	384
	355	379
	355	376
	354	374
	354	372
.PEN_UP
.PEN_DOWN
	368	379
	367	379
	367	380
	366	380
	365	379
	363	377
	362	376
	363	374
	364	372
	367	371
	368	371
	371	372
	373	375
	373	376
	373	379
	370	382
	368	382
	364	381
	362	379
.PEN_UP
.PEN_DOWN
	406	378
	405	378
	405	377
	404	375
	403	372
	403	371
	403	369
.PEN_UP
.PEN_DOWN
	402	381
	401	383
	401	384
	405	385
	410	384
	411	384
	412	382
	411	381
	408	380
	403	379
	401	379
.PEN_UP
.PEN_DOWN
	420	380
	419	380
	417	381
	416	380
	415	378
	415	375
	415	374
	418	372
	421	371
	422	372
	424	374
	424	377
	424	380
	422	381
	419	382
	417	382
	417	379
.PEN_UP
.PEN_DOWN
	416	376
	415	377
	416	377
	416	376
	418	374
	420	371
	420	370
	421	369
	421	370
	421	371
.PEN_UP
.PEN_DOWN
	435	386
	434	388
	434	387
	435	386
	435	381
	435	376
	435	375
	435	374
.PEN_UP
.PEN_DOWN
	434	387
	432	390
	433	392
	434	392
	438	393
	442	392
	443	392
	444	389
	441	385
	439	383
	437	382
	436	381
	437	380
	438	378
	441	376
	443	375
	445	375
.PEN_UP
.PEN_DOWN
	459	387
	460	387
	461	387
	461	388
	459	388
	455	387
	453	387
	451	386
	450	385
	450	383
	452	380
	454	379
	457	376
	457	375
	457	374
	453	373
	448	373
	446	374
	445	375
	445	376
	446	376
.PEN_UP
.PEN_DOWN
	474	384
	474	382
	474	378
	473	375
	472	374
	472	372
	471	373
.PEN_UP
.PEN_DOWN
	463	385
	462	385
	467	385
	474	385
	479	385
	482	385
	483	385
	482	385
	480	384
.PEN_UP
.PEN_DOWN
	508	380
	507	382
	507	379
	507	375
	507	374
	509	373
	512	373
	513	375
	515	378
	516	384
	516	385
	516	387
	515	387
.PEN_UP
.PEN_DOWN
	524	380
	524	381
	524	382
	524	381
	524	377
	524	376
	525	372
	526	372
	527	373
	529	377
	531	379
	532	381
	534	385
	535	387
.PEN_UP
.PEN_DOWN
	539	379
	538	381
	538	382
	538	380
	538	379
	539	375
	540	373
	541	373
	542	374
	544	377
	545	378
	546	378
	546	377
	547	374
	548	372
	549	371
	551	372
	553	376
	555	379
	555	380
	556	382
	557	382
.PEN_UP
.PEN_DOWN
	566	379
	565	380
	566	380
	567	379
	569	376
	571	374
	572	373
	573	372
	574	372
	574	373
.PEN_UP
.PEN_DOWN
	576	383
	575	383
	574	384
	572	380
	570	378
	566	374
	564	371
	564	370
	565	371
.PEN_UP
.PEN_DOWN
	586	383
	586	384
	586	383
	586	380
	587	378
	587	377
	589	377
	591	379
	593	382
	596	385
	598	387
	598	388
.PEN_UP
.PEN_DOWN
	586	374
	584	374
	584	371
	583	370
	583	369
.PEN_UP
.PEN_DOWN
	603	381
	602	382
	607	382
	609	382
	615	382
	618	382
	619	382
	619	381
	617	379
	614	378
	609	375
	605	373
	603	373
	602	372
	603	372
	607	372
	613	372
	615	372
	618	372
.PEN_UP
