
.WRITER_ID DavidSinger
.STYLE PRINTED
.PEN_DOWN
	169	389
	169	390
	170	390
	171	389
	173	388
	174	388
	175	387
	174	387
	169	388
	168	388
	167	388
	167	384
	167	382
	168	377
	168	374
	170	372
	170	371
	171	371
	172	371
	174	372
.PEN_UP
.PEN_DOWN
	189	390
	188	390
	187	390
	185	387
	182	380
	182	378
	182	374
	185	372
	188	371
	189	371
.PEN_UP
.PEN_DOWN
	199	386
	196	387
	194	385
	191	381
	190	376
	190	374
	192	372
	195	373
	196	373
	197	375
	196	376
	195	376
	192	374
.PEN_UP
.PEN_DOWN
	204	389
	201	390
	203	389
	205	385
	206	379
	206	377
	204	373
	200	370
.PEN_UP
.PEN_DOWN
	233	388
	232	389
	230	388
	228	384
	228	381
	227	376
	229	372
	229	370
	231	368
.PEN_UP
.PEN_DOWN
	237	382
	237	383
	236	383
	236	382
	238	381
	240	381
	243	381
	243	379
	241	376
	240	375
	238	372
	238	370
.PEN_UP
.PEN_DOWN
	244	387
	245	386
	248	383
	249	379
	249	376
	247	371
	245	367
	244	366
.PEN_UP
.PEN_DOWN
	274	386
	272	386
	269	383
	267	376
	267	373
	269	369
	270	368
	273	367
.PEN_UP
.PEN_DOWN
	288	381
	286	381
	284	381
	282	380
	280	377
	281	375
	283	374
	284	373
	284	371
	284	370
	282	369
	279	368
	278	369
	278	370
	280	373
	282	374
	284	376
	287	378
	287	379
	286	380
	283	380
	280	380
	280	379
.PEN_UP
.PEN_DOWN
	291	387
	289	388
	290	387
	291	383
	293	380
	292	373
	290	368
	288	366
	285	362
.PEN_UP
.PEN_DOWN
	315	388
	313	386
	312	381
	311	379
	311	374
	312	372
	314	370
	317	369
.PEN_UP
.PEN_DOWN
	332	383
	332	384
	331	384
	326	381
	324	379
	324	376
	325	375
	326	375
	329	376
	332	379
	332	380
	331	378
	330	375
	329	372
	329	369
.PEN_UP
.PEN_DOWN
	338	388
	338	390
	338	391
	341	388
	343	385
	344	379
	343	374
	340	371
	336	369
.PEN_UP
.PEN_DOWN
	374	391
	372	390
	370	388
	366	382
	365	375
	365	373
	368	370
.PEN_UP
.PEN_DOWN
	385	378
	383	378
	380	377
	379	376
	379	374
	379	372
	381	371
	385	372
	387	374
	387	375
	387	378
	383	379
	381	379
	378	378
.PEN_UP
.PEN_DOWN
	394	388
	394	389
	397	388
	398	386
	399	379
	396	374
	395	371
.PEN_UP
.PEN_DOWN
	400	391
	400	392
	402	392
	403	392
	406	391
	408	391
	409	391
	410	391
	410	392
	409	390
	409	387
	409	382
	409	379
	409	374
	410	369
	410	368
	410	367
	409	366
	407	366
	403	367
	400	368
	399	368
.PEN_UP
