
.WRITER_ID DavidSinger
.STYLE PRINTED
.PEN_DOWN
	159	375
	157	376
	156	375
	154	371
	154	369
	155	367
	158	366
	160	367
	163	370
	164	374
	163	376
	160	377
	156	377
	155	376
	155	374
.PEN_UP
.PEN_DOWN
	167	373
	167	374
	167	372
	167	368
	167	367
	167	368
	167	372
	168	373
	169	375
	172	376
	173	376
	175	376
.PEN_UP
.PEN_DOWN
	216	379
	216	378
	217	376
	218	375
	220	373
	221	372
.PEN_UP
.PEN_DOWN
	222	382
	221	384
	220	381
	218	376
	217	373
	217	370
	217	368
.PEN_UP
.PEN_DOWN
	210	373
	209	373
	212	374
	217	374
	219	374
	223	375
.PEN_UP
.PEN_DOWN
	230	379
	229	379
	228	379
	227	379
	228	379
	227	379
	228	379
	229	379
	232	380
	236	380
	237	380
	238	380
	238	379
	236	377
	234	377
	231	375
	227	372
	226	372
	226	371
	227	371
	229	371
	233	371
	236	371
	237	372
.PEN_UP
.PEN_DOWN
	246	376
	246	375
	245	373
	245	369
	245	368
	244	368
	244	369
	245	373
	247	377
	248	379
	251	381
	253	381
	254	380
	254	377
	252	371
	252	369
	251	367
	251	366
.PEN_UP
.PEN_DOWN
	246	373
	246	374
	247	374
	250	374
	252	375
	253	375
.PEN_UP
.PEN_DOWN
	258	376
	259	376
	259	375
	259	373
	259	369
	259	368
	258	367
.PEN_UP
.PEN_DOWN
	258	377
	258	378
	258	380
	262	382
	264	382
	267	382
	269	380
	269	378
	266	376
	262	375
	261	375
	258	375
.PEN_UP
.PEN_DOWN
	277	379
	279	375
	281	374
	281	373
	282	372
.PEN_UP
.PEN_DOWN
	281	383
	280	382
	279	377
	278	375
	276	373
	275	370
.PEN_UP
.PEN_DOWN
	270	372
	270	373
	273	373
	275	374
	280	375
	284	375
.PEN_UP
.PEN_DOWN
	300	366
	299	368
	300	368
	300	364
	299	362
	295	358
.PEN_UP
.PEN_DOWN
	323	383
	324	383
	324	381
	325	378
	326	375
	326	374
	327	373
.PEN_UP
.PEN_DOWN
	327	382
	326	382
	326	381
	326	377
	325	376
	324	373
	324	372
.PEN_UP
.PEN_DOWN
	318	374
	317	375
	319	375
	323	376
	325	376
	328	376
.PEN_UP
.PEN_DOWN
	341	379
	341	377
	341	374
	341	373
	341	371
	342	372
	342	373
	345	377
	348	382
	349	383
	351	384
.PEN_UP
.PEN_DOWN
	346	376
	345	376
	346	375
	347	374
	348	372
	349	371
.PEN_UP
.PEN_DOWN
	358	377
	357	375
	356	372
	355	369
	356	373
	357	375
	360	381
	362	383
	363	383
	364	381
	363	377
	362	373
	361	369
	360	366
.PEN_UP
.PEN_DOWN
	356	372
	356	373
	356	374
	357	374
	360	374
	362	374
.PEN_UP
.PEN_DOWN
	369	375
	367	376
	367	374
	366	371
	367	370
	367	369
.PEN_UP
.PEN_DOWN
	366	379
	366	381
	368	383
	370	383
	375	382
	376	381
	376	380
	374	377
	368	375
	367	375
	365	375
	366	376
.PEN_UP
.PEN_DOWN
	380	375
	379	375
	377	374
	376	373
	375	371
	376	369
	378	368
	380	368
	383	371
	384	374
	384	375
	382	377
	379	377
	377	377
	376	376
.PEN_UP
.PEN_DOWN
	386	375
	386	376
	387	373
	388	372
	389	369
	391	368
	393	371
	395	374
	395	375
	396	375
	397	373
	398	370
	399	369
	401	372
	402	373
	403	376
	404	378
	404	379
.PEN_UP
.PEN_DOWN
	411	379
	411	378
	411	376
	413	374
	414	371
	414	370
	415	370
.PEN_UP
.PEN_DOWN
	415	379
	413	381
	412	378
	410	374
	409	373
	408	370
.PEN_UP
.PEN_DOWN
	405	372
	404	374
	405	374
	409	374
	415	375
	417	375
	418	375
.PEN_UP
.PEN_DOWN
	433	366
	434	368
	435	368
	435	367
	435	364
	431	362
.PEN_UP
.PEN_DOWN
	451	378
	451	376
	453	375
	455	372
	455	371
	455	370
.PEN_UP
.PEN_DOWN
	454	379
	453	381
	453	378
	452	374
	451	371
	450	369
.PEN_UP
.PEN_DOWN
	445	374
	446	374
	449	375
	452	375
	455	375
	457	375
.PEN_UP
.PEN_DOWN
	463	377
	463	374
	463	372
	463	370
	464	369
	465	371
	467	374
	468	376
	471	379
	471	381
.PEN_UP
.PEN_DOWN
	467	374
	466	374
	467	373
	469	372
	470	371
	471	370
.PEN_UP
.PEN_DOWN
	473	376
	474	376
	474	377
	475	375
	475	373
	476	372
	475	373
	475	376
	475	379
	476	381
	478	383
	480	384
	481	384
	483	384
	483	383
.PEN_UP
.PEN_DOWN
	478	379
	477	378
	480	378
	481	378
	481	377
.PEN_UP
.PEN_DOWN
	476	373
	474	373
	474	372
	476	372
	477	372
	480	372
.PEN_UP
.PEN_DOWN
	491	381
	491	378
	490	375
	490	373
	490	372
	490	371
.PEN_UP
.PEN_DOWN
	489	382
	489	384
	492	385
	493	385
	496	386
	498	385
	499	385
	499	383
	497	380
	495	378
	493	376
	493	375
	493	374
	496	373
	497	372
	498	371
	499	370
.PEN_UP
.PEN_DOWN
	508	383
	507	382
	507	378
	506	376
	506	375
	507	373
.PEN_UP
.PEN_DOWN
	504	385
	502	386
	503	388
	504	389
	509	389
	515	387
	517	386
	517	383
	514	381
	511	380
	504	379
	502	380
.PEN_UP
.PEN_DOWN
	521	385
	520	384
	519	379
	518	376
	517	373
	517	372
	517	371
	520	371
	522	371
	524	371
	526	372
.PEN_UP
.PEN_DOWN
	530	378
	529	378
	529	376
	530	375
	531	373
	534	373
	535	373
	537	375
	537	377
	537	381
	537	383
	536	385
.PEN_UP
.PEN_DOWN
	544	379
	544	380
	544	379
	543	377
	542	375
	541	373
	541	372
	541	374
	540	375
	540	378
	541	380
	542	380
	544	380
	546	377
	546	376
	550	374
	552	373
.PEN_UP
.PEN_DOWN
	553	383
	552	383
	552	381
	549	377
	548	375
	548	372
.PEN_UP
.PEN_DOWN
	555	378
	555	379
	555	377
	555	375
	555	373
	555	372
	556	372
	556	375
	558	377
	562	380
	563	382
	565	384
	566	385
.PEN_UP
.PEN_DOWN
	563	377
	562	377
	562	376
	563	375
	565	373
	566	373
	567	372
.PEN_UP
.PEN_DOWN
	575	381
	575	382
	576	378
	576	375
	577	373
	578	371
	580	371
.PEN_UP
.PEN_DOWN
	581	381
	578	383
	577	382
	576	380
	575	376
	574	374
	573	372
.PEN_UP
.PEN_DOWN
	569	374
	569	376
	572	376
	574	377
	577	377
	581	377
.PEN_UP
.PEN_DOWN
	603	370
	603	371
	602	371
	602	372
.PEN_UP
