
.WRITER_ID DavidSinger
.STYLE PRINTED
.PEN_DOWN
	201	379
	201	378
	202	379
	207	383
	209	384
	211	383
	212	379
	212	378
	214	376
	218	377
.PEN_UP
.PEN_DOWN
	244	392
	242	392
	238	390
	236	387
	235	378
	236	374
	237	372
	241	370
	244	370
.PEN_UP
.PEN_DOWN
	253	377
	252	378
	249	378
	248	377
	246	375
	246	374
	248	373
	249	373
	252	375
	253	376
	253	374
	255	372
	256	371
.PEN_UP
.PEN_DOWN
	271	371
	272	369
	273	368
	273	365
	272	365
	270	368
	270	373
	270	377
	273	384
	277	387
	278	387
	279	386
	277	382
	274	380
	268	375
	264	372
	264	370
	265	369
	268	369
	269	369
	274	370
.PEN_UP
.PEN_DOWN
	284	386
	282	381
	282	375
	282	373
	284	369
	285	369
	286	370
	286	374
	286	375
	285	375
	286	375
	287	375
	290	375
	292	375
.PEN_UP
.PEN_DOWN
	295	394
	299	390
	303	382
	303	377
	301	371
	296	367
	294	366
.PEN_UP
.PEN_DOWN
	341	374
	340	375
	341	375
	343	375
	345	375
	346	375
	347	375
.PEN_UP
.PEN_DOWN
	340	372
	342	371
	343	371
	346	372
	347	372
.PEN_UP
.PEN_DOWN
	376	375
	374	375
	375	375
	377	376
	378	377
	381	378
	382	378
	382	377
	382	374
	384	373
	385	373
.PEN_UP
.PEN_DOWN
	399	377
	397	377
	395	376
	393	375
	392	373
	393	373
	395	373
	398	375
	398	374
	398	372
	398	371
	399	369
.PEN_UP
.PEN_DOWN
	418	388
	417	389
	417	387
	416	378
	415	366
	415	362
	415	356
	415	354
.PEN_UP
.PEN_DOWN
	431	373
	430	373
	430	372
	431	373
	432	374
	434	375
	435	375
	436	375
	436	373
	438	372
	439	372
	441	372
.PEN_UP
.PEN_DOWN
	450	385
	450	386
	448	382
	447	379
	447	375
	449	371
	451	370
	452	370
	452	372
	451	375
	450	375
	450	376
	452	376
	454	376
	457	376
	459	376
.PEN_UP
