
.WRITER_ID DavidSinger
.STYLE PRINTED
.PEN_DOWN
	135	388
	135	391
	135	389
	135	385
	135	383
	134	380
.PEN_UP
.PEN_DOWN
	136	370
	134	370
	135	370
.PEN_UP
.PEN_DOWN
	155	374
	155	375
	153	375
	151	373
	150	372
	151	370
	154	371
	155	371
	156	373
	156	372
	154	371
	154	369
	154	368
	155	368
	158	370
	158	371
	159	373
	157	377
	156	378
	152	378
	148	377
	146	374
	147	371
	148	367
	151	366
	157	366
.PEN_UP
.PEN_DOWN
	175	379
	175	381
	175	382
	175	381
	175	380
	174	376
	173	372
	173	369
.PEN_UP
.PEN_DOWN
	179	384
	180	386
	179	383
	177	377
	177	374
	176	371
.PEN_UP
.PEN_DOWN
	169	377
	170	378
	175	377
	177	377
	179	376
.PEN_UP
.PEN_DOWN
	168	372
	171	372
	176	373
	177	373
.PEN_UP
.PEN_DOWN
	199	380
	196	382
	195	382
	190	381
	188	381
	189	379
	190	378
	193	376
	196	373
	196	372
	194	370
	189	369
	187	369
	186	370
	187	372
.PEN_UP
.PEN_DOWN
	192	385
	192	386
	191	386
	191	383
	190	376
	190	371
	190	369
	190	365
.PEN_UP
.PEN_DOWN
	209	383
	207	383
	207	382
	207	381
	209	381
	211	383
	212	384
	211	385
	208	385
	207	384
.PEN_UP
.PEN_DOWN
	216	387
	215	388
	212	385
	211	383
	208	379
	207	375
	207	374
.PEN_UP
.PEN_DOWN
	214	375
	212	374
	210	372
	209	370
	209	368
	211	368
	213	370
	213	372
	213	373
	211	373
.PEN_UP
.PEN_DOWN
	246	385
	245	384
	244	382
	245	383
	246	384
	247	384
	248	384
	249	384
	250	383
.PEN_UP
.PEN_DOWN
	264	363
	266	366
	266	365
	266	364
	266	363
	265	363
	264	367
	264	373
	264	377
	265	382
	267	383
	267	380
	261	375
	260	373
	258	370
	258	369
	260	369
	264	369
	267	369
.PEN_UP
.PEN_DOWN
	285	380
	284	380
	285	376
	286	374
	287	372
	287	371
.PEN_UP
.PEN_DOWN
	287	379
	286	381
	285	380
	285	377
	283	374
	282	371
	281	370
.PEN_UP
.PEN_DOWN
	280	372
	278	372
	278	373
	280	374
	282	374
	286	375
	289	375
	290	375
.PEN_UP
.PEN_DOWN
	310	384
	310	385
	308	384
	307	383
	305	376
	305	372
	306	371
	309	368
.PEN_UP
.PEN_DOWN
	319	382
	318	384
	319	383
	319	381
	320	375
	317	371
	317	369
.PEN_UP
.PEN_DOWN
	336	388
	337	388
	337	387
	339	385
.PEN_UP
.PEN_DOWN
	349	376
	348	376
	348	375
	349	375
	352	376
	353	377
	355	377
	356	375
	356	374
	358	373
	360	372
.PEN_UP
.PEN_DOWN
	373	375
	374	375
	376	375
	377	375
.PEN_UP
.PEN_DOWN
	385	368
	385	369
	387	369
	388	369
	393	369
	397	369
	399	369
	401	369
.PEN_UP
.PEN_DOWN
	403	375
	402	376
	403	376
	404	377
	408	377
	409	377
	411	376
.PEN_UP
.PEN_DOWN
	409	379
	408	379
	407	378
	406	375
	406	373
.PEN_UP
.PEN_DOWN
	421	377
	422	377
	424	377
	425	377
	427	376
.PEN_UP
.PEN_DOWN
	422	375
	423	375
	425	375
	426	375
	428	375
.PEN_UP
.PEN_DOWN
	443	381
	444	381
	445	381
	444	381
	441	383
	440	383
	439	383
	439	382
	439	378
	439	376
	440	371
	440	367
	440	366
	440	367
	441	367
	443	367
	444	367
	445	367
.PEN_UP
.PEN_DOWN
	450	381
	450	382
	450	383
	452	383
	455	383
	458	383
	459	383
	458	381
	458	377
	458	375
	458	372
	458	370
	459	369
	458	368
	457	368
	454	368
	453	369
	452	369
.PEN_UP
.PEN_DOWN
	473	385
	473	387
	474	388
	473	389
	471	389
	470	388
	469	388
	469	387
	470	385
	473	383
	474	382
	474	379
	472	376
	471	375
	469	374
	469	373
	471	373
	471	372
	471	371
	469	369
	468	368
	468	366
	470	364
	474	364
	475	364
.PEN_UP
.PEN_DOWN
	482	390
	484	390
	486	389
	488	388
	488	386
	487	385
	484	383
	481	381
	481	380
	481	379
	482	378
	483	378
	484	376
	483	376
	483	375
	480	374
	480	373
	482	372
	484	370
	485	369
	486	367
	484	364
	483	363
	480	362
	476	363
.PEN_UP
.PEN_DOWN
	505	384
	506	382
	509	378
	510	377
	513	375
	514	373
.PEN_UP
.PEN_DOWN
	517	369
	517	367
	516	364
.PEN_UP
.PEN_DOWN
	534	382
	534	383
	533	382
	531	378
	530	376
	527	372
.PEN_UP
.PEN_DOWN
	541	384
	540	386
	542	387
	544	387
	547	387
	548	386
	548	385
	547	382
	544	378
	543	377
	542	377
	542	376
.PEN_UP
.PEN_DOWN
	544	370
	543	370
	543	369
	543	370
	544	370
.PEN_UP
.PEN_DOWN
	556	390
	556	392
	555	392
	555	390
	555	387
.PEN_UP
.PEN_DOWN
	584	387
	584	388
	584	387
	584	386
	584	385
	584	384
.PEN_UP
.PEN_DOWN
	588	388
	588	387
	588	385
	589	382
.PEN_UP
.PEN_DOWN
	598	380
	598	381
	598	382
	597	381
	594	378
	592	376
	591	375
	592	374
	596	374
	600	373
	603	372
	604	372
.PEN_UP
.PEN_DOWN
	612	387
	612	388
	612	381
	612	377
	612	372
	612	366
	612	364
	612	362
.PEN_UP
.PEN_DOWN
	622	377
	620	378
	620	379
	622	379
	625	378
	627	378
	630	377
	630	376
	628	374
	624	372
	623	371
	622	370
.PEN_UP
.PEN_DOWN
	640	384
	639	386
	639	385
	639	384
	640	383
	640	382
.PEN_UP
.PEN_DOWN
	643	383
	642	383
	641	381
	641	380
.PEN_UP
.PEN_DOWN
	665	368
	665	369
	666	369
	667	366
	667	364
	667	362
	665	362
	664	362
	663	363
	663	365
.PEN_UP
.PEN_DOWN
	667	375
	665	379
	665	378
.PEN_UP
.PEN_DOWN
	677	371
	677	370
.PEN_UP
.PEN_DOWN
	678	378
	677	380
	677	381
	677	380
.PEN_UP
.PEN_DOWN
	688	371
	686	371
.PEN_UP
