
.WRITER_ID DavidSinger
.STYLE PRINTED
.PEN_DOWN
	126	390
	125	393
	125	389
	125	386
	125	378
	125	374
	125	372
	125	371
	124	372
	124	374
	125	380
	127	383
	130	385
	135	386
	135	383
	135	382
	131	378
	129	375
	129	374
	130	373
	133	372
	134	372
.PEN_UP
.PEN_DOWN
	142	376
	143	376
	146	376
	148	377
	148	379
	147	380
	146	380
	142	379
	140	377
	140	374
	140	372
	144	370
	149	369
	149	370
	152	371
.PEN_UP
.PEN_DOWN
	158	374
	156	375
	156	374
	157	374
	160	374
	161	375
	162	376
	162	377
	161	377
	158	377
	157	376
	155	374
	155	371
	156	369
	158	368
	162	369
.PEN_UP
.PEN_DOWN
	172	372
	171	374
	170	374
	170	370
	169	363
	169	360
	169	357
	169	356
	168	358
	168	360
	168	366
	172	373
	174	375
	176	375
	177	374
	178	371
	177	369
	177	367
.PEN_UP
.PEN_DOWN
	197	375
	197	376
	198	377
	198	376
	198	374
	199	370
	200	367
	200	366
	200	367
	202	369
	204	374
	206	378
	206	379
	207	380
.PEN_UP
.PEN_DOWN
	212	374
	211	375
	212	375
	214	375
	217	375
	217	377
	218	378
	218	379
	216	379
	213	378
	209	377
	209	375
	209	373
	211	371
	213	371
	215	371
.PEN_UP
.PEN_DOWN
	225	373
	225	374
	225	375
	226	375
	227	375
	230	375
	231	374
	232	372
	230	370
	225	369
	224	369
	225	371
	227	371
.PEN_UP
.PEN_DOWN
	240	374
	238	375
	236	375
	233	375
	232	373
	232	372
	234	370
	237	370
.PEN_UP
.PEN_DOWN
	249	375
	248	376
	248	375
	248	371
	248	370
	248	367
.PEN_UP
.PEN_DOWN
	248	385
	247	387
.PEN_UP
.PEN_DOWN
	259	374
	258	375
	257	373
	256	372
	256	369
	256	368
	257	369
	259	373
	259	375
	262	378
	263	378
	263	377
	263	376
	263	373
	263	370
	263	369
.PEN_UP
.PEN_DOWN
	277	378
	276	379
	275	378
	274	377
	274	375
	274	373
	275	373
	277	375
	278	376
	278	377
	280	375
	280	370
	280	367
	279	362
	276	357
	275	357
	272	358
	270	362
	270	364
	271	366
	274	367
.PEN_UP
.PEN_DOWN
	304	376
	304	375
	303	373
	303	372
	303	371
	303	373
	305	376
	306	378
	307	378
	308	376
	309	375
	308	372
	308	370
	309	373
	312	376
	314	377
	316	377
	317	376
	317	372
	316	371
	316	370
.PEN_UP
.PEN_DOWN
	322	375
	322	376
	321	376
	322	375
	323	375
	325	375
	328	376
	328	377
	329	379
	328	380
	327	381
	323	381
	321	378
	321	376
	322	373
	323	371
	325	371
	329	372
.PEN_UP
.PEN_DOWN
	356	378
	355	378
	354	375
	354	372
	354	370
	355	370
	356	370
	358	373
	360	375
	360	374
	362	372
	365	371
	366	371
	367	372
	368	375
	367	378
	367	379
	366	378
.PEN_UP
.PEN_DOWN
	373	376
	372	378
	372	379
	373	379
	373	378
	372	375
	372	373
	372	372
	373	371
	374	371
	375	372
	377	373
	377	374
.PEN_UP
.PEN_DOWN
	371	389
	371	390
	370	390
.PEN_UP
.PEN_DOWN
	380	390
	380	391
	379	389
	379	386
	377	379
	377	375
	377	373
	377	371
	380	371
	380	372
	383	373
	384	375
.PEN_UP
.PEN_DOWN
	378	379
	376	381
	377	381
	380	382
	381	382
	383	383
.PEN_UP
.PEN_DOWN
	386	392
	386	394
	386	393
	387	387
	388	381
	388	379
	388	376
	388	375
	389	378
	391	381
	393	382
	394	379
	394	376
	395	375
	396	373
.PEN_UP
.PEN_DOWN
	427	390
	427	392
	427	393
	426	393
	421	389
	420	387
	420	384
	421	379
	423	378
	427	374
	430	372
	432	368
	431	365
	429	364
	425	363
	422	363
	421	364
	423	365
.PEN_UP
.PEN_DOWN
	420	375
	419	376
	419	377
	422	377
	424	377
	427	378
	429	378
.PEN_UP
.PEN_DOWN
	438	375
	437	375
	437	373
	437	371
	437	370
	436	371
	436	373
	436	375
	438	378
	440	379
	442	379
	445	378
.PEN_UP
.PEN_DOWN
	457	376
	456	377
	453	377
	450	374
	450	373
	450	372
	450	371
	452	372
	453	373
	455	375
	455	376
	455	375
	457	372
	458	371
	459	371
.PEN_UP
.PEN_DOWN
	469	375
	468	375
	467	373
	467	372
	467	370
	467	371
	468	374
	471	377
	472	377
	472	376
	472	374
	472	372
	472	371
.PEN_UP
.PEN_DOWN
	490	392
	489	391
	486	384
	485	381
	484	376
	484	372
	487	371
	490	373
	492	375
.PEN_UP
.PEN_DOWN
	482	382
	482	384
	482	385
	485	385
	488	386
.PEN_UP
.PEN_DOWN
	498	377
	498	378
	498	376
	498	373
	498	371
	498	369
	498	368
	499	368
	501	369
	504	371
	505	372
.PEN_UP
.PEN_DOWN
	498	384
	497	386
	497	387
	497	388
	497	386
.PEN_UP
.PEN_DOWN
	517	376
	517	377
	516	377
	513	377
	509	376
	508	375
	508	374
	510	371
	511	371
	514	371
	518	372
.PEN_UP
