
.WRITER_ID DavidSinger
.STYLE PRINTED
.PEN_DOWN
	133	390
	133	392
	133	393
	132	393
	132	392
	130	387
	129	380
	129	375
	130	373
	132	371
	135	371
	135	372
	135	375
	134	377
	133	378
	133	379
	136	381
	138	381
.PEN_UP
.PEN_DOWN
	149	380
	148	381
	148	380
	148	379
	148	375
	148	371
	149	370
	151	369
	152	369
	154	371
	155	373
.PEN_UP
.PEN_DOWN
	152	386
	149	388
	149	389
.PEN_UP
.PEN_DOWN
	170	378
	169	379
	167	380
	165	380
	164	379
	161	377
	161	374
	162	374
	163	373
	167	375
	167	376
	168	376
	169	375
	169	374
	171	368
	171	361
	170	356
	166	352
	164	351
	162	351
	160	355
	160	358
	160	359
	163	362
.PEN_UP
.PEN_DOWN
	213	380
	212	381
	212	380
	212	377
	212	375
	212	372
	212	370
	215	370
	216	371
	220	372
.PEN_UP
.PEN_DOWN
	210	389
	210	390
	209	390
	210	390
.PEN_UP
.PEN_DOWN
	220	378
	220	377
	220	373
	220	372
	222	372
	224	376
	225	377
	227	379
	228	377
	228	376
	228	374
	228	371
.PEN_UP
.PEN_DOWN
	242	387
	241	389
	241	390
	241	389
	241	382
	240	377
	240	375
	240	374
	240	375
	242	377
	245	381
	249	383
	252	384
	253	382
	251	380
	247	376
	245	374
	245	373
	246	372
	250	371
	252	371
.PEN_UP
.PEN_DOWN
	268	379
	267	381
	266	381
	265	378
	266	375
	266	374
	268	374
	270	375
	272	377
	274	379
	276	380
	278	379
	279	377
	280	371
	280	362
	279	359
	275	355
	271	354
	267	355
	267	357
	267	360
	270	363
	272	364
.PEN_UP
.PEN_DOWN
	318	377
	318	378
	317	378
	314	378
	313	378
	311	377
	308	375
	308	373
	310	370
	312	370
	313	370
	318	372
	321	376
	321	378
	322	386
	322	390
	322	391
	322	388
	321	385
	321	379
	321	373
	321	371
	322	369
.PEN_UP
.PEN_DOWN
	333	374
	332	374
	334	374
	336	374
	338	375
	338	376
	338	378
	335	378
	333	378
	329	376
	328	373
	328	371
	330	368
	335	368
	337	368
	340	369
.PEN_UP
.PEN_DOWN
	349	374
	350	373
	350	371
	351	369
	351	368
	352	367
	353	368
	355	373
	356	374
	356	375
	357	377
.PEN_UP
.PEN_DOWN
	367	374
	366	375
	365	374
	365	373
	365	370
	366	368
	366	367
	368	367
	370	368
	371	369
	371	370
.PEN_UP
.PEN_DOWN
	368	383
	365	385
.PEN_UP
.PEN_DOWN
	380	390
	380	392
	380	390
	380	388
	380	381
	380	376
	380	375
	379	371
	379	370
	380	371
.PEN_UP
.PEN_DOWN
	389	373
	388	373
	388	372
	388	371
	391	372
	393	375
	396	376
	397	377
	400	377
	401	374
	401	373
	399	371
	396	369
	394	369
	392	371
	392	372
.PEN_UP
.PEN_DOWN
	439	381
	438	376
	438	375
	438	372
	439	370
	441	370
	442	371
	443	373
	445	374
	446	374
	446	373
	449	371
	451	371
	452	371
	453	372
	454	376
	454	377
	454	379
	453	380
	454	379
.PEN_UP
.PEN_DOWN
	470	376
	470	377
	469	378
	466	377
	464	376
	463	375
	463	373
	464	372
	465	371
	466	372
	467	373
	468	375
	469	376
	469	375
	469	373
	470	372
	472	370
	474	370
	475	371
	476	371
.PEN_UP
.PEN_DOWN
	487	375
	485	377
	485	378
	486	379
	490	379
	494	377
	494	375
	494	373
	490	371
	489	371
	487	371
	488	372
	490	373
.PEN_UP
.PEN_DOWN
	500	375
	500	376
	499	376
	498	376
	497	374
	496	373
	497	371
	501	371
	502	371
.PEN_UP
.PEN_DOWN
	534	376
	534	374
	533	372
	533	371
	533	369
	533	370
	533	371
	535	375
	538	379
	540	381
	541	381
	541	379
	540	375
	540	373
	540	372
	541	373
	544	376
	547	378
	551	380
	551	379
	549	375
	549	373
	548	371
.PEN_UP
.PEN_DOWN
	554	375
	553	375
	553	376
	554	375
	556	375
	557	375
	559	376
	560	378
	560	379
	559	380
	557	380
	555	379
	554	376
	553	374
	554	373
	557	371
	559	371
	561	371
.PEN_UP
.PEN_DOWN
	563	377
	563	375
	563	374
	563	373
	563	372
	563	373
	563	376
	565	379
	567	380
	569	381
	571	381
.PEN_UP
.PEN_DOWN
	582	378
	582	379
	578	379
	576	378
	574	377
	573	374
	574	372
	575	371
	577	370
	581	372
	582	373
.PEN_UP
.PEN_DOWN
	587	376
	586	375
	585	375
	585	372
	586	371
	587	370
	589	371
	591	373
.PEN_UP
.PEN_DOWN
	589	384
	587	387
	586	388
	586	389
	586	388
.PEN_UP
.PEN_DOWN
	608	388
	605	390
	604	391
	600	390
	598	387
	598	384
	599	379
	600	376
	602	369
	601	364
	600	361
	597	358
	594	358
	593	358
	593	361
.PEN_UP
.PEN_DOWN
	595	373
	594	375
	595	377
	598	377
	600	377
	603	377
	605	378
.PEN_UP
.PEN_DOWN
	610	376
	609	376
	608	374
	608	372
	608	371
	610	369
	611	369
	613	371
	615	372
	615	375
	615	376
	615	377
	615	376
	616	376
.PEN_UP
.PEN_DOWN
	630	393
	629	393
	627	391
	625	386
	624	383
	625	376
	626	374
	628	371
	631	370
	632	370
	633	372
.PEN_UP
