
.WRITER_ID DavidSinger
.STYLE PRINTED
.PEN_DOWN
	141	382
	141	380
	141	378
	141	374
	143	371
	144	372
	144	374
	146	380
	147	383
	148	384
	149	384
.PEN_UP
.PEN_DOWN
	164	374
	163	375
	165	375
	167	375
	168	377
	169	378
	169	380
	168	380
	164	379
	161	377
	159	376
	159	374
	160	370
	162	369
	166	369
	171	371
.PEN_UP
.PEN_DOWN
	186	374
	185	375
	185	376
	188	376
	190	376
	193	375
	193	373
	193	372
	189	370
	186	369
	185	369
	186	370
	189	371
.PEN_UP
.PEN_DOWN
	203	375
	202	375
	199	374
	196	373
	196	372
	197	371
	199	370
	201	370
.PEN_UP
.PEN_DOWN
	217	376
	217	374
	217	371
	218	369
	218	368
	220	369
	223	371
.PEN_UP
.PEN_DOWN
	216	383
	215	384
	215	385
.PEN_UP
.PEN_DOWN
	235	377
	234	377
	233	375
	233	372
	233	371
	232	368
	232	369
	234	373
	236	375
	237	376
	237	374
	237	372
	238	370
	238	368
.PEN_UP
.PEN_DOWN
	257	377
	256	377
	255	377
	252	375
	251	374
	251	373
	251	372
	253	374
	254	375
	256	375
	257	374
	257	373
	258	367
	257	358
	256	355
	252	351
	247	349
	246	350
	246	354
	248	358
	249	360
	251	363
.PEN_UP
.PEN_DOWN
	307	375
	307	376
	308	376
	309	376
	307	377
	306	377
	304	378
	302	378
	301	377
	300	374
	301	371
	302	370
	305	370
	308	372
	309	373
	311	378
	311	384
	311	387
	311	390
	310	384
	310	381
	311	376
	312	372
	313	372
	315	371
.PEN_UP
.PEN_DOWN
	328	375
	328	376
	327	376
	326	376
	324	376
	321	375
	319	374
	319	372
	320	371
	323	370
	326	370
	327	371
	328	373
	328	374
	328	372
	328	371
	331	369
.PEN_UP
.PEN_DOWN
	363	386
	360	387
	357	386
	356	386
	353	383
	354	380
	354	378
	356	374
	357	369
	356	368
	354	364
	348	362
	346	362
	343	363
	343	366
	344	367
.PEN_UP
.PEN_DOWN
	345	373
	345	374
	347	375
	352	376
	354	376
	356	377
	357	377
.PEN_UP
.PEN_DOWN
	372	387
	373	388
	374	388
	374	389
	374	388
	372	386
	369	382
	367	377
	367	375
	367	373
	369	372
	370	372
	371	372
	372	373
.PEN_UP
.PEN_DOWN
	369	380
	368	381
	369	381
	371	382
	372	382
	374	383
.PEN_UP
.PEN_DOWN
	412	372
	410	374
	410	375
	409	375
	410	375
	411	375
	412	371
	414	367
	414	364
	413	361
	411	360
	409	360
	406	361
	405	362
	405	364
.PEN_UP
.PEN_DOWN
	409	385
	407	388
	406	388
	407	387
.PEN_UP
.PEN_DOWN
	424	381
	423	381
	423	380
	422	379
	423	376
	424	375
	425	374
	426	374
	429	375
	431	376
.PEN_UP
.PEN_DOWN
	425	389
	424	390
	425	390
.PEN_UP
.PEN_DOWN
	447	379
	446	379
	445	380
	445	379
	445	377
	444	374
	444	371
	444	370
	444	372
	446	375
	448	377
	450	380
	451	380
	452	377
	452	373
	451	373
	451	372
	451	373
	452	374
	455	377
	458	379
	459	378
	459	373
	459	372
	459	370
	459	369
.PEN_UP
