
.WRITER_ID DavidSinger
.STYLE PRINTED
.PEN_DOWN
	154	383
	152	384
	151	384
	148	381
	147	377
	148	375
	150	373
	155	372
	157	373
	161	376
	162	381
	162	384
	160	388
	155	390
	154	390
	151	389
.PEN_UP
.PEN_DOWN
	150	378
	149	379
	151	377
	154	374
	155	373
	156	372
.PEN_UP
.PEN_DOWN
	167	379
	167	377
	167	374
	169	372
	170	371
	171	371
	173	372
	175	373
	175	377
	175	380
	175	381
	174	382
.PEN_UP
.PEN_DOWN
	187	379
	187	377
	186	374
	186	373
	186	370
	187	368
	188	368
	188	369
.PEN_UP
.PEN_DOWN
	204	379
	202	379
	198	377
	197	376
	196	374
	197	372
	199	370
	201	370
	203	370
	204	371
.PEN_UP
.PEN_DOWN
	212	379
	211	380
	211	379
	211	377
	211	375
	212	372
	213	372
	216	375
	217	376
	220	379
	222	381
	222	382
.PEN_UP
.PEN_DOWN
	216	376
	216	374
	217	373
	220	370
	222	368
	222	369
.PEN_UP
.PEN_DOWN
	257	377
	256	377
	255	377
	255	376
	256	376
	260	377
	262	378
	265	378
	268	378
	268	377
	265	375
	262	374
	259	372
	256	369
	255	369
	256	369
	261	369
	266	369
	267	369
	268	369
.PEN_UP
.PEN_DOWN
	280	376
	279	377
	279	376
	279	375
	278	373
	278	371
	278	372
	277	373
	277	376
	278	378
	278	379
	280	381
	282	381
	283	382
	285	381
	286	381
	286	380
.PEN_UP
.PEN_DOWN
	278	373
	276	373
	278	373
	281	374
	283	374
	284	375
	284	374
.PEN_UP
.PEN_DOWN
	274	370
	274	369
	275	369
	278	368
	280	368
	283	369
.PEN_UP
.PEN_DOWN
	300	379
	299	378
	299	375
	299	373
	299	371
	299	370
.PEN_UP
.PEN_DOWN
	299	380
	297	382
	297	383
	300	384
	303	384
	304	384
	306	382
	307	380
	307	379
	304	377
	299	376
	297	377
	296	377
	298	377
.PEN_UP
.PEN_DOWN
	309	382
	308	384
	308	383
	308	379
	308	374
	308	372
	308	369
	308	371
	308	374
	309	376
	310	376
	312	376
	316	376
	317	376
.PEN_UP
.PEN_DOWN
	316	382
	315	383
	315	380
	315	376
	315	374
	315	372
	316	370
.PEN_UP
.PEN_DOWN
	326	386
	326	387
	325	387
	325	386
	326	386
	326	384
	326	383
	327	381
	328	379
	329	379
	331	380
	334	383
	336	386
	338	389
	340	390
.PEN_UP
.PEN_DOWN
	326	377
	326	376
	326	374
	325	371
	325	368
	325	367
	326	368
.PEN_UP
.PEN_DOWN
	350	387
	349	386
	349	384
	348	380
	348	377
	348	376
	348	375
	348	373
	348	372
	347	371
	347	370
	347	369
	347	370
.PEN_UP
.PEN_DOWN
	348	389
	348	390
	348	391
	349	392
	351	393
	355	394
	356	394
	359	392
	359	389
	359	388
	356	385
	353	383
	351	381
	351	380
	354	378
	355	377
	358	375
	359	373
	360	373
.PEN_UP
.PEN_DOWN
	380	389
	380	391
	379	392
	376	392
	371	391
	370	390
	368	389
	368	387
	369	386
	374	382
	377	379
	377	377
	375	374
	370	372
	367	372
	363	372
	362	373
	363	374
.PEN_UP
.PEN_DOWN
	413	384
	412	385
	412	383
	412	381
	412	377
	412	375
.PEN_UP
.PEN_DOWN
	411	389
	410	389
	410	390
	411	390
	413	390
	417	390
	420	389
	420	386
	418	384
	417	383
	414	382
	417	381
	420	379
	422	379
	423	377
	423	374
	422	372
	418	371
	411	371
	410	372
	409	372
	410	373
	413	373
.PEN_UP
.PEN_DOWN
	432	389
	432	390
	432	389
	430	385
	429	382
	427	379
	427	376
	429	375
	431	375
	435	375
	438	374
	439	374
	439	375
.PEN_UP
.PEN_DOWN
	452	383
	451	383
	450	383
	448	382
	446	380
	445	378
	446	375
	448	373
	449	372
	453	373
	455	374
	456	375
	456	379
	455	382
	454	383
	450	383
	446	382
	445	381
	445	379
.PEN_UP
.PEN_DOWN
	467	383
	465	385
	465	386
	465	385
	465	383
	466	381
	466	378
	467	377
	468	378
	470	381
	472	383
	473	383
	473	382
	473	379
	474	377
	475	376
	478	379
	481	383
	482	385
	485	387
	486	388
.PEN_UP
