
.WRITER_ID DavidSinger
.STYLE PRINTED
.PEN_DOWN
	166	383
	166	384
	164	381
	160	377
	158	375
	156	373
	156	372
	157	371
	160	370
	163	370
	165	370
.PEN_UP
.PEN_DOWN
	178	380
	178	379
	177	374
	176	373
	175	369
	175	368
	175	369
	176	373
	177	375
	179	380
	182	383
	183	383
	183	381
	183	376
	182	373
	182	371
	181	369
.PEN_UP
.PEN_DOWN
	176	372
	175	373
	175	374
	176	374
	180	374
	182	374
	183	374
.PEN_UP
.PEN_DOWN
	190	377
	190	375
	190	372
	191	372
	191	370
.PEN_UP
.PEN_DOWN
	191	379
	190	381
	190	382
	192	383
	196	383
	199	382
	200	381
	199	379
	196	377
	194	376
	193	376
	194	375
	198	374
	201	372
	201	371
	201	368
	196	365
	194	365
	190	365
	189	367
	189	368
	191	368
.PEN_UP
.PEN_DOWN
	211	381
	211	382
	211	381
	212	378
	212	373
	212	371
	212	370
	211	373
	211	375
	211	380
	213	383
	214	384
	216	386
	220	386
	220	385
.PEN_UP
.PEN_DOWN
	214	378
	216	377
	218	377
	219	377
.PEN_UP
.PEN_DOWN
	212	373
	211	373
	211	372
	213	372
	218	373
	220	373
.PEN_UP
.PEN_DOWN
	242	384
	241	385
	240	385
	238	383
	236	377
	236	375
	235	373
	236	371
	237	371
	240	371
	243	371
	245	372
	246	373
.PEN_UP
.PEN_DOWN
	255	378
	255	379
	254	377
	254	375
	254	372
	254	371
	253	372
	253	376
	253	381
	253	383
	256	387
	259	389
	262	389
	264	390
	267	389
	267	388
.PEN_UP
.PEN_DOWN
	259	380
	257	380
	258	380
	262	380
	264	380
	265	380
.PEN_UP
.PEN_DOWN
	256	374
	253	373
	253	372
	254	372
	259	372
	264	373
	265	373
.PEN_UP
.PEN_DOWN
	277	378
	276	379
	275	376
	275	373
	275	372
.PEN_UP
.PEN_DOWN
	276	385
	275	387
	276	387
	280	387
	285	386
	287	385
	290	380
	288	375
	285	374
	276	370
	270	369
	268	369
	267	369
	270	370
.PEN_UP
.PEN_DOWN
	343	379
	342	381
	342	379
	342	377
	342	373
	342	371
	342	370
.PEN_UP
.PEN_DOWN
	343	383
	340	385
	339	386
	339	387
	343	388
	345	388
	349	386
	352	384
	352	382
	350	380
	345	378
	342	377
	341	377
	342	377
	343	376
	349	375
	352	373
	352	372
	349	369
	343	369
	340	369
	338	370
.PEN_UP
.PEN_DOWN
	361	379
	361	377
	360	376
	360	375
	360	378
	360	379
	359	383
	360	386
	361	387
	364	388
	365	389
	369	389
	371	389
	371	388
.PEN_UP
.PEN_DOWN
	359	379
	360	379
	362	379
	366	380
	368	380
.PEN_UP
.PEN_DOWN
	358	373
	362	373
	365	373
	369	374
	371	374
.PEN_UP
.PEN_DOWN
	381	380
	381	379
	380	377
	380	373
	379	372
	379	371
	378	371
	377	374
	377	376
	377	381
	379	383
	382	381
	385	378
	385	376
	388	374
	390	373
	390	374
.PEN_UP
.PEN_DOWN
	392	384
	391	386
	391	384
	389	379
	388	377
	387	374
.PEN_UP
.PEN_DOWN
	402	380
	401	381
	400	381
	401	381
	405	383
	409	384
	411	384
	413	384
	412	383
	411	382
	407	379
	401	375
	399	374
	395	372
	394	370
	395	370
	399	370
	402	370
	409	372
	413	373
.PEN_UP
.PEN_DOWN
	426	378
	424	379
	422	377
	422	374
	422	373
	424	372
	428	372
	430	372
	432	375
	433	378
	432	380
	430	382
	426	382
	424	381
	422	379
	422	377
.PEN_UP
.PEN_DOWN
	441	382
	441	383
	441	384
	441	383
	441	380
	441	376
	440	374
	440	372
	440	371
.PEN_UP
.PEN_DOWN
	457	382
	456	382
	456	381
	456	378
	455	375
	454	374
	454	373
	453	375
	453	376
	453	382
	453	384
	454	384
	456	383
	459	380
	460	378
	464	375
	466	373
	467	374
.PEN_UP
.PEN_DOWN
	470	388
	469	387
	467	382
	465	377
	464	375
	465	371
.PEN_UP
