
.WRITER_ID DavidSinger
.STYLE PRINTED
.PEN_DOWN
	127	394
	125	394
	120	393
	115	390
	114	388
	114	384
	116	381
	121	382
	125	386
	127	390
	128	393
	128	395
	128	393
	128	389
	128	387
	130	382
	132	380
	133	380
	139	381
	143	382
	145	384
.PEN_UP
.PEN_DOWN
	154	409
	153	408
	153	401
	153	398
	153	392
	153	387
	154	386
	157	386
	158	387
	159	388
	159	391
	158	393
	158	395
	161	395
	163	394
	164	395
	166	395
.PEN_UP
.PEN_DOWN
	178	391
	178	392
	180	392
	180	393
	177	393
	175	393
	171	392
	168	389
	169	388
	171	386
	174	386
	177	386
	182	385
.PEN_UP
.PEN_DOWN
	205	389
	206	390
	207	390
	205	390
	202	390
	198	390
	196	389
	195	388
	195	384
	196	382
	199	381
	202	381
	205	382
	207	386
	209	393
	209	398
	210	404
	210	407
	210	406
	209	404
	209	397
	209	388
	209	384
	211	379
	213	377
	214	377
	215	379
.PEN_UP
.PEN_DOWN
	228	383
	228	384
	229	384
	230	384
	234	386
	236	388
	237	388
	237	390
	236	392
	235	392
	230	392
	226	388
	225	386
	225	382
	227	379
	229	377
	234	376
	241	378
	243	379
	244	380
.PEN_UP
.PEN_DOWN
	292	401
	292	402
	291	402
	289	402
	286	399
	284	396
	284	391
	285	390
	287	385
	290	380
	291	378
	291	374
	287	370
	286	370
	282	368
	279	368
	278	370
	279	371
.PEN_UP
.PEN_DOWN
	282	381
	282	382
	283	384
	285	384
	290	386
	295	387
.PEN_UP
.PEN_DOWN
	314	387
	312	387
	310	386
	307	384
	306	381
	307	379
	310	380
	313	382
	314	383
	315	381
	316	379
	317	373
	316	367
	315	364
	311	361
	307	360
	305	361
	304	363
	304	365
	306	366
.PEN_UP
.PEN_DOWN
	328	398
	328	400
	328	399
	327	394
	327	386
	327	384
	326	381
	327	380
	328	381
	331	385
	333	387
	334	387
	335	386
	336	382
	336	381
	338	378
	339	378
	340	378
.PEN_UP
.PEN_DOWN
	351	387
	351	388
	350	386
	350	382
	350	380
	350	377
	351	376
	352	376
	355	377
	358	378
.PEN_UP
.PEN_DOWN
	352	398
	350	398
	349	397
.PEN_UP
.PEN_DOWN
	373	386
	372	387
	372	386
	374	383
	375	381
	378	375
	379	369
	378	367
	376	363
	371	361
	370	361
	367	362
	366	364
.PEN_UP
.PEN_DOWN
	369	393
	369	395
	368	395
.PEN_UP
.PEN_DOWN
	399	405
	400	405
	400	403
	400	401
	400	393
	399	386
	399	384
	399	381
	401	383
	406	388
	412	392
	416	394
	419	394
	419	392
	418	390
	412	386
	410	383
	410	382
	412	380
	417	378
.PEN_UP
.PEN_DOWN
	432	403
	432	405
	432	403
	432	396
	432	393
	432	387
	432	382
	432	381
	432	380
.PEN_UP
.PEN_DOWN
	444	387
	443	387
	443	384
	443	383
	443	381
	445	382
	446	385
	449	388
	450	388
	451	388
	451	385
	451	384
	451	381
	451	382
	452	382
	456	386
	458	388
	460	389
	461	389
	461	387
	461	382
	460	381
	460	379
.PEN_UP
.PEN_DOWN
	472	386
	472	387
	472	386
	471	384
	471	382
	470	381
	471	382
	473	386
	475	388
	478	390
	480	390
	481	390
	480	387
	480	385
	479	381
	479	378
.PEN_UP
.PEN_DOWN
	493	387
	492	386
	490	384
	490	383
	490	381
	491	379
	493	379
	497	380
	499	381
	502	383
	502	387
	502	388
	501	391
	497	391
	493	390
	493	388
	493	384
.PEN_UP
.PEN_DOWN
	526	376
	526	375
	525	371
	524	362
	524	359
	524	356
	524	359
	524	363
	526	371
	530	384
	533	386
	537	388
	539	387
	539	382
	539	379
	538	375
	538	372
.PEN_UP
.PEN_DOWN
	560	383
	560	384
	559	384
	559	385
	558	385
	556	385
	553	384
	553	383
	552	380
	553	378
	553	377
	555	377
	557	379
	558	380
	559	382
	559	384
	559	381
	559	375
	558	372
	557	363
	556	359
	556	357
	555	357
	555	359
	556	362
	557	368
	561	374
	562	376
	564	379
	564	381
.PEN_UP
.PEN_DOWN
	576	381
	575	381
	575	380
	575	378
	574	374
	573	372
	573	371
	572	371
	572	373
	572	375
	572	379
	576	382
	578	383
	581	385
	582	385
.PEN_UP
.PEN_DOWN
	583	374
	584	374
	585	375
	589	377
	590	379
	593	381
	597	384
	599	384
	600	382
	599	376
	598	375
	595	372
	590	372
	588	372
	588	373
	591	375
	593	375
.PEN_UP
.PEN_DOWN
	612	402
	612	404
	610	399
	609	395
	606	389
	605	383
	604	377
	604	376
	605	376
	609	377
	611	377
	613	380
.PEN_UP
.PEN_DOWN
	608	388
	608	390
	608	391
	612	392
	613	392
.PEN_UP
.PEN_DOWN
	632	383
	632	384
	631	383
	631	382
	631	378
	631	374
	632	372
	635	372
	640	373
	641	374
	642	378
	642	380
	642	383
	642	384
	641	384
.PEN_UP
.PEN_DOWN
	648	384
	648	385
	648	384
	648	381
	648	379
	648	375
	648	374
	649	373
	649	374
	651	377
	654	381
	655	383
	656	386
	657	387
	658	387
.PEN_UP
.PEN_DOWN
	659	381
	658	382
	658	383
	658	382
	658	380
	658	379
	659	377
	659	375
	659	374
	660	374
	661	375
	662	377
	663	380
	664	380
	665	378
	665	377
	665	374
	666	373
	667	373
	667	372
	667	373
	669	375
	669	376
	670	379
	671	380
	672	383
	674	384
	674	385
	675	385
	675	384
.PEN_UP
.PEN_DOWN
	679	382
	678	383
	680	384
	682	384
	684	383
	685	383
	687	380
	687	379
	685	376
	682	374
	681	374
	680	374
	680	375
	682	375
.PEN_UP
.PEN_DOWN
	697	384
	696	385
	695	385
	694	384
	692	382
	690	379
	689	377
	690	375
	692	373
	693	373
	698	373
	699	373
.PEN_UP
.PEN_DOWN
	704	382
	703	381
	702	380
	702	378
	703	377
	704	376
	705	377
	707	378
	710	381
	710	384
	711	385
	711	384
	711	382
	711	375
	711	366
	710	363
	708	358
	704	355
	702	355
	700	357
	700	359
	701	362
	702	363
.PEN_UP
.PEN_DOWN
	723	383
	722	383
	722	384
	725	385
	728	385
	729	384
	730	382
	729	379
	728	377
	725	375
	723	374
	723	373
	727	372
	728	371
	731	368
	732	365
	732	363
	732	360
	730	356
	729	355
	725	355
	724	357
	724	359
	725	365
	728	369
	730	369
.PEN_UP
