
.WRITER_ID DavidSinger
.STYLE PRINTED
.PEN_DOWN
	160	384
	159	384
	158	385
	157	385
	153	382
	151	377
	151	375
	155	371
	160	371
	162	372
	166	375
	167	380
	166	383
	162	386
	156	386
	155	385
	155	382
.PEN_UP
.PEN_DOWN
	177	383
	176	382
	176	381
	176	377
	177	374
	177	373
	177	374
	176	375
	174	381
	174	386
	174	388
	175	390
	179	390
	180	390
	184	390
	185	388
.PEN_UP
.PEN_DOWN
	174	382
	175	382
	178	382
	182	382
	184	382
.PEN_UP
.PEN_DOWN
	230	391
	229	389
	229	385
	229	383
	229	378
	229	377
.PEN_UP
.PEN_DOWN
	229	388
	228	390
	229	393
	230	394
	234	395
	236	395
	241	394
	242	391
	241	390
	234	386
	227	385
	226	385
.PEN_UP
.PEN_DOWN
	254	391
	254	387
	253	382
	253	380
	253	376
	252	375
.PEN_UP
.PEN_DOWN
	266	384
	265	384
	264	381
	263	376
	263	374
	262	374
	261	374
	261	377
	261	380
	261	385
	262	388
	263	389
	265	388
	268	384
	270	383
	273	379
	275	377
.PEN_UP
.PEN_DOWN
	278	392
	276	391
	275	387
	273	381
	273	377
	274	374
.PEN_UP
.PEN_DOWN
	291	385
	291	384
	289	380
	289	378
	289	380
	289	382
	288	386
	289	390
	289	391
	291	392
	295	393
	296	393
	299	393
	301	392
	301	391
.PEN_UP
.PEN_DOWN
	289	384
	291	385
	294	385
	298	386
.PEN_UP
.PEN_DOWN
	288	379
	286	378
	286	377
	289	377
	296	377
	298	377
	300	377
.PEN_UP
.PEN_DOWN
	333	383
	333	384
	334	385
	335	384
	335	382
	336	379
	337	377
	337	376
	337	377
	338	378
	339	380
	340	381
	342	379
	342	378
	344	375
	346	374
	347	375
	350	379
	351	381
	352	384
	354	387
.PEN_UP
.PEN_DOWN
	366	383
	365	383
	364	382
	363	378
	362	376
	362	374
	362	375
	363	378
	364	381
	366	386
	370	388
	371	386
	370	379
	370	376
	369	373
	369	371
	369	372
.PEN_UP
.PEN_DOWN
	363	379
	361	379
	362	379
	364	378
	367	378
	369	378
.PEN_UP
.PEN_DOWN
	385	384
	384	385
	385	383
	388	378
	390	375
	391	374
	392	373
	393	373
.PEN_UP
.PEN_DOWN
	395	383
	393	384
	392	384
	389	380
	385	375
	383	374
	381	372
	381	370
.PEN_UP
.PEN_DOWN
	432	381
	431	379
	430	376
	430	374
	430	373
.PEN_UP
.PEN_DOWN
	424	382
	421	382
	423	383
	432	384
	435	385
	440	387
	441	387
	441	385
.PEN_UP
.PEN_DOWN
	446	379
	444	380
	441	380
	438	377
	438	375
	439	373
	441	370
	443	370
	446	372
	449	375
	450	377
	447	380
	442	381
	440	381
	437	378
.PEN_UP
.PEN_DOWN
	487	380
	487	381
	486	381
	483	381
	482	380
	480	377
	480	375
	480	373
	484	372
	489	372
	491	373
	494	376
	493	380
	492	381
	487	383
	481	382
	480	381
	480	379
.PEN_UP
.PEN_DOWN
	505	377
	506	379
	505	379
	502	378
	499	375
	498	373
	499	371
	501	370
	504	370
	508	372
	510	374
	510	375
	509	378
	504	380
	502	380
	500	378
	499	376
.PEN_UP
.PEN_DOWN
	523	381
	522	381
	521	382
	520	382
	519	382
	522	382
	528	382
	531	382
	533	382
	533	381
	529	378
	523	375
	518	373
	518	371
	518	370
	519	370
	522	370
	525	370
	530	371
	531	371
.PEN_UP
.PEN_DOWN
	543	379
	542	379
	542	378
	542	377
	542	374
	542	372
	541	372
	541	375
	542	380
	542	382
	544	385
	546	386
	547	386
	551	386
	552	385
	553	385
	553	384
.PEN_UP
.PEN_DOWN
	544	379
	543	380
	546	380
	549	380
	551	380
	551	379
	550	378
.PEN_UP
.PEN_DOWN
	540	372
	539	371
	541	371
	547	371
	549	371
	551	372
.PEN_UP
