
.WRITER_ID BeckyHammaker
.STYLE PRINTED
.PEN_DOWN
	108	391
	109	391
	109	392
	109	391
	109	390
	110	389
	110	388
	110	387
	110	386
	110	385
	110	384
	111	383
	111	382
	111	381
	111	380
	111	379
	111	378
	112	377
	112	376
	112	375
	113	375
	113	374
	113	373
	113	372
	113	371
.PEN_UP
.PEN_DOWN
	120	392
	120	391
	120	390
	120	389
	120	388
	119	388
	119	387
	119	386
	118	386
	118	385
	118	384
	117	384
	117	383
	117	382
	116	381
	116	380
	115	379
	115	378
	115	377
	114	377
	114	376
	115	376
	116	377
	117	377
	118	377
	119	377
	120	377
	120	376
	121	376
	122	375
	123	375
	123	374
	124	374
	124	373
	124	372
	125	372
	125	371
	125	370
	126	370
	126	371
.PEN_UP
.PEN_DOWN
	131	378
	132	378
	133	378
	133	379
	134	379
	134	380
	135	381
	135	382
	135	383
	135	384
	135	385
	134	386
	133	386
	132	386
	132	385
	131	384
	131	383
	131	382
	130	382
	130	381
	130	380
	130	379
	130	378
	130	377
	130	376
	130	375
	131	374
	132	374
	132	373
	133	373
	133	372
	134	372
	135	372
	136	372
	137	372
	138	372
	139	372
	140	372
	141	373
	142	373
	142	374
	143	374
	144	374
	144	375
	145	375
.PEN_UP
.PEN_DOWN
	150	379
	151	379
	151	380
	152	381
	153	381
	153	382
	153	383
	154	383
	154	384
	154	385
	153	385
	153	386
	152	386
	151	386
	151	385
	150	385
	150	384
	149	384
	149	383
	148	382
	148	381
	147	381
	147	380
	147	379
	147	378
	148	378
	148	377
	148	376
	149	375
	150	375
	150	374
	151	374
	152	374
	153	374
	154	374
	155	374
	156	374
	157	374
	158	374
	159	374
	159	375
	160	375
	160	376
.PEN_UP
.PEN_DOWN
	166	383
	166	382
	166	381
	166	380
	166	379
	167	379
	167	378
	167	377
	167	376
	167	375
	168	375
	168	374
	168	373
	168	372
	169	372
	169	371
	169	370
	169	369
	170	368
	170	367
	170	366
	170	365
	170	366
	170	367
	170	368
	170	369
	170	370
	169	371
	169	372
	169	373
	169	374
	168	375
	168	376
	168	377
	168	378
	168	379
	168	380
	168	381
	168	382
	168	383
	168	384
	168	385
	169	385
	169	386
	170	386
	170	387
	171	387
	172	387
	173	387
	174	387
	174	386
	175	386
	175	385
	175	384
	176	384
	176	383
	176	382
	176	381
	176	380
	176	379
	176	378
	175	378
	175	377
	174	377
	173	377
	173	376
	172	376
	171	377
	170	377
	168	377
	168	378
	167	378
.PEN_UP
.PEN_DOWN
	201	384
	201	383
	202	383
	203	383
	203	382
	204	381
	204	380
	204	379
	205	379
	205	378
	206	377
	206	376
	207	376
	207	375
	208	374
	209	373
	209	372
	209	371
	210	371
	210	372
	210	373
	210	374
	211	374
	211	375
	211	376
	211	377
	212	378
	212	379
	212	380
	212	381
	213	382
	213	383
	213	384
	213	385
	214	385
	214	386
	215	387
	215	388
	215	387
.PEN_UP
.PEN_DOWN
	222	378
	223	378
	224	378
	224	379
	225	379
	226	379
	226	380
	226	381
	227	382
	227	383
	227	384
	226	384
	226	385
	225	385
	224	385
	223	385
	222	385
	221	385
	221	384
	220	384
	220	383
	219	382
	219	381
	219	380
	218	380
	218	379
	218	378
	218	377
	218	376
	219	376
	219	375
	220	375
	220	374
	221	374
	222	373
	223	373
	224	373
	224	372
	225	372
	226	372
	227	372
	228	372
	229	372
	229	373
	230	373
	231	373
	232	373
	232	374
.PEN_UP
.PEN_DOWN
	235	386
	236	385
	236	384
	237	384
	237	383
	238	383
	238	382
	239	381
	239	380
	240	379
	240	378
	241	378
	241	377
	241	376
	242	376
	242	375
	243	375
	243	374
	244	374
	245	374
.PEN_UP
.PEN_DOWN
	244	388
	244	387
	243	386
	243	385
	242	384
	242	383
	241	383
	241	382
	240	382
	240	381
	240	380
	240	379
	240	378
	239	378
	239	377
	238	376
	238	375
	238	374
	237	374
	237	373
	237	372
	236	372
	236	371
	237	371
.PEN_UP
.PEN_DOWN
	253	381
	254	380
	254	379
	254	378
	254	377
	255	377
	255	376
	255	375
	255	374
	255	373
	255	372
	256	372
.PEN_UP
.PEN_DOWN
	253	390
	254	390
.PEN_UP
.PEN_DOWN
	262	379
	263	378
	263	377
	264	377
	264	376
	265	375
	265	374
	265	373
	266	373
	266	372
	266	371
	266	370
	266	371
	266	372
	266	373
	266	374
	266	375
	266	376
	266	377
	266	378
	266	379
	266	380
	266	381
	267	381
	267	382
	268	382
	269	382
	270	382
	271	382
	272	382
	272	381
	272	380
	273	380
	273	379
	273	378
	274	378
	274	377
	274	376
	274	375
	274	374
	274	373
	274	372
	274	371
.PEN_UP
.PEN_DOWN
	287	375
	288	376
	288	377
	288	378
	288	379
	288	380
	288	381
	288	382
	287	382
	287	383
	286	383
	285	383
	284	382
	283	382
	283	381
	283	380
	282	380
	282	379
	282	378
	281	378
	281	377
	281	376
	281	375
	281	374
	282	374
	282	373
	283	373
	283	372
	284	372
	285	372
	285	373
	286	373
	287	373
	287	374
	288	374
	288	375
	289	375
	289	376
	289	377
	289	378
	289	379
	289	378
	289	377
	289	376
	289	375
	289	374
	289	373
	289	372
	289	371
	289	370
	288	369
	288	368
	288	366
	288	365
	288	364
	288	363
	288	362
	288	361
	288	360
	288	359
	288	358
	288	357
	288	356
	287	356
	287	355
	286	355
	286	354
	285	354
	285	353
	284	353
	283	353
	283	352
	282	352
	281	352
	280	352
	279	352
	278	352
	277	352
.PEN_UP
.PEN_DOWN
	315	382
	316	382
	316	381
	317	381
	317	380
	317	379
	317	378
	317	377
	317	376
	317	375
	318	374
	318	373
	318	372
	318	371
	318	372
	318	373
	318	374
	318	375
	318	376
	318	377
	318	378
	318	379
	319	380
	319	381
	320	381
	320	382
	321	383
	322	383
	323	383
	324	383
	324	382
	324	381
	325	381
	325	380
	325	379
	326	378
	326	377
	326	376
	326	375
	326	374
	327	374
	327	373
	327	374
	327	375
	327	376
	327	377
	327	378
	327	379
	327	380
	327	381
	328	381
	328	382
	329	382
	330	382
	331	382
	332	382
	333	382
	334	382
	334	381
	334	380
	335	379
	335	378
	335	377
	336	376
	336	375
	336	374
	337	373
	337	372
	338	372
	338	373
.PEN_UP
.PEN_DOWN
	345	376
	346	376
	347	377
	348	378
	348	379
	349	380
	349	381
	349	382
	349	383
	348	383
	347	383
	346	383
	345	383
	345	382
	344	381
	344	380
	344	379
	344	378
	343	378
	343	377
	343	376
	343	375
	343	374
	344	374
	344	373
	345	373
	345	372
	346	372
	347	372
	348	371
	350	371
	351	371
	352	371
	353	371
	354	371
	355	371
	356	371
	356	372
	357	372
	358	372
	358	373
	359	373
.PEN_UP
.PEN_DOWN
	394	383
	395	383
	395	382
	396	382
	396	381
	396	380
	397	380
	397	379
	397	378
	397	377
	397	376
	397	375
	397	374
	398	374
	398	373
	398	372
	398	371
	399	371
	399	370
	399	369
	400	369
	400	368
	400	369
	401	369
	401	370
	402	370
	402	371
	403	371
	403	372
	404	372
	404	373
	405	374
	406	374
	406	375
	407	375
	407	376
	408	376
	408	377
	408	376
	408	375
	408	374
	409	374
	409	373
	409	372
	409	371
	410	371
	410	370
	411	370
	411	369
	412	369
	412	368
	413	368
	413	369
	413	370
	414	370
	414	371
	414	372
	414	373
	414	374
	414	375
	415	376
	415	377
	415	378
	415	379
	416	380
	416	381
	416	382
	416	383
	417	383
	417	384
	417	383
.PEN_UP
.PEN_DOWN
	425	378
	425	377
	425	376
	425	375
	425	374
	425	373
	425	372
	425	371
	425	370
	426	370
	426	369
.PEN_UP
.PEN_DOWN
	423	394
	423	393
.PEN_UP
.PEN_DOWN
	437	386
	437	385
	437	384
	438	383
	438	382
	438	381
	438	380
	439	379
	439	378
	439	377
	439	376
	439	375
	439	374
	440	374
	440	373
	440	372
	440	371
	441	371
	441	372
.PEN_UP
.PEN_DOWN
	432	381
	432	380
	433	380
	434	379
	435	379
	436	379
	436	378
	437	378
	438	378
	439	378
	440	378
	441	378
	442	378
	443	378
	444	378
	445	379
.PEN_UP
.PEN_DOWN
	446	394
	447	394
	447	393
	447	392
	447	391
	447	390
	447	389
	448	389
	448	388
	448	387
	448	386
	448	385
	448	384
	449	383
	449	382
	449	381
	449	380
	449	379
	449	378
	449	377
	449	375
	449	374
	449	373
	449	372
	450	373
	450	374
	450	375
	450	376
	450	377
	450	378
	451	378
	451	379
	452	379
	452	380
	453	380
	453	381
	454	381
	454	382
	455	382
	456	382
	457	382
	458	382
	459	382
	460	382
	460	381
	460	380
	460	379
	460	378
	460	377
	460	376
	460	375
	460	374
	460	373
	461	373
	461	372
	461	371
	461	370
.PEN_UP
.PEN_DOWN
	505	369
	506	368
	506	369
	505	369
	505	370
	504	370
	504	371
	504	372
	504	373
	503	374
	503	375
	503	376
	503	377
	503	378
	503	379
	503	380
	502	381
	502	382
	502	383
	502	385
	503	386
	503	387
	503	388
	503	389
	504	390
	504	391
	505	391
	505	392
	506	392
	507	392
	508	392
	509	392
	510	392
	511	391
	511	390
	511	389
	511	388
	512	388
.PEN_UP
.PEN_DOWN
	502	377
	503	377
	504	377
	504	376
	505	376
	506	376
	507	376
	508	376
	509	376
	510	376
	510	377
.PEN_UP
.PEN_DOWN
	516	376
	516	375
	517	374
	517	373
	518	373
	518	372
	519	372
	519	371
	519	370
	519	369
	520	368
	520	367
	520	368
	520	369
	520	370
	520	371
	519	372
	519	373
	519	374
	519	375
	519	376
	519	377
	519	378
	520	378
	520	379
	521	380
	522	380
	523	380
	524	380
	525	380
	526	380
	526	379
	527	379
	527	380
	528	380
.PEN_UP
.PEN_DOWN
	539	373
	540	374
	541	375
	542	375
	542	376
	542	377
	542	378
	542	379
	541	380
	540	380
	539	380
	538	380
	537	380
	537	379
	536	379
	535	378
	535	377
	534	377
	534	376
	534	375
	534	374
	534	373
	534	372
	535	372
	535	371
	536	371
	537	371
	538	371
	539	371
	540	371
	540	372
	541	372
	541	373
	542	373
	542	374
	542	375
	542	376
	542	375
	543	375
	543	374
	543	373
	543	372
	544	371
	544	370
	545	369
	546	369
	547	369
	548	369
	548	370
	548	371
.PEN_UP
.PEN_DOWN
	550	379
	550	378
	551	378
	551	377
	552	377
	552	376
	552	375
	553	375
	553	374
	553	373
	553	372
	553	371
	553	370
	553	369
	553	370
	553	371
	553	372
	553	373
	553	374
	553	375
	553	376
	553	377
	553	378
	554	378
	554	379
	555	379
	556	379
	557	379
	558	379
	559	378
	560	377
	560	376
	561	375
	561	374
	561	373
	561	372
	561	371
	561	370
	562	370
	562	369
.PEN_UP
.PEN_DOWN
	568	392
	569	391
	569	390
	570	390
	570	389
	570	388
	570	387
	570	386
	570	384
	571	384
	571	383
	571	382
	571	381
	571	380
	571	379
	571	378
	571	377
	571	376
	571	374
	571	373
	572	372
	572	371
	572	370
	573	370
	573	369
	573	370
	572	371
.PEN_UP
.PEN_DOWN
	566	383
	566	382
	567	382
	568	382
	568	381
	569	381
	570	381
	571	381
	572	381
	573	381
	574	381
	575	381
	576	381
	577	381
	578	381
	579	381
	580	381
	581	381
	582	381
.PEN_UP
.PEN_DOWN
	593	376
	593	375
	593	374
	593	373
	593	372
	593	371
	593	370
	593	369
	593	368
	594	368
	594	367
	594	366
	594	365
.PEN_UP
.PEN_DOWN
	590	390
	591	390
	592	390
	592	389
.PEN_UP
.PEN_DOWN
	612	382
	611	382
	610	382
	609	382
	609	381
	608	381
	608	380
	607	380
	607	379
	606	379
	606	378
	605	378
	605	377
	605	376
	605	375
	605	374
	605	373
	605	372
	606	371
	607	370
	608	370
	608	369
	609	369
	610	369
	611	369
	611	368
	612	368
	613	368
	614	368
	615	368
	616	368
	617	368
	618	368
	619	369
.PEN_UP
