
.WRITER_ID ArloReeves
.STYLE PRINTED
.PEN_DOWN
	104	417
	105	417
	105	416
	105	415
	105	414
	105	413
	104	412
	104	410
	104	408
	104	406
	103	404
	103	401
	103	399
	102	397
	102	395
	101	390
	101	388
	101	387
	101	385
	101	384
	101	382
	101	381
	101	380
	102	379
	102	378
.PEN_UP
.PEN_DOWN
	98	417
	99	418
	101	419
	102	420
	103	420
	105	420
	106	420
	108	420
	109	420
	110	420
	112	419
	113	418
	114	418
	115	417
	116	414
	116	413
	116	412
	116	410
	116	409
	115	408
	115	407
	114	406
	113	405
	112	404
	111	403
	109	402
	108	402
	107	402
	106	402
.PEN_UP
.PEN_DOWN
	130	417
	129	417
	128	417
	127	416
	126	415
	124	413
	124	412
	123	410
	122	409
	122	408
	122	406
	122	405
	122	403
	123	402
	123	401
	124	400
	126	399
	127	399
	128	399
	129	399
	130	400
	131	400
	132	401
	133	402
	133	403
	134	405
	134	406
	134	409
	134	410
	134	413
	134	414
	134	417
	133	418
	133	419
	133	420
	133	421
	133	422
.PEN_UP
.PEN_DOWN
	141	416
	141	415
	141	414
	141	413
	142	412
	142	411
	142	409
	142	408
	142	407
	142	406
	143	405
	143	404
	143	403
	143	402
	144	401
	144	400
	144	399
	145	399
	146	399
	147	399
	148	400
	149	400
	149	401
	150	401
	150	402
.PEN_UP
.PEN_DOWN
	141	425
	141	426
	142	426
	142	427
.PEN_UP
.PEN_DOWN
	160	419
	159	418
	159	417
	159	416
	159	415
	159	414
	159	412
	159	411
	159	410
	159	409
	160	407
	160	406
	160	405
	161	403
	161	402
	161	401
	161	402
	161	404
	161	405
	161	406
	161	407
	162	408
	162	409
	162	410
	163	411
	164	413
	164	414
	165	414
	166	415
	166	416
	167	416
	168	417
	169	417
	170	417
	170	418
	171	418
	172	418
	173	418
	173	417
	174	417
	174	416
	174	415
	175	414
	175	413
	175	412
	175	410
	175	408
	175	407
	175	406
	175	405
	175	404
	175	403
	175	402
.PEN_UP
.PEN_DOWN
	185	436
	186	436
	186	435
	186	434
	186	433
	186	432
	186	431
	186	430
	185	429
	185	428
	185	426
	185	424
	185	423
	185	421
	185	418
	185	416
	185	415
	185	414
	185	412
	185	411
	185	410
	185	409
	185	408
	185	407
	186	407
	186	406
	186	405
	187	405
	188	406
	190	407
	191	407
	192	407
	193	408
	194	408
	195	408
	196	409
	197	409
.PEN_UP
.PEN_DOWN
	179	420
	180	419
	180	420
	181	420
	181	421
	182	421
	183	421
	184	421
	186	421
	189	421
	191	421
	192	422
.PEN_UP
.PEN_DOWN
	205	417
	206	418
	207	418
	208	418
	209	419
	210	419
	211	420
	212	420
	213	420
	214	421
	216	421
	216	422
	216	423
	215	423
	214	423
	212	423
	211	423
	210	423
	210	422
	209	421
	208	421
	208	420
	207	419
	206	418
	205	416
	205	415
	205	414
	206	413
	206	412
	206	411
	208	410
	208	409
	209	408
	210	408
	210	407
	211	406
	213	406
	214	406
.PEN_UP
.PEN_DOWN
	234	424
	234	425
	234	426
	233	427
	232	427
	231	426
	230	426
	229	426
	228	425
	227	424
	227	423
	225	421
	224	419
	223	418
	223	417
	222	415
	222	414
	222	413
	222	411
	222	410
	223	409
	224	408
	225	408
	226	408
	227	408
	228	408
	229	409
	230	410
	231	411
	231	413
	232	414
	232	415
	233	418
	234	420
	234	422
	234	423
	235	425
	235	427
	235	428
	235	430
	235	432
	236	433
	236	434
	236	435
	236	437
	237	438
	237	439
	237	440
	237	439
	236	438
	236	437
	236	436
	235	434
	235	433
	234	430
	234	428
	234	426
	234	424
	234	422
	234	421
	235	419
	235	418
	236	417
	236	415
	237	414
	239	413
	240	412
	242	411
	244	411
.PEN_UP
.PEN_DOWN
	283	425
	283	426
	283	427
	282	427
	282	428
	281	428
	280	428
	279	428
	279	427
	278	427
	277	426
	276	425
	276	424
	274	421
	273	420
	273	418
	273	417
	273	415
	273	414
	273	413
	273	412
	273	411
	274	410
	275	410
	277	410
	278	410
	279	411
	280	412
	280	413
	281	414
	281	415
	282	417
	282	418
	282	419
	282	422
	283	423
	283	424
	283	425
	283	426
	283	425
	283	424
	283	423
	283	421
	283	420
	283	418
	283	417
	283	416
	284	414
	284	413
	285	412
	286	410
	287	409
	288	409
	290	408
.PEN_UP
.PEN_DOWN
	298	443
	298	442
	298	441
	298	440
	298	437
	298	436
	298	434
	298	432
	298	431
	298	429
	298	427
	298	425
	298	423
	298	422
	298	420
	298	418
	298	416
	298	414
	297	414
	297	413
	297	412
	297	411
	297	410
	298	410
	299	410
	300	411
	301	411
	302	412
	303	412
	304	413
	305	413
	305	414
	306	414
	307	415
.PEN_UP
.PEN_DOWN
	294	425
	295	425
	297	425
	299	426
	300	426
	302	426
.PEN_UP
.PEN_DOWN
	347	428
	347	429
	347	430
	346	430
	346	431
	345	431
	344	431
	344	430
	343	430
	342	429
	341	429
	340	428
	339	427
	338	426
	338	425
	336	422
	336	421
	336	420
	336	418
	336	417
	336	416
	336	415
	337	414
	337	413
	338	413
	338	412
	339	412
	340	412
	341	413
	342	413
	342	414
	343	415
	344	416
	344	417
	345	418
	346	419
	346	420
	347	422
	348	423
	348	424
	349	424
	349	425
	349	426
	349	427
	350	427
	350	426
	350	425
	350	424
	350	423
	350	421
	350	420
	350	419
	351	417
	353	416
	354	415
	355	415
	356	414
	357	414
.PEN_UP
.PEN_DOWN
	396	432
	397	432
	397	431
	397	430
	397	429
	398	429
	400	429
	401	429
	401	430
	401	431
	401	432
	401	433
	400	434
	399	435
	399	436
	398	437
	397	437
	396	437
	395	437
	394	436
	393	436
	392	434
	391	433
	390	432
	389	431
	389	429
	389	428
	389	427
	389	425
	389	424
	389	423
	390	421
	391	418
	392	418
	393	417
	394	416
	396	415
	398	415
.PEN_UP
.PEN_DOWN
	413	433
	412	433
	411	432
	410	432
	409	431
	408	430
	407	429
	406	428
	405	427
	404	425
	404	424
	404	423
	404	420
	405	419
	406	418
	407	417
	408	417
	409	417
	410	417
	411	417
	413	417
	414	418
	416	419
	416	420
	417	421
	417	423
	417	424
	417	425
	417	426
	416	428
	416	429
	415	431
.PEN_UP
.PEN_DOWN
	423	449
	423	448
	423	447
	423	446
	423	445
	423	443
	423	442
	423	440
	423	439
	423	437
	423	434
	423	432
	423	430
	423	429
	423	428
	423	427
	423	425
	423	424
	424	423
	424	422
	424	421
	424	420
	424	419
	424	418
	425	418
	425	419
	426	419
.PEN_UP
.PEN_DOWN
	442	437
	441	437
	440	436
	439	435
	438	434
	438	433
	436	431
	436	430
	435	429
	435	427
	435	426
	435	425
	435	424
	436	423
	436	422
	437	421
	438	421
	438	420
	440	420
	441	420
	442	420
	443	421
	444	422
	445	423
	445	424
	445	425
	445	426
	445	428
	445	429
	444	432
	443	433
	443	435
	443	436
	443	437
.PEN_UP
.PEN_DOWN
	452	435
	452	434
	452	433
	453	432
	453	431
	453	430
	453	429
	453	427
	454	426
	454	425
	455	424
	455	423
	455	422
	455	423
	454	423
	454	424
	454	425
	454	426
	454	427
	454	428
	455	428
	455	429
	457	430
	458	431
	459	431
	460	432
	462	432
	463	433
	466	434
	467	434
.PEN_UP
.PEN_DOWN
	477	431
	478	431
	479	431
	480	431
	482	432
	483	432
	485	432
.PEN_UP
.PEN_DOWN
	499	431
	500	431
	500	432
	501	432
	501	433
	502	434
	503	435
	503	436
	503	437
	503	438
	503	439
	503	440
	503	441
	502	441
	502	442
	501	442
	501	443
	500	443
	499	443
	499	442
	498	442
	498	441
	497	440
	497	439
	497	438
	497	437
	497	436
	497	435
	496	433
	496	432
	496	431
	496	430
	496	428
	496	426
	496	425
	497	424
	497	423
	498	423
	498	422
	499	422
	500	422
	501	422
	503	422
	504	422
	505	422
.PEN_UP
.PEN_DOWN
	515	442
	514	441
	514	440
	514	438
	513	437
	513	436
	513	435
	513	434
	513	432
	513	431
	513	430
	514	429
	514	428
	514	427
	514	426
	515	424
	515	423
	515	424
	516	424
	516	425
	516	426
	517	428
	517	429
	518	430
	518	431
	519	432
	519	433
	519	434
	520	434
	520	435
	521	436
	522	436
	523	436
	524	436
	525	436
	526	436
	526	435
	527	435
	528	434
	530	432
	530	431
	531	430
	531	429
	531	428
	531	427
	531	426
.PEN_UP
.PEN_DOWN
	546	438
	547	438
	547	437
	548	437
	548	436
	549	436
	549	435
	549	436
	549	437
	548	438
	547	438
	547	439
	546	439
	545	439
	544	439
	543	439
	543	438
	542	437
	541	436
	540	435
	540	434
	540	433
	540	432
	540	431
	540	429
	540	428
	540	427
	540	426
	541	425
	542	424
	542	423
	543	422
	544	422
	545	421
	547	421
	548	421
	551	421
.PEN_UP
.PEN_DOWN
	561	440
	561	439
	561	438
	561	437
	561	436
	561	434
	561	433
	561	432
	562	430
	562	429
	563	428
	564	426
	564	425
	565	424
	565	423
	566	423
	566	422
	566	421
	565	421
	565	422
	565	423
	564	424
	564	425
	563	428
	563	429
	563	430
	563	431
	563	432
	564	432
	564	433
	565	433
	565	434
	567	434
	568	434
	569	434
	570	435
	571	435
	572	435
	573	435
	575	435
	576	436
.PEN_UP
.PEN_DOWN
	578	440
	578	439
	578	438
	578	437
	578	436
	578	435
	578	434
	578	433
	578	432
	579	431
	579	430
	579	429
	579	428
	580	427
	581	425
	582	425
	582	424
	583	423
	584	423
	585	423
	586	423
	586	424
	587	424
	587	425
	588	426
	588	428
	589	429
	589	430
	589	431
	589	432
	589	433
	589	435
	589	436
	589	437
	589	438
	589	440
.PEN_UP
.PEN_DOWN
	602	441
	601	442
	600	442
	599	442
	598	442
	598	441
	597	441
	597	440
	597	439
	597	438
	598	437
	599	436
	599	435
	600	435
	600	434
	600	433
	601	432
	601	431
	601	430
	601	429
	601	428
	601	427
	600	426
	599	426
	599	425
	598	425
	597	425
	595	425
	593	426
	592	426
	591	427
.PEN_UP
.PEN_DOWN
	612	448
	612	447
	612	446
	612	445
	612	444
	612	443
	612	441
	612	440
	612	439
	612	437
	612	434
	612	433
	612	432
	612	430
	612	429
	612	428
	612	427
	612	426
	612	425
	612	424
	612	423
	613	423
	613	424
	614	424
	615	424
	616	425
	617	425
	618	425
	618	426
	619	426
	620	426
	621	426
.PEN_UP
.PEN_DOWN
	608	437
	608	438
	609	438
	610	438
	611	438
	612	438
	614	438
	616	438
	617	438
	620	437
.PEN_UP
.PEN_DOWN
	627	432
	628	432
	628	433
	629	433
	630	433
	631	434
	632	434
	633	434
	634	435
	635	435
	636	436
	636	437
	636	438
	636	439
	635	439
	634	440
	633	440
	632	440
	631	440
	630	440
	629	439
	628	438
	627	437
	626	436
	626	435
	626	434
	626	433
	626	431
	626	430
	626	429
	627	428
	628	427
	628	426
	629	426
	630	425
	631	424
	632	423
.PEN_UP
.PEN_DOWN
	654	435
	654	436
	654	437
	653	437
	653	438
	652	438
	651	438
	650	438
	648	438
	647	438
	646	437
	645	437
	644	437
	643	436
	642	436
	641	435
	641	434
	641	433
	641	432
	642	431
	642	430
	642	429
	643	429
	643	428
	644	428
	645	427
	646	427
	646	426
	647	426
	648	426
	649	426
	649	427
	650	427
	650	428
	651	428
	651	429
	652	430
	652	431
	652	432
	653	433
	653	435
	654	436
	654	439
	654	441
	654	443
	655	445
	655	446
	655	447
	655	448
	655	449
	655	450
	655	451
	655	452
	655	451
	655	450
	655	449
	655	448
	655	447
	654	446
	654	444
	654	442
	653	441
	653	438
	653	436
	653	434
	653	433
	653	431
	653	430
	654	428
	654	427
	655	425
	655	424
	656	423
	657	422
	658	420
	659	420
	660	420
	661	419
	662	419
	663	419
	664	419
.PEN_UP
.PEN_DOWN
	691	443
	691	442
	691	441
	691	440
	691	439
	691	437
	691	436
	691	434
	691	432
	691	430
	692	427
	692	424
	693	423
	693	421
	694	419
	694	417
	694	416
	695	414
	695	413
	695	412
	695	411
.PEN_UP
.PEN_DOWN
	694	441
	694	442
	694	443
	695	443
	697	443
	698	443
	699	443
	700	443
	701	443
	702	442
	703	441
	705	440
	706	439
	707	438
	707	437
	707	434
	707	433
	707	432
	706	431
	705	430
	703	429
	702	428
	700	428
	699	428
	698	428
	697	427
	695	427
	694	427
	694	428
.PEN_UP
.PEN_DOWN
	712	438
	713	438
	714	438
	715	438
	716	438
	717	438
	718	438
	719	438
	720	438
	720	437
	720	436
	720	435
	719	434
	718	433
	717	432
	716	432
	716	431
	715	430
	714	429
	714	428
	715	427
	716	426
	717	426
	718	426
	719	427
	720	427
	721	428
	722	430
	722	431
	722	432
	722	433
	721	434
	720	435
	720	436
.PEN_UP
.PEN_DOWN
	732	459
	732	458
	732	457
	731	456
	731	455
	731	454
	730	452
	730	449
	729	447
	729	445
	729	443
	729	442
	729	440
	729	439
	729	437
	729	436
	729	435
	729	434
	729	432
	729	431
	729	430
	730	430
	730	429
	731	429
	732	429
	734	429
	735	429
	736	429
	737	429
	738	429
	739	430
.PEN_UP
.PEN_DOWN
	745	435
	745	436
	746	436
	747	437
	748	437
	749	438
	750	439
	750	440
	750	441
	750	442
	749	443
	749	444
	748	444
	748	445
	747	445
	746	445
	745	445
	745	444
	744	444
	743	443
	742	442
	742	441
	741	440
	741	437
	741	436
	741	435
	741	434
	742	432
	742	431
	743	430
	744	429
	746	428
	747	428
	748	427
	749	427
	750	427
.PEN_UP
.PEN_DOWN
	762	460
	762	459
	762	458
	762	456
	762	455
	762	453
	762	452
	762	450
	762	447
	762	445
	762	443
	762	441
	762	439
	762	437
	762	435
	762	433
	762	432
	762	431
	762	430
	762	429
	762	428
	762	429
	763	429
	764	430
	765	430
	766	430
	767	430
	768	430
	769	430
	769	431
	770	431
	771	431
	772	431
.PEN_UP
.PEN_DOWN
	756	447
	757	447
	758	447
	760	447
	762	448
	764	448
	766	448
	768	448
	769	448
.PEN_UP
.PEN_DOWN
	783	456
	783	455
	783	454
	783	453
	783	450
	783	449
	783	447
	783	446
	783	444
	783	442
	783	441
	783	439
	783	437
	783	436
	783	434
	783	433
	783	431
	783	430
	783	429
	783	428
	783	427
	784	427
	785	428
	786	428
	787	429
	788	429
	789	429
	790	430
	791	430
	792	431
	793	431
	794	431
	795	431
	795	432
.PEN_UP
.PEN_DOWN
	778	444
	779	444
	780	444
	781	444
	783	444
	785	444
	786	444
	788	444
	790	444
.PEN_UP
.PEN_DOWN
	804	440
	805	440
	805	441
	806	441
	807	441
	808	442
	809	442
	810	443
	811	443
	813	443
	815	444
	816	445
	815	445
	815	446
	814	446
	813	446
	812	446
	811	446
	810	446
	809	446
	808	446
	807	445
	806	444
	806	443
	805	442
	804	441
	804	440
	804	439
	804	438
	804	437
	804	436
	805	434
	807	432
	808	432
	809	431
	810	430
	812	430
	813	429
	814	429
	815	429
	816	429
	817	429
.PEN_UP
