
.WRITER_ID BeckyHammaker
.STYLE PRINTED
.PEN_DOWN
	181	380
	181	381
	180	381
	180	382
	179	382
	178	382
	177	382
	177	381
	176	381
	175	380
	174	380
	174	379
	174	378
	174	377
	174	376
	173	376
	173	375
	173	374
	173	373
	173	372
	173	371
	174	371
	174	370
	174	369
	175	369
	175	368
	176	368
	177	368
	178	368
	179	368
	179	369
	180	369
	181	370
	182	371
	183	372
	183	373
	184	374
	184	375
	184	376
	184	377
	184	378
	183	378
	183	379
	183	380
	182	380
	182	381
	181	381
	181	382
	180	382
	179	382
	179	381
	178	381
	178	380
.PEN_UP
.PEN_DOWN
	194	385
	194	384
	194	383
	194	382
	195	382
	195	381
	195	380
	195	379
	195	378
	195	377
	195	376
	195	375
	195	374
	195	373
	196	372
.PEN_UP
.PEN_DOWN
	195	384
	196	384
	196	383
	197	382
	198	381
	198	380
	199	380
	200	379
	200	378
	201	378
	202	377
	202	376
	203	376
	203	375
	204	374
	204	373
	205	372
	205	371
	206	371
	207	371
	207	372
	207	373
	207	374
	207	375
	207	376
	207	378
	206	379
	206	380
	206	381
	206	382
	206	383
	206	384
	206	385
	206	386
	207	386
.PEN_UP
.PEN_DOWN
	241	385
	241	384
	242	384
	242	383
	242	382
	242	381
	243	380
	243	379
	243	378
	243	377
	244	377
	244	376
	244	375
	244	374
	244	373
	244	372
.PEN_UP
.PEN_DOWN
	235	384
	236	384
	237	384
	238	384
	239	384
	240	384
	241	384
	242	384
	244	384
	245	385
	246	385
	247	385
	248	385
	248	386
	249	386
	250	386
	250	387
	251	387
.PEN_UP
.PEN_DOWN
	255	385
	255	384
	255	383
	256	383
	256	382
	256	381
	257	380
	257	379
	257	378
	258	377
	258	376
	258	375
	258	374
	258	373
	259	373
	259	372
	259	371
.PEN_UP
.PEN_DOWN
	262	388
	263	388
	263	387
	263	386
	264	386
	264	385
	264	384
	264	383
	265	382
	265	381
	265	380
	265	379
	266	379
	266	378
	266	377
	267	376
	267	375
	267	374
	267	373
	267	372
.PEN_UP
.PEN_DOWN
	258	379
	258	378
	259	378
	260	378
	261	378
	262	378
	263	378
	264	378
	265	378
	265	379
	266	379
.PEN_UP
.PEN_DOWN
	278	386
	280	386
	281	386
	282	386
	283	386
	284	387
	285	387
	286	387
	287	387
	288	387
	289	388
.PEN_UP
.PEN_DOWN
	276	383
	276	382
	277	381
	278	380
	278	379
	278	378
	278	377
	278	376
	278	375
	278	374
	278	373
	278	372
	278	371
	279	371
	280	371
	281	371
	282	371
	283	371
	284	371
	285	371
	286	371
	287	371
	288	371
	290	371
	291	371
	292	371
	293	371
.PEN_UP
.PEN_DOWN
	279	378
	280	378
	280	377
	281	377
	282	378
	283	378
	284	378
	285	378
.PEN_UP
.PEN_DOWN
	320	384
	321	383
	321	382
	322	382
	323	381
	323	380
	324	380
	324	379
	325	378
	325	377
	326	376
	326	375
	327	374
	327	373
	327	372
	328	372
	328	371
	328	372
	328	373
	328	374
	328	375
	329	375
	329	376
	329	377
	329	378
	330	379
	330	380
	330	381
	331	382
	331	383
	331	384
	332	385
	332	386
	333	387
.PEN_UP
.PEN_DOWN
	342	384
	343	384
	344	384
	345	384
	346	384
	347	384
	348	384
	348	385
	349	385
	350	385
	351	385
.PEN_UP
.PEN_DOWN
	342	385
	342	384
	342	383
	342	382
	342	381
	342	380
	342	379
	342	378
	341	377
	341	376
	341	375
	341	374
	341	373
	341	372
	341	371
	341	370
	342	370
	343	370
	344	370
	345	370
	346	370
	347	370
	348	370
	349	370
	350	370
	351	370
	352	370
	353	370
	353	371
.PEN_UP
.PEN_DOWN
	342	376
	343	376
	343	375
	344	375
	345	375
	346	375
	347	375
	348	375
.PEN_UP
.PEN_DOWN
	358	383
	359	383
	359	382
	360	382
	360	381
	360	380
	360	379
	360	378
	360	377
	360	376
	360	375
	360	374
	360	373
	360	372
	361	371
	361	370
	362	370
	362	371
	363	371
	364	371
	365	371
	365	370
	366	370
	367	370
	368	370
	369	370
	369	371
	370	371
.PEN_UP
.PEN_DOWN
	372	383
	372	382
	373	382
	373	381
	373	380
	374	380
	374	379
	374	378
	374	377
	375	377
	375	376
	375	375
	375	374
	376	373
	376	372
	376	371
	377	371
	377	370
	378	370
	379	371
	379	372
	380	372
	380	373
	381	374
	381	375
	382	376
	382	377
	383	378
	383	379
	383	380
	383	381
	383	382
	384	383
	384	384
	384	385
	384	386
	385	386
.PEN_UP
.PEN_DOWN
	390	383
	391	383
	392	383
	393	383
	394	383
	395	383
	396	383
	397	383
	397	384
	398	384
	399	384
	400	384
.PEN_UP
.PEN_DOWN
	391	383
	391	382
	391	381
	391	380
	391	379
	391	378
	391	377
	391	376
	391	375
	391	374
	391	373
	391	372
	391	371
	391	370
	392	370
	393	370
	393	369
	394	369
	395	369
	396	369
	397	369
	397	370
	398	370
	399	370
	400	370
	401	370
	401	371
.PEN_UP
.PEN_DOWN
	393	376
	394	376
	394	375
	395	375
	396	375
	397	375
.PEN_UP
.PEN_DOWN
	413	384
	414	384
	414	383
	415	382
	415	381
	416	381
	416	380
	416	379
	416	378
	416	377
	416	376
	416	375
	416	374
	416	373
	416	372
	416	371
	416	370
.PEN_UP
.PEN_DOWN
	406	385
	407	385
	408	385
	410	385
	411	385
	412	385
	413	385
	414	385
	415	385
	416	385
	417	386
	419	386
	420	386
	421	386
	422	387
	423	387
	424	387
	425	387
	426	387
.PEN_UP
.PEN_DOWN
	452	385
	451	385
	450	384
	450	383
	449	383
	449	382
	448	382
	448	381
	448	380
	447	380
	447	379
	447	378
	447	377
	447	376
	447	375
	448	374
	448	373
	449	373
	449	372
	450	372
	451	371
	452	371
	453	370
	454	370
	455	370
	456	370
	456	371
	457	371
	458	371
	458	372
	459	373
	459	374
	459	375
	459	376
	459	377
	459	378
	459	379
	459	380
	458	381
	458	382
	457	382
	457	383
	456	383
	456	384
	455	384
	454	385
	453	385
	452	385
	451	385
.PEN_UP
.PEN_DOWN
	456	375
	456	374
	457	374
	457	373
	458	373
	458	372
	459	372
	459	371
	460	371
	461	370
	462	370
	462	369
	463	369
.PEN_UP
.PEN_DOWN
	471	380
	472	380
	472	381
	471	381
	471	380
	471	379
	470	378
	470	377
	470	376
	470	375
	470	374
	470	373
	470	372
	470	371
	471	371
	472	370
	473	370
	474	370
	475	370
	476	370
	476	371
	477	371
	478	371
	478	372
	479	372
	479	373
	480	373
	480	374
	481	374
	481	375
	481	376
	481	377
	481	378
	481	379
	481	380
	480	380
	480	381
	480	382
	481	382
.PEN_UP
.PEN_DOWN
	491	381
	492	381
	492	380
	493	379
	493	378
	493	377
	493	376
	493	375
	493	374
	493	373
	493	372
	493	371
	493	370
	493	369
	493	368
	493	367
	494	367
	494	368
.PEN_UP
.PEN_DOWN
	511	380
	511	379
	511	378
	511	377
	511	376
	511	375
	511	374
	511	373
	511	372
	511	371
	512	371
	512	370
	512	369
	512	370
	513	370
	514	370
	515	370
	516	370
	517	370
	518	370
	519	370
	520	370
	521	370
	522	370
	523	370
	523	369
.PEN_UP
.PEN_DOWN
	529	381
	530	381
	531	381
	531	380
	531	379
	531	378
	531	377
	531	376
	531	375
	530	374
	530	373
	530	372
	530	371
	530	370
	530	369
	531	369
	531	368
	531	367
	532	367
.PEN_UP
.PEN_DOWN
	523	383
	523	382
	524	382
	525	382
	526	382
	527	382
	528	382
	529	382
	530	382
	531	382
	532	382
	533	383
	534	383
	535	383
	537	383
	538	383
	539	383
	540	383
.PEN_UP
