
.WRITER_ID BeckyHammaker
.STYLE PRINTED
.PEN_DOWN
	103	384
	103	383
	103	382
	103	381
	103	380
	103	379
	103	378
	103	377
	103	376
	103	375
	104	374
	104	373
	104	372
	104	371
	105	371
.PEN_UP
.PEN_DOWN
	100	375
	101	375
	102	375
	103	374
	104	374
	105	374
	106	374
	107	374
	108	374
	108	375
	109	375
	110	375
	110	374
.PEN_UP
.PEN_DOWN
	109	387
	109	386
	110	386
	110	385
	111	385
	111	384
	111	383
	112	382
	112	381
	113	379
	113	378
	113	377
	113	376
	114	375
	114	374
	114	373
	114	372
	114	371
	114	370
	115	370
	115	371
	115	372
	115	373
	115	374
	116	375
	116	376
	117	376
	118	376
	118	377
	119	377
	120	377
	121	377
	121	376
	122	376
	122	375
	122	374
	122	373
	123	372
	123	371
	123	370
	124	370
	125	371
.PEN_UP
.PEN_DOWN
	132	376
	133	376
	133	377
	133	378
	132	378
	131	378
	130	377
	129	377
	129	376
	128	376
	128	375
	127	374
	127	373
	127	372
	127	371
	128	371
	129	371
	130	371
	131	371
	132	372
	133	373
	133	374
	133	375
	134	375
	134	376
	135	376
	135	375
	135	374
	135	373
	135	372
	136	372
	136	371
	136	370
	136	369
	137	369
	138	369
	139	369
.PEN_UP
.PEN_DOWN
	142	385
	143	385
	143	384
	143	383
	144	382
	144	381
	144	380
	145	380
	145	379
	145	378
	145	376
	145	375
	145	374
	146	373
	146	372
	146	371
	146	370
	147	370
	147	369
.PEN_UP
.PEN_DOWN
	142	377
	143	377
	144	377
	145	377
	146	377
	147	377
	148	377
	148	376
	149	376
.PEN_UP
.PEN_DOWN
	172	379
	172	378
	172	377
	173	377
	173	376
	174	376
	174	375
	174	374
	175	374
	175	373
	175	372
	176	371
	177	370
	177	369
	178	369
	179	370
	179	371
	180	371
	180	372
	181	373
	181	374
	182	374
	182	375
	183	375
	183	376
	184	376
	185	376
	185	377
	185	376
	186	376
	186	375
	186	374
	186	373
	187	373
	187	372
	187	371
	188	370
	189	370
	189	369
	190	369
	190	370
	191	370
	191	371
	191	372
	191	373
	191	374
	192	375
	192	376
	192	378
	193	378
	193	379
	193	380
	193	381
.PEN_UP
.PEN_DOWN
	205	376
	204	376
	203	376
	202	376
	201	376
	200	375
	199	375
	198	374
	197	373
	197	372
	198	371
	199	371
	200	371
	201	371
	202	371
	203	371
	204	372
	204	373
	204	374
	204	375
	204	376
	205	376
	205	375
	206	375
	206	374
	207	373
	207	372
	208	371
	208	370
	209	370
	209	369
.PEN_UP
.PEN_DOWN
	216	379
	216	378
	215	378
	214	377
	213	377
	213	376
	212	376
	212	375
	213	375
	214	375
	215	375
	216	375
	217	374
	218	374
	219	373
	219	372
	219	371
	219	370
	218	369
	217	369
	217	368
	216	368
	215	368
	214	368
	213	368
.PEN_UP
.PEN_DOWN
	246	392
	246	391
	247	390
	247	389
	248	388
	248	387
	248	386
	248	384
	248	383
	248	382
	249	381
	249	380
	249	379
	249	378
	249	377
	249	376
	249	375
	250	374
	250	375
	250	376
	250	377
	250	378
	251	379
	251	380
	252	380
	252	381
	253	381
	254	381
	255	381
	256	381
	257	380
	258	380
	259	379
	259	378
	259	377
	260	376
	260	375
	260	374
	260	373
	259	372
	258	371
	257	371
	256	371
	255	371
	254	371
	254	372
	253	372
	252	373
	252	374
	252	375
	252	376
.PEN_UP
.PEN_DOWN
	268	373
	269	373
	270	373
	271	374
	271	375
	272	375
	272	376
	273	377
	273	378
	272	378
	272	379
	271	379
	271	378
	270	378
	269	378
	269	377
	268	377
	268	376
	267	376
	267	375
	267	374
	267	373
	267	372
	267	371
	268	371
	269	370
	270	370
	270	369
	271	369
	272	369
	273	369
	274	369
	275	369
	276	369
	277	369
	277	370
.PEN_UP
.PEN_DOWN
	280	385
	281	384
	281	383
	281	382
	282	380
	282	379
	282	378
	282	377
	283	376
	283	375
	283	374
	283	373
	283	372
	283	371
	283	370
	283	369
	283	368
	284	368
.PEN_UP
.PEN_DOWN
	278	378
	279	377
	280	377
	281	377
	282	376
	283	376
	284	376
	285	376
	286	376
	287	376
.PEN_UP
.PEN_DOWN
	292	385
	292	384
	292	383
	292	382
	292	381
	293	380
	293	379
	293	378
	293	377
	293	376
	294	376
	294	375
	294	374
	294	373
	294	372
	294	371
	294	370
	294	369
	294	368
	294	367
	295	367
.PEN_UP
.PEN_DOWN
	289	377
	290	377
	291	377
	292	376
	293	376
	295	376
	296	376
	297	376
	298	376
.PEN_UP
.PEN_DOWN
	305	370
	306	370
	307	369
	309	369
	309	370
	310	370
	311	371
	312	372
	312	373
	311	373
	311	374
	310	374
	309	374
	308	374
	307	374
	306	373
	306	372
	305	372
	305	371
	305	370
	306	369
	306	368
	306	367
	307	367
	308	367
	308	366
	309	366
	310	366
	311	366
	312	366
	313	366
	314	366
	315	366
.PEN_UP
.PEN_DOWN
	321	375
	321	374
	321	373
	322	373
	322	372
	322	371
	322	370
	323	369
	323	368
	323	367
	323	366
	324	365
	324	366
	324	367
	324	368
	324	369
	324	370
	324	371
	324	372
	324	373
	324	374
	324	375
	324	376
	325	376
	325	377
	326	377
	327	377
	328	377
	329	377
	330	377
	331	377
	332	377
.PEN_UP
.PEN_DOWN
	360	388
	360	387
	360	386
	360	385
	360	384
	360	383
	360	382
	360	381
	360	380
	360	379
	360	378
	360	377
	361	376
	361	375
	361	374
	361	373
	362	373
.PEN_UP
.PEN_DOWN
	354	380
	355	380
	355	379
	356	379
	357	378
	358	378
	359	378
	360	378
	361	378
	362	378
	363	378
	364	378
	365	378
.PEN_UP
.PEN_DOWN
	367	392
	368	392
	368	391
	368	390
	368	389
	369	388
	369	387
	369	386
	369	385
	370	384
	370	383
	370	382
	370	380
	371	380
	371	379
	371	378
	371	377
	371	376
	371	375
	371	374
	371	373
	371	372
	372	372
	372	373
	372	374
	372	375
	372	376
	372	377
	372	378
	373	379
	373	380
	374	380
	375	380
	376	380
	377	380
	378	380
	378	379
	378	378
	378	377
	378	376
	378	375
	378	374
	379	374
	379	373
	379	372
	380	372
	380	373
	380	374
.PEN_UP
.PEN_DOWN
	388	377
	389	377
	388	378
	387	378
	386	378
	385	378
	384	377
	384	376
	383	376
	383	375
	383	374
	384	374
	385	373
	386	373
	387	373
	388	373
	389	373
	389	374
	389	375
	389	376
	390	376
	391	376
	392	376
	393	376
	393	375
	393	374
	393	373
	393	372
	393	371
	394	371
.PEN_UP
.PEN_DOWN
	400	376
	400	374
	400	373
	400	372
	400	371
	401	371
	401	372
	401	373
	401	374
	401	375
	401	376
	402	376
	402	377
	403	377
	404	377
	405	377
	406	377
	407	377
	408	377
	408	376
	409	376
	410	376
	411	375
	411	374
	411	373
	411	372
	410	371
	410	370
	410	369
	411	369
.PEN_UP
.PEN_DOWN
	437	376
	437	375
	438	375
	438	374
	438	373
	438	372
	438	371
	438	370
	439	370
	439	369
	439	368
	439	369
	439	370
	440	370
	440	371
	440	372
	440	373
	440	374
	441	376
	442	377
	443	377
	444	377
	445	377
	445	376
	446	376
	446	375
	446	374
	446	373
	446	372
	446	371
	447	370
	447	369
	447	368
	447	369
	447	370
	448	370
	448	371
	448	372
	448	373
	449	374
	450	375
	450	376
	451	376
	452	376
	452	377
	453	377
	453	376
	454	375
	454	374
	454	373
	454	372
	455	371
	455	370
	455	369
	455	368
	456	368
	456	369
	456	370
.PEN_UP
.PEN_DOWN
	466	374
	466	375
	465	376
	464	376
	463	376
	462	376
	461	376
	460	376
	460	375
	459	375
	459	374
	459	373
	460	373
	460	372
	460	371
	461	371
	462	371
	463	370
	464	370
	464	371
	464	372
	464	373
	465	373
	466	373
	466	372
	467	372
	467	371
	467	370
	468	369
	468	368
	469	368
	469	367
	470	367
	471	367
.PEN_UP
.PEN_DOWN
	481	376
	481	375
	481	376
	482	376
	481	376
	482	376
	482	375
	483	375
	483	374
	483	375
	483	376
	482	376
	481	376
	480	376
	479	376
	478	376
	478	375
	477	375
	477	374
	476	373
	476	372
	476	371
	477	371
	477	370
	478	369
	479	368
	480	368
	481	368
	482	368
	482	369
	483	369
	484	370
	484	371
	484	372
	484	373
	484	374
	483	374
	483	375
	483	374
	483	373
	484	372
	484	371
	484	370
	484	369
	485	368
	485	367
	485	366
	485	365
	485	363
	485	362
	485	361
	485	360
	485	359
	485	358
	485	357
	485	356
	484	356
	484	355
	483	355
	482	355
	481	355
	480	355
	479	355
	479	356
	478	356
	478	357
.PEN_UP
.PEN_DOWN
	493	372
	493	371
	493	370
	493	369
	494	368
	494	367
	494	366
	495	366
.PEN_UP
.PEN_DOWN
	491	383
	492	382
	492	381
	493	381
.PEN_UP
.PEN_DOWN
	507	376
	507	375
	506	375
	505	375
	504	374
	504	373
	503	373
	503	372
	502	372
	502	371
	502	370
	502	369
	503	368
	503	367
	504	367
	505	367
	506	367
	507	367
	508	367
	509	367
	510	367
	511	368
	512	368
	513	368
.PEN_UP
.PEN_DOWN
	520	372
	520	371
.PEN_UP
