
.WRITER_ID BeckyHammaker
.STYLE PRINTED
.PEN_DOWN
	97	387
	97	388
	97	387
	97	385
	98	384
	98	383
	98	382
	98	381
	98	380
	98	379
	99	378
	99	377
	99	376
	100	374
	100	373
	100	372
	100	371
	101	371
	101	370
.PEN_UP
.PEN_DOWN
	91	379
	92	379
	93	379
	94	379
	95	379
	96	379
	97	379
	98	379
	99	379
	100	379
	101	380
	102	380
	103	380
	104	380
	105	380
.PEN_UP
.PEN_DOWN
	104	391
	105	391
	105	390
	106	390
	106	389
	107	387
	107	386
	108	385
	108	384
	108	383
	109	382
	109	381
	109	380
	109	379
	110	378
	110	377
	111	376
	111	375
	111	374
	112	374
	112	373
	112	372
	112	373
	112	374
	112	375
	112	376
	112	377
	112	378
	112	379
	113	379
	113	380
	114	380
	115	381
	116	381
	117	381
	118	380
	119	380
	119	379
	119	378
	119	377
	120	376
	120	375
	120	374
	120	373
	121	373
	121	372
	122	372
.PEN_UP
.PEN_DOWN
	131	378
	131	379
	131	380
	130	380
	130	381
	129	381
	128	381
	127	380
	126	379
	125	378
	125	377
	125	376
	125	375
	126	375
	127	375
	128	375
	129	375
	130	375
	130	376
	131	376
	131	377
	131	378
	131	379
	132	380
	132	379
	133	378
	133	377
	134	376
	134	375
	134	374
	134	373
	134	372
	135	372
	135	371
.PEN_UP
.PEN_DOWN
	140	388
	140	387
	140	386
	141	385
	141	384
	141	383
	141	382
	141	381
	141	380
	142	380
	142	379
	142	378
	142	377
	142	376
	142	375
	143	374
	143	373
	144	373
	144	374
.PEN_UP
.PEN_DOWN
	137	382
	138	381
	139	381
	140	381
	141	381
	142	381
	143	381
	144	381
	145	381
	146	380
.PEN_UP
.PEN_DOWN
	154	370
	155	370
	155	369
	155	368
	155	367
	155	366
	155	365
	155	364
	155	363
	156	363
.PEN_UP
.PEN_DOWN
	179	378
	179	379
	179	380
	179	381
	178	381
	178	382
	177	382
	176	382
	175	382
	174	382
	173	382
	172	381
	171	380
	170	380
	169	379
	169	378
	169	377
	168	376
	169	375
	169	374
	170	374
	171	374
	172	373
	173	373
	174	373
	175	373
	177	373
	178	373
	179	374
	180	374
	180	375
	181	375
	181	376
	180	376
	180	377
	180	378
	181	378
	182	378
	183	378
	183	377
	184	376
	184	375
	184	374
	185	373
	185	372
	185	371
	186	371
.PEN_UP
.PEN_DOWN
	188	379
	188	378
	189	377
	189	376
	189	375
	190	375
	190	374
	190	373
	190	372
	191	372
	191	371
	191	372
	191	373
	191	374
	192	375
	192	376
	192	377
	193	377
	193	378
	194	379
	195	380
	196	380
	197	380
	198	380
	198	379
	199	378
	199	377
	199	376
	199	375
	199	374
	200	373
	200	372
	201	372
	201	371
	202	371
	202	372
.PEN_UP
.PEN_DOWN
	205	380
	206	380
	206	379
	206	378
	206	377
	207	377
	207	376
	207	375
	208	374
	209	374
	209	373
	210	373
.PEN_UP
.PEN_DOWN
	214	382
	213	381
	213	380
	212	379
	212	378
	212	377
	212	376
	212	375
	211	375
	211	374
	211	373
	211	372
	211	371
	211	370
	210	368
	210	367
	210	366
	210	365
	210	363
	209	363
	209	362
	209	361
	209	360
.PEN_UP
.PEN_DOWN
	220	381
	221	381
	221	380
	222	379
	222	378
	222	377
	222	376
	223	376
	223	375
	223	374
	223	373
	224	373
	224	372
	224	371
	225	370
	225	371
	226	371
	226	372
	226	373
	227	374
	227	375
	228	375
	228	376
	229	376
	229	377
	230	377
	230	378
	231	378
	231	377
	231	376
	232	376
	232	375
	232	374
	232	373
	232	372
	233	371
	233	370
	234	369
	235	369
	235	370
	236	370
	236	371
	236	372
	237	373
	237	374
	237	375
	237	376
	238	377
	238	378
	238	380
	239	380
	239	381
	239	382
	239	383
	239	382
	239	381
.PEN_UP
.PEN_DOWN
	252	376
	251	377
	250	377
	249	377
	248	377
	247	377
	247	376
	246	376
	245	375
	245	374
	245	373
	246	372
	246	371
	247	371
	248	371
	249	371
	250	371
	251	371
	252	371
	252	372
	252	373
	252	374
	252	375
	252	376
	253	376
	253	375
	253	374
	253	373
	254	373
	254	372
	254	371
	255	371
	255	370
	256	370
	257	370
	258	370
.PEN_UP
.PEN_DOWN
	261	376
	262	375
	263	374
	263	373
	264	372
	264	371
	265	371
	266	370
	266	369
	267	369
	269	368
	270	368
.PEN_UP
.PEN_DOWN
	272	380
	272	379
	271	379
	271	378
	271	377
	271	376
	270	376
	270	375
	270	374
	270	373
	269	372
	269	371
	269	370
	269	369
	269	368
	269	367
	268	366
	268	363
	268	362
	268	361
	267	360
	267	359
	267	358
	268	358
	268	359
	268	358
	269	358
	269	357
.PEN_UP
.PEN_DOWN
	282	373
	282	372
	283	372
	282	372
	282	373
	282	372
	282	371
	283	371
	283	370
	284	370
.PEN_UP
.PEN_DOWN
	300	386
	300	385
	301	385
	301	384
	301	383
	301	382
	301	381
	301	380
	301	379
	301	377
	301	376
	301	375
	301	374
	301	373
	301	372
	301	371
	302	371
	302	370
	302	369
	303	369
	304	369
.PEN_UP
.PEN_DOWN
	294	383
	294	382
	294	383
	295	383
	296	383
	296	384
	297	384
	297	385
	298	385
	298	386
	299	386
	300	387
	301	387
	302	388
	303	388
	304	388
	305	388
	306	388
	307	387
	308	387
	308	386
	309	386
	309	385
	309	384
	309	383
	309	382
	308	381
	307	380
	306	380
	306	379
	305	379
	304	379
	304	378
	303	378
	302	377
	301	377
	302	377
	303	377
	304	377
	305	376
	306	376
	307	376
	307	375
	308	375
	308	374
	309	373
	309	372
	310	371
	310	370
	311	370
	311	369
	311	368
	312	368
	312	367
	313	367
.PEN_UP
.PEN_DOWN
	317	371
	318	371
	318	370
	318	369
	318	368
	318	367
.PEN_UP
.PEN_DOWN
	315	381
	315	380
	316	380
.PEN_UP
.PEN_DOWN
	323	371
	323	370
	323	369
	323	368
	324	367
	324	366
	325	366
	325	367
	325	368
	325	369
	325	370
	325	371
	325	372
	325	373
	325	374
	326	375
	327	375
	328	375
	329	375
	330	375
	330	374
	331	374
	332	374
	332	373
	332	372
	332	371
	333	371
	333	370
	333	369
	333	368
	333	367
	333	366
	334	366
.PEN_UP
.PEN_DOWN
	342	376
	341	376
	340	375
	339	374
	338	374
	338	373
	338	372
	338	371
	339	370
	339	369
	340	369
	340	368
	341	368
	342	368
	342	367
	343	367
	344	367
	344	368
	345	368
	346	368
.PEN_UP
.PEN_DOWN
	350	371
	351	371
	352	372
	352	373
	353	373
	353	374
	352	374
	352	375
	351	375
	351	374
	350	374
	349	374
	349	373
	348	373
	348	372
	348	371
	348	370
	348	369
	348	368
	348	367
	349	367
	349	366
	350	366
	351	365
	352	365
	353	365
	354	365
	355	365
	356	365
	357	365
	357	366
.PEN_UP
.PEN_DOWN
	358	377
	358	376
	358	375
	358	374
	359	374
	359	373
	359	372
	359	371
	359	370
	360	369
	360	368
	361	368
	361	367
	362	367
	362	368
	363	368
	363	369
	364	370
	365	370
	365	371
	366	371
	366	372
	367	373
	367	374
	367	373
	367	372
	368	372
	368	371
	368	370
	369	369
	369	368
	370	368
	371	367
	371	368
	372	369
	372	370
	373	370
	373	371
	374	372
	374	373
	374	374
	375	374
	375	375
	375	376
	375	377
	375	378
	375	379
	375	380
	374	380
.PEN_UP
.PEN_DOWN
	380	373
	381	373
	381	372
	381	371
	381	370
	381	369
	381	368
	382	368
	382	367
.PEN_UP
.PEN_DOWN
	378	385
	378	386
	379	386
.PEN_UP
.PEN_DOWN
	384	375
	385	374
	385	373
	385	372
	385	371
	385	370
	385	369
	385	368
	385	367
	386	367
	386	366
	387	366
	387	367
	388	368
	388	369
	388	370
	388	371
	388	372
	388	373
	388	374
	388	375
	388	376
	388	377
	389	377
	389	378
	390	378
	390	379
	391	379
	392	379
	393	379
	393	378
	394	378
	395	377
	395	376
	395	375
	395	374
	395	373
	395	372
	394	371
	394	370
	394	369
	395	369
	396	370
	396	371
.PEN_UP
.PEN_DOWN
	403	375
	403	376
	402	376
	402	377
	401	377
	400	377
	398	376
	397	376
	397	375
	397	374
	396	374
	396	373
	396	372
	396	371
	397	370
	398	369
	399	369
	399	368
	400	368
	401	368
	402	368
	403	368
	403	369
	404	370
	404	371
	405	372
	405	373
	405	375
	405	376
.PEN_UP
.PEN_DOWN
	399	398
	400	398
	401	397
	401	396
	402	395
	402	394
	402	393
	402	392
	402	391
	402	389
	402	387
	402	384
	402	383
	402	381
	402	380
	402	379
	402	377
	402	376
	402	374
	402	373
	402	372
	402	371
	402	370
	402	369
.PEN_UP
.PEN_DOWN
	439	377
	439	378
	438	379
	438	380
	437	380
	436	381
	435	381
	434	381
	434	380
	433	380
	432	380
	432	379
	431	378
	431	377
	431	376
	431	375
	432	375
	432	374
	432	373
	432	372
	433	372
	433	371
	434	371
	434	370
	435	370
	436	370
	437	370
	438	370
	439	370
	439	371
	440	371
	440	372
	440	373
	441	374
	441	375
	441	376
	441	377
	441	378
	440	378
	440	379
	439	380
	438	380
.PEN_UP
.PEN_DOWN
	448	369
	448	370
	448	371
	448	372
	447	373
	447	374
	447	375
	447	376
	446	376
	446	377
	446	378
	445	379
	444	380
	444	381
	444	382
	444	383
	444	384
	444	385
	445	386
	446	387
	447	388
	448	388
	449	388
	450	388
	450	387
.PEN_UP
.PEN_DOWN
	446	379
	447	379
	447	378
	448	378
	448	377
	449	377
	450	377
	451	377
	452	377
.PEN_UP
.PEN_DOWN
	459	387
	459	386
	459	385
	460	385
	460	384
	460	383
	460	382
	460	381
	461	380
	461	379
	461	378
	462	377
	462	376
	462	375
	463	374
	463	373
	463	372
	463	371
.PEN_UP
.PEN_DOWN
	455	380
	456	380
	457	380
	458	380
	459	380
	460	380
	461	380
	462	380
	463	380
	464	380
	465	380
.PEN_UP
.PEN_DOWN
	473	376
	474	375
	475	375
	475	376
	476	376
	477	377
	478	378
	478	379
	478	380
	477	380
	476	380
	475	380
	474	380
	474	379
	473	379
	473	378
	472	377
	472	376
	472	375
	472	374
	472	373
	473	373
	473	372
	474	372
	475	371
	476	371
	477	371
	478	371
	479	370
	480	370
	481	370
.PEN_UP
.PEN_DOWN
	486	376
	486	375
	486	374
	487	373
	487	372
	487	371
	487	370
	487	369
	488	369
	488	368
	488	369
	488	370
	488	371
	488	372
	488	373
	488	374
	488	375
	488	376
	488	377
	489	377
	489	378
	490	379
	491	379
	492	379
	493	379
	494	378
	495	378
	495	377
	495	376
	495	375
	495	374
	496	373
	496	372
	496	371
	497	371
	497	370
.PEN_UP
.PEN_DOWN
	533	384
	532	384
	531	384
	530	384
	529	384
	528	384
	527	383
	526	383
	526	382
	525	382
	524	382
	524	381
	525	381
	526	381
	527	381
	528	381
	529	381
	530	381
	531	381
	532	381
	532	380
	533	380
	534	380
	534	379
	535	378
	535	377
	536	377
	536	376
	536	375
	536	374
	536	373
	535	372
	534	372
	534	371
	533	371
	532	371
	531	371
	530	371
	529	371
	529	372
	528	372
	527	373
	526	373
	526	374
.PEN_UP
.PEN_DOWN
	538	381
	538	380
	538	379
	538	378
	538	377
	538	376
	538	375
	538	374
	539	373
	539	372
	540	371
	541	370
	542	369
	543	369
	544	369
	545	370
	546	370
	546	371
	547	371
	547	372
	548	373
	548	374
	548	375
	548	376
	549	377
	549	378
	549	379
	549	380
	549	381
	548	381
.PEN_UP
.PEN_DOWN
	557	382
	557	381
	556	381
	555	380
	554	380
	554	379
	554	378
	555	378
	556	378
	557	378
	558	378
	559	378
	560	378
	561	377
	562	377
	562	376
	562	375
	562	374
	561	373
	560	372
	559	371
	558	371
	557	371
	557	370
	556	370
	555	370
	555	371
	554	371
	554	372
.PEN_UP
.PEN_DOWN
	572	374
	573	374
	573	373
	573	372
	573	371
	573	370
	573	369
	573	368
	573	367
	573	366
	573	365
	573	364
	574	363
	574	361
	574	360
	574	359
	574	358
	575	358
	575	359
	575	360
	575	361
	574	361
	574	362
	574	364
	574	365
	573	366
	573	367
	572	367
	572	368
	572	369
	572	370
	572	371
	571	372
	571	374
	572	375
	572	376
	572	377
	573	378
	574	379
	575	379
	575	380
	576	380
	577	380
	578	380
	579	380
	580	379
	580	378
	581	378
	581	377
	581	376
	582	375
	582	374
	582	373
	581	372
	581	371
	580	370
	580	369
	579	369
	578	369
	577	368
	576	368
	575	369
	574	369
	574	370
	574	371
.PEN_UP
.PEN_DOWN
	594	373
	595	373
	595	374
	596	374
	596	375
	596	376
	596	377
	595	377
	594	377
	594	376
	593	376
	592	376
	592	375
	592	374
	591	373
	591	372
	592	371
	592	370
	593	370
	593	369
	594	368
	595	367
	596	367
	597	367
	598	367
	599	367
	600	367
	601	367
	602	367
	603	368
.PEN_UP
.PEN_DOWN
	605	380
	605	379
	604	379
	603	378
	603	377
	603	376
	602	376
	602	375
	602	374
	603	374
	603	373
	604	372
	604	371
	605	371
	606	370
	607	370
	608	369
	609	369
	610	369
	611	369
	612	369
	613	369
	614	369
.PEN_UP
.PEN_DOWN
	617	389
	617	388
	617	387
	618	386
	618	385
	619	385
	619	384
	619	383
	620	381
	620	380
	620	379
	621	378
	621	377
	621	376
	622	376
	622	375
	622	374
	622	373
	622	372
	622	371
	622	370
	622	371
.PEN_UP
.PEN_DOWN
	614	381
	616	380
	617	380
	618	380
	619	380
	620	379
	621	379
	622	379
	623	379
	624	379
	625	379
	625	378
	626	378
.PEN_UP
.PEN_DOWN
	635	374
	636	374
	637	374
	637	375
	638	376
	638	377
	639	378
	639	379
	639	380
	638	380
	637	380
	637	379
	636	379
	635	379
	634	378
	633	378
	633	377
	633	376
	632	376
	632	375
	633	375
	633	374
	633	373
	634	373
	634	372
	635	372
	635	371
	636	371
	637	371
	638	371
	639	370
	640	370
	641	370
	642	370
	643	370
	644	370
	645	370
.PEN_UP
.PEN_DOWN
	656	376
	655	376
	655	375
	654	375
	653	375
	652	375
	651	375
	650	375
	648	375
	647	375
	646	375
	646	374
	645	374
	645	373
	645	372
	646	372
	647	371
	648	370
	650	369
	651	369
	652	368
	653	368
	654	368
	655	368
.PEN_UP
.PEN_DOWN
	651	394
	652	394
	652	393
	652	392
	653	392
	653	391
	653	389
	653	388
	654	387
	654	386
	654	385
	654	383
	654	382
	654	380
	655	379
	655	378
	655	377
	656	374
	656	373
	657	372
	657	371
	658	370
	658	369
	659	369
	659	368
.PEN_UP
