
.WRITER_ID BeckyHammaker
.STYLE PRINTED
.PEN_DOWN
	103	369
	103	370
	103	371
	104	372
	104	373
	104	374
	104	375
	105	375
	105	376
	105	377
	105	378
	105	379
	105	380
	106	381
	106	382
	106	383
	106	384
	107	384
	107	385
	107	386
	108	387
	108	388
	109	389
	110	389
	111	389
	111	388
	112	388
	112	387
	112	386
	113	386
	113	385
	114	384
	114	383
	114	382
	115	382
	115	381
	116	380
	116	379
	117	378
	117	377
	117	376
	118	376
	118	375
	118	374
	119	374
	119	373
	119	372
	119	371
	120	371
	120	372
.PEN_UP
.PEN_DOWN
	105	380
	105	379
	106	379
	107	379
	108	379
	109	379
	110	379
	111	379
	112	379
	113	379
	114	379
	115	379
.PEN_UP
.PEN_DOWN
	132	383
	131	383
	130	382
	129	381
	128	381
	128	380
	127	380
	126	380
	126	379
	126	378
	127	378
	128	378
	129	378
	130	378
	131	378
	132	379
	133	379
	134	379
	135	379
	136	378
	137	378
	138	378
	139	377
	140	376
	141	376
	142	375
	143	375
	143	374
	143	373
	143	372
	142	371
	141	371
	140	371
	140	370
	139	370
	138	370
	137	370
	136	370
	135	370
	134	370
	133	370
	133	371
	132	371
	131	371
.PEN_UP
.PEN_DOWN
	158	392
	159	392
	159	391
	159	390
	160	390
	160	389
	161	388
	161	387
	161	386
	162	385
	162	384
	162	383
	162	382
	162	381
	163	380
	163	379
	163	378
	163	377
	163	376
	164	375
	164	374
.PEN_UP
.PEN_DOWN
	156	381
	157	381
	158	381
	159	381
	160	381
	161	381
	163	381
	164	381
	165	381
	166	381
	167	381
.PEN_UP
.PEN_DOWN
	169	394
	169	393
	169	392
	169	391
	170	391
	170	390
	170	389
	171	389
	171	387
	171	386
	172	386
	172	385
	173	384
	173	383
	173	382
	173	381
	173	380
	173	379
	173	378
	173	377
	174	376
	174	375
	174	374
	174	373
	174	374
	174	375
	174	376
	174	377
	175	378
	175	379
	175	380
	176	380
	176	381
	177	381
	178	381
	179	381
	180	380
	181	380
	181	379
	181	378
	182	378
	182	377
	182	376
	183	376
	183	375
	183	374
	184	373
	184	372
	185	372
.PEN_UP
.PEN_DOWN
	189	376
	190	376
	191	376
	191	377
	192	377
	193	378
	194	379
	194	380
	194	381
	194	382
	194	383
	193	383
	192	383
	191	383
	191	382
	190	382
	189	382
	189	381
	188	381
	188	380
	188	379
	188	378
	188	377
	188	376
	188	375
	189	375
	189	374
	190	373
	190	372
	191	372
	191	371
	192	371
	193	371
	194	371
	195	371
	196	371
	197	371
	198	371
	199	371
	200	371
	201	371
	201	372
	202	372
	203	372
.PEN_UP
.PEN_DOWN
	223	370
	223	369
	223	370
	223	371
	222	371
	222	372
	222	373
	222	374
	222	375
	221	376
	221	377
	221	378
	221	379
	221	381
	220	382
	220	383
	220	384
	220	385
	220	386
	220	387
	220	388
	220	389
	220	390
	220	391
	221	392
	222	393
	223	393
	224	393
	225	393
	225	392
	226	392
	226	391
.PEN_UP
.PEN_DOWN
	223	380
	223	379
	224	378
	225	378
	226	378
.PEN_UP
.PEN_DOWN
	235	377
	235	376
	235	375
	235	374
	235	373
	235	372
	235	371
	235	370
	236	370
	237	369
	238	369
	239	369
	239	370
	241	370
	242	370
	242	371
	243	371
	243	372
	244	373
	245	374
	245	375
	245	376
	245	377
	244	378
	244	379
	245	379
	246	379
	246	378
	247	377
	247	376
	248	375
	248	374
	248	373
	249	373
	249	372
	249	371
	250	371
	250	370
	251	370
	252	369
	253	369
.PEN_UP
.PEN_DOWN
	260	376
	260	375
	261	375
	261	374
	261	373
	261	371
	262	371
	262	370
	263	369
	263	368
	263	369
	263	370
	263	371
	263	372
	263	374
	263	375
	263	376
	263	377
	263	378
	264	378
	264	379
	265	379
	266	379
	266	380
	267	380
	268	380
	268	379
	269	379
	270	379
	270	378
	271	377
	271	376
	271	375
	271	374
	272	373
	272	372
	272	371
	272	370
	272	371
	272	372
	272	373
	272	374
	272	375
	273	375
	273	376
	273	377
	273	378
	273	379
	274	379
	274	380
	275	380
	276	380
	277	380
	278	380
	278	379
	279	378
	280	378
	280	377
	281	376
	281	375
	281	374
	282	373
	282	372
	282	371
	282	370
.PEN_UP
.PEN_DOWN
	294	376
	295	376
	297	377
	298	377
	298	378
	299	378
	299	379
	299	380
	298	380
	298	381
	297	381
	296	381
	295	381
	295	380
	294	380
	293	380
	293	379
	292	379
	292	378
	292	377
	292	376
	292	375
	292	374
	293	373
	293	372
	294	372
	295	371
	296	371
	297	370
	298	370
	299	370
	300	370
	301	370
	302	370
	303	370
	304	370
	305	370
	306	370
.PEN_UP
.PEN_DOWN
	315	382
	314	382
	312	381
	311	381
	311	380
	310	380
	309	379
	309	378
	310	378
	311	378
	312	378
	313	378
	314	378
	315	378
	316	378
	317	378
	318	378
	319	378
	320	378
	320	377
	321	377
	321	376
	322	376
	322	375
	323	375
	323	374
	323	373
	323	372
	323	371
	322	371
	322	370
	321	370
	320	370
	319	369
	318	369
	317	369
	317	370
	316	370
	315	370
	314	370
	314	371
.PEN_UP
.PEN_DOWN
	365	380
	366	380
	365	381
	364	382
	363	382
	362	382
	361	382
	360	382
	360	381
	359	381
	359	380
	358	380
	358	379
	358	378
	358	377
	358	376
	359	375
	359	374
	360	374
	360	373
	361	372
	362	372
	362	371
	363	371
	364	371
	365	371
	366	371
	367	371
	367	372
	368	372
	369	373
	370	373
.PEN_UP
.PEN_DOWN
	368	394
	369	394
	369	393
	369	392
	369	391
	369	390
	370	389
	370	388
	370	387
	371	386
	371	385
	371	384
	371	383
	372	381
	372	380
	372	379
	372	377
	372	376
	373	376
	373	375
	373	374
	373	373
	374	373
.PEN_UP
.PEN_DOWN
	382	378
	383	378
	384	378
	384	379
	385	379
	385	380
	385	381
	384	381
	383	381
	382	380
	381	380
	381	379
	380	378
	380	377
	380	376
	380	375
	380	374
	381	374
	381	373
	382	373
	382	372
	383	372
	384	372
	385	372
	386	371
	387	371
	388	371
	389	371
	389	372
	390	372
	391	372
	391	373
.PEN_UP
.PEN_DOWN
	400	377
	400	378
	399	378
	398	378
	397	378
	396	378
	395	378
	394	378
	393	377
	393	376
	392	376
	392	375
	392	374
	393	373
	394	373
	394	372
	395	372
	396	372
	397	372
	398	373
	399	373
	399	374
	400	375
	400	376
	401	376
	401	377
	401	376
	401	375
	402	374
	402	373
	403	372
	404	372
	404	371
	405	371
	406	371
	407	371
.PEN_UP
.PEN_DOWN
	408	378
	408	377
	409	377
	409	376
	410	375
	410	374
	410	373
	411	372
	411	371
	412	371
	412	370
	412	369
	413	369
	412	369
	412	370
	412	371
	412	372
	412	373
	412	374
	412	375
	411	376
	411	377
	411	378
	412	378
	412	379
	413	379
	413	380
	414	380
	415	380
	416	380
	417	380
	418	380
	419	380
.PEN_UP
.PEN_DOWN
	427	374
	428	374
	428	375
	428	376
	428	377
	427	377
	426	377
	425	377
	425	376
	424	376
	423	376
	423	375
	423	374
	423	373
	423	372
	423	371
	423	370
	424	369
	424	368
	425	368
	426	367
	427	367
	428	367
	429	367
	430	367
	431	367
	432	367
	433	367
	433	368
.PEN_UP
.PEN_DOWN
	440	374
	439	374
	438	374
	437	374
	437	373
	436	373
	435	373
	434	372
	434	371
	434	370
	434	369
	434	368
	435	367
	436	367
	437	366
	438	366
	439	366
	440	366
	441	366
	442	366
.PEN_UP
.PEN_DOWN
	437	390
	437	389
	438	389
	438	388
	438	387
	438	386
	438	385
	438	384
	439	383
	439	381
	439	380
	439	379
	439	378
	440	377
	440	376
	440	375
	441	374
	441	373
	441	372
	441	371
	442	370
	443	369
	443	368
.PEN_UP
.PEN_DOWN
	473	371
	472	371
	472	370
	472	371
	472	372
	472	373
	472	374
	472	375
	472	376
	472	377
	472	378
	471	379
	471	380
	471	381
	470	382
	470	383
	470	384
	469	384
	470	384
	470	385
	471	386
	472	386
	473	387
	474	387
	475	387
	476	387
	477	387
	477	386
	478	386
	478	385
.PEN_UP
.PEN_DOWN
	473	376
	474	376
	475	376
	476	376
	477	376
	478	376
.PEN_UP
.PEN_DOWN
	483	376
	484	376
	484	375
	484	374
	484	373
	485	372
	485	371
	486	370
	486	369
	486	368
	486	367
	486	368
	486	369
	486	370
	486	371
	486	372
	486	373
	486	374
	486	375
	487	375
	487	376
	488	376
	489	376
	490	376
	490	375
.PEN_UP
.PEN_DOWN
	494	373
	493	372
	493	371
	492	371
	492	370
	492	369
	493	369
	493	368
	494	367
	495	367
	496	367
	497	367
	497	366
	498	366
	499	367
	500	367
	500	368
	501	368
	501	369
	501	370
	500	370
	500	371
	500	372
	499	372
	499	373
	498	373
	498	374
	497	374
	496	374
	495	374
.PEN_UP
.PEN_DOWN
	507	373
	507	372
	507	371
	508	371
	508	370
	508	369
	509	368
	509	367
	509	366
	509	365
	509	366
	509	367
	510	368
	510	369
	510	370
	510	371
	510	372
	510	373
	510	374
	511	374
	512	375
	513	375
	514	375
	514	374
	515	374
	515	373
	516	372
	516	371
	516	370
	516	369
	516	368
	516	367
	516	366
	517	366
	517	367
	517	368
	517	369
	517	370
	517	371
	518	372
	518	373
	519	374
	520	374
	521	373
	522	372
	523	372
	523	371
	523	370
	523	369
	523	368
	523	367
	524	367
	524	366
	525	366
.PEN_UP
