
.WRITER_ID BeckyHammaker
.STYLE PRINTED
.PEN_DOWN
	132	393
	133	393
	133	394
	134	394
	134	393
	134	392
	134	391
	134	390
	134	389
	134	388
	134	387
	134	386
	134	385
	134	384
	135	383
	135	380
	135	379
	135	378
	135	377
	136	377
	136	376
	136	375
	136	374
	136	373
	136	372
	136	373
	136	374
	136	375
	136	376
	136	377
	136	378
	136	379
	136	380
	136	381
	137	382
	137	383
	138	383
	139	384
	140	384
	141	385
	142	385
	143	385
	144	385
	145	385
	145	384
	146	384
	146	383
	147	383
	147	381
	148	381
	148	380
	148	379
	149	378
	149	377
	149	376
	148	375
	148	374
	147	374
	146	373
	145	373
	144	373
	143	373
	142	373
	141	374
	140	374
	139	374
	139	375
	138	375
	138	376
.PEN_UP
.PEN_DOWN
	159	381
	160	381
	160	380
	160	379
	160	378
	160	377
	160	376
	160	375
	160	374
	160	375
.PEN_UP
.PEN_DOWN
	158	393
	158	392
.PEN_UP
.PEN_DOWN
	180	384
	179	384
	179	385
	178	385
	178	386
	177	386
	176	386
	175	386
	174	386
	174	385
	173	385
	173	384
	172	384
	172	383
	172	382
	172	381
	171	381
	171	380
	171	379
	171	378
	172	378
	172	377
	172	376
	173	376
	174	375
	175	375
	176	375
	177	375
	177	376
	178	376
	178	377
	178	378
	179	378
	179	379
	179	380
	179	381
	179	382
	179	381
	179	380
	179	379
	180	379
	180	378
	180	377
	181	377
	181	376
	181	375
	181	374
	182	373
	182	372
	182	371
	182	370
	183	369
	183	368
	183	367
	183	366
	184	365
	184	364
	184	363
	183	362
	183	361
	183	360
	183	359
	182	359
	182	358
	181	358
	180	357
	179	357
	178	357
	177	357
	176	358
	175	358
	174	358
	174	359
	173	359
	172	359
	172	360
	171	360
.PEN_UP
.PEN_DOWN
	208	383
	209	383
	209	382
	209	381
	210	381
	210	380
	210	379
	210	378
	210	377
	210	376
	210	375
	210	374
	210	373
	211	373
	211	372
.PEN_UP
.PEN_DOWN
	205	392
	205	391
	206	391
.PEN_UP
.PEN_DOWN
	215	381
	216	380
	216	379
	216	378
	216	377
	217	377
	217	376
	217	375
	218	374
	218	373
	218	372
	218	373
	218	374
	218	375
	218	376
	218	377
	218	378
	218	379
	218	380
	218	381
	218	382
	218	383
	219	383
	220	383
	220	384
	221	384
	222	384
	223	384
	224	384
	224	383
	225	383
	226	383
	226	382
	227	382
	227	381
	228	381
	228	380
	228	379
	228	378
	228	377
	228	376
	228	375
	228	374
	228	373
	228	372
	228	371
.PEN_UP
.PEN_DOWN
	233	396
	234	395
	234	394
	234	393
	235	393
	235	392
	235	391
	235	390
	236	390
	236	389
	236	388
	236	387
	236	386
	236	385
	236	384
	236	383
	236	382
	236	381
	236	380
	236	379
	236	378
	236	377
	236	376
	236	375
	236	374
	236	373
	236	372
	237	372
	237	373
.PEN_UP
.PEN_DOWN
	243	392
	243	391
	243	390
	243	389
	242	389
	242	388
	241	387
	241	386
	241	385
	240	384
	240	383
	239	382
	238	381
	238	380
	237	380
	237	379
	237	380
	238	380
	238	381
	239	381
	240	381
	241	381
	242	380
	243	380
	243	379
	244	379
	244	378
	245	378
	245	377
	245	376
	246	375
	246	374
	247	373
	247	372
	248	372
	248	371
	248	372
.PEN_UP
.PEN_DOWN
	254	383
	254	382
	255	382
	255	381
	255	380
	255	379
	256	378
	256	377
	257	376
	257	375
	258	375
	258	374
	259	374
	260	374
	260	373
	260	374
.PEN_UP
.PEN_DOWN
	262	385
	262	384
	262	383
	262	382
	261	381
	261	380
	261	379
	260	378
	260	377
	260	376
	260	375
	259	374
	259	373
	259	371
	258	371
	258	370
	258	369
	258	368
	258	367
	257	366
	257	365
	257	364
	257	363
	257	362
	256	360
	256	359
	256	358
	255	357
	255	356
	255	355
.PEN_UP
.PEN_DOWN
	308	376
	309	376
	309	377
	309	378
	309	379
	308	379
	308	380
	307	380
	307	381
	306	381
	305	381
	304	381
	303	381
	303	380
	302	379
	301	379
	301	378
	301	377
	300	377
	300	376
	300	375
	300	374
	300	373
	301	372
	301	371
	302	371
	302	370
	303	369
	304	369
	305	369
	306	369
	307	369
	308	369
	309	369
	310	370
	311	370
	311	371
	311	372
	311	373
	311	374
	311	375
	311	376
	311	377
	311	378
	311	379
	311	381
	311	383
	311	384
	311	385
	310	386
	310	387
	310	388
	309	389
	309	390
	309	391
	308	392
	308	393
	308	394
	308	395
	308	394
	308	393
	308	392
	309	392
	309	391
	309	390
	309	389
	309	388
	309	387
	310	386
	310	384
	310	383
	311	383
	311	382
	311	381
	311	380
	311	379
	312	378
	312	377
	312	376
	312	375
	312	374
	313	374
	313	373
	313	372
	313	371
	313	370
	314	369
	314	368
	315	368
	315	369
.PEN_UP
.PEN_DOWN
	320	376
	321	376
	321	375
	322	375
	323	375
	324	375
	325	375
	325	376
	326	376
	326	377
	327	377
	327	378
	327	379
	326	380
	326	381
	325	381
	324	382
	323	382
	322	382
	322	381
	321	381
	320	380
	320	379
	319	379
	319	378
	319	377
	319	376
	319	375
	320	375
	320	374
	321	373
	321	372
	322	372
	322	371
	323	371
	324	371
	324	370
	325	370
	326	370
	327	370
	328	370
	329	370
	330	370
	331	370
	331	371
	332	371
	332	372
.PEN_UP
.PEN_DOWN
	333	378
	334	378
	334	377
	335	376
	335	375
	336	374
	337	373
	337	372
	338	372
	339	371
	339	370
	340	370
	341	371
	341	372
	341	373
	342	373
	342	374
	342	375
	343	375
	343	376
	344	377
	344	378
	344	379
	344	380
	344	381
	344	382
.PEN_UP
.PEN_DOWN
	350	376
	351	376
	351	375
	351	374
	351	373
	351	372
	351	371
	351	370
	352	370
	352	369
.PEN_UP
.PEN_DOWN
	350	391
	350	390
.PEN_UP
.PEN_DOWN
	359	389
	360	389
	360	388
	360	387
	361	387
	361	386
	361	385
	361	384
	361	383
	362	383
	362	382
	362	380
	362	379
	362	378
	363	377
	363	376
	363	375
	363	374
	363	373
	363	372
	363	371
	363	370
	363	369
	363	370
.PEN_UP
.PEN_DOWN
	377	382
	376	382
	375	382
	374	382
	374	381
	373	381
	372	381
	371	380
	370	379
	371	379
	372	378
	373	378
	374	378
	375	378
	376	378
	377	378
	378	377
	379	377
	380	377
	381	377
	381	376
	382	376
	382	375
	382	374
	383	374
	383	373
	383	372
	383	371
	383	370
	382	370
	382	369
	381	369
	381	368
	380	368
	379	368
	378	368
	377	368
	376	369
	375	369
	375	370
	374	370
	374	371
.PEN_UP
.PEN_DOWN
	404	382
	405	382
	406	382
	407	382
	407	381
	408	381
	408	380
	408	379
	408	378
	408	377
	409	376
	409	375
	410	374
	410	373
	410	372
	410	371
	411	371
	412	370
	412	369
	412	370
	413	370
	414	371
	415	372
	415	373
	416	373
	416	374
	416	375
	417	375
	417	376
	418	376
	418	377
	419	377
	419	378
	420	378
	420	377
	420	376
	420	375
	420	374
	421	374
	421	373
	421	372
	421	371
	422	371
	423	370
	424	369
	425	369
	426	370
	426	371
	426	372
	426	373
	427	373
	427	374
	427	375
	427	376
	427	377
	427	378
	427	379
	427	380
	427	381
	427	382
	428	383
	428	384
	428	385
	428	386
	428	385
.PEN_UP
.PEN_DOWN
	446	374
	446	375
	446	376
	446	377
	445	378
	444	378
	444	379
	444	380
	443	380
	443	381
	442	381
	441	381
	440	381
	439	381
	438	381
	437	380
	436	379
	436	378
	436	377
	435	376
	435	375
	435	374
	436	374
	436	373
	437	372
	438	372
	438	371
	439	371
	440	371
	441	371
	441	372
	442	372
	442	373
	443	374
	443	375
	444	376
	444	377
	445	377
	446	377
	446	376
	446	375
	447	375
	447	374
	448	374
	448	373
	448	372
	449	372
	450	372
	450	371
	451	371
	452	371
	453	371
.PEN_UP
.PEN_DOWN
	459	382
	459	381
	460	380
	460	379
	460	378
	461	378
	461	377
	462	376
	462	375
	463	375
	463	374
	464	374
	464	373
	465	373
	465	372
	466	372
	467	372
	468	372
	469	372
.PEN_UP
.PEN_DOWN
	466	383
	466	382
	465	382
	465	381
	464	381
	464	380
	463	380
	463	379
	463	378
	462	378
	462	377
	461	377
	461	375
	461	374
	460	374
	460	373
	460	372
	460	371
	459	370
.PEN_UP
.PEN_DOWN
	500	378
	501	378
	502	378
	502	377
	502	376
	502	375
	502	374
	502	373
	503	372
	503	371
	503	370
	503	369
	504	369
	504	368
	504	367
	504	368
	504	369
	503	370
	503	371
	503	372
	503	373
	503	374
	503	375
	503	376
	503	377
	504	377
	504	378
	505	378
	506	378
	507	378
	508	378
	508	377
	509	376
	509	375
	509	374
	510	373
	510	372
	510	371
	510	370
	510	369
	510	368
	510	369
	510	370
	510	371
	510	372
	510	373
	510	374
	511	375
	511	376
	511	377
	512	378
	513	378
	514	378
	515	378
	516	378
	517	378
	517	377
	518	377
	518	376
	518	375
	519	374
	519	373
	519	372
	519	371
	519	370
	519	369
	519	368
	519	367
	520	367
	520	368
.PEN_UP
.PEN_DOWN
	523	373
	524	373
	525	373
	526	373
	527	374
	528	374
	528	375
	529	375
	529	376
	529	377
	529	378
	528	378
	528	379
	527	379
	526	379
	525	379
	524	379
	523	379
	523	378
	522	378
	521	377
	521	376
	521	375
	520	375
	520	374
	520	373
	520	372
	520	371
	521	370
	521	369
	522	369
	523	368
	524	368
	525	368
	525	367
	526	367
	527	367
	528	367
	529	367
	530	367
	531	367
	531	368
	532	368
	533	369
.PEN_UP
.PEN_DOWN
	538	374
	538	373
	539	373
	539	371
	539	370
	540	370
	540	369
	540	368
	541	367
	541	366
	542	366
	541	366
	541	367
	541	368
	541	369
	541	370
	541	371
	541	372
	541	373
	541	374
	541	375
	542	375
	542	376
	543	376
	543	377
	544	377
	545	377
	545	378
	546	378
	547	378
	548	378
	549	378
	550	378
.PEN_UP
.PEN_DOWN
	559	378
	558	378
	557	378
	556	378
	555	377
	554	376
	554	375
	553	375
	553	374
	553	373
	553	372
	553	371
	554	370
	555	369
	556	369
	557	368
	558	368
	559	368
	560	367
	561	367
	561	368
	562	368
	563	368
	564	368
	564	369
.PEN_UP
.PEN_DOWN
	571	375
	571	374
	572	374
	572	373
	572	372
	572	371
	572	370
	572	369
	572	368
.PEN_UP
.PEN_DOWN
	570	389
	570	388
	571	388
.PEN_UP
.PEN_DOWN
	586	366
	586	367
	586	368
	586	369
	586	370
	586	371
	586	372
	586	373
	586	374
	586	375
	586	376
	586	377
	585	377
	585	378
	585	379
	585	380
	585	381
	585	382
	585	383
	585	384
	585	385
	585	386
	586	387
	586	388
	586	389
	587	389
	587	390
	587	391
	588	391
	588	392
	589	392
	590	392
	591	391
	592	391
	593	391
	593	390
	594	390
	595	389
	595	388
.PEN_UP
.PEN_DOWN
	587	374
	588	374
	588	373
	589	373
	590	373
	591	373
	592	373
.PEN_UP
.PEN_DOWN
	601	376
	601	375
	601	374
	600	374
	600	373
	600	372
	600	371
	601	370
	602	369
	603	369
	603	368
	604	368
	605	368
	606	368
	607	368
	608	368
	609	368
	610	368
	611	369
	612	370
	612	371
	612	372
	612	373
	613	373
	613	374
	613	375
	613	374
	613	373
	613	372
	614	371
	614	370
	614	369
	615	369
	615	368
	616	367
	616	366
	617	366
	618	366
	618	367
.PEN_UP
.PEN_DOWN
	622	398
	622	397
	622	396
	623	396
	623	395
	623	394
	623	393
	623	392
	623	391
	623	390
	623	389
	623	387
	623	386
	623	385
	623	384
	623	383
	623	381
	623	380
	623	379
	623	378
	623	377
	623	376
	623	375
	623	373
	623	372
	623	371
	624	371
	624	370
	624	369
.PEN_UP
