
.WRITER_ID BeckyHammaker
.STYLE PRINTED
.PEN_DOWN
	146	392
	147	392
	146	392
	145	392
	144	392
	143	392
	142	392
	142	391
	141	391
	140	391
	139	390
	138	390
	138	389
	137	389
	138	389
	138	388
	138	387
	138	386
	138	385
	139	385
	139	384
	139	383
	139	382
	139	381
	139	380
	138	379
	138	378
	138	377
	138	376
	139	375
	139	374
	139	373
	139	372
	139	371
	138	371
	139	371
	140	371
	141	371
	142	371
	143	371
	144	371
	145	371
	146	371
	147	371
	148	371
	149	371
	150	371
	151	371
.PEN_UP
.PEN_DOWN
	158	392
	158	391
	157	391
	157	390
	157	389
	157	388
	156	388
	156	387
	156	386
	156	385
	156	384
	156	383
	156	382
	156	381
	156	380
	156	379
	156	378
	156	377
	157	376
	157	375
	158	375
	158	374
	159	374
	160	374
.PEN_UP
.PEN_DOWN
	168	385
	168	384
	168	383
	168	382
	169	382
	169	381
	169	380
	169	379
	169	378
	169	377
	169	376
	170	376
	170	375
.PEN_UP
.PEN_DOWN
	176	395
	176	394
	177	394
	178	394
	178	393
	179	393
	179	392
	180	392
	180	391
	181	391
	181	390
	181	389
	182	389
	182	388
	182	387
	182	386
	182	385
	182	384
	182	383
	182	382
	182	381
	182	380
	181	379
	181	378
	181	377
	181	376
	180	376
	180	375
.PEN_UP
.PEN_DOWN
	195	393
	195	392
	194	392
	194	391
	194	390
	193	390
	193	389
	193	388
	192	387
	192	386
	192	385
	192	384
	192	383
	192	382
	192	381
	192	380
	192	379
	193	379
	193	378
	193	377
	194	376
	194	375
	195	375
	195	374
	196	373
	196	372
	197	372
	198	372
	198	373
.PEN_UP
.PEN_DOWN
	201	387
	202	387
	202	386
	203	386
	204	386
	205	386
	206	386
	207	386
	207	385
	208	385
	209	385
	209	384
	209	383
	209	382
	209	381
	209	380
	208	380
	208	379
	208	378
	207	378
	207	377
	207	376
	206	376
	206	375
	207	375
	207	374
	208	374
	209	374
	210	374
	211	374
	212	374
	213	374
	214	374
.PEN_UP
.PEN_DOWN
	216	394
	216	393
	216	392
	217	392
	218	391
	219	390
	219	389
	220	388
	221	387
	221	386
	221	385
	222	385
	222	384
	222	383
	222	381
	222	380
	222	379
	221	378
	221	377
	221	376
	220	375
	220	374
	219	374
	219	373
	219	372
	219	373
.PEN_UP
.PEN_DOWN
	236	394
	236	393
	235	393
	235	392
	235	391
	234	391
	234	390
	234	389
	233	389
	233	388
	232	388
	232	387
	232	386
	232	385
	232	384
	232	383
	232	382
	232	381
	232	380
	232	379
	232	378
	232	377
	233	376
	233	375
	234	374
	235	374
	235	373
	236	373
.PEN_UP
.PEN_DOWN
	239	387
	240	387
	241	387
	242	387
	243	387
	244	387
	244	386
	245	386
	246	386
	247	386
	247	385
	246	385
	246	384
	245	383
	244	383
	244	382
	244	381
	245	381
	245	382
	246	382
	247	382
	247	381
	248	381
	249	380
	249	379
	249	378
	249	377
	248	377
	248	376
	248	375
	247	375
	247	374
	246	373
	245	372
	244	372
	243	372
	243	373
.PEN_UP
.PEN_DOWN
	255	394
	256	394
	257	394
	257	393
	258	393
	258	392
	258	391
	259	391
	259	390
	260	390
	260	389
	260	388
	261	388
	261	387
	261	386
	261	385
	262	385
	262	384
	262	383
	262	382
	262	381
	262	380
	262	379
	262	378
	262	377
	262	376
	261	376
	261	375
	261	374
	260	373
	260	372
	259	372
	259	371
	258	371
.PEN_UP
.PEN_DOWN
	278	394
	278	393
	277	393
	277	392
	277	391
	276	391
	276	390
	276	389
	275	389
	275	388
	275	387
	275	386
	274	386
	274	385
	274	384
	274	383
	274	382
	274	381
	274	380
	274	379
	274	378
	274	377
	274	376
	275	376
	275	375
	275	374
	276	373
	277	372
	277	371
	278	371
	278	370
	279	370
	280	370
.PEN_UP
.PEN_DOWN
	286	387
	286	386
	285	386
	285	385
	285	384
	284	384
	284	383
	284	382
	284	381
	285	380
	286	380
	287	380
	287	379
	288	379
	289	379
	290	379
	291	379
	291	378
.PEN_UP
.PEN_DOWN
	292	387
	292	386
	292	385
	293	384
	293	383
	293	382
	293	380
	293	379
	293	378
	293	377
	293	376
	293	375
	293	374
	293	373
	293	372
.PEN_UP
.PEN_DOWN
	297	398
	298	397
	298	396
	299	396
	299	395
	300	395
	300	394
	301	394
	302	393
	303	392
	304	391
	304	390
	304	389
	304	388
	304	386
	304	385
	304	384
	304	383
	304	382
	304	381
	303	381
	303	380
	303	379
	302	378
	301	376
	301	375
	301	374
	300	374
	300	373
	300	372
	300	371
.PEN_UP
.PEN_DOWN
	321	394
	320	393
	320	392
	320	391
	319	391
	319	390
	318	389
	318	388
	317	388
	317	387
	317	386
	316	386
	316	385
	315	384
	315	383
	315	382
	315	381
	315	380
	315	379
	315	378
	315	377
	315	376
	316	375
	316	374
	317	373
	318	372
	318	371
	319	371
	320	371
.PEN_UP
.PEN_DOWN
	326	384
	327	384
	328	384
	329	383
	330	383
	331	383
	332	383
	333	383
	334	383
	334	384
	335	384
	335	383
.PEN_UP
.PEN_DOWN
	327	384
	327	383
	328	382
	328	381
	328	380
	327	380
	327	379
	327	378
	327	377
	327	378
	328	378
	329	378
	329	379
	330	379
	331	379
	332	379
	333	378
	334	378
	335	378
	335	377
	336	377
	336	376
	337	376
	337	375
	337	374
	337	373
	337	372
	337	371
	336	371
	336	370
	335	370
	335	369
	334	369
	333	369
	332	369
	331	369
	330	369
	329	370
	328	370
	328	371
	327	372
.PEN_UP
.PEN_DOWN
	346	397
	346	396
	347	396
	348	395
	348	394
	349	394
	349	393
	350	393
	350	392
	351	392
	351	391
	351	390
	352	389
	352	388
	352	387
	352	386
	352	385
	352	384
	352	383
	352	381
	352	380
	352	379
	352	378
	351	377
	351	376
	351	375
	350	374
	350	373
	350	372
	349	372
	349	371
	348	371
	347	371
	346	371
.PEN_UP
.PEN_DOWN
	355	401
	356	401
	356	400
	357	400
	358	399
	359	399
	360	399
	360	398
	361	398
	362	398
	363	398
	364	397
	365	397
	366	397
	366	396
	367	396
	367	395
	367	394
	367	393
	367	392
	367	391
	367	390
	367	389
	367	388
	367	387
	367	386
	367	385
	367	384
	367	382
	367	381
	367	380
	367	379
	367	378
	367	377
	367	376
	367	375
	367	374
	368	374
	367	374
	366	373
	365	373
	364	373
	363	372
	362	372
	361	372
	361	371
	360	371
.PEN_UP
