
.WRITER_ID BeckyHammaker
.STYLE PRINTED
.PEN_DOWN
	132	392
	132	393
	132	392
	133	391
	133	390
	133	389
	133	388
	133	387
	133	385
	134	384
	134	383
	134	382
	134	380
	134	378
	134	377
	134	376
	134	375
	134	374
	135	373
	135	372
	135	371
	135	370
	135	369
	136	369
.PEN_UP
.PEN_DOWN
	148	371
	149	371
	148	371
	148	372
	148	373
	147	374
	147	375
	147	376
	147	377
	147	378
	147	380
	146	380
	146	381
	146	382
	146	383
	146	384
	146	385
	145	386
	145	387
	145	388
	145	389
	145	390
	145	391
	146	391
	146	392
	146	393
	146	394
	147	394
	148	394
	148	395
	149	395
	150	395
	151	395
	152	395
	153	395
	154	395
	155	395
	156	395
	157	395
	158	395
	158	394
.PEN_UP
.PEN_DOWN
	146	381
	147	380
	148	380
	149	380
	150	380
	151	380
	152	380
	153	380
	154	380
	155	380
.PEN_UP
.PEN_DOWN
	194	370
	194	371
	194	372
	194	373
	194	374
	194	376
	195	377
	195	378
	195	379
	195	380
	196	380
	196	381
	196	382
	196	383
	196	384
	197	385
	197	386
	198	386
	198	387
	199	387
	199	386
	199	385
	200	384
	200	383
	201	382
	201	381
	201	380
	201	379
	202	379
	202	378
	202	377
	203	376
	204	376
	204	377
	204	378
	205	379
	205	380
	205	381
	206	382
	207	383
	207	384
	208	385
	209	386
	209	387
	210	387
	210	388
	210	389
	211	389
	211	388
	211	387
	211	386
	211	385
	211	384
	212	384
	212	382
	212	381
	212	380
	212	379
	212	378
	212	377
	212	376
	212	375
	212	374
	212	373
	212	372
	212	371
	213	371
	213	372
.PEN_UP
.PEN_DOWN
	218	379
	219	378
	219	377
	220	377
	220	376
	220	375
	221	375
	221	374
	221	373
	222	373
	222	372
	223	372
	223	371
	224	371
	225	371
.PEN_UP
.PEN_DOWN
	226	379
	226	378
	226	377
	226	376
	226	375
	226	374
	226	373
	225	373
	225	372
	225	371
	225	370
	224	369
	224	368
	224	367
	224	366
	224	364
	224	363
	223	362
	223	361
	223	360
	223	359
	223	358
	224	357
.PEN_UP
.PEN_DOWN
	247	391
	247	390
	247	389
	247	388
	247	387
	247	386
	247	385
	247	384
	247	383
	247	382
	247	381
	247	380
	247	379
	247	377
	247	376
	247	375
	247	374
	247	373
	246	372
	246	371
	246	370
.PEN_UP
.PEN_DOWN
	247	390
	248	390
	248	389
	249	389
	249	388
	249	387
	250	386
	250	385
	251	384
	251	383
	252	383
	252	381
	253	380
	253	379
	254	378
	254	377
	255	376
	255	375
	256	374
	257	373
	257	372
	257	371
	258	371
	258	370
	259	370
	260	371
	260	372
	261	372
	261	373
	261	374
	261	375
	261	376
	261	378
	261	379
	261	380
	262	381
	262	382
	262	383
	262	385
	262	387
	262	388
	263	389
	263	390
	263	391
	263	392
	263	393
.PEN_UP
.PEN_DOWN
	278	372
	279	372
	279	373
	280	373
	280	374
	280	375
	280	376
	280	377
	279	377
	278	378
	277	378
	276	378
	275	377
	274	377
	273	376
	273	375
	272	375
	272	374
	272	373
	272	372
	272	371
	273	371
	274	371
	275	371
	276	371
	277	371
	278	371
	278	372
	279	372
	280	373
	280	374
	280	375
	281	375
	281	374
	281	373
	282	373
	282	372
	283	372
	283	371
	283	370
	284	370
	285	370
	285	371
.PEN_UP
.PEN_DOWN
	288	378
	288	377
	288	376
	289	376
	289	375
	289	374
	289	373
	289	372
	289	371
	289	370
	290	370
	290	369
	290	368
	290	369
	290	370
	290	371
	290	372
	290	373
	290	374
	290	375
	290	376
	291	376
	291	377
	292	378
	293	378
	294	378
	295	377
	296	376
	296	375
	296	374
	296	373
	296	372
	296	371
	296	370
	297	371
	297	372
	298	373
	298	374
	298	376
	299	377
	299	378
	300	378
	300	379
	301	379
	302	379
	302	378
	303	378
	303	377
	304	376
	304	375
	305	375
	305	374
	305	373
	305	372
	305	371
	305	370
	305	369
	306	369
.PEN_UP
.PEN_DOWN
	311	373
	312	373
	313	373
	314	373
	315	374
	316	374
	316	375
	317	375
	317	376
	317	377
	318	377
	318	378
	318	379
	317	379
	317	380
	316	380
	315	380
	314	380
	313	380
	312	379
	311	378
	310	377
	310	376
	310	375
	310	374
	310	373
	310	372
	310	371
	311	371
	312	371
	312	370
	313	370
	314	370
	315	370
	316	370
	317	370
	318	370
	319	370
	320	370
	321	370
	322	370
	323	370
	324	370
	325	370
	326	370
	327	370
.PEN_UP
.PEN_DOWN
	336	380
	337	380
	338	380
	339	380
	340	380
	341	380
	342	380
	343	380
	344	380
	345	380
	346	380
	347	380
	347	379
.PEN_UP
.PEN_DOWN
	340	374
	340	373
	341	373
	342	373
	342	372
	343	372
	344	372
	345	372
	345	373
	346	373
	347	373
	348	373
.PEN_UP
.PEN_DOWN
	373	394
	373	393
	373	392
	373	391
	372	390
	372	389
	372	388
.PEN_UP
.PEN_DOWN
	380	392
	380	391
	380	390
	380	389
	380	388
	380	387
.PEN_UP
.PEN_DOWN
	396	393
	396	392
	397	392
	397	391
	398	390
	398	389
	399	389
	399	388
	399	387
	400	386
	401	385
	402	384
	402	383
	403	383
	404	382
	404	381
	405	381
	406	381
	406	382
	406	383
.PEN_UP
.PEN_DOWN
	410	393
	410	392
	410	391
	409	391
	409	390
	408	390
	408	389
	408	388
	407	387
	407	386
	406	385
	406	384
	406	383
	406	382
	406	381
	406	380
	406	379
	406	378
	406	377
	406	376
	406	375
	406	374
	406	373
	406	372
	406	371
	407	371
.PEN_UP
.PEN_DOWN
	417	379
	416	379
	415	379
	415	378
	415	377
	415	376
	415	375
	415	374
	415	373
	416	372
	416	371
	417	371
	417	370
	418	370
	418	369
	419	369
	420	369
	421	369
	422	369
	422	370
	423	370
	423	371
	424	372
	424	373
	424	374
	424	375
	424	376
	424	377
	424	378
	423	379
	422	380
	421	380
	420	380
	419	380
	418	380
.PEN_UP
.PEN_DOWN
	428	377
	428	376
	428	375
	428	374
	428	373
	429	372
	429	371
	429	370
	430	369
	431	368
	432	368
	433	368
	434	369
	435	369
	435	370
	436	370
	436	371
	437	371
	437	372
	437	373
	437	374
	438	375
	438	376
	438	377
	438	378
	438	377
	438	376
	438	375
	438	374
	438	373
	439	372
	439	371
	440	370
	441	369
	442	369
	443	369
	443	368
	444	368
	444	369
.PEN_UP
.PEN_DOWN
	446	376
	446	375
	447	374
	447	373
	447	372
	447	371
	448	371
	448	370
	448	369
	448	368
	448	367
	449	367
	449	366
	449	367
	449	368
	448	369
	448	370
	448	371
	448	372
	448	374
	449	374
	449	375
	449	376
	449	377
	450	377
	450	378
	451	378
	452	378
	453	378
	454	378
	455	378
	456	378
	457	378
.PEN_UP
.PEN_DOWN
	475	387
	476	387
	476	386
	476	385
	477	383
	477	382
	477	381
	478	380
	478	379
	478	378
	478	377
	478	376
	478	375
	478	374
	478	372
	478	371
	478	370
	478	369
	479	369
	479	368
	479	369
.PEN_UP
.PEN_DOWN
	478	389
	479	389
	480	389
	481	389
	482	389
	483	389
	484	389
	485	390
	486	390
	487	390
	488	390
	489	390
.PEN_UP
.PEN_DOWN
	479	375
	480	375
	480	374
	481	374
	482	374
	483	374
	484	374
	485	374
	486	374
	486	375
	487	375
.PEN_UP
.PEN_DOWN
	497	376
	497	375
	498	374
	498	373
	499	371
	500	370
	500	369
	500	368
	500	369
	500	370
	499	370
	499	371
	499	372
	498	373
	498	374
	498	375
	498	376
	498	377
	499	377
	499	378
	500	378
	500	379
	501	379
	502	379
	503	380
	504	380
	505	380
	506	380
.PEN_UP
.PEN_DOWN
	510	374
	510	373
	511	372
	511	371
	512	370
	512	369
	512	368
	513	368
	513	369
.PEN_UP
.PEN_DOWN
	509	383
	510	383
.PEN_UP
.PEN_DOWN
	519	373
	520	373
	520	374
	521	374
	521	375
	522	375
	523	375
	523	376
	524	376
	524	377
	525	378
	524	378
	523	378
	522	378
	521	378
	521	377
	520	377
	520	376
	519	376
	518	376
	518	375
	518	374
	518	373
	518	372
	518	371
	519	371
	520	370
	521	369
	522	368
	523	368
	524	368
	525	368
	526	368
	527	367
	528	367
	529	368
	530	368
.PEN_UP
.PEN_DOWN
	534	374
	535	374
	535	373
	535	372
	535	371
	536	371
	536	370
	536	369
	536	368
	536	369
	536	370
	536	371
	536	372
	536	373
	536	374
	536	375
	536	376
	537	377
	537	378
	537	379
	538	379
	539	380
	540	380
	541	379
	542	378
	543	377
	543	376
	544	376
	544	375
	544	374
	544	373
	545	373
	545	372
	545	371
	545	370
	545	369
	546	368
	546	369
	546	370
.PEN_UP
.PEN_DOWN
	563	376
	563	377
	562	377
	561	377
	560	377
	560	378
	559	378
	558	378
	557	378
	557	377
	556	377
	555	376
	555	375
	555	374
	554	374
	554	373
	554	372
	554	371
	555	370
	555	369
	556	368
	557	367
	558	367
	559	367
	560	367
	561	367
	562	367
	563	367
	564	367
	565	368
	565	369
	566	370
	566	371
	566	372
	566	374
	566	375
	566	376
	566	377
	566	378
	566	379
	566	380
	566	381
	565	382
	565	383
	565	385
	565	386
	565	387
	565	388
	565	389
	565	390
	565	391
	565	392
	564	392
	564	391
	564	390
	564	389
	564	388
	564	387
	564	386
	565	386
	565	385
	565	384
	565	383
	566	381
	566	380
	566	379
	567	378
	568	376
	568	375
	568	374
	569	373
	570	372
	570	371
	571	371
	571	370
	572	370
.PEN_UP
.PEN_DOWN
	582	373
	583	373
	583	372
	584	372
	585	372
	585	371
	586	371
	586	370
	586	369
	586	368
	586	367
	586	366
	586	365
	586	364
	586	363
.PEN_UP
.PEN_DOWN
	597	400
	598	400
	598	399
	598	398
	599	398
	599	397
	599	396
	600	395
	600	394
	600	393
	600	392
	601	392
.PEN_UP
.PEN_DOWN
	607	403
	607	402
	608	402
	608	401
	608	400
	609	399
	609	398
	609	397
	610	397
	610	396
.PEN_UP
