
.WRITER_ID BeckyHammaker
.STYLE PRINTED
.PEN_DOWN
	122	386
	122	387
	121	387
	120	387
	120	386
	119	386
	119	385
	118	385
	118	384
	118	383
	117	382
	117	381
	117	380
	117	379
	117	378
	117	377
	117	376
	117	375
	117	374
	118	374
	118	373
	118	372
	119	372
	119	371
	120	371
	121	371
	122	370
	123	370
	123	369
	124	369
	125	369
	126	369
	127	369
	128	369
	128	370
	129	370
	130	370
	131	371
	132	371
	132	372
	133	373
	134	374
	134	375
	134	376
	134	377
	134	378
	134	380
	134	381
	134	382
	134	383
	134	384
	134	385
	133	385
	132	386
	132	387
	131	388
	130	389
	129	389
	128	390
	127	390
	126	390
	125	390
	124	389
	123	389
	122	389
	122	388
	121	388
	121	387
.PEN_UP
.PEN_DOWN
	141	380
	142	380
	142	379
	142	378
	143	378
	143	377
	143	376
	144	375
	144	374
	145	374
	145	373
	145	372
	146	371
	146	370
	147	370
	147	371
	148	371
	148	372
	148	373
	148	374
	148	375
	148	376
	148	377
	148	378
	149	378
	149	379
	149	380
	149	381
	149	382
	149	383
	149	384
	150	384
.PEN_UP
.PEN_DOWN
	157	376
	158	376
	159	377
	160	378
	161	379
	161	380
	161	381
	160	381
	159	381
	159	380
	158	380
	157	380
	157	379
	157	378
	156	377
	156	376
	156	375
	157	375
	157	374
	157	373
	158	373
	158	372
	159	372
	159	371
	160	371
	161	371
	162	371
	163	371
	164	371
	165	371
	165	372
	166	372
	166	373
.PEN_UP
.PEN_DOWN
	171	376
	171	375
	171	374
	172	374
	172	373
	172	372
	173	372
	173	371
	174	370
	174	371
	173	371
	173	372
	173	373
	173	374
	173	375
	173	376
	173	377
	173	378
	174	379
	174	380
	175	380
	176	380
	176	381
	177	381
	178	381
	179	382
.PEN_UP
.PEN_DOWN
	218	392
	218	391
	218	390
	218	389
	218	388
	218	387
	218	385
	219	384
	219	383
	219	382
	219	381
	219	380
	219	379
	219	378
	219	377
	219	376
	219	375
	219	374
	219	373
.PEN_UP
.PEN_DOWN
	207	394
	208	394
	208	393
	209	393
	210	393
	211	393
	212	393
	213	393
	214	393
	216	393
	217	393
	218	393
	219	393
	220	394
	221	394
	222	394
	223	394
	224	394
	225	394
	226	394
	227	394
	228	394
	229	394
.PEN_UP
.PEN_DOWN
	231	392
	232	392
	232	391
	232	390
	232	389
	232	388
	232	387
	232	386
	232	385
	232	384
	232	383
	232	382
	232	381
	232	380
	232	379
	232	378
	233	377
	233	376
	233	375
	233	374
	233	373
	233	372
	233	373
	233	374
	233	375
	234	375
	234	376
	234	377
	235	378
	235	379
	235	380
	236	380
	236	381
	237	381
	237	382
	238	382
	239	382
	239	381
	240	381
	240	380
	241	380
	241	379
	242	379
	242	378
	242	377
	242	376
	243	376
	243	375
	243	374
	243	373
	244	372
	245	372
	245	373
	246	373
.PEN_UP
.PEN_DOWN
	252	375
	253	376
	254	376
	254	377
	255	377
	255	378
	255	379
	256	379
	256	380
	256	381
	255	381
	254	381
	253	381
	252	380
	251	380
	251	379
	250	379
	250	378
	249	378
	249	377
	249	376
	249	375
	249	374
	250	373
	250	372
	251	372
	252	371
	253	371
	254	371
	256	371
	257	371
	258	371
	259	371
	260	371
	261	372
	262	372
.PEN_UP
.PEN_DOWN
	301	397
	301	396
	301	395
	301	394
	302	393
	302	392
	302	391
	301	389
	301	388
	301	387
	301	386
	301	385
	301	384
	301	383
	301	382
	301	381
	301	380
	301	378
	301	377
	301	376
	301	375
	301	376
	302	376
	303	376
	304	376
	304	377
	305	377
	306	377
	307	377
	308	377
	309	377
	310	377
	312	377
	313	377
	314	377
	315	377
	316	377
.PEN_UP
.PEN_DOWN
	329	376
	329	377
	329	378
	329	379
	329	380
	328	381
	327	381
	327	382
	326	382
	325	382
	325	381
	324	380
	323	380
	323	379
	322	379
	322	378
	321	377
	321	376
	321	375
	321	374
	322	374
	322	373
	323	373
	324	373
	325	373
	326	374
	327	374
	328	375
	329	376
	329	377
	329	378
	329	379
	330	379
	330	380
	331	380
	331	379
	331	378
	332	378
	332	377
	332	376
	332	375
	332	374
	332	373
	333	373
	333	372
	333	371
	334	371
	333	372
.PEN_UP
.PEN_DOWN
	337	381
	338	381
	339	381
	340	381
	341	381
	342	382
	343	382
	344	382
	345	382
	346	382
	347	382
	347	381
	346	381
	346	380
	346	379
	345	378
	345	377
	344	377
	344	376
	344	375
	343	375
	343	374
	343	373
	342	373
	343	373
	343	372
	344	372
	345	372
	346	371
	347	371
	348	371
	349	371
	350	371
	351	371
	352	371
	353	371
	353	372
	353	371
.PEN_UP
.PEN_DOWN
	357	377
	357	376
	358	376
	359	376
	359	375
	360	375
	360	374
	361	374
	361	373
	362	373
	363	373
	363	372
	364	372
	364	371
	365	371
.PEN_UP
.PEN_DOWN
	368	381
	368	380
	368	379
	367	378
	367	377
	367	376
	367	375
	366	375
	366	374
	366	373
	366	372
	365	372
	365	371
	365	370
	364	370
	364	369
	363	368
	363	366
	363	365
	362	364
	362	363
	362	362
	362	361
	362	360
	361	359
	361	358
	361	357
	361	356
	361	355
.PEN_UP
.PEN_DOWN
	388	387
	389	387
	390	387
	390	386
	390	385
	391	385
	391	384
	391	383
	391	382
	391	381
	391	380
	391	379
	391	378
	391	376
	391	375
	391	374
	391	373
	391	372
	391	371
	392	371
.PEN_UP
.PEN_DOWN
	382	387
	383	387
	383	388
	384	388
	385	389
	386	389
	387	389
	387	390
	388	390
	389	390
	389	391
	390	391
	391	391
	392	391
	393	392
	394	392
	395	392
	397	392
	398	392
	399	392
	399	391
	400	391
	401	391
	401	390
	402	390
	402	389
	402	388
	402	387
	402	386
	402	385
	402	384
	401	383
	400	382
	399	381
	398	380
	397	380
	396	380
	396	379
	395	379
	394	379
	394	378
	394	379
	395	379
	395	380
	396	380
	397	380
	398	380
	399	380
	400	380
	401	380
	402	380
	403	380
	404	380
	405	379
	406	379
	406	378
	407	378
	407	377
	408	376
	408	375
	408	374
	407	373
	407	372
	406	371
	405	370
	404	369
	403	369
	402	369
	401	368
	400	368
	399	368
	398	369
	397	369
	397	370
	396	370
	396	371
.PEN_UP
.PEN_DOWN
	415	389
	416	389
	416	388
	417	388
	417	387
	417	386
	417	385
	417	384
	417	383
	417	382
	417	381
	417	380
	417	379
	417	376
	417	375
	417	374
	417	373
	417	372
	417	371
	417	370
	418	369
	418	368
	419	368
.PEN_UP
.PEN_DOWN
	441	371
	442	371
	442	372
	442	373
	442	374
	442	375
	442	376
	441	376
	441	377
	441	378
	440	378
	439	379
	438	379
	437	378
	436	378
	436	377
	435	377
	435	376
	434	376
	434	375
	434	374
	434	373
	434	372
	435	371
	436	370
	437	370
	438	370
	439	370
	440	370
	440	371
	441	371
	441	372
	441	373
	442	373
	442	372
	443	372
	443	371
	443	370
	443	369
	444	368
	444	367
	444	366
	445	366
.PEN_UP
.PEN_DOWN
	453	378
	452	378
	452	377
	451	377
	450	376
	449	375
	448	374
	448	373
	448	372
	448	371
	448	370
	449	370
	450	369
	451	368
	452	368
	453	368
	453	367
	454	367
	455	367
	456	367
	457	367
	458	367
	459	367
	459	368
.PEN_UP
.PEN_DOWN
	464	390
	464	389
	464	388
	465	387
	465	386
	465	385
	465	384
	466	384
	466	383
	466	382
	466	380
	466	379
	466	378
	466	377
	466	376
	466	375
	466	374
	466	373
	466	372
	466	371
	466	369
	466	368
	466	367
	466	368
.PEN_UP
.PEN_DOWN
	472	386
	472	385
	471	385
	471	384
	470	384
	470	383
	470	382
	469	382
	469	381
	468	380
	467	378
	467	377
	467	376
	468	376
	469	376
	470	376
	471	376
	472	376
	473	375
	474	374
	475	373
	475	372
	476	371
	477	370
	478	369
	479	369
	480	368
.PEN_UP
.PEN_DOWN
	499	387
	500	386
	500	385
	500	384
	500	383
	500	382
	500	381
	500	380
	501	380
	501	379
	501	378
	501	377
	501	376
	501	374
	501	373
	501	372
	501	371
	501	370
	501	369
	501	368
	501	367
	502	367
.PEN_UP
.PEN_DOWN
	492	387
	493	387
	494	387
	495	388
	496	388
	497	388
	498	389
	499	389
	500	389
	501	389
	502	389
	503	389
	504	389
	505	389
	506	389
	507	389
	507	388
	508	388
	509	388
	509	387
	510	387
	510	386
	511	386
	512	385
	513	385
	513	384
	514	383
	514	382
	515	381
	515	380
	515	379
	515	378
	515	377
	515	375
	515	374
	515	373
	514	372
	514	371
	513	371
	513	370
	512	369
	510	368
	509	368
	509	367
	508	367
	507	367
	506	367
	505	367
	504	368
	503	368
	502	369
	501	370
	500	370
	500	371
	499	371
.PEN_UP
.PEN_DOWN
	526	376
	526	375
	525	375
	524	374
	524	373
	524	372
	524	371
	524	370
	524	369
	524	368
	525	368
	525	367
	526	367
	527	367
	527	366
	528	366
	529	366
	530	366
	531	366
	531	367
	532	367
	533	368
	533	369
	533	370
	533	371
	533	372
	533	373
	532	374
	532	375
	531	375
	531	376
	530	376
	529	376
	528	376
.PEN_UP
.PEN_DOWN
	558	372
	558	371
	558	372
	558	373
	558	374
	558	375
	558	376
	557	376
	557	377
	556	378
	555	378
	555	379
	554	379
	553	379
	552	379
	551	379
	550	379
	549	378
	548	377
	548	376
	548	375
	548	374
	548	373
	549	372
	549	371
	550	371
	551	370
	552	370
	553	369
	554	369
	555	369
	556	369
	557	369
	557	370
	558	370
	558	371
	558	372
	559	373
	559	374
	558	375
	558	374
	559	374
	559	373
	559	372
	559	371
	559	370
	560	369
	560	368
	560	367
	561	365
	561	364
	561	363
	562	363
	562	362
	562	361
	562	360
	562	359
	562	358
	562	356
	562	355
	561	355
	561	354
	560	354
	559	353
	558	353
	557	353
	556	353
	555	353
	554	353
	553	353
	552	354
	551	354
	550	354
	549	355
.PEN_UP
.PEN_DOWN
	571	369
	570	369
	570	370
	570	371
	570	370
	571	370
.PEN_UP
