
.WRITER_ID BeckyHammaker
.STYLE PRINTED
.PEN_DOWN
	135	385
	135	384
	136	384
	136	383
	136	382
	136	381
	136	380
	136	379
	136	378
	137	377
	137	376
	137	374
	137	373
	137	372
	138	371
	138	370
.PEN_UP
.PEN_DOWN
	126	381
	126	382
	127	382
	128	383
	129	384
	129	385
	130	385
	131	386
	131	387
	132	387
	132	388
	133	388
	134	388
	134	389
	135	389
	136	389
	137	390
	138	390
	139	390
	140	390
	141	390
	142	390
	142	389
	143	389
	144	389
	145	389
	145	388
	146	388
	146	387
	147	387
	147	385
	148	385
	148	384
	148	383
	149	382
	149	381
	149	380
	149	379
	149	377
	149	376
	149	375
	148	374
	148	373
	148	372
	147	372
	146	371
	145	371
	144	370
	143	370
	142	370
	141	370
	140	371
	139	371
	138	372
	137	372
	136	372
	135	372
	135	373
	134	373
.PEN_UP
.PEN_DOWN
	155	389
	155	388
	156	388
	156	387
	157	386
	157	385
	157	384
	157	383
	157	382
	157	381
	158	380
	158	379
	158	378
	158	377
	158	376
	159	376
	159	375
	159	374
	159	373
	159	372
	159	371
	160	371
.PEN_UP
.PEN_DOWN
	161	389
	162	389
	163	389
	164	389
	165	389
	165	388
	166	388
	167	388
	168	389
	170	389
	171	389
	172	389
	173	389
	174	389
	174	388
	174	387
	174	386
	174	385
	174	384
	173	383
	173	382
	173	381
	173	380
	172	379
	171	378
	171	377
	171	376
	170	376
	170	375
	170	374
	170	373
	170	372
	171	372
	172	372
	173	372
	174	372
	175	372
	176	372
	177	372
	178	372
	179	372
	180	372
	181	372
	182	372
	183	372
	184	372
	184	373
	184	372
.PEN_UP
.PEN_DOWN
	182	388
	183	388
	184	388
	185	388
	185	387
	186	387
	187	387
	188	387
	189	387
	190	387
	191	387
	192	387
	193	387
	194	387
	195	387
	196	387
	196	386
	196	385
	196	384
	195	383
	195	382
	195	381
	194	380
	194	379
	193	378
	193	377
	192	376
	192	375
	191	375
	191	374
	191	373
	191	372
	192	372
	193	372
	194	372
	195	372
	196	372
	197	372
	198	372
	199	372
	200	372
	201	372
	202	372
	201	372
.PEN_UP
.PEN_DOWN
	205	388
	206	388
	206	387
	207	387
	208	387
	208	386
	209	386
	210	385
	211	385
	211	384
	212	384
	213	384
	213	383
	214	383
	214	382
	215	382
	216	381
.PEN_UP
.PEN_DOWN
	219	390
	219	389
	219	388
	218	388
	218	387
	217	386
	217	385
	216	384
	216	383
	216	382
	215	382
	215	381
	214	380
	215	380
	215	379
	215	378
	215	377
	215	376
	215	375
	215	374
	215	373
	216	372
	216	371
	216	370
	216	369
	216	368
	217	368
.PEN_UP
.PEN_DOWN
	246	390
	246	389
	246	388
	246	387
	246	386
	246	385
	247	385
	247	384
	247	383
	247	382
	247	381
	247	380
	247	379
	247	378
	247	376
	247	375
	247	374
	247	373
	247	372
	247	371
	248	371
	248	370
	248	371
.PEN_UP
.PEN_DOWN
	256	391
	257	390
	257	389
	256	388
	256	387
	255	386
	254	385
	254	384
	253	384
	253	383
	253	382
	252	382
	251	381
	250	380
	250	379
	251	379
	252	379
	253	379
	254	379
	255	378
	255	377
	256	377
	256	376
	256	375
	257	375
	257	373
	258	372
	258	371
	259	370
	259	369
	260	369
	260	370
.PEN_UP
.PEN_DOWN
	266	389
	266	388
	267	388
	267	387
	267	386
	267	385
	267	384
	267	383
	267	382
	267	381
	267	380
	267	379
	267	377
	267	376
	267	375
	267	374
	267	373
	267	372
	268	372
	269	372
	270	373
	271	373
	272	373
	273	373
	274	373
	275	373
	276	373
	276	372
	277	372
	278	372
	279	372
	279	371
	280	371
.PEN_UP
.PEN_DOWN
	281	387
	282	386
	282	385
	282	384
	282	383
	282	382
	282	381
	282	380
	282	379
	282	378
	282	377
	282	376
	282	375
	282	374
	282	373
	283	373
	283	372
	284	371
	285	371
	286	371
	287	371
	288	371
	289	371
	289	372
	290	372
	291	373
	292	374
	292	375
	293	376
	293	377
	293	378
	293	379
	293	380
	293	381
	293	382
	293	383
	293	384
	292	385
	292	386
	292	387
.PEN_UP
.PEN_DOWN
	306	381
	306	380
	307	380
	308	380
	308	379
	308	378
	308	377
	308	376
	307	375
	307	374
	307	373
	307	372
	307	371
	307	370
	307	369
	308	369
.PEN_UP
.PEN_DOWN
	306	384
	306	383
	307	383
	307	382
	308	382
	308	381
	309	381
	309	380
	310	380
	310	379
	310	378
	311	377
	312	376
	312	375
	313	375
	313	374
	314	373
	315	372
	315	371
	316	370
	317	369
	318	369
	318	368
	319	368
	319	369
	319	370
	320	370
	320	371
	320	372
	320	373
	320	374
	320	375
	320	376
	320	377
	320	378
	321	379
	321	380
	321	381
	321	382
	321	383
	321	384
	320	384
	320	385
.PEN_UP
.PEN_DOWN
	329	384
	329	383
	330	383
	331	383
	331	382
	331	381
	332	380
	332	379
	332	378
	332	377
	332	376
	332	375
	333	374
	333	373
	333	372
	333	371
	333	370
	333	369
	334	369
	334	368
	334	369
.PEN_UP
.PEN_DOWN
	339	389
	339	388
	339	387
	339	386
	338	385
	338	384
	337	383
	337	382
	336	381
	335	380
	335	379
	334	378
	333	377
	332	376
	331	375
	331	374
	332	375
	333	375
	334	375
	335	375
	336	375
	337	376
	338	376
	339	376
	340	376
	341	375
	342	374
	343	374
	343	373
	344	372
	344	371
	345	370
	345	369
	346	368
	346	367
	347	367
	348	367
	348	368
.PEN_UP
.PEN_DOWN
	350	386
	351	386
	352	386
	353	386
	354	386
	355	386
	356	386
	357	386
	358	386
	359	386
	360	386
	361	386
	361	385
.PEN_UP
.PEN_DOWN
	351	385
	351	384
	351	383
	352	383
	352	382
	352	381
	352	380
	352	379
	352	378
	352	377
	352	376
	352	375
	352	374
	352	373
	352	372
	353	372
	353	371
	354	371
	355	371
	356	371
	357	371
	358	371
	359	370
	360	370
	361	370
	362	370
	363	370
	364	370
	365	370
	365	371
.PEN_UP
.PEN_DOWN
	353	379
	354	379
	353	379
	353	378
	354	378
	355	378
	356	378
	357	378
	357	377
	358	377
	359	377
	360	377
	361	377
	362	377
	363	377
.PEN_UP
.PEN_DOWN
	376	386
	376	385
	377	385
	377	384
	377	383
	377	382
	377	381
	378	380
	378	379
	378	378
	378	377
	378	376
	378	375
	378	374
	378	373
	379	372
	379	371
	379	370
	380	370
.PEN_UP
.PEN_DOWN
	369	386
	370	386
	371	386
	372	386
	373	386
	373	387
	374	387
	375	387
	376	387
	376	388
	377	388
	378	388
	379	388
	380	389
	381	389
	382	389
	383	388
	384	388
	385	388
	385	387
	386	387
	386	386
	387	386
	387	385
	387	383
	386	383
	386	382
	385	381
	385	380
	384	380
	383	379
	382	378
	381	378
	380	377
	379	376
	378	376
	379	376
	380	376
	381	376
	382	376
	383	376
	384	375
	385	375
	385	374
	386	374
	387	373
	388	372
	388	371
	389	371
	389	370
	390	370
	390	369
	391	368
	391	367
	392	367
	392	366
	393	366
	393	365
	394	365
	394	366
.PEN_UP
.PEN_DOWN
	413	389
	413	388
	412	388
	411	388
	410	388
	410	387
	409	387
	408	387
	407	387
	406	387
	405	386
	404	386
	403	385
	403	384
	404	384
	405	384
	406	383
	407	383
	408	383
	409	382
	410	382
	411	381
	412	380
	413	379
	413	378
	414	377
	414	376
	413	375
	413	374
	412	374
	412	373
	411	373
	410	372
	409	372
	408	372
	407	372
	406	372
	405	372
	404	373
.PEN_UP
.PEN_DOWN
	444	384
	444	385
	443	385
	444	385
	445	385
	446	385
	447	386
	448	386
	449	386
	450	386
	451	386
	452	386
	453	385
	454	385
	455	385
	456	384
	456	383
	456	382
	455	382
	455	381
	454	380
	454	379
	453	379
	453	378
	452	377
	452	376
	451	376
	451	375
	450	375
	450	374
	450	373
	449	372
	449	371
	450	371
	451	371
	452	371
	453	371
	454	371
	455	371
	456	371
	458	371
	458	370
	459	370
	460	370
	461	370
	462	370
	463	370
	464	370
.PEN_UP
.PEN_DOWN
	469	387
	469	386
	469	385
	469	384
	469	383
	469	382
	469	381
	469	380
	470	379
	470	378
	470	376
	471	376
	471	375
	471	374
	472	373
	472	372
	472	371
	472	370
	473	370
.PEN_UP
.PEN_DOWN
	490	391
	490	390
	490	391
	489	391
	488	391
	487	391
	487	390
	486	390
	485	390
	485	389
	484	389
	483	388
	483	387
	482	387
	482	386
	482	385
	481	385
	481	384
	481	383
	481	382
	481	381
	481	380
	481	379
	481	378
	481	377
	481	376
	482	375
	483	374
	483	373
	484	373
	484	372
	485	371
	486	371
	487	370
	488	370
	489	370
	490	370
	491	370
	492	370
	493	370
	493	371
	494	371
	495	371
	496	371
	496	372
	497	372
	498	373
	498	374
	499	375
	499	376
	500	376
	500	377
	500	378
	500	379
	500	380
	499	380
	498	380
	497	381
	496	381
	495	381
	494	381
	493	381
	493	380
.PEN_UP
.PEN_DOWN
	508	391
	508	390
	508	391
	507	391
	508	391
	507	391
	507	392
	507	391
	507	392
	507	393
	508	393
	509	393
	510	393
	511	393
	512	393
	513	393
	514	392
	515	392
	516	392
	516	391
	516	390
	516	389
	515	389
	515	388
	515	387
	514	386
	514	385
	513	385
	513	384
	512	383
	512	382
	511	381
	511	380
	510	380
	510	379
	510	378
	510	377
	511	376
	512	376
	513	376
	514	376
	515	375
	516	375
	517	375
	518	375
	519	375
	520	375
	521	375
	522	375
	523	375
	523	374
.PEN_UP
.PEN_DOWN
	531	368
	531	369
	532	369
	532	370
	532	371
	533	372
	533	373
	534	373
	534	374
	534	375
	534	376
	535	377
	535	378
	535	379
	535	380
	536	380
	536	381
	536	382
	537	383
	537	384
	537	385
	537	386
	538	386
	538	387
	539	387
	539	386
	540	386
	540	385
	540	384
	541	383
	541	382
	541	381
	542	381
	542	380
	542	379
	542	378
	542	377
	542	376
	543	376
	543	374
	543	373
	543	372
	544	372
	544	371
	544	370
	545	370
	545	369
	545	368
	546	368
	546	369
.PEN_UP
.PEN_DOWN
	535	377
	536	377
	536	376
	537	376
	538	376
	539	376
	539	375
	540	375
	541	375
	542	375
.PEN_UP
.PEN_DOWN
	561	387
	560	387
	559	386
	558	386
	558	385
	557	385
	556	384
	555	384
	555	383
	554	382
	554	381
	554	380
	553	380
	553	379
	553	378
	553	377
	553	376
	553	375
	553	374
	553	373
	554	372
	554	371
	555	371
	555	370
	556	370
	556	369
	557	368
	558	367
	559	367
	560	366
	561	366
	562	366
	563	366
	564	366
	565	366
	565	367
	566	367
	567	367
	568	367
	568	368
	568	369
	569	369
	569	370
	569	371
	570	372
	570	373
	570	374
	570	375
	570	376
	569	376
	568	376
	567	376
	566	376
	565	376
	565	375
	564	375
.PEN_UP
.PEN_DOWN
	584	389
	583	389
	582	389
	582	388
	581	388
	580	387
	579	387
	579	386
	578	385
	577	384
	577	383
	576	382
	576	381
	576	380
	576	379
	576	378
	576	377
	576	376
	577	376
	577	375
	577	374
	578	374
	578	373
	579	372
	579	371
	580	371
	580	370
	581	369
	582	369
	582	368
	583	368
	584	368
	585	368
	586	368
	587	368
	588	368
	589	368
	590	369
	591	369
	591	370
	591	371
	592	371
	592	372
	593	373
	593	374
	593	375
	592	375
	592	376
	591	376
	590	376
	589	376
	588	376
	587	376
	586	376
.PEN_UP
.PEN_DOWN
	608	389
	609	389
	608	389
	607	389
	606	388
	605	388
	603	388
	602	388
	601	388
	601	387
	600	387
	600	386
	600	385
.PEN_UP
.PEN_DOWN
	600	385
	601	385
	601	384
	601	383
	601	382
	601	381
	601	380
	601	379
	601	378
	601	377
	601	376
	601	375
	601	374
	601	373
	601	372
	601	371
	602	371
	601	371
	602	371
	602	370
	603	370
	604	370
	605	370
	606	370
	607	369
	608	369
	609	369
	610	370
	611	370
	612	370
	612	371
.PEN_UP
.PEN_DOWN
	602	378
	603	378
	604	377
	605	377
	606	377
	607	377
.PEN_UP
.PEN_DOWN
	630	388
	630	387
	630	386
	630	385
	631	385
	631	384
	631	382
	631	381
	631	380
	631	379
	631	378
	631	377
	631	376
	631	375
	631	374
	631	373
	631	372
.PEN_UP
.PEN_DOWN
	622	388
	623	388
	625	388
	626	388
	627	388
	627	389
	628	389
	629	389
	630	389
	631	389
	632	389
	633	389
	634	389
	635	389
	636	389
	637	389
	638	388
	639	388
	640	387
	641	387
	641	386
	642	386
	642	385
	643	385
	643	384
	643	383
	644	382
	645	381
	645	380
	645	379
	645	378
	645	377
	645	376
	645	375
	644	374
	643	373
	643	372
	642	371
	641	371
	640	370
	639	370
	638	370
	637	370
	636	370
	635	370
	634	371
	633	371
	633	372
	632	372
.PEN_UP
.PEN_DOWN
	659	382
	659	383
	659	382
	660	382
.PEN_UP
.PEN_DOWN
	661	372
	661	371
	662	371
	662	370
	662	369
	663	369
	663	368
	663	367
	663	366
	663	365
	662	364
	662	363
	662	362
	661	361
	661	360
	661	359
.PEN_UP
.PEN_DOWN
	685	385
	686	385
	685	385
	684	385
	683	385
	682	385
	681	385
	680	384
	679	384
	678	383
	678	382
	678	381
	679	381
	679	380
	680	380
	681	380
	682	380
	683	380
	682	379
	681	378
	680	377
	679	377
	679	376
	678	376
	677	376
	677	375
	678	375
	679	374
	680	374
	681	374
	682	373
	683	373
	684	372
	685	372
	686	371
.PEN_UP
.PEN_DOWN
	681	394
	681	393
	682	393
	682	392
	682	391
	682	390
	682	389
	682	388
	681	386
	681	385
	681	384
	681	383
	681	382
	681	381
	681	380
	681	379
	681	378
	681	376
	681	375
	681	373
	681	372
	681	371
	681	370
	681	369
	681	368
	682	367
.PEN_UP
.PEN_DOWN
	696	385
	697	384
	697	383
	697	382
	697	381
	698	380
	698	379
	698	378
	698	377
	698	375
	698	374
	698	373
	698	372
	699	371
	699	370
	700	370
	700	371
	700	372
	701	372
	701	373
	701	374
	701	375
	702	376
	702	377
	703	377
	703	378
	704	379
	705	379
	705	378
	706	377
	706	376
	706	375
	706	374
	706	373
	706	372
	706	371
	707	371
	707	370
	707	369
	708	369
	709	369
	710	369
	710	370
	710	371
	711	371
	711	372
	711	373
	712	374
	712	375
	712	376
	712	377
	712	378
	712	380
	712	381
	712	382
	712	383
	712	384
	712	385
.PEN_UP
.PEN_DOWN
	720	366
	720	365
	720	366
	721	367
	721	368
	721	369
	721	370
	721	371
	722	372
	722	373
	722	374
	722	375
	722	376
	722	377
	722	378
	722	379
	723	380
	723	381
	723	382
	723	383
	723	384
	724	384
	724	385
	724	386
	725	386
	725	385
	726	385
	726	384
	726	383
	727	382
	727	381
	728	381
	728	380
	728	379
	728	378
	729	378
	729	377
	729	376
	729	375
	729	374
	729	373
	730	372
	730	371
	730	370
	731	370
	731	369
	731	368
	732	368
.PEN_UP
.PEN_DOWN
	725	377
	725	376
	726	376
	727	375
	728	375
.PEN_UP
.PEN_DOWN
	735	382
	735	381
	736	380
	736	379
	736	378
	737	378
	737	377
	737	376
	737	375
	737	374
	738	373
	738	372
	738	371
	739	371
	739	370
	740	370
	740	371
	740	372
	741	372
	741	373
	741	374
	741	375
	742	375
	742	376
	742	377
	743	377
	743	378
	743	379
	743	380
	744	381
	744	382
	744	383
	744	384
	744	385
	745	385
	745	386
	745	387
.PEN_UP
.PEN_DOWN
	750	383
	751	382
	752	382
	753	383
	754	383
	755	383
	756	383
	757	383
	758	383
	759	383
	760	383
	761	383
	762	383
	762	384
.PEN_UP
.PEN_DOWN
	751	381
	751	380
	752	380
	752	379
	751	378
	751	377
	751	376
	751	375
	751	374
	750	373
	750	372
	750	371
	750	370
	750	369
	750	368
	751	368
	752	368
	753	368
	754	368
	755	368
	756	368
	757	368
	758	368
	758	367
	759	367
	760	367
	761	367
	762	367
	763	367
	763	368
.PEN_UP
.PEN_DOWN
	751	376
	752	376
	753	376
	754	376
	755	376
	756	376
	757	376
	758	376
	759	376
.PEN_UP
.PEN_DOWN
	779	385
	779	384
	779	383
	779	382
	779	381
	779	380
	779	379
	779	378
	779	377
	779	376
	779	375
	779	374
	780	374
	780	373
	780	372
.PEN_UP
.PEN_DOWN
	778	386
	779	386
	779	387
	780	387
	781	387
	782	387
	783	387
	783	386
	784	386
	785	386
	786	385
	787	385
	787	384
	788	384
	789	383
	790	382
	790	381
	791	381
	791	380
	791	379
	791	377
	790	376
	790	375
	790	374
	789	374
	789	373
	789	372
	788	372
	787	371
	786	371
	785	371
	784	371
	783	371
	782	371
	782	372
	781	372
.PEN_UP
.PEN_DOWN
	802	383
	802	382
.PEN_UP
.PEN_DOWN
	803	372
	804	372
	805	371
	806	370
	806	369
	806	368
	806	367
	806	366
	806	365
	806	364
	805	363
	805	362
	805	361
	804	360
	804	359
.PEN_UP
.PEN_DOWN
	825	381
	825	382
	826	382
	826	383
	825	383
	824	383
	824	382
	823	382
	822	382
	822	381
	821	381
	820	380
	820	379
	820	378
	821	378
	822	378
	823	378
	824	378
	823	378
	823	377
	822	377
	822	376
	821	376
	820	376
	820	375
	820	374
	820	373
	821	373
	821	372
	822	371
	823	371
	824	370
	825	370
	826	370
	827	370
.PEN_UP
.PEN_DOWN
	824	389
	824	388
	824	387
	824	386
	824	385
	823	385
	823	384
	823	383
	823	382
	823	381
	823	380
	823	379
	822	377
	822	376
	822	375
	822	374
	822	373
	822	372
	822	371
	822	370
	822	369
	822	367
	822	366
	822	365
.PEN_UP
.PEN_DOWN
	124	210
	125	210
	125	211
	125	210
	126	210
	126	209
	126	208
	127	208
	127	207
	127	206
	128	205
	128	204
	128	203
	129	203
	129	201
	130	200
	130	199
	130	198
	131	198
	131	197
	131	196
	131	195
	131	196
	132	196
	132	197
	133	199
	133	200
	134	200
	134	201
	134	202
	134	203
	135	203
	135	204
	135	205
	135	206
	136	206
	136	207
	137	207
	137	206
	138	206
	138	205
	139	205
	139	204
	140	203
	140	202
	141	202
	141	201
	141	200
	142	200
	143	199
	144	199
	144	200
	145	201
	145	202
	145	203
	145	204
	145	205
	145	206
	145	208
	146	208
	146	209
	146	210
	146	212
	146	213
	147	213
	147	214
	147	215
	148	215
	148	216
	148	217
	149	218
	149	217
.PEN_UP
.PEN_DOWN
	162	200
	162	199
	162	200
	161	200
	161	201
	161	202
	161	203
	162	203
	162	204
	162	205
	162	206
	162	207
	162	208
	162	209
	162	210
	162	211
	162	212
	163	212
	163	213
	163	214
	163	215
	163	216
	163	217
	163	218
	164	218
	164	217
	165	217
	165	216
	165	215
	166	215
	166	214
	166	213
	167	212
	167	211
	168	211
	168	210
	168	209
	169	208
	169	207
	169	206
	170	205
	170	204
	170	203
	171	203
	171	202
	171	201
	171	200
	172	200
	172	199
	173	199
	173	198
	174	198
.PEN_UP
.PEN_DOWN
	164	206
	163	206
	163	205
	162	205
	162	206
	163	206
	164	206
	165	207
	166	207
	167	207
	168	208
	169	208
	170	207
	171	207
.PEN_UP
.PEN_DOWN
	178	218
	178	217
	179	217
	179	216
	180	216
	181	215
	182	214
	184	213
	185	212
	186	211
	186	210
	187	210
	187	209
	188	209
	188	208
	189	208
	189	207
	190	207
	191	207
	191	208
.PEN_UP
.PEN_DOWN
	187	219
	186	219
	186	218
	186	217
	185	216
	185	215
	185	214
	184	213
	184	212
	184	211
	183	210
	183	209
	182	207
	182	205
	181	204
	181	203
	181	202
	181	201
	182	200
	182	201
.PEN_UP
.PEN_DOWN
	201	223
	202	223
	203	223
	204	223
	205	223
	205	224
	206	224
	207	224
	208	225
	209	225
	210	225
	211	225
	212	225
	213	225
.PEN_UP
.PEN_DOWN
	202	222
	203	222
	203	221
	203	220
	203	219
	204	218
	204	217
	204	216
	203	215
	203	214
	203	213
	203	212
	203	211
	203	210
	203	209
	203	208
	203	207
	203	206
	203	205
	204	205
	205	206
	206	206
	207	206
	207	207
	208	207
	209	207
	210	207
	211	207
	211	206
	212	206
	213	206
	214	206
	215	206
	216	206
	216	205
	216	206
.PEN_UP
.PEN_DOWN
	204	212
	205	212
	206	212
	207	212
	207	213
	208	213
	209	213
	210	214
	211	214
.PEN_UP
.PEN_DOWN
	222	219
	222	218
	223	217
	223	216
	224	216
	224	215
	224	214
	225	213
	225	212
	225	211
	226	210
	226	209
	226	208
	227	208
	227	207
	228	207
.PEN_UP
.PEN_DOWN
	221	221
	222	221
	223	221
	224	222
	225	222
	226	222
	227	222
	228	222
	229	222
	230	222
	231	222
	232	222
	233	221
	234	220
	235	219
	235	218
	236	217
	236	216
	236	215
	237	214
	237	213
	237	212
	237	211
	236	211
	236	210
	236	209
	235	209
	235	208
	234	208
	233	207
	232	207
	231	207
	230	207
	229	208
	228	208
	227	208
	227	209
	226	209
.PEN_UP
.PEN_DOWN
	250	210
	251	210
	251	211
	250	211
	249	211
	249	210
	249	209
	250	209
	251	209
.PEN_UP
.PEN_DOWN
	250	218
	250	219
	249	219
	249	220
	249	221
	249	222
	249	223
	249	224
	249	226
	249	227
	249	228
	249	229
	249	230
	249	231
	249	232
	249	233
	249	234
	249	235
	250	235
.PEN_UP
