
.WRITER_ID ArloReeves
.STYLE PRINTED
.PEN_DOWN
	107	414
	108	414
	109	414
	110	415
	109	416
	109	417
	108	417
	107	417
	106	417
	105	417
	104	417
	103	416
	102	415
	101	415
	100	414
	99	413
	99	412
	99	411
	100	410
	101	410
	102	410
	103	410
	105	410
	107	409
	108	408
	109	407
	110	406
	111	405
	111	404
	111	403
	111	402
	110	401
	110	400
	109	399
	108	399
	108	398
	106	398
	105	397
	104	397
	103	397
	102	397
	101	397
	100	397
	100	398
.PEN_UP
.PEN_DOWN
	125	418
	124	418
	123	417
	122	417
	122	416
	121	415
	120	415
	120	414
	119	413
	118	411
	118	410
	117	409
	116	407
	116	406
	116	405
	116	404
	117	403
	118	402
	118	401
	120	401
	121	401
	122	401
	124	401
	126	401
	128	401
	129	401
	130	401
.PEN_UP
.PEN_DOWN
	135	419
	135	417
	135	416
	136	415
	136	414
	136	412
	136	411
	136	410
	136	409
	136	408
	137	406
	137	405
	137	404
	137	403
	137	402
	137	403
	137	404
	136	404
	136	405
	136	406
	136	407
	136	408
	136	409
	137	410
	137	411
	138	412
	138	413
	139	414
	140	414
	141	415
	141	416
	142	416
	143	417
	144	418
	147	419
	148	419
.PEN_UP
.PEN_DOWN
	150	411
	151	411
	151	412
	152	412
	152	413
	154	414
	155	414
	156	415
	157	415
	158	416
	159	416
	160	417
	161	418
	162	418
	162	419
	161	419
	160	419
	159	419
	158	419
	156	419
	155	418
	154	417
	153	416
	152	415
	151	414
	151	413
	151	412
	151	411
	151	410
	151	409
	151	407
	152	406
	153	405
	154	405
	155	404
	156	403
	157	403
	158	402
	159	402
.PEN_UP
.PEN_DOWN
	168	417
	169	418
	169	419
	170	419
	172	419
	173	419
	174	419
	175	419
	176	419
	177	419
	178	419
	179	418
	180	418
	180	416
	180	415
	179	415
	179	414
	178	413
	178	412
	177	411
	176	411
	176	410
	175	409
	174	408
	173	407
	172	406
	172	405
	172	404
	173	404
	174	404
	175	404
	176	404
	177	404
	178	405
	180	405
	181	406
	182	406
	182	407
	182	408
	182	409
	182	410
	182	412
	181	413
	180	414
	179	414
	178	415
	177	415
	177	416
.PEN_UP
.PEN_DOWN
	192	420
	192	419
	193	418
	193	417
	193	416
	193	414
	193	412
	193	411
	193	410
	193	409
	193	408
	194	407
	194	406
	194	405
	194	406
	195	407
	195	408
	195	409
	195	410
	195	411
	196	414
	196	415
	197	416
	197	417
	198	417
	198	418
	199	419
	200	419
	200	420
	201	420
	202	420
	203	419
	203	418
	204	417
	204	416
	204	415
	204	414
	203	412
	203	411
	203	410
	203	409
	203	408
	203	409
	204	409
	204	410
	205	411
	205	412
	205	413
	206	414
	206	415
	207	416
	208	417
	209	419
	210	419
	210	420
	211	421
	212	421
	213	422
	214	422
	214	421
	214	420
	214	419
	214	418
	215	418
	215	417
	215	416
	215	415
	215	414
	215	413
	215	412
	215	411
	216	410
.PEN_UP
.PEN_DOWN
	222	416
	223	416
	223	417
	224	417
	225	418
	226	418
	227	418
	228	419
	229	419
	231	419
	232	420
	233	420
	233	421
	234	421
	234	422
	233	423
	232	423
	231	423
	230	422
	229	422
	228	421
	227	420
	226	420
	226	419
	225	419
	225	418
	225	417
	225	416
	225	415
	226	413
	226	412
	227	411
	227	410
	228	410
	229	409
	229	408
	231	408
	231	407
	233	406
	234	406
	235	406
.PEN_UP
.PEN_DOWN
	252	419
	253	419
	253	420
	253	421
	253	422
	252	423
	251	423
	250	423
	249	422
	248	422
	248	421
	246	421
	245	419
	243	419
	243	418
	242	417
	241	416
	241	415
	240	415
	240	414
	240	413
	240	412
	240	411
	242	410
	242	409
	243	409
	244	408
	245	408
	247	408
	248	408
	249	408
	250	409
	251	410
	253	411
	253	412
	254	413
	255	414
	256	415
	256	417
	257	418
	257	420
	258	422
	258	424
	259	426
	259	428
	260	431
	261	432
	261	433
	261	434
	261	435
	261	436
	261	435
	260	434
	260	433
	259	433
	259	432
	258	431
	257	430
	256	429
	256	427
	255	423
	254	422
	254	420
	254	418
	254	416
	254	415
	254	413
	255	411
	255	410
	256	409
	256	408
	257	407
	258	406
	259	406
.PEN_UP
.PEN_DOWN
	297	424
	297	425
	298	426
	299	426
	300	427
	301	427
	302	427
	303	427
	304	427
	305	426
	305	425
	305	424
	305	423
	304	423
	304	422
	303	421
	303	420
	302	420
	302	419
	301	419
	300	418
	300	417
	300	416
	300	415
	300	414
	300	413
	300	412
	301	411
	302	411
	303	411
	304	411
	305	411
	307	412
	308	412
	308	413
	309	414
	309	415
	309	416
	309	417
	309	419
	309	420
	308	421
	308	423
	307	424
	307	425
.PEN_UP
.PEN_DOWN
	320	443
	321	442
	321	441
	321	440
	320	439
	320	438
	320	437
	320	436
	320	435
	320	434
	320	432
	320	431
	320	429
	320	428
	320	425
	320	423
	320	422
	320	420
	320	419
	320	418
	320	417
	320	416
	319	415
	319	414
	320	414
	321	414
	322	415
	324	415
	324	416
	325	416
	326	417
	327	417
	328	417
	329	418
.PEN_UP
.PEN_DOWN
	315	428
	316	428
	317	428
	318	428
	319	429
	320	429
.PEN_UP
.PEN_DOWN
	361	445
	361	444
	361	443
	361	442
	361	441
	361	440
	361	438
	361	436
	361	434
	361	432
	361	431
	361	429
	361	428
	361	426
	361	425
	361	423
	361	422
	360	421
	360	420
	360	418
	360	417
	359	417
	359	418
	359	419
	360	420
	360	422
	361	423
	361	424
	362	425
	362	427
	363	428
	363	429
	364	429
	364	430
	365	431
	366	431
	367	432
	368	432
	369	432
	370	432
	370	431
	370	430
	370	428
	370	427
	371	426
	371	425
	371	424
	371	423
	371	422
	371	421
	371	420
	371	419
	371	418
	372	417
	372	416
.PEN_UP
.PEN_DOWN
	378	430
	378	429
	378	428
	377	428
	377	427
	377	426
	377	425
	377	424
	377	423
	377	422
	378	421
	378	420
	378	419
	378	418
	379	418
	379	417
	380	418
	381	419
	382	419
	383	420
	384	421
.PEN_UP
.PEN_DOWN
	377	439
	378	439
	378	440
	378	441
	379	441
.PEN_UP
.PEN_DOWN
	387	431
	387	430
	387	429
	387	428
	387	426
	387	425
	387	424
	387	423
	387	422
	388	421
	388	420
	388	419
	388	418
	389	417
	389	416
	389	415
	390	415
	390	416
	390	417
	390	418
	390	419
	390	420
	391	422
	391	423
	391	424
	391	425
	392	426
	392	427
	393	427
	394	428
	395	428
	396	428
	396	427
	396	426
	396	425
	396	424
	396	423
	396	422
	396	421
	396	420
	396	419
	397	418
	397	419
	398	419
	398	420
	399	421
	399	422
	400	422
	400	423
	401	424
	402	424
	402	425
	403	426
	404	426
	404	427
	405	427
	406	427
	406	426
	406	425
	406	424
	406	423
	406	422
	406	420
	406	419
	406	418
	406	416
	407	415
.PEN_UP
.PEN_DOWN
	411	416
	412	415
	412	416
	413	416
.PEN_UP
.PEN_DOWN
	452	457
	453	457
	454	456
	454	455
	455	454
	455	453
	455	452
	455	451
	455	450
	455	449
	455	448
	455	447
.PEN_UP
.PEN_DOWN
	464	456
	464	455
	464	454
	465	453
	465	450
	465	449
	466	448
	466	447
.PEN_UP
.PEN_DOWN
	483	437
	482	435
	481	432
	481	430
	480	428
	480	426
	480	425
	480	423
	480	422
	480	420
	480	419
	480	418
	480	417
	480	416
	480	417
.PEN_UP
.PEN_DOWN
	483	444
	484	444
	484	445
	484	444
	484	443
	484	442
	485	441
	485	440
	485	439
	485	438
	485	435
	486	433
	486	432
	486	431
	487	429
	488	427
	488	426
	489	425
	489	424
	490	424
	490	423
	491	422
	491	421
	492	421
	492	422
	492	423
	493	424
	493	425
	493	426
	494	428
	494	429
	494	431
	495	433
	496	435
	496	437
	496	439
	497	443
	498	445
	498	446
	498	447
	498	448
.PEN_UP
.PEN_DOWN
	514	429
	514	430
	513	429
	512	429
	511	429
	510	428
	509	427
	509	426
	508	425
	508	424
	508	423
	508	422
	508	421
	508	420
	509	419
	510	419
	511	419
	512	419
	513	420
	514	420
	514	421
	515	422
	516	423
	516	425
	516	426
	516	427
	515	428
	515	429
	515	430
	514	430
	513	431
	513	432
.PEN_UP
.PEN_DOWN
	539	429
	540	429
	540	430
	541	430
	541	431
	541	430
	541	429
	541	428
	541	426
	541	425
	541	423
	541	421
	541	419
	541	416
	540	414
	540	412
	540	410
	540	408
	540	407
	540	406
	540	404
	540	403
	540	402
	540	401
.PEN_UP
.PEN_DOWN
	539	433
	540	434
	541	434
	542	434
	543	434
	544	433
	545	433
	548	432
	548	431
	549	430
	549	429
	550	429
	550	428
	550	427
	550	426
	549	425
	549	424
	548	423
	547	422
	546	422
	545	422
	544	422
	543	422
	542	422
	541	422
	540	422
.PEN_UP
.PEN_DOWN
	557	431
	557	430
	557	429
	557	427
	557	426
	557	425
	557	424
	558	423
	558	422
	558	421
	559	421
	559	420
	560	420
	561	421
	562	422
	563	423
	564	423
	565	424
	566	424
	566	425
.PEN_UP
.PEN_DOWN
	559	438
	559	439
	559	440
.PEN_UP
.PEN_DOWN
	572	435
	572	434
	572	433
	572	432
	572	431
	572	430
	572	429
	572	428
	572	426
	573	425
	573	424
	573	423
	573	422
	573	421
	573	420
	573	421
	573	422
	574	423
	574	424
	575	425
	575	426
	575	427
	576	428
	577	430
	578	431
	579	432
	580	432
	581	432
	582	432
	582	431
	582	430
	583	430
	583	429
	583	428
	583	427
	583	426
	583	425
	583	424
	583	423
	583	422
.PEN_UP
.PEN_DOWN
	589	450
	590	449
	590	448
	589	446
	589	445
	589	443
	589	442
	589	440
	589	438
	589	437
	589	435
	589	433
	589	432
	589	431
	589	429
	589	428
	589	427
	589	426
	589	425
	589	426
	589	427
	589	428
	589	429
	590	430
	590	431
	591	432
	591	433
	592	433
	592	434
	593	435
	594	435
	595	435
	596	435
	597	435
	598	435
	599	435
	600	435
	602	434
	603	434
	603	433
	602	433
	601	433
	600	433
	599	432
	598	432
	597	432
	596	432
	595	432
	594	431
	595	431
	595	430
	595	429
	596	429
	597	428
	598	426
	599	426
	600	425
	601	424
	602	424
	603	424
	603	423
	604	423
	605	422
	606	422
.PEN_UP
.PEN_DOWN
	618	461
	619	461
	620	460
	620	458
	620	457
	620	455
	620	451
	620	449
	621	447
	621	445
	622	443
	622	442
	623	440
	623	438
.PEN_UP
.PEN_DOWN
	628	425
	628	426
	628	427
.PEN_UP
