
.WRITER_ID BeckyHammaker
.STYLE PRINTED
.PEN_DOWN
	98	378
	98	377
	98	378
	98	379
	98	380
	97	381
	97	382
	97	383
	96	383
	96	384
	95	384
	95	385
	94	385
	94	386
	93	386
	92	386
	91	386
	90	386
	90	385
	89	385
	88	385
	88	384
	88	383
	87	383
	87	382
	86	381
	86	380
	86	379
	85	379
	85	378
	85	377
	85	376
	85	375
	85	374
	85	373
	86	373
	86	372
	87	372
	87	371
	88	371
	89	371
	89	370
	90	370
	91	370
	92	370
	93	370
	93	371
	94	371
	94	372
	95	372
	95	373
	96	373
	96	374
	97	375
	97	376
	98	377
	98	378
	99	379
	99	380
	99	381
	100	381
	100	382
	100	383
	100	382
	100	381
	100	380
	99	379
	99	378
	99	377
	99	376
	99	375
	100	375
	100	374
	100	373
	101	373
	101	372
	102	372
	102	371
	103	371
	104	371
	105	371
	106	371
	107	371
.PEN_UP
.PEN_DOWN
	105	398
	106	398
	106	397
	106	396
	106	395
	106	394
	107	394
	107	393
	107	392
	107	391
	107	390
	107	389
	107	388
	107	387
	107	386
	107	385
	107	384
	107	383
	108	383
	108	382
	108	381
	108	380
	108	379
	108	378
	108	377
	108	376
	108	375
	108	374
	109	374
	108	374
	108	375
	108	376
	108	377
	109	377
	109	378
	109	379
	109	380
	109	381
	109	382
	110	382
	110	383
	110	384
	111	384
	111	385
	111	386
	112	386
	113	386
	113	387
	114	387
	115	387
	116	387
	117	387
	118	387
	119	387
	119	386
	120	386
	120	385
	121	385
	121	384
	121	383
	121	382
	122	382
	122	381
	122	380
	122	379
	122	378
	121	378
	121	377
	121	376
	120	375
	120	374
	119	374
	119	373
	118	373
	117	372
	116	372
	115	372
	114	372
	113	372
	113	373
	112	373
	111	373
	110	373
	110	374
	109	374
	108	374
	108	375
	107	375
.PEN_UP
.PEN_DOWN
	135	382
	136	382
	136	383
	135	383
	135	384
	134	384
	133	385
	132	385
	131	385
	130	385
	130	384
	129	384
	128	384
	127	383
	126	383
	126	382
	125	382
	125	381
	124	381
	124	380
	123	380
	123	379
	123	378
	122	378
	122	377
	122	376
	122	375
	123	375
	123	374
	124	374
	124	373
	125	373
	125	372
	126	372
	127	372
	127	371
	128	371
	129	371
	129	370
	130	370
	131	370
	132	370
	132	369
	133	369
	134	369
	135	369
	136	370
	137	370
	138	370
	138	371
	138	372
.PEN_UP
.PEN_DOWN
	155	380
	155	381
	154	381
	154	382
	154	383
	153	383
	153	384
	152	384
	151	384
	150	384
	149	384
	149	383
	148	383
	147	382
	147	381
	146	381
	146	380
	145	380
	145	379
	144	379
	144	378
	143	378
	143	377
	143	376
	143	375
	143	374
	143	373
	143	372
	143	371
	144	370
	145	369
	146	369
	147	369
	148	369
	149	369
	150	369
	151	370
	152	370
	152	371
	153	371
	153	372
	153	373
	154	373
	154	374
	154	375
	154	376
	155	377
	155	378
	155	379
	155	380
	155	381
	155	382
	155	383
	155	384
	155	385
	155	386
	155	387
	155	388
	156	389
	156	390
	156	391
	156	392
	156	393
	156	394
	156	395
	156	396
	156	397
	156	398
	156	399
	156	400
	156	401
	156	402
	156	401
	156	400
	155	399
	155	398
	155	397
	155	396
	155	395
	154	393
	154	392
	154	391
	154	390
	154	389
	154	388
	154	387
	153	386
	153	385
	153	384
	153	383
	153	382
	153	381
	153	380
	153	379
	153	378
	153	377
	154	376
	154	375
	154	374
	154	373
	155	372
	155	371
	156	370
	156	369
	157	369
	157	370
	158	370
	158	371
.PEN_UP
.PEN_DOWN
	167	375
	168	374
	169	374
	170	374
	171	374
	172	374
	173	374
	174	374
	175	375
	175	376
	176	376
	176	377
	176	378
	176	379
	176	380
	176	381
	175	381
	175	382
	174	382
	173	382
	173	383
	172	383
	171	383
	170	383
	169	383
	168	383
	168	382
	167	382
	167	381
	166	381
	166	380
	166	379
	165	378
	165	377
	165	376
	165	375
	165	374
	165	373
	166	373
	166	372
	167	371
	168	370
	169	370
	169	369
	170	369
	171	369
	172	369
	173	369
	174	369
	175	369
	176	369
	177	369
	178	369
	179	369
	180	369
	181	369
	181	370
.PEN_UP
.PEN_DOWN
	212	365
	212	366
	212	367
	212	368
	212	369
	212	370
	212	371
	212	372
	212	373
	212	374
	212	375
	212	376
	211	377
	211	378
	211	379
	211	380
	211	381
	211	382
	211	383
	211	384
	211	385
	211	386
	211	387
	211	388
	211	389
	211	390
	211	391
	212	391
	212	392
	212	393
	213	393
	213	394
	214	394
	214	395
	215	395
	216	395
	217	395
	218	394
	219	394
	219	393
	220	393
	220	392
	219	392
	219	391
	219	390
.PEN_UP
.PEN_DOWN
	211	378
	212	378
	212	377
	213	377
	213	376
	214	376
	214	375
	215	375
	216	375
	216	374
	217	374
	218	374
	219	374
.PEN_UP
.PEN_DOWN
	234	373
	235	374
	235	375
	235	376
	235	377
	235	378
	234	378
	233	378
	232	378
	231	378
	230	378
	229	377
	228	376
	228	375
	227	374
	227	373
	227	372
	227	371
	228	371
	229	371
	230	371
	231	371
	232	371
	233	372
	234	373
	235	373
	235	374
	236	374
	236	375
	236	376
	236	377
	235	376
	235	375
	235	374
	235	373
	235	372
	234	372
	234	371
	234	370
	234	369
	234	368
	234	367
	234	366
	234	365
	234	364
	234	363
	234	362
	234	361
	234	360
	234	359
	234	358
	233	358
	233	357
	232	356
	231	355
	230	355
	229	355
	228	355
	227	355
	227	356
	226	356
	226	357
	225	357
	225	358
	224	358
	224	359
.PEN_UP
.PEN_DOWN
	241	392
	242	391
	242	390
	242	389
	242	388
	242	387
	242	386
	242	385
	242	384
	242	383
	242	382
	243	381
	243	380
	243	379
	243	378
	243	377
	243	376
	243	375
	243	374
	243	373
	243	372
	242	371
	242	370
	242	369
	242	370
	242	371
	242	372
	242	373
	242	374
	243	374
	243	375
	243	376
	243	377
	244	378
	244	379
	245	379
	245	380
	246	380
	247	380
	248	380
	249	380
	250	380
	250	379
	251	379
	251	378
	252	378
	252	377
	253	376
	253	375
	253	374
	253	373
	253	372
	253	371
	253	370
	252	370
	252	369
	252	368
	252	369
.PEN_UP
.PEN_DOWN
	262	378
	262	377
	263	377
	263	376
	263	375
	263	374
	263	373
	263	372
	263	371
	263	370
	263	369
	263	368
	263	369
.PEN_UP
.PEN_DOWN
	265	389
	265	388
	265	387
	266	387
.PEN_UP
.PEN_DOWN
	278	377
	278	376
	278	375
	278	374
	277	374
	277	373
	277	372
	277	371
	277	370
	277	369
	278	369
	278	368
	278	367
	277	366
	277	365
	277	364
	277	363
	277	362
	277	361
	276	361
	276	360
	275	360
	275	359
	274	359
	274	358
	273	358
	273	357
	272	357
	271	357
	270	357
	269	358
	268	358
	268	359
	267	359
	267	360
.PEN_UP
.PEN_DOWN
	280	390
	280	389
	280	388
	280	387
	280	386
.PEN_UP
.PEN_DOWN
	313	398
	313	397
	313	396
	313	395
	313	394
	313	393
	313	392
	313	391
	312	390
	312	389
	312	388
	312	387
	312	386
	312	385
	312	384
	312	383
	312	382
	312	381
	312	380
	312	379
	311	379
	311	378
	311	377
	311	376
	311	375
	311	374
	311	373
.PEN_UP
.PEN_DOWN
	323	392
	324	392
	324	391
	323	391
	323	390
	322	390
	322	389
	321	388
	320	387
	319	386
	318	386
	318	385
	317	385
	317	384
	316	384
	316	383
	315	383
	314	383
	314	382
	313	382
	313	381
	312	381
	312	380
	311	380
	311	379
	311	378
	312	378
	313	378
	314	378
	314	379
	315	379
	315	378
	316	378
	317	378
	318	378
	319	378
	320	378
	320	377
	321	377
	321	376
	321	375
	322	375
	322	374
	322	373
	323	372
	323	371
	323	370
	324	370
	324	369
	325	369
	325	370
.PEN_UP
.PEN_DOWN
	334	398
	335	398
	335	397
	335	396
	335	395
	335	394
	334	394
	334	393
	334	392
	334	391
	334	390
	334	389
	334	388
	334	387
	334	386
	334	385
	334	384
	334	383
	334	382
	334	381
	334	380
	334	379
	334	378
	334	377
	334	376
	334	375
	335	375
	335	374
	335	373
	335	372
	335	371
	336	371
	336	370
	336	369
.PEN_UP
.PEN_DOWN
	342	379
	343	379
	344	379
	344	378
	344	377
	344	376
	344	375
	345	375
	345	374
	345	373
	345	372
	345	371
	345	370
	345	369
	346	369
	346	368
	346	369
	346	370
	346	371
	346	372
	346	373
	346	374
	346	375
	346	376
	346	377
	346	378
	347	379
	347	380
	348	381
	348	382
	349	382
	349	383
	350	383
	351	383
	352	383
	352	382
	353	382
	353	381
	353	380
	354	379
	354	378
	354	377
	354	376
	354	375
	354	374
	354	373
	354	372
	354	371
	354	372
	354	373
	354	374
	355	375
	355	376
	355	377
	356	377
	356	378
	356	379
	357	379
	358	379
	358	380
	359	380
	360	380
	361	380
	362	380
	362	379
	363	379
	363	378
	364	378
	365	377
	365	376
	365	375
	365	374
	366	373
	366	372
	366	371
	366	370
	366	369
	366	368
	366	369
.PEN_UP
.PEN_DOWN
	373	380
	373	379
	373	378
	373	377
	374	376
	374	375
	374	374
	374	373
	374	372
	374	371
	375	370
	375	369
	375	370
	375	371
	375	372
	375	373
	375	374
	375	375
	375	376
	375	377
	375	378
	376	378
	376	379
	376	380
	377	380
	377	381
	378	381
	379	381
	380	381
	381	381
	381	380
	382	380
	382	379
	383	379
	383	378
	384	378
	384	377
	384	376
	384	375
	384	374
	384	373
	384	372
	384	371
	384	370
	384	369
	384	368
	384	369
	385	369
.PEN_UP
.PEN_DOWN
	394	380
	393	379
	393	378
	392	377
	392	376
	392	375
	391	375
	391	374
	391	373
	391	372
	391	371
	392	371
	392	370
	392	369
	393	369
	394	369
	394	368
	395	368
	396	368
	397	368
	397	367
	398	367
	399	367
	399	368
	400	368
	401	368
	402	368
	402	369
	403	369
	404	369
	404	370
	405	370
	405	371
	405	372
	406	373
	406	374
	405	375
	405	376
	405	377
	404	377
	404	378
	403	378
	403	379
	402	379
	402	380
	402	381
	401	381
	400	381
	400	382
	399	382
	398	382
	397	382
	396	382
	395	382
	394	382
	394	381
	393	381
	393	380
	392	380
	392	379
.PEN_UP
.PEN_DOWN
	438	375
	438	376
	438	375
	438	374
	438	373
	438	372
	438	371
	438	370
	438	369
	438	368
	438	367
	439	367
	439	366
	439	365
	439	364
	439	363
	440	363
	440	362
	440	361
	440	360
	440	359
	440	358
	440	357
	440	356
	440	355
	440	354
	440	353
	440	352
	440	351
	441	351
	440	351
	440	352
	440	353
	440	354
	440	355
	440	356
	440	357
	440	358
	440	359
	440	360
	440	361
	440	362
	440	363
	440	364
	440	365
	440	366
	440	367
	440	368
	440	369
	440	370
	440	371
	440	372
	440	373
	440	374
	440	375
	440	376
	440	377
	440	378
	440	379
	440	380
	441	381
	442	381
	442	382
	443	382
	444	382
	445	382
	446	382
	447	382
	447	381
	448	381
	448	380
	449	380
	449	379
	449	378
	449	377
	449	376
	450	376
	450	375
	450	374
	450	373
	449	372
	449	371
	448	371
	448	370
	448	369
	447	369
	446	369
	446	368
	445	368
	444	368
	443	368
	442	368
	441	368
	441	369
	440	369
	439	370
	438	370
.PEN_UP
.PEN_DOWN
	471	370
	471	371
	471	372
	471	373
	471	374
	471	375
	471	376
	470	377
	470	378
	470	379
	469	379
	469	380
	468	380
	467	380
	466	380
	465	380
	464	380
	463	379
	462	379
	462	378
	461	378
	461	377
	460	376
	460	375
	460	374
	460	373
	460	372
	460	371
	460	370
	461	370
	461	369
	462	369
	463	369
	464	369
	465	369
	466	369
	467	369
	468	369
	469	369
	470	369
	470	370
	471	370
	471	371
	471	372
	471	373
	471	374
	472	374
	472	375
	472	376
	472	375
	471	375
	471	374
	471	373
	471	372
	471	371
	471	370
	471	369
	471	368
	471	367
	471	366
	471	365
	471	364
	471	363
	471	362
	471	361
	471	360
	471	359
	471	358
	471	357
	471	356
	471	355
	471	354
	471	353
	471	352
	471	351
	471	352
	472	352
	472	353
	473	353
	473	354
	474	355
	474	356
	475	356
	475	357
	475	358
	475	359
	476	359
	476	360
	476	361
	477	361
	477	362
.PEN_UP
.PEN_DOWN
	482	382
	482	381
	482	380
	483	380
	483	379
	483	378
	483	377
	483	376
	483	375
	484	374
	484	373
	484	372
	484	371
	484	370
	484	369
	484	368
	484	367
	484	366
	485	366
	485	367
	485	368
	485	369
	485	370
	485	371
	485	372
	485	373
	485	374
	485	375
	486	376
	486	377
	486	378
	487	378
	487	379
	488	379
	488	380
	489	380
	490	380
	491	381
	492	381
	493	381
	493	382
	494	382
	495	382
	496	382
	496	381
.PEN_UP
.PEN_DOWN
	519	378
	519	379
	520	380
	519	380
	519	381
	519	382
	518	382
	517	382
	517	383
	516	383
	515	383
	514	383
	513	383
	512	383
	511	382
	510	382
	509	382
	509	381
	508	381
	508	380
	508	379
	507	379
	507	378
	507	377
	508	377
	509	377
	510	377
	511	376
	512	376
	513	376
	514	376
	515	375
	516	375
	516	374
	517	374
	518	374
	519	373
	520	373
	520	372
	521	371
	521	370
	521	369
	521	368
	520	368
	520	367
	519	366
	518	366
	517	366
	516	366
	515	367
	514	367
	513	367
	512	368
	511	368
	510	369
	509	369
	509	370
	508	370
.PEN_UP
.PEN_DOWN
	530	392
	530	391
	530	390
	530	389
	530	388
	530	387
	529	386
	529	385
	529	384
	529	383
	529	382
	529	381
	529	380
	528	380
	528	379
	528	378
	528	377
	528	376
	528	375
	528	374
	528	373
	528	372
	528	371
	528	370
	528	369
	528	368
	529	368
.PEN_UP
.PEN_DOWN
	523	379
	523	378
	524	378
	524	377
	525	377
	526	377
	526	376
	527	376
	528	376
	529	376
	530	376
	531	376
	532	376
	533	376
	534	376
	535	376
	536	376
	537	376
	538	376
	539	376
.PEN_UP
.PEN_DOWN
	566	379
	565	379
	565	378
	565	377
	564	376
	564	375
	563	375
	563	374
	563	373
	562	373
	562	372
	562	371
	563	370
	563	369
	564	369
	565	369
	566	369
	567	369
	568	369
	569	369
	569	370
	570	370
	570	371
	571	371
	572	372
	573	372
	573	373
	574	373
	574	374
	575	375
	575	376
	576	376
	576	377
	576	378
	575	378
	575	377
	575	376
	575	375
	575	374
	575	373
	575	372
	575	371
	576	371
	576	370
	576	369
	577	369
	578	369
	578	368
	579	368
	580	368
	581	368
	581	369
.PEN_UP
.PEN_DOWN
	584	379
	585	379
	585	378
	586	378
	586	377
	587	376
	587	375
	588	375
	588	374
	589	373
	589	372
	590	372
	590	371
	591	370
	591	369
	592	369
	592	368
	592	367
	593	366
	593	367
	593	368
	594	368
	594	369
	594	370
	594	371
	595	371
	595	372
	595	373
	595	374
	596	374
	596	375
	596	376
	596	377
	596	378
	597	378
	597	379
	597	380
	598	380
	598	381
	598	382
	599	382
.PEN_UP
.PEN_DOWN
	605	381
	605	380
	605	379
	605	378
	606	377
	606	376
	606	375
	606	374
	606	373
	606	372
	606	371
	607	370
	607	369
	607	368
	607	367
	608	367
	608	368
	609	368
	609	369
	610	369
	610	370
	611	371
	611	372
	612	372
	612	373
	612	374
	613	374
	613	375
	614	375
	614	376
	615	376
	615	375
	615	374
	616	373
	616	372
	616	371
	616	370
	617	370
	617	369
	618	369
	619	369
	619	368
	620	368
	620	369
	621	369
	621	370
	622	370
	622	371
	622	372
	622	373
	622	374
	623	375
	623	376
	623	377
	623	378
	623	379
	624	380
	624	381
	624	382
	624	383
.PEN_UP
.PEN_DOWN
	632	380
	633	380
	633	379
	634	379
	634	378
	635	377
	635	376
	636	376
	636	375
	636	374
	637	374
	637	373
	638	373
	638	372
	639	372
	640	371
	641	371
	642	370
	643	370
	643	369
	644	369
	645	369
	645	368
	646	368
.PEN_UP
.PEN_DOWN
	643	382
	643	381
	642	381
	642	380
	641	380
	641	379
	640	378
	639	377
	639	376
	639	375
	638	375
	638	374
	637	374
	637	373
	636	373
	636	372
	635	372
	635	371
	634	370
	634	369
	633	368
	633	367
	633	366
.PEN_UP
.PEN_DOWN
	651	379
	652	379
	652	378
	653	378
	653	377
	653	376
	654	376
	654	375
	654	374
	655	373
	655	372
	655	371
	656	371
	656	370
	656	369
	657	369
	658	369
	658	368
	659	368
.PEN_UP
.PEN_DOWN
	663	379
	663	378
	662	378
	662	377
	662	376
	661	376
	661	375
	661	374
	660	374
	660	373
	659	372
	659	371
	659	370
	658	370
	658	369
	658	368
	658	367
	657	367
	657	366
	656	365
	656	364
	656	363
	656	362
	656	361
	655	360
	655	359
	655	358
	655	357
	654	356
	654	355
.PEN_UP
.PEN_DOWN
	669	383
	669	382
	670	382
	671	381
	672	381
	673	381
	674	380
	675	380
	676	380
	677	380
	678	380
	678	379
	678	378
	678	377
	677	377
	677	376
	676	376
	676	375
	675	375
	675	374
	674	374
	673	373
	673	372
	672	372
	672	371
	671	371
	671	370
	670	370
	670	369
	669	369
	670	369
	671	369
	672	369
	673	369
	674	368
	675	368
	676	368
	677	368
	678	368
	678	367
	679	367
	680	367
	681	367
	682	367
	683	366
	684	366
	685	366
.PEN_UP
