
.WRITER_ID BeckyHammaker
.STYLE PRINTED
.PEN_DOWN
	83	392
	83	391
	83	390
	83	389
	83	388
	83	387
	83	386
	83	385
	83	384
	83	383
	83	382
	83	381
	83	380
	83	379
	83	378
	84	378
.PEN_UP
.PEN_DOWN
	86	375
	86	374
	86	373
	85	373
	85	372
	86	372
.PEN_UP
.PEN_DOWN
	107	382
	108	382
	108	383
	108	384
	108	385
	108	386
	108	387
	107	387
	106	387
	105	387
	105	386
	104	386
	104	385
	103	385
	103	384
	102	384
	102	383
	102	382
	101	382
	101	381
	101	380
	101	379
	101	378
	102	378
	102	377
	103	377
	104	377
	105	377
	106	377
	107	377
	107	378
	108	378
	108	379
	108	380
	108	381
	108	382
	109	382
	109	383
	109	384
	109	385
	109	384
	109	383
	109	382
	109	381
	110	381
	111	381
	112	381
	112	382
	113	382
	114	382
	114	383
	115	384
	115	385
	115	386
	115	387
	115	388
	115	389
	115	390
	115	391
	115	392
	115	393
	115	394
	114	394
	114	395
	113	395
	113	396
	112	396
	111	396
	110	397
	109	397
	108	397
	107	397
	106	396
	105	396
	104	396
	104	395
	103	395
	102	394
	101	393
	101	392
	100	392
	100	391
	100	390
	99	390
	99	389
	98	389
	98	388
	98	387
	98	386
	97	385
	97	384
	97	383
	97	382
	97	381
	97	380
	97	379
	97	378
	97	377
	98	376
	99	375
	100	375
	101	374
	102	374
	102	373
	103	373
	104	373
	105	373
	105	372
	106	372
	107	372
	108	372
	109	372
	110	372
	111	372
	111	373
	112	373
	112	374
	113	374
	113	375
	114	376
	115	377
	115	378
	115	379
	116	380
	116	381
	116	382
	116	383
	116	384
	116	385
.PEN_UP
.PEN_DOWN
	130	393
	130	392
	130	391
	130	390
	130	389
	130	388
	130	387
	130	386
	130	385
	130	384
	130	383
	130	382
	131	381
	131	380
.PEN_UP
.PEN_DOWN
	138	395
	138	394
	138	393
	139	393
	139	392
	139	391
	139	390
	139	389
	140	389
	140	388
	140	387
	140	386
	140	385
	140	384
	140	383
	140	382
	140	381
	140	380
	140	379
	141	379
.PEN_UP
.PEN_DOWN
	123	391
	123	390
	124	390
	124	389
	125	389
	126	389
	127	389
	128	389
	129	389
	131	389
	132	389
	133	389
	134	389
	135	389
	136	389
	137	389
	138	389
	139	389
	140	389
	142	389
	143	389
	143	390
	144	390
	145	390
	146	390
	147	390
.PEN_UP
.PEN_DOWN
	124	384
	125	384
	125	383
	126	383
	127	383
	127	382
	128	382
	129	382
	130	382
	131	383
	132	383
	133	383
	134	383
	135	383
	136	383
	137	383
	138	383
	139	383
	140	383
	141	383
	142	383
	143	383
	144	383
	145	383
	146	383
	147	383
.PEN_UP
.PEN_DOWN
	176	392
	177	392
	177	393
	176	393
	175	394
	174	394
	173	394
	172	394
	171	394
	170	393
	169	393
	168	392
	167	392
	166	391
	165	390
	165	389
	164	389
	164	388
	164	387
	165	387
	166	387
	167	387
	168	387
	169	387
	170	387
	171	387
	172	387
	173	386
	174	386
	175	386
	176	385
	177	384
	177	383
	177	382
	177	381
	177	380
	176	380
	176	379
	175	378
	174	378
	173	377
	172	377
	171	377
	170	378
	169	378
	168	378
	168	379
	167	379
	166	379
	165	380
.PEN_UP
.PEN_DOWN
	171	397
	171	396
	171	395
	171	394
	171	393
	171	392
	171	391
	171	390
	171	389
	172	389
	172	388
	172	387
	172	386
	173	385
	173	384
	173	383
	173	381
	173	380
	173	379
	173	378
	173	377
	173	376
	174	375
.PEN_UP
.PEN_DOWN
	201	396
	200	395
	199	395
	198	394
	197	394
	197	393
	197	392
	197	391
	197	390
	197	389
	198	389
	199	389
	200	389
	201	389
	202	389
	203	389
	204	389
	204	390
	205	390
	205	391
	205	392
	205	393
	205	394
	205	395
	204	395
	203	396
	202	396
	201	396
	200	396
.PEN_UP
.PEN_DOWN
	212	399
	213	399
	212	399
	212	398
	212	397
	211	397
	211	396
	211	395
	210	394
	210	393
	210	392
	209	392
	209	391
	209	390
	208	389
	207	388
	207	387
	207	386
	207	385
	206	385
	205	383
	205	382
	204	382
	204	381
	204	380
	203	380
	203	379
	203	378
	203	377
.PEN_UP
.PEN_DOWN
	214	385
	213	384
	212	384
	212	383
	211	382
	211	381
	211	380
	211	379
	211	378
	211	377
	212	377
	212	376
	213	376
	214	376
	215	375
	216	375
	217	376
	218	376
	219	377
	219	378
	220	378
	220	379
	220	380
	220	381
	219	382
	219	383
	219	384
	218	384
	218	385
	217	385
	216	385
	215	385
	214	385
.PEN_UP
.PEN_DOWN
	230	402
	230	403
	231	403
	231	404
	231	405
	232	405
	232	406
	232	407
	233	407
	234	408
	235	408
	235	409
	236	409
	237	409
	237	410
	238	410
	238	409
	238	408
	239	407
	239	406
	239	405
	240	404
	240	403
	240	402
	240	401
	241	401
	242	401
	242	402
.PEN_UP
.PEN_DOWN
	261	398
	260	398
	259	398
	258	398
	257	398
	256	398
	256	397
	255	397
	254	397
	254	396
	253	396
	253	395
	253	394
	253	393
	254	392
	255	392
	255	391
	256	391
	257	391
	258	390
	259	390
	260	390
	261	390
	261	391
	260	391
	259	391
	258	391
	257	390
	256	390
	255	389
	254	389
	254	388
	253	388
	253	387
	253	386
	253	385
	253	384
	254	383
	254	382
	255	382
	256	382
	256	381
	257	381
	258	381
	259	381
	260	381
	261	382
	262	382
	262	383
	263	383
.PEN_UP
.PEN_DOWN
	256	406
	256	405
	256	404
	257	404
	257	403
	258	403
	258	402
	258	401
	258	400
	258	399
	258	398
	258	397
	258	396
	258	395
	257	394
	257	391
	257	390
	256	389
	256	388
	256	386
	256	385
	256	384
	255	383
	255	382
	255	381
	255	380
	255	379
	255	378
	256	377
	256	376
	257	376
	258	376
.PEN_UP
.PEN_DOWN
	280	397
	281	396
	281	395
	281	394
	281	393
	281	392
	281	391
	281	390
	282	389
	282	388
	282	387
	282	386
	283	385
	283	384
	283	383
	284	383
	284	384
	285	384
	285	385
.PEN_UP
.PEN_DOWN
	275	391
	276	391
	277	391
	278	390
	279	390
	280	390
	281	390
	282	390
	283	390
	284	390
	285	390
	286	390
	287	390
	288	391
	289	391
	290	391
	291	391
	292	391
	293	391
.PEN_UP
.PEN_DOWN
	288	396
	287	395
	286	394
	286	393
	285	392
	284	392
	283	391
	282	390
	281	389
	280	388
	279	387
	278	386
	278	385
	277	385
	277	384
	276	384
	276	383
	277	383
.PEN_UP
.PEN_DOWN
	277	395
	278	394
	279	393
	280	392
	281	392
	281	391
	282	391
	282	390
	283	389
	284	389
	284	388
	285	388
	285	387
	286	387
	286	386
	287	386
	288	385
	289	385
	289	384
	290	384
	290	383
	291	383
	292	383
.PEN_UP
.PEN_DOWN
	307	397
	307	396
	307	395
	306	394
	305	393
	305	392
	304	391
	304	390
	304	389
	303	389
	303	388
	303	387
	303	386
	303	385
	303	384
	303	383
	304	382
	304	381
	305	380
	305	379
	306	378
	307	377
	307	376
	308	376
	309	376
	310	376
.PEN_UP
.PEN_DOWN
	320	397
	321	397
	321	396
	322	396
	322	395
	323	395
	323	394
	324	394
	324	393
	325	393
	325	392
	325	391
	325	390
	325	389
	325	388
	325	387
	325	386
	324	385
	324	384
	324	383
	324	382
	323	382
	323	381
	323	380
	322	380
	322	379
	322	378
	322	377
	322	376
	321	376
.PEN_UP
.PEN_DOWN
	332	407
	333	407
	333	406
	334	405
	334	404
	334	403
	335	403
	335	402
	336	401
.PEN_UP
.PEN_DOWN
	351	397
	351	398
	351	399
	352	399
	352	400
	352	401
	353	402
	353	403
	354	403
	355	403
	355	404
	356	404
	356	403
	357	403
	358	403
	358	402
	359	402
	359	401
	359	400
	359	399
	360	399
	360	398
	361	398
	362	398
	363	398
	364	399
	365	399
	365	400
	366	401
	366	402
	366	403
	367	403
	367	404
	367	405
	368	405
	368	406
	368	407
	369	407
.PEN_UP
.PEN_DOWN
	379	386
	380	386
	381	386
	382	386
	383	386
	384	386
	385	386
	386	386
	387	386
	388	386
.PEN_UP
.PEN_DOWN
	398	372
	398	371
	399	371
	400	371
	401	371
	402	371
	403	371
	404	371
	405	371
	406	371
	407	371
	408	371
	409	371
	410	371
	411	371
	412	371
	413	371
	414	371
	415	371
	416	371
	416	372
	417	372
	418	372
.PEN_UP
.PEN_DOWN
	420	392
	421	392
	421	391
	421	390
	422	389
	422	388
	422	387
	422	386
	422	385
	422	384
	422	383
	422	382
	423	381
	423	380
	423	379
	423	378
	423	379
	423	380
.PEN_UP
.PEN_DOWN
	417	387
	418	387
	418	386
	419	386
	420	386
	421	386
	422	386
	423	386
	424	386
	424	385
	425	385
	426	385
.PEN_UP
.PEN_DOWN
	437	390
	438	389
	439	389
	440	389
	441	389
	442	389
	443	389
	444	390
	445	390
	446	390
	446	389
.PEN_UP
.PEN_DOWN
	435	384
	436	384
	437	384
	438	384
	438	383
	439	383
	440	383
	441	383
	442	383
	442	382
	443	382
	444	382
.PEN_UP
.PEN_DOWN
	470	406
	469	406
	468	406
	467	406
	466	406
	465	405
	464	405
	463	405
	462	405
	461	405
	460	405
	459	405
	458	405
	458	404
	458	403
	459	403
	459	402
	459	401
	459	400
	459	399
	459	398
	459	397
	459	396
	458	395
	458	394
	458	392
	458	391
	458	390
	458	389
	458	388
	458	387
	458	386
	458	385
	459	385
	460	384
	461	384
	462	384
	462	383
	463	383
	465	383
	466	383
	467	383
	467	382
	468	382
	469	382
	470	382
	471	382
	472	382
	473	382
	474	382
.PEN_UP
.PEN_DOWN
	479	404
	480	404
	481	404
	482	404
	483	404
	484	404
	485	404
	486	404
	487	404
	488	404
	489	404
	490	404
	491	404
	492	404
	493	404
	493	403
	492	403
	492	402
	492	401
	492	400
	492	399
	492	398
	492	397
	492	396
	492	395
	492	394
	492	393
	492	392
	492	391
	492	390
	492	389
	493	389
	493	388
	493	387
	493	386
	492	386
	492	385
	491	385
	490	385
	489	385
	488	385
	487	385
	487	384
	486	384
.PEN_UP
.PEN_DOWN
	526	406
	525	406
	524	406
	523	406
	522	406
	521	406
	520	405
	519	405
	518	405
	518	404
	517	404
	517	403
	516	403
	516	402
	516	401
	517	401
	517	400
	518	400
	518	399
	518	398
	519	398
	519	397
	519	396
	518	396
	518	395
	517	394
	516	394
	515	394
	515	393
	514	393
	513	393
	513	392
	512	392
	511	392
	510	391
	509	391
	510	390
	511	390
	512	390
	513	390
	513	389
	514	389
	515	389
	515	388
	515	387
	516	387
	516	386
	516	385
	515	385
	515	384
	515	383
	514	383
	514	382
	513	381
	513	380
	513	379
	513	378
	513	377
	513	376
	514	376
	515	376
	516	376
	517	375
	518	375
	519	375
	520	375
	521	375
	521	376
	522	376
	524	376
	525	376
	525	377
.PEN_UP
.PEN_DOWN
	535	404
	535	403
	536	403
	537	403
	538	403
	539	403
	539	402
	540	402
	541	402
	542	402
	543	401
	544	400
	544	399
	544	398
	543	398
	543	397
	542	396
	542	395
	541	395
	541	394
	540	394
	540	393
	540	392
	540	391
	541	391
	542	391
	543	391
	544	391
	545	391
	546	391
	547	391
	548	391
	547	391
	547	390
	546	390
	545	390
	545	389
	544	389
	544	388
	544	387
	544	386
	545	386
	545	385
	546	385
	547	385
	547	384
	548	384
	549	384
	549	383
	550	383
	550	382
	551	382
	551	381
	551	380
	551	379
	551	378
	551	377
	550	376
	549	376
	549	375
	548	375
	547	375
	546	374
	544	374
	543	374
	542	374
	541	375
	540	375
	540	376
.PEN_UP
.PEN_DOWN
	559	400
	560	400
	561	400
	561	399
	562	399
	562	398
	563	398
	563	397
	564	397
	564	396
	565	396
	566	394
	567	393
	568	392
	568	391
	569	391
	569	390
	570	390
	570	389
	571	388
	571	387
	572	387
	572	386
	573	386
	573	385
	574	385
	574	384
	575	384
	576	383
	577	383
	578	383
	578	382
	579	382
	579	383
.PEN_UP
.PEN_DOWN
	586	385
	587	385
	588	385
	588	384
	588	383
	588	382
	588	381
	588	380
	588	379
	588	378
	588	377
.PEN_UP
.PEN_DOWN
	611	406
	612	405
	611	405
	611	404
	611	403
	610	403
	609	402
	609	401
	608	401
	608	400
	607	400
	607	399
	606	398
	605	397
	604	395
	604	394
	603	394
	603	393
	602	392
	601	391
	601	390
	600	390
	600	389
	599	388
	599	387
	598	386
	598	385
.PEN_UP
.PEN_DOWN
	640	377
	639	377
	639	376
	639	377
.PEN_UP
.PEN_DOWN
	641	386
	641	387
	640	387
	640	388
	640	389
	640	390
	639	390
	639	391
	639	392
	640	392
	641	392
	642	392
	642	393
	643	393
	644	393
	644	394
	645	394
	646	395
	647	396
	647	397
	648	398
	648	399
	648	400
	648	401
	648	402
	647	403
	646	404
	645	404
	644	404
	643	405
	642	405
	641	405
	640	405
	638	405
	637	405
	637	404
	636	404
	635	404
	634	404
	634	403
	633	403
.PEN_UP
.PEN_DOWN
	656	410
	656	409
	656	408
	656	407
	657	406
	657	405
	657	404
.PEN_UP
.PEN_DOWN
	684	411
	684	410
	684	409
	684	408
	683	407
	683	406
.PEN_UP
.PEN_DOWN
	691	411
	691	410
	691	409
	691	408
	690	408
.PEN_UP
.PEN_DOWN
	711	402
	711	401
	710	401
	710	400
	710	399
	709	399
	709	398
	708	397
	707	397
	707	396
	707	395
	706	395
	706	394
	705	394
	705	393
	704	392
	704	391
	703	391
	703	390
	702	390
	702	389
	701	388
	701	387
	700	387
	700	386
	701	386
	701	385
	702	385
	703	385
	704	385
	704	384
	705	384
	706	383
	707	383
	707	382
	708	382
	709	381
	710	381
	711	381
	711	380
	712	380
	713	380
	714	380
	715	380
	716	380
.PEN_UP
.PEN_DOWN
	722	398
	723	398
	723	397
	723	396
	723	395
	723	394
	723	393
	723	392
	724	392
	724	391
	724	390
	724	389
	724	388
	724	387
	724	386
	724	385
	724	384
	724	383
	725	382
.PEN_UP
.PEN_DOWN
	734	400
	735	400
	735	399
	736	398
	737	398
	738	398
	738	397
	739	397
	739	396
	740	395
	741	395
	741	394
	742	394
	743	393
	743	392
	744	392
	744	391
	745	390
	745	389
	746	389
	745	388
	745	387
	744	387
	744	386
	743	385
	742	384
	742	383
	741	383
	741	382
	740	381
	740	380
	739	380
	739	379
	738	379
	738	378
.PEN_UP
.PEN_DOWN
	751	406
	751	405
	751	404
	751	403
	750	402
	750	401
	751	401
	751	400
	751	401
	751	402
.PEN_UP
.PEN_DOWN
	756	406
	756	405
	756	404
	756	403
	756	402
	757	402
	757	401
.PEN_UP
.PEN_DOWN
	772	392
	773	392
	772	392
	772	393
	772	392
	773	392
.PEN_UP
.PEN_DOWN
	773	386
	773	385
	774	385
	774	384
	774	383
	775	383
	775	382
	775	381
	775	380
	775	379
	775	378
	775	377
	774	377
	774	376
	774	375
	773	375
	773	374
	772	374
	772	375
.PEN_UP
.PEN_DOWN
	784	392
	785	392
	785	391
.PEN_UP
.PEN_DOWN
	785	382
	785	381
	785	380
	785	379
	786	379
.PEN_UP
.PEN_DOWN
	799	381
	799	380
	799	379
	799	378
	800	378
.PEN_UP
