
.WRITER_ID ArloReeves
.STYLE PRINTED
.PEN_DOWN
	91	425
	91	424
	91	422
	91	421
	91	419
	91	417
	91	415
	91	412
	91	409
	91	407
	91	404
	92	400
	92	398
	92	396
	93	394
	93	393
	93	392
	94	390
	94	389
	94	388
.PEN_UP
.PEN_DOWN
	88	423
	88	424
	88	425
	89	426
	90	427
	91	428
	92	428
	94	429
	96	429
	97	429
	99	430
	101	430
	102	430
	102	429
	103	429
	104	429
	104	428
	104	427
	104	426
	104	425
	104	424
	103	422
	102	419
	101	418
	100	417
	98	416
	97	415
	96	413
	95	412
	94	411
	93	410
	92	410
	91	409
	90	409
	90	410
	91	410
	92	410
	93	410
	94	410
	95	410
	96	410
	97	410
	97	409
	99	409
	99	408
	100	407
	101	406
	102	405
	103	403
	104	401
	105	400
	106	398
	107	397
	108	396
	109	395
	109	394
	110	393
	111	392
	111	391
	111	390
	112	390
.PEN_UP
.PEN_DOWN
	118	414
	118	413
	118	412
	118	411
	118	410
	118	409
	118	408
	119	406
	119	405
	120	402
	120	401
	120	400
	120	399
	120	398
	121	397
	121	396
	121	395
	121	394
	122	394
	122	393
	123	393
	124	393
	124	394
	125	395
	125	396
.PEN_UP
.PEN_DOWN
	114	425
	114	426
	114	427
	114	428
.PEN_UP
.PEN_DOWN
	129	416
	129	415
	129	414
	129	412
	130	411
	130	409
	130	408
	130	407
	130	405
	131	404
	131	402
	131	401
	131	400
	132	399
	132	398
	132	397
	132	398
	132	399
	132	400
	132	401
	133	402
	133	404
	133	405
	133	406
	133	407
	134	409
	135	410
	136	411
	137	412
	138	413
	139	413
	140	413
	141	413
	142	413
	142	412
	143	411
	143	410
	144	409
	144	407
	144	406
	144	404
	144	403
	144	402
	144	401
	144	399
	144	398
	144	397
	144	396
	145	394
.PEN_UP
.PEN_DOWN
	157	413
	157	414
	157	415
	157	416
	156	416
	155	416
	154	415
	153	415
	153	414
	152	414
	152	413
	152	412
	151	411
	151	409
	151	408
	150	407
	150	406
	150	405
	150	403
	150	402
	151	401
	151	400
	152	399
	153	398
	153	397
	155	396
	156	396
	157	396
	158	396
	159	396
	160	396
	161	396
	163	396
	163	397
.PEN_UP
.PEN_DOWN
	162	408
	163	408
	164	409
	165	410
	166	410
	167	410
	168	410
	170	411
	171	411
	172	412
	173	413
	174	414
	174	415
	174	416
	173	416
	173	417
	172	418
	171	419
	170	419
	169	419
	168	418
	168	417
	167	415
	166	414
	166	413
	166	411
	166	410
	166	408
	166	406
	166	405
	166	404
	166	402
	167	401
	167	400
	169	398
	170	398
	171	397
	172	397
	173	397
.PEN_UP
.PEN_DOWN
	181	416
	181	417
	181	416
	181	415
	181	414
	182	413
	182	412
	182	411
	182	410
	182	408
	183	407
	183	405
	183	403
	183	402
	184	401
	184	400
	184	399
	184	398
	185	398
	185	399
	186	399
	186	400
	187	401
	187	402
	187	403
	188	404
	188	405
	188	406
	189	408
	189	409
	190	410
	191	411
	191	412
	192	412
	192	411
	192	410
	192	409
	193	407
	194	406
	194	405
	195	404
	195	403
	196	403
	196	402
	197	402
	198	402
	198	403
	199	403
	199	404
	199	405
	200	406
	200	407
	200	408
	200	409
	200	410
	200	412
	200	413
	200	416
	200	418
	200	419
	200	420
.PEN_UP
.PEN_DOWN
	205	414
	206	412
	206	411
	206	410
	206	409
	206	408
	206	407
	206	406
	207	405
	207	404
	207	403
	208	403
	208	401
	208	400
	209	400
	209	399
	209	400
	210	400
	211	401
	212	402
	212	403
.PEN_UP
.PEN_DOWN
	205	428
	204	429
	204	430
.PEN_UP
.PEN_DOWN
	218	417
	218	416
	218	415
	218	414
	218	413
	218	410
	218	408
	218	407
	218	406
	218	405
	219	404
	219	403
	219	402
	219	401
	219	400
	219	399
	220	399
	220	400
	220	401
	220	402
	220	403
	220	404
	221	405
	221	407
	221	408
	222	409
	222	410
	222	411
	222	412
	223	413
	223	414
	224	415
	225	415
	226	416
	227	416
	228	416
	228	415
	229	415
	229	414
	229	413
	229	412
	229	409
	230	408
	230	407
	230	406
	230	404
	230	403
	230	402
	231	401
	231	400
.PEN_UP
.PEN_DOWN
	245	409
	245	410
	245	411
	245	412
	245	413
	245	414
	245	415
	244	415
	244	416
	243	416
	242	416
	240	416
	239	415
	238	415
	237	414
	237	413
	236	412
	236	411
	235	409
	235	408
	235	407
	235	406
	235	405
	236	404
	237	404
	237	403
	238	402
	238	401
	239	401
	240	401
	241	401
	242	401
	242	402
	243	402
	243	403
	244	404
	244	405
	245	406
	245	407
	245	410
	245	412
	245	414
	245	416
	246	418
	246	420
	246	423
	246	425
	247	427
	247	428
	248	430
	248	431
	248	433
	248	434
	248	435
	248	436
	248	435
	247	435
	247	434
	247	433
	247	432
	247	431
	246	430
	246	427
	246	425
	246	424
	246	422
	246	420
	246	418
	246	416
	247	415
	248	413
	248	411
	249	410
	250	408
	252	405
	253	403
	254	402
	254	401
	256	400
	256	399
	257	398
	258	397
.PEN_UP
.PEN_DOWN
	268	409
	268	410
	269	410
.PEN_UP
.PEN_DOWN
	312	433
	312	432
	312	431
	312	430
	311	429
	311	428
	311	427
	311	425
	311	423
	311	421
	312	416
	312	414
	312	411
	312	410
	313	408
	313	406
	314	405
	314	404
	314	402
	315	401
.PEN_UP
.PEN_DOWN
	304	433
	304	434
	305	434
	306	434
	308	434
	310	434
	312	434
	317	435
	319	435
.PEN_UP
.PEN_DOWN
	308	401
	309	401
	310	401
	311	401
	312	401
	314	401
	317	402
	319	403
	321	403
	322	403
	324	404
	325	404
.PEN_UP
.PEN_DOWN
	328	422
	328	421
	328	420
	328	419
	328	417
	328	416
	328	415
	328	413
	328	412
	328	410
	329	409
	329	408
	329	406
	329	405
	330	404
	330	403
	330	402
	330	401
	330	402
	330	403
	330	405
	330	406
	330	407
	330	408
	330	409
	330	410
	330	411
	331	413
	331	414
	332	415
	333	415
	333	416
	334	417
	335	418
	336	419
	337	419
	338	419
	339	419
	340	418
	341	417
	341	416
	341	415
	342	414
	342	412
	342	410
	343	409
	343	408
	343	406
	344	405
	344	404
	344	403
	346	401
.PEN_UP
.PEN_DOWN
	368	418
	368	419
	367	419
	366	419
	365	418
	364	418
	363	418
	363	417
	362	416
	361	416
	361	415
	359	413
	359	412
	359	411
	359	410
	359	408
	359	407
	360	406
	361	406
	361	405
	362	404
	363	404
	364	403
	366	403
	367	403
	367	404
	368	404
	369	405
	369	406
	369	407
	369	408
	369	409
	369	410
	369	411
	368	413
	367	416
	366	417
	366	418
	365	419
	365	420
.PEN_UP
.PEN_DOWN
	379	424
	379	423
	379	422
	379	421
	379	420
	378	418
	378	416
	378	415
	378	413
	378	412
	378	410
	379	409
	379	407
	379	406
	379	405
	380	405
	380	404
	380	403
	380	404
	380	405
	380	406
	380	408
	380	409
	380	411
	380	413
	381	414
	381	415
	381	416
	381	417
	382	418
	383	419
	384	420
	385	421
	386	421
	386	420
	386	419
	387	419
	387	418
	387	417
	387	416
	387	415
	388	415
	388	414
	388	413
	388	412
	389	411
	389	410
	390	409
	391	408
	391	407
	392	407
	392	406
	393	406
	394	406
	395	405
.PEN_UP
.PEN_DOWN
	398	413
	398	414
	399	415
	400	415
	401	416
	402	416
	403	417
	404	417
	404	418
	405	418
	405	419
	406	419
	406	420
	406	422
	406	423
	405	423
	404	424
	403	424
	402	424
	401	424
	400	423
	400	422
	399	421
	399	420
	398	419
	398	418
	398	416
	397	415
	397	413
	397	411
	398	409
	398	407
	399	406
	400	405
	401	404
	402	403
	403	402
	404	402
	406	401
	408	401
	409	401
.PEN_UP
.PEN_DOWN
	437	410
	438	410
	439	410
	439	411
	440	411
	440	412
	440	413
	440	414
	440	415
	440	416
	440	417
	440	418
	440	419
	440	420
	440	421
	439	422
	438	422
	437	423
	436	423
	435	423
	434	423
	433	423
	432	423
	431	422
	430	422
	429	421
	428	420
	427	419
	426	417
	425	416
	425	415
	425	414
	425	412
	425	411
	425	410
	426	409
	426	408
	427	407
	429	406
	430	406
	431	406
	432	407
	433	408
	434	409
	434	410
	435	411
	435	412
	436	414
	437	417
	437	418
	437	420
	438	422
	438	424
	439	425
	439	427
	440	429
	440	430
	441	432
	441	433
	441	434
	441	436
	441	437
	441	438
	441	437
	441	436
	440	435
	440	434
	440	433
	440	431
	439	430
	439	429
	439	427
	439	426
	439	424
	439	421
	439	419
	439	418
	440	416
	440	415
	440	413
	441	412
	441	410
	442	409
	442	408
	443	407
	444	406
	445	406
	446	406
	446	407
	447	407
.PEN_UP
.PEN_DOWN
	453	422
	452	421
	452	420
	452	419
	452	418
	452	417
	452	416
	452	415
	452	414
	452	413
	452	412
	452	411
	453	410
	453	409
	454	409
	454	410
	455	410
	457	411
	457	412
	458	413
	459	414
	459	415
.PEN_UP
.PEN_DOWN
	452	432
	452	433
	452	434
.PEN_UP
.PEN_DOWN
	466	424
	466	423
	466	422
	467	421
	467	420
	467	419
	467	418
	467	417
	467	416
	467	414
	467	412
	467	411
	467	410
	467	409
	468	409
	468	410
	469	411
	469	412
	469	413
	469	414
	470	415
	470	416
	470	417
	470	418
	471	419
	472	421
	472	422
	473	423
	473	424
	474	424
	474	425
	475	425
	476	426
	477	426
	477	425
	477	424
	477	423
	477	422
	477	421
	477	420
	477	418
	477	416
	477	415
	477	414
	477	413
	478	413
	478	412
	479	412
	479	413
	480	414
	480	415
	480	416
	480	417
	481	418
	481	419
	482	420
	482	422
	483	423
	483	424
	484	424
	485	425
	486	425
	486	424
	486	423
	486	422
	486	420
	486	419
	486	418
	486	416
	487	415
	487	414
	488	411
	488	410
	489	409
	490	408
	490	407
	492	406
.PEN_UP
.PEN_DOWN
	522	422
	522	421
	522	420
	523	420
	524	420
	525	420
	526	421
	526	422
	526	423
	526	424
	526	425
	526	426
	525	426
	525	427
	524	428
	523	429
	522	429
	521	429
	520	428
	519	427
	518	426
	517	426
	516	425
	516	424
	515	423
	514	421
	514	420
	513	418
	513	416
	513	415
	513	414
	514	413
	514	411
	515	410
	516	409
	517	409
	518	408
	519	407
	521	406
	522	406
	523	406
	524	406
.PEN_UP
.PEN_DOWN
	541	421
	541	422
	541	423
	540	423
	539	423
	538	423
	537	423
	537	422
	536	422
	535	421
	533	419
	532	418
	531	417
	531	416
	531	415
	531	413
	532	412
	532	410
	533	410
	534	409
	536	408
	538	406
	539	406
	541	406
	543	406
	543	407
	544	408
	544	409
	545	410
	545	411
	545	412
	545	413
	544	416
	544	418
	544	419
	543	420
	543	422
	543	423
	543	424
.PEN_UP
.PEN_DOWN
	551	423
	552	423
	552	422
	552	421
	552	419
	552	418
	552	417
	552	416
	552	415
	552	413
	552	412
	553	411
	553	410
	553	409
	553	408
	554	407
	554	406
	554	407
	554	408
	554	409
	554	411
	554	412
	554	414
	554	415
	555	416
	555	417
	555	419
	556	420
	557	421
	558	422
	559	422
	560	423
	561	423
	562	424
	564	424
	565	424
	566	424
	567	424
.PEN_UP
.PEN_DOWN
	570	424
	569	423
	569	422
	569	421
	569	420
	569	419
	569	417
	569	414
	569	413
	569	411
	569	410
	569	409
	569	408
	569	407
	569	406
	570	406
	570	405
	570	406
	570	407
	570	408
	570	409
	570	410
	571	411
	571	412
	571	413
	572	416
	572	417
	573	419
	573	420
	574	421
	575	421
	575	422
	576	422
	576	423
	577	423
	578	423
	579	423
	579	422
	579	421
	580	421
	580	420
	580	419
	580	418
	579	415
	579	414
	579	413
	579	412
	579	411
	579	410
	580	409
	580	408
	580	407
	581	407
	581	406
	582	406
	583	405
	584	405
	585	405
	586	405
	587	405
	588	405
	589	405
	589	406
	590	406
.PEN_UP
.PEN_DOWN
	594	415
	595	415
	595	416
	596	417
	597	418
	598	419
	599	420
	599	421
	599	422
	599	423
	599	424
	598	424
	597	424
	596	423
	595	423
	593	422
	593	421
	592	420
	592	419
	591	418
	591	417
	591	416
	591	414
	591	413
	592	412
	592	410
	593	409
	595	407
	596	406
	597	406
	598	405
	598	404
	599	404
	600	404
.PEN_UP
.PEN_DOWN
	606	419
	606	420
	607	420
	607	419
	607	418
	607	417
	606	416
	606	415
	606	413
	606	412
	607	411
	607	410
	607	409
	607	408
	608	407
	608	406
	609	406
	609	407
	609	409
	609	410
	609	411
	609	412
	609	413
	609	415
	609	417
	609	418
	610	418
	610	419
	612	420
	614	421
	615	421
	616	422
	617	422
	619	422
	621	422
	622	422
.PEN_UP
