
.WRITER_ID BeckyHammaker
.STYLE PRINTED
.PEN_DOWN
	128	377
	129	377
	129	378
	128	378
	128	379
	128	380
	127	380
	127	381
	126	382
	125	382
	124	382
	123	381
	122	381
	122	380
	121	380
	121	379
	120	379
	120	378
	120	377
	120	376
	120	375
	120	374
	120	373
	120	372
	120	371
	121	370
	121	369
	122	369
	123	369
	124	369
	125	369
	126	369
	127	370
	127	371
	128	371
	128	372
	128	373
	129	374
	129	375
	129	376
	129	377
	129	378
	129	379
	129	378
	129	377
	129	376
	129	375
	129	374
	129	373
	128	372
	128	371
	128	370
	128	369
	128	368
	128	367
	128	366
	128	365
	128	364
	128	363
	128	362
	128	361
	128	360
	128	359
	128	358
	129	358
	129	357
	129	356
	130	356
	130	357
	131	358
	131	359
	132	359
	132	360
	133	360
	134	360
	134	361
	135	362
	136	363
	136	364
.PEN_UP
.PEN_DOWN
	139	378
	138	378
	138	377
	138	376
	137	375
	137	374
	137	373
	137	372
	137	371
	137	370
	138	369
	139	369
	140	369
	141	369
	142	369
	142	370
	143	370
	143	371
	144	372
	144	373
	145	373
	145	374
	146	375
	146	376
	147	376
	147	377
	147	378
	148	379
	148	380
	147	380
	147	379
	147	378
	147	377
	147	376
	147	375
	147	374
	148	374
	148	373
	148	372
	149	371
	150	370
	151	370
	152	370
	153	370
	154	370
	155	370
	155	371
.PEN_UP
.PEN_DOWN
	160	376
	161	376
	161	375
	161	374
	161	373
	161	372
	161	371
	161	370
	161	369
	162	369
.PEN_UP
.PEN_DOWN
	159	390
	160	390
	160	389
	160	388
	161	388
.PEN_UP
.PEN_DOWN
	177	380
	176	380
	175	379
	174	379
	174	378
	173	378
	172	378
	172	377
	172	376
	171	376
	171	375
	171	374
	171	373
	171	372
	172	371
	173	371
	173	370
	174	370
	174	369
	175	369
	176	369
	177	369
	178	369
	179	369
	180	369
	181	369
	181	370
	182	370
	183	370
	184	370
.PEN_UP
.PEN_DOWN
	186	387
	186	386
	186	385
	186	384
	186	383
	186	382
	186	381
	186	380
	187	380
	187	379
	187	378
	187	377
	187	376
	187	375
	188	374
	188	373
	188	372
	188	371
	188	370
	189	369
.PEN_UP
.PEN_DOWN
	194	389
	194	388
	194	387
	193	387
	193	386
	193	385
	193	384
	192	383
	191	382
	191	381
	190	380
	190	379
	189	378
	188	378
	188	377
	188	376
	188	377
	189	377
	190	377
	191	377
	192	377
	193	377
	193	376
	194	376
	195	375
	195	374
	196	374
	196	373
	196	372
	197	372
	197	371
	198	371
	198	370
	198	369
	199	369
.PEN_UP
.PEN_DOWN
	223	384
	224	384
	224	383
	225	383
	226	383
	227	383
	228	383
	229	383
	230	383
	231	383
	232	383
	233	383
	234	383
	235	383
	235	382
	235	381
	234	381
	234	380
	234	379
	233	378
	232	377
	232	376
	231	375
	231	374
	230	374
	230	373
	229	373
	229	372
	229	371
	228	371
	229	371
	230	371
	230	370
	231	370
	232	370
	233	370
	234	370
	235	370
	236	370
	237	370
	238	370
	238	369
	239	369
	239	370
	240	370
.PEN_UP
.PEN_DOWN
	244	372
	245	373
	246	373
	247	374
	248	374
	248	375
	248	376
	248	377
	248	378
	247	378
	247	379
	246	379
	245	379
	245	378
	244	378
	243	377
	243	376
	242	376
	242	375
	242	374
	241	374
	241	373
	241	372
	241	371
	242	371
	242	370
	243	370
	243	369
	244	369
	245	369
	246	369
	247	369
	248	369
	249	369
	250	369
	251	369
	252	370
	252	371
	253	371
.PEN_UP
.PEN_DOWN
	257	377
	258	377
	258	376
	259	376
	259	375
	259	374
	259	373
	259	372
	259	371
	259	370
	259	369
	259	368
	259	367
	259	366
	259	365
	259	364
	259	363
	259	362
	259	361
	259	360
	260	360
	260	359
	260	358
	260	359
	260	360
	260	361
	260	362
	260	363
	260	364
	260	365
	260	366
	260	368
	260	369
	260	370
	260	371
	260	372
	260	373
	260	374
	260	375
	260	376
	260	377
	260	378
	261	378
	261	379
	262	379
	262	380
	263	381
	264	381
	265	381
	266	381
	266	380
	267	380
	267	379
	267	378
	268	378
	268	377
	268	376
	268	375
	268	374
	268	373
	267	372
	267	371
	266	371
	265	371
	265	370
	264	370
	263	370
	262	370
	261	370
	261	371
	260	371
	260	372
	259	372
	258	373
.PEN_UP
.PEN_DOWN
	272	390
	272	389
	272	388
	272	387
	272	386
	272	385
	272	384
	272	383
	272	382
	272	381
	272	380
	272	379
	272	378
	272	377
	272	376
	272	375
	272	374
	272	373
	272	372
	272	373
	272	374
	272	375
	273	376
	273	377
	273	378
	273	379
	273	380
	274	380
	274	381
	274	382
	275	382
	275	383
	276	383
	277	384
	278	384
	279	384
	280	384
	281	384
	281	383
	282	383
	282	382
	283	382
	283	381
	283	380
	283	379
	284	379
	284	378
	284	377
	284	376
	284	375
	284	374
	283	374
	283	373
	283	372
	283	371
	284	371
	284	372
	283	372
.PEN_UP
.PEN_DOWN
	289	383
	290	383
	290	382
	290	381
	291	380
	291	379
	291	378
	292	377
	293	376
	293	375
	294	375
	294	374
	295	374
	296	373
	297	373
	297	372
	298	372
	299	372
	300	372
.PEN_UP
.PEN_DOWN
	303	383
	303	382
	302	382
	302	381
	302	380
	301	379
	301	378
	301	377
	300	377
	300	376
	300	375
	299	374
	299	373
	299	372
	298	371
	298	370
	298	369
	298	368
	298	367
	298	366
	298	365
	297	365
	297	364
	297	363
	297	362
	297	361
	297	360
.PEN_UP
.PEN_DOWN
	311	381
	311	380
	311	379
	312	378
	312	377
	312	376
	312	375
	312	374
	313	373
	313	372
	313	371
	314	371
	314	370
	314	369
	314	370
	314	371
	314	372
	314	373
	314	374
	314	375
	314	376
	314	377
	314	378
	315	378
	315	379
	316	380
	317	381
	318	381
	318	382
	319	382
	320	382
	321	382
	322	382
	323	382
	323	383
.PEN_UP
.PEN_DOWN
	334	383
	333	383
	332	383
	331	382
	330	382
	329	381
	328	381
	328	380
	327	380
	327	379
	326	379
	326	378
	327	378
	328	378
	330	378
	331	378
	332	378
	333	378
	334	378
	335	378
	336	378
	337	377
	338	377
	339	376
	340	376
	340	375
	341	375
	341	374
	342	374
	342	373
	342	372
	342	371
	342	370
	342	369
	341	369
	341	368
	340	368
	339	367
	338	367
	337	367
	336	367
	335	367
	334	367
	333	367
	333	368
	332	368
	332	369
	331	369
.PEN_UP
.PEN_DOWN
	365	399
	366	398
	366	397
	366	396
	366	395
	367	394
	367	393
	367	392
	367	391
	367	390
	367	389
	368	388
	368	387
	368	386
	368	384
	368	382
	369	381
	369	379
	369	378
	369	377
	369	376
	369	375
	369	374
	369	373
	369	372
	369	371
	369	370
	369	371
	369	372
	369	373
	370	374
	370	375
	370	376
	370	377
	370	378
	371	378
	371	379
	372	380
	372	381
	373	381
	373	382
	374	382
	374	383
	375	383
	376	384
	377	384
	378	384
	379	384
	380	384
	381	383
	382	383
	382	382
	383	382
	383	381
	384	381
	384	380
	384	379
	384	378
	384	377
	384	376
	383	375
	383	374
	382	374
	382	373
	381	373
	381	372
	380	371
	380	370
	379	370
	378	370
	377	370
	376	370
	375	371
	374	371
	374	372
	373	373
	372	373
	372	374
	371	374
.PEN_UP
.PEN_DOWN
	389	395
	390	395
	390	394
	390	393
	390	392
	390	391
	390	390
	390	389
	390	388
	390	387
	391	386
	391	385
	391	384
	391	382
	391	381
	391	380
	391	379
	391	378
	391	377
	391	376
	391	375
	391	374
	391	373
	391	372
	391	371
	391	370
	392	370
	392	371
.PEN_UP
.PEN_DOWN
	399	380
	398	379
	398	378
	397	378
	397	377
	397	376
	397	375
	397	374
	397	373
	397	372
	397	371
	397	370
	398	370
	398	369
	399	369
	399	368
	400	368
	401	368
	402	368
	403	368
	404	368
	405	369
	406	369
	407	370
	407	371
	407	372
	407	373
	407	374
	407	375
	407	376
	406	376
	406	377
	405	377
	405	378
	404	378
	403	378
	403	379
	402	379
	401	379
	400	379
	399	379
.PEN_UP
.PEN_DOWN
	411	380
	411	379
	412	379
	412	378
	412	377
	413	377
	413	376
	413	375
	414	374
	414	373
	415	372
	415	371
	415	370
	416	370
	416	369
	416	368
	417	368
	418	368
	418	367
	419	367
	420	367
	420	368
	421	368
	421	369
	422	369
	422	370
	423	370
	423	371
	423	372
	424	373
	424	374
	424	375
	425	374
	425	373
	425	372
	426	371
	426	370
	426	369
	427	369
	427	368
	428	368
	429	367
	430	367
	431	368
	432	368
	432	369
	433	369
	433	370
	434	371
	434	372
	435	372
	435	373
	435	374
	435	375
	435	376
	435	377
	435	378
	435	379
	436	379
	436	380
	436	381
	436	382
	436	383
	436	384
	436	385
	435	385
.PEN_UP
