
.WRITER_ID ArloReeves
.STYLE PRINTED
.PEN_DOWN
	108	410
	108	408
	107	407
	107	405
	107	404
	107	402
	107	400
	108	399
	108	398
	109	397
	110	397
	111	397
	112	397
	114	398
	114	399
	114	400
	115	401
	115	402
	115	404
	115	405
	116	407
	116	409
	116	410
	116	411
	116	412
	116	414
	117	415
	118	415
	118	414
	118	413
	118	412
	118	411
	118	410
	118	409
	119	408
	119	404
	119	402
	120	400
	120	398
	120	396
	120	394
	120	392
	120	390
	120	388
	120	386
	120	384
	120	383
	120	381
	120	380
	119	379
	118	378
	117	378
	116	378
	115	378
	113	379
	112	380
	112	381
	111	382
.PEN_UP
.PEN_DOWN
	129	410
	128	409
	128	408
	127	407
	126	406
	126	405
	126	404
	126	401
	126	400
	126	399
	127	398
	128	397
	128	396
	129	396
	130	396
	131	396
	132	397
	133	397
	133	398
	133	399
	133	400
	133	401
	133	402
	133	403
	133	405
	132	406
	132	407
	132	409
	131	409
	131	410
.PEN_UP
.PEN_DOWN
	143	410
	143	411
	143	412
	143	413
	144	413
	145	413
	145	412
	145	411
	145	410
	145	409
	144	408
	144	407
	144	406
	144	405
	144	404
	144	402
	144	400
	144	399
	144	398
	145	397
	145	396
	146	396
	146	395
	147	395
	148	396
	149	396
	149	397
	150	398
	150	399
	150	400
	151	401
	151	402
	151	403
	152	406
	152	407
	152	408
	153	409
	153	410
	153	411
	153	412
	153	411
	153	410
	153	409
	153	408
	153	407
	153	406
	153	405
	153	403
	153	401
	153	400
	153	399
	154	398
	155	397
	156	397
	157	397
	158	397
	160	397
.PEN_UP
.PEN_DOWN
	164	413
	164	412
	164	411
	165	411
	165	410
	165	409
	165	408
	165	407
	165	406
	166	405
	166	404
	166	403
	166	402
	166	401
	167	399
	167	398
	167	397
	167	398
	167	399
	168	399
	168	400
	168	401
	169	401
	169	402
	170	403
	171	406
	172	408
	172	409
	174	411
	175	412
	176	413
	176	414
	177	414
	178	414
	178	413
	178	412
	178	410
	178	409
	178	407
	178	406
	178	405
	178	403
	178	402
	178	401
	178	400
	178	399
	178	398
.PEN_UP
.PEN_DOWN
	191	414
	192	415
	192	416
	191	416
	190	416
	189	415
	188	415
	187	415
	187	414
	186	413
	186	412
	185	411
	185	410
	185	409
	185	408
	186	407
	186	406
	187	406
	187	405
	188	404
	189	404
	190	404
	191	405
	191	406
	191	407
	192	407
	192	408
	192	409
	192	410
	192	411
	193	411
	193	412
	193	414
	193	415
	193	414
	193	413
	193	412
	193	411
	193	410
	193	409
	193	408
	193	407
	194	405
	194	402
	194	401
	194	399
	195	397
	195	396
	195	394
	195	393
	196	391
	196	390
	196	389
	196	388
	195	387
	194	385
	193	384
	191	384
	189	384
	189	385
	188	385
	186	386
	184	387
.PEN_UP
.PEN_DOWN
	223	434
	224	434
	225	433
	225	432
	225	431
	225	430
	225	429
	225	427
	225	426
	225	424
	225	422
	225	420
	224	419
	224	417
	224	414
	224	412
	224	410
	225	409
	225	408
	225	407
	225	406
	225	405
	226	405
	227	405
	228	406
	229	406
	231	407
	232	407
	232	408
	233	408
.PEN_UP
.PEN_DOWN
	236	426
	237	426
	238	426
	239	426
	240	426
	241	427
	242	427
	243	427
	245	426
	246	425
	246	424
	246	423
	246	422
	245	421
	245	420
	244	419
	242	417
	241	416
	240	415
	239	414
	239	413
	238	411
	237	410
	237	409
	237	408
	238	407
	238	406
	239	406
	240	406
	241	406
	242	406
	243	406
	244	406
	244	407
	245	408
	246	409
	246	410
	246	411
	247	412
	247	414
	247	416
	246	417
	246	419
	246	420
	246	421
	245	422
	245	423
	244	424
.PEN_UP
.PEN_DOWN
	262	419
	262	420
	262	421
	263	422
	263	423
	263	424
	263	425
	262	425
	261	425
	260	425
	259	425
	258	424
	257	424
	256	422
	255	421
	255	420
	254	419
	253	418
	253	417
	253	416
	253	415
	253	414
	253	412
	253	411
	254	409
	255	409
	256	409
	257	409
	258	410
	259	411
	260	412
	260	414
	261	416
	262	417
	262	418
	262	419
	262	421
	263	422
	263	423
	264	425
	264	426
	265	427
	265	428
	266	431
	267	432
	267	433
	268	433
	268	434
	268	435
	268	436
	268	437
	268	438
	268	439
	268	440
	268	441
	267	442
	267	441
	266	441
	266	440
	265	438
	265	437
	265	436
	265	435
	265	433
	265	432
	265	431
	265	429
	265	428
	265	426
	265	425
	265	422
	266	420
	266	419
	266	418
	267	417
	267	415
	268	415
	269	415
	269	414
	270	414
.PEN_UP
.PEN_DOWN
	279	425
	279	424
	278	424
	278	422
	278	420
	278	419
	278	418
	278	416
	278	415
	278	414
	278	413
	278	412
	278	411
	278	410
	278	411
	279	411
	280	411
	280	412
	281	412
	281	413
	282	413
	283	414
	284	415
	284	416
.PEN_UP
.PEN_DOWN
	279	432
	280	432
	280	433
	280	434
	280	435
	281	435
.PEN_UP
.PEN_DOWN
	291	417
	292	418
	293	419
	294	419
	295	420
	296	420
	298	421
	299	422
	300	422
	300	423
	300	424
	300	425
	299	425
	298	426
	297	426
	296	426
	295	426
	294	425
	293	424
	293	423
	292	423
	292	422
	292	421
	292	420
	292	419
	292	417
	292	416
	292	415
	293	414
	293	413
	294	412
	295	412
	296	411
	297	410
	298	410
	299	410
	300	410
.PEN_UP
.PEN_DOWN
	316	431
	315	431
	314	431
	313	431
	312	431
	311	431
	310	431
	309	430
	308	430
	307	429
	308	428
	308	427
	309	426
	310	425
	311	424
	311	423
	312	422
	313	421
	314	420
	315	419
	315	418
	316	417
	316	416
	316	415
	316	414
	316	413
	315	413
	315	412
	314	412
	313	411
	312	411
	311	411
	309	411
.PEN_UP
.PEN_DOWN
	326	415
	327	414
	327	413
	327	412
	325	409
	325	408
	324	407
	323	406
	323	404
.PEN_UP
.PEN_DOWN
	363	429
	362	429
	361	429
	360	429
	359	429
	358	429
	357	429
	357	428
	355	427
	355	426
	355	425
	356	425
	356	424
	357	424
	360	423
	361	422
	362	421
	363	420
	364	419
	364	418
	365	417
	365	416
	366	416
	366	415
	366	414
	366	413
	365	412
	364	412
	363	412
	362	411
	361	411
	359	411
	357	411
	356	412
.PEN_UP
.PEN_DOWN
	373	447
	373	446
	373	445
	373	444
	373	441
	373	439
	373	438
	373	436
	373	434
	373	432
	373	430
	373	429
	373	426
	373	425
	373	423
	374	421
	374	419
	374	417
	374	416
	374	415
	374	414
	374	415
	374	416
	374	417
	374	418
	374	419
	374	420
	375	421
	375	422
	376	423
	376	424
	377	425
	378	426
	379	427
	380	427
	381	427
	382	427
	383	427
	383	426
	384	425
	384	424
	384	421
	385	420
	385	419
	386	418
	386	416
	387	416
	387	415
	387	414
	388	414
	388	413
.PEN_UP
.PEN_DOWN
	400	431
	400	432
	399	432
	399	431
	398	431
	396	430
	396	429
	395	429
	394	427
	394	426
	393	425
	393	424
	393	422
	393	421
	393	420
	393	419
	394	417
	395	416
	396	415
	397	414
	398	414
	399	414
	400	414
	401	414
	401	415
	402	415
	402	416
	403	417
	403	419
	403	420
	403	421
	402	422
	402	424
	402	425
	401	426
	400	428
	400	429
	400	430
.PEN_UP
.PEN_DOWN
	411	429
	412	429
	412	430
	413	430
	414	430
	414	431
	415	431
	415	430
	415	429
	415	428
	415	427
	414	425
	414	424
	414	423
	414	421
	414	420
	415	419
	415	418
	415	417
	415	416
	416	415
	417	415
	418	416
	418	417
	418	418
	419	418
	419	419
	420	420
	421	422
	421	424
	422	425
	423	426
	423	427
	424	428
	424	429
	424	430
	424	429
	424	428
	423	427
	423	426
	423	425
	423	424
	423	423
	423	422
	424	421
	424	420
	424	419
	425	418
	426	417
	427	416
	428	416
	430	415
	431	415
	432	415
.PEN_UP
.PEN_DOWN
	435	452
	435	451
	435	450
	435	449
	435	448
	435	447
	435	446
	434	444
	434	442
	434	441
	434	438
	434	437
	434	435
	435	431
	435	429
	435	428
	435	426
	435	424
	435	423
	435	421
	435	420
	435	419
	435	417
	435	416
	435	415
	435	414
	435	413
	435	412
	435	411
	436	411
	437	411
.PEN_UP
.PEN_DOWN
	458	426
	458	427
	458	428
	457	428
	456	429
	455	429
	454	429
	453	429
	452	428
	451	428
	449	427
	448	426
	447	425
	447	424
	446	424
	445	423
	445	421
	445	420
	445	419
	446	418
	447	417
	448	416
	449	416
	451	417
	452	418
	452	419
	453	419
	454	420
	454	421
	455	423
	455	424
	455	425
	456	426
	456	428
	457	430
	458	433
	458	435
	458	437
	458	438
	459	439
	459	441
	459	442
	459	443
	458	442
	458	441
	458	440
	457	440
	457	439
	457	438
	456	436
	456	434
	456	433
	456	431
	456	430
	456	428
	456	427
	456	425
	456	423
	457	421
	457	419
	459	416
	460	415
	461	413
	463	412
	464	411
.PEN_UP
.PEN_DOWN
	488	429
	488	430
	488	431
	489	431
	490	432
	491	432
	492	432
	493	432
	494	432
	495	432
	496	432
	496	431
	496	430
	496	429
	495	429
	495	428
	494	427
	493	425
	493	424
	493	421
	493	420
	493	419
	493	418
	494	417
	495	417
	496	417
	497	417
	499	419
	499	420
	500	421
	500	422
	501	423
	501	424
	502	425
	502	426
	502	428
	503	429
	503	430
	503	432
	504	432
	504	433
	504	434
	504	433
	505	433
	505	432
	505	431
	505	430
	505	428
	505	426
	505	425
	505	423
	505	421
	505	419
	505	417
	505	415
	505	413
	505	410
	505	408
	505	403
	504	401
	504	399
	503	398
	503	397
	502	395
	501	394
	500	394
	500	393
	499	393
	498	393
	496	394
	495	395
	495	396
	494	397
	493	398
	493	400
.PEN_UP
.PEN_DOWN
	523	433
	522	433
	521	432
	520	432
	518	431
	517	430
	516	429
	515	428
	515	427
	514	425
	514	424
	514	423
	514	422
	515	421
	515	420
	516	418
	517	418
	518	417
	520	417
	521	417
	522	417
	523	418
	524	418
	525	419
	525	420
	526	421
	526	422
	526	424
	526	425
	525	426
	525	428
	525	429
	524	430
	524	431
	523	431
	523	432
.PEN_UP
.PEN_DOWN
	530	434
	531	434
	531	435
	532	435
	533	436
	534	436
	535	436
	536	436
	537	436
	537	435
	537	434
	536	432
	536	431
	535	430
	534	429
	533	428
	533	427
	532	426
	532	425
	531	424
	531	423
	531	422
	531	420
	531	419
	532	419
	533	419
	534	419
	535	419
	536	419
	537	420
	538	421
	539	422
	539	423
	540	424
	541	425
	541	426
	541	427
	542	428
	542	429
	543	430
	543	431
	543	432
	543	433
	543	432
	543	431
	543	430
	543	429
	542	428
	542	426
	542	425
	542	424
	542	423
	542	422
	543	421
	543	420
	544	418
	545	418
	545	417
	547	416
	548	416
	549	416
.PEN_UP
.PEN_DOWN
	561	447
	561	448
	562	448
	563	448
	565	448
	567	447
	569	447
	570	447
	572	446
	573	446
	574	445
	575	444
	576	443
	576	442
	576	441
	575	439
	573	439
	573	438
	571	438
	570	437
	569	436
	568	436
	566	435
	565	434
	564	434
	564	433
	564	432
	565	431
	566	431
.PEN_UP
.PEN_DOWN
	571	418
	570	418
	569	418
	569	417
	568	416
	568	415
	569	414
	570	414
	571	414
	572	414
	572	415
	572	416
	572	417
	571	417
	571	418
.PEN_UP
.PEN_DOWN
	608	445
	608	443
	608	441
	608	439
	608	438
	608	436
	608	434
	608	432
	609	430
	609	428
	609	426
	609	424
	609	423
	609	421
	610	418
	610	417
	610	416
	610	415
.PEN_UP
.PEN_DOWN
	601	446
	602	446
	603	446
	605	446
	606	446
	607	447
	609	447
	611	447
	615	448
.PEN_UP
.PEN_DOWN
	605	417
	606	416
	606	415
	607	415
	608	415
	610	415
	612	415
	614	415
	615	415
	616	416
.PEN_UP
.PEN_DOWN
	622	449
	622	448
	622	447
	622	446
	622	445
	622	444
	622	442
	622	440
	622	438
	622	437
	623	435
	623	431
	623	429
	624	427
	624	425
	624	423
	624	422
	624	420
	624	419
	624	418
	624	416
.PEN_UP
.PEN_DOWN
	619	430
	620	430
	621	431
	622	431
.PEN_UP
.PEN_DOWN
	637	441
	637	440
	637	439
	636	438
	636	437
	635	436
	635	435
	635	434
.PEN_UP
.PEN_DOWN
	646	434
	645	434
	644	433
	643	433
	642	433
	641	433
	641	432
	640	432
	640	431
	640	430
	641	429
	641	428
	642	427
	643	426
	643	425
	644	425
	644	424
	644	422
	644	421
	644	420
	644	419
	644	418
	644	417
	643	417
	642	416
	641	416
	640	416
	639	416
	638	417
	637	417
	637	418
.PEN_UP
