
.WRITER_ID BeckyHammaker
.STYLE PRINTED
.PEN_DOWN
	117	370
	117	369
	117	370
	116	370
	116	371
	116	372
	116	373
	116	374
	116	375
	117	376
	117	377
	117	378
	117	380
	117	381
	118	383
	118	384
	118	385
	119	385
	119	387
	120	388
	120	389
	120	390
	120	391
	120	392
	121	392
	121	393
	121	394
	122	394
	122	395
	123	395
	123	396
	123	397
	124	397
	124	398
	125	398
	126	398
	126	397
	126	396
	127	396
	127	395
	128	394
	128	393
	129	393
	129	392
	129	391
	130	391
	130	390
	130	389
	131	387
	131	386
	131	385
	132	385
	132	384
	132	383
	132	382
	132	381
	133	380
	134	379
	134	378
	134	377
	134	376
	135	376
	135	375
	136	375
	136	374
	137	374
	137	375
	136	375
.PEN_UP
.PEN_DOWN
	116	383
	117	383
	117	382
	118	382
	119	382
	120	382
	122	383
	123	383
	124	383
	125	383
	125	384
	126	384
	127	384
	128	384
	129	385
	130	385
	131	385
	132	385
.PEN_UP
.PEN_DOWN
	170	394
	170	395
	169	395
	168	395
	167	395
	166	395
	165	395
	165	394
	164	394
	163	394
	163	393
	162	393
	162	392
	162	391
	161	391
	161	390
	161	389
	160	389
	160	388
	160	387
	160	386
	160	385
	159	385
	159	384
	159	383
	160	382
	160	381
	160	380
	161	380
	161	379
	162	379
	162	378
	163	378
	163	377
	164	376
	165	376
	166	376
	167	375
	168	375
	169	375
	170	375
	171	375
	172	375
	173	375
	174	375
	175	375
	176	375
	177	376
	178	376
	179	376
	180	377
	181	378
	181	379
	181	380
	182	381
	182	382
	182	383
	182	384
	182	385
	182	386
	182	387
	181	388
	181	389
	181	390
	180	392
	180	393
	179	393
	179	394
	178	394
	177	395
	176	395
	176	396
	175	397
	174	397
	173	397
	173	398
	172	398
	171	398
	170	398
	169	398
	168	398
	167	398
	166	397
	165	396
.PEN_UP
.PEN_DOWN
	174	381
	174	380
	175	380
	175	379
	176	379
	176	378
	177	378
	177	377
	178	377
	179	376
	180	376
	180	375
	181	375
	182	375
	183	374
	184	374
.PEN_UP
.PEN_DOWN
	190	386
	191	385
	191	384
	191	383
	191	382
	191	381
	191	380
	191	379
	192	378
	192	377
	193	377
	193	376
	194	376
	194	375
	195	375
	196	375
	197	375
	198	375
	199	375
	200	376
	201	376
	201	377
	202	378
	202	379
	202	380
	203	380
	203	381
	203	382
	203	383
	203	384
	203	385
	202	386
	202	387
	202	388
	203	388
	203	387
	203	386
	203	385
	203	384
	203	383
	203	382
	203	381
	204	380
	204	379
	205	379
	205	378
	206	378
	207	378
	207	377
	208	377
	209	377
.PEN_UP
.PEN_DOWN
	215	385
	215	384
	216	384
	216	383
	216	382
	217	382
	217	381
	217	380
	218	380
	218	379
	218	378
	218	377
	218	376
.PEN_UP
.PEN_DOWN
	214	397
	215	396
	215	395
.PEN_UP
.PEN_DOWN
	230	387
	229	387
	228	386
	228	385
	227	385
	227	384
	226	384
	226	383
	226	382
	226	381
	225	380
	225	379
	225	378
	226	378
	226	377
	227	377
	228	376
	229	376
	230	376
	231	376
	232	376
	233	376
	235	376
	236	376
	237	376
	237	377
	238	377
	238	376
.PEN_UP
.PEN_DOWN
	243	397
	243	396
	244	395
	244	394
	244	393
	244	392
	244	391
	244	390
	244	389
	245	389
	245	388
	245	387
	245	386
	245	385
	245	384
	245	383
	245	382
	245	381
	245	380
	245	379
	245	378
	245	376
	246	376
	246	375
	246	376
.PEN_UP
.PEN_DOWN
	254	393
	254	392
	253	392
	253	391
	252	390
	251	389
	250	388
	249	388
	249	387
	248	386
	248	385
	247	385
	247	384
	247	383
	248	383
	249	383
	250	383
	251	383
	251	382
	252	382
	253	381
	253	380
	254	380
	254	379
	255	378
	255	377
	255	376
	256	376
	256	375
	257	375
	257	374
	258	374
.PEN_UP
.PEN_DOWN
	286	386
	286	385
	287	385
	287	384
	287	383
	288	383
	288	381
	289	380
	289	379
	290	378
	290	377
	290	376
	290	375
	291	374
	291	373
	291	372
	291	371
	291	370
	291	369
	292	368
.PEN_UP
.PEN_DOWN
	277	387
	277	388
	278	388
	279	388
	279	389
	280	389
	281	389
	281	390
	282	390
	283	391
	284	391
	285	391
	286	392
	287	392
	288	392
	289	392
	290	392
	291	393
	293	393
	294	393
	295	393
	296	392
	297	392
	298	392
	299	392
	300	391
	301	390
	301	389
	301	388
	301	387
	301	386
	301	385
	300	385
	300	384
	299	383
	299	382
	297	381
	296	380
	295	380
	295	379
	294	379
	293	378
	292	378
	292	377
	293	377
	293	378
	294	378
	294	379
	295	379
	296	379
	297	379
	298	379
	299	379
	300	379
	301	379
	302	379
	303	379
	304	378
	305	378
	306	377
	307	376
	308	375
	308	374
	308	373
	308	372
	308	371
	307	370
	306	369
	306	368
	305	368
	305	367
	304	367
	303	366
	302	366
	301	366
	300	366
	299	366
	298	366
	297	366
	297	367
	296	367
	295	368
	294	368
	294	369
	293	370
	293	371
.PEN_UP
.PEN_DOWN
	317	377
	317	376
	318	376
	318	375
	319	375
	319	374
	320	373
	320	372
	321	372
	321	371
	322	370
	322	369
	322	368
	323	368
	323	367
	322	367
	322	368
	322	369
	321	369
	321	370
	321	371
	321	372
	321	373
	321	374
	320	374
	320	375
	320	376
	321	377
	321	378
	322	379
	323	379
	323	380
	324	380
	325	380
	326	380
	327	381
	328	381
	329	381
	329	380
.PEN_UP
.PEN_DOWN
	334	376
	333	376
	332	375
	331	374
	331	373
	331	372
	332	371
	333	370
	334	369
	335	369
	336	368
	337	368
	338	368
	340	368
	341	368
	342	369
	343	370
	344	371
	344	372
	344	373
	344	374
	344	375
	343	375
	343	376
	343	377
	342	377
	342	378
	342	379
	341	379
	340	380
	339	380
	338	380
	337	380
	337	379
	336	379
	335	379
.PEN_UP
.PEN_DOWN
	350	379
	351	378
	351	377
	352	377
	352	376
	352	375
	353	374
	354	373
	354	372
	354	371
	355	371
	356	370
	356	369
	357	369
	358	369
	358	370
	359	370
	359	371
	359	372
	359	373
	359	374
	359	375
	360	375
	360	376
	361	376
	361	377
	362	377
	362	376
	363	376
	363	375
	363	374
	363	373
	364	372
	364	371
	365	371
	365	370
	366	370
	367	370
	368	370
	369	370
	369	371
	370	371
	370	372
	371	373
	371	374
	371	375
	371	376
	371	377
	371	378
	371	379
	371	380
	371	381
	371	382
	371	383
.PEN_UP
.PEN_DOWN
	381	380
	381	379
	381	378
	381	377
	381	376
	382	375
	382	374
	382	373
	382	372
	383	371
	383	372
	383	373
	383	374
	383	375
	383	376
	383	377
	383	378
	383	379
	384	380
	385	380
	385	381
	386	381
	387	382
	388	382
	389	382
	390	382
	391	382
	391	381
	391	380
	392	380
	392	379
	393	378
	393	376
	394	375
	394	374
	394	373
	395	372
	395	371
	395	370
	396	369
	396	370
.PEN_UP
.PEN_DOWN
	423	391
	424	390
	424	389
	424	388
	424	387
	424	386
	424	385
	425	384
	425	382
	425	381
	425	380
	425	379
	425	378
	426	377
	426	376
	426	375
	427	374
	427	373
	427	372
	427	371
	427	370
	428	370
	428	369
.PEN_UP
.PEN_DOWN
	422	392
	423	392
	424	392
	425	392
	426	392
	427	392
	429	393
	430	393
	431	393
	433	393
	434	394
	435	394
	436	394
	437	394
	437	393
.PEN_UP
.PEN_DOWN
	425	378
	426	378
	426	377
	427	377
	428	376
	429	376
	430	376
	431	376
	432	376
	434	376
	435	376
	436	376
.PEN_UP
.PEN_DOWN
	452	380
	451	379
	450	379
	449	378
	448	378
	448	377
	447	377
	447	376
	447	375
	447	374
	447	373
	447	372
	448	372
	448	371
	449	370
	450	369
	451	368
	452	368
	453	368
	454	368
	455	368
	456	369
	457	370
	458	370
	458	371
	459	371
	459	372
	460	373
	460	374
	460	375
	460	376
	459	377
	459	378
	458	379
	457	379
	457	380
	456	380
	455	380
	455	381
	454	381
	453	381
	452	381
	451	381
	450	381
	449	381
	449	380
.PEN_UP
.PEN_DOWN
	466	380
	467	380
	467	379
	468	379
	468	378
	469	378
	469	377
	470	377
	471	376
	472	376
	473	376
	473	375
	474	375
	475	374
	476	374
	477	373
	478	373
	478	372
	479	372
	480	372
	480	371
	481	371
.PEN_UP
.PEN_DOWN
	478	382
	478	381
	477	381
	477	380
	476	380
	476	379
	475	378
	475	377
	474	376
	473	374
	473	373
	472	373
	472	372
	472	371
	471	371
	471	370
	470	370
.PEN_UP
.PEN_DOWN
	515	394
	516	394
	516	393
	516	392
	516	391
	517	390
	517	389
	517	388
	518	387
	518	386
	518	385
	519	384
	519	383
	519	382
	519	381
	519	380
	520	378
	520	377
	520	376
	520	375
	520	374
	520	373
	520	372
	519	371
	519	370
	519	369
	518	369
	517	368
	516	368
	515	369
	514	369
	513	370
	512	370
	511	371
	510	371
	509	371
	509	372
	508	372
	507	373
	506	374
.PEN_UP
.PEN_DOWN
	507	398
	507	397
	508	397
	509	397
	510	397
	511	397
	512	397
	513	397
	514	397
	515	397
	517	397
	518	397
	520	397
	521	397
	522	397
	523	397
	524	397
	525	397
	526	397
	527	397
	528	397
	529	397
	530	397
	531	397
.PEN_UP
.PEN_DOWN
	533	379
	532	379
	532	378
	532	377
	531	377
	531	376
	531	375
	531	374
	531	373
	531	372
	531	371
	531	370
	532	370
	532	369
	533	369
	533	368
	534	368
	535	367
	536	367
	537	367
	538	367
	539	367
	540	367
	540	368
	541	368
	541	369
	542	370
	542	371
	543	371
	543	372
	543	373
	543	374
	543	375
	543	374
	543	373
	543	372
	543	371
	544	371
	544	370
	545	369
	545	368
	546	367
	547	367
	548	367
	548	366
	549	366
	550	366
	551	366
	552	366
	552	367
.PEN_UP
.PEN_DOWN
	551	375
	552	375
	552	374
	552	373
	552	372
	553	372
	553	371
	553	370
	553	369
	554	368
	554	367
	554	368
	554	369
	554	370
	554	371
	555	372
	555	373
	555	374
	555	375
	556	376
	556	377
	557	377
	558	377
	559	377
	560	377
	560	376
	560	375
	561	375
	561	374
	561	373
	561	372
	561	371
	561	370
	561	369
	561	368
	560	368
	561	368
	561	369
	561	370
	561	371
	562	372
	562	373
	562	374
	562	375
	563	375
	563	376
	563	377
	564	377
	565	377
	566	377
	567	376
	568	376
	568	375
	568	374
	568	373
	569	373
	569	372
	569	371
	569	370
	570	369
	570	368
	571	368
	571	369
.PEN_UP
.PEN_DOWN
	578	376
	579	376
	580	375
	580	374
	580	373
	580	372
	580	371
	580	370
	580	369
	580	368
	580	365
	580	364
	580	363
	580	362
	580	361
	580	360
	580	359
	580	358
	580	357
	581	356
	581	355
	581	354
	581	355
	581	356
	581	357
	581	358
	581	359
	581	360
	581	361
	581	362
	581	363
	581	364
	581	365
	581	366
	581	367
	581	368
	581	369
	581	370
	581	371
	581	372
	581	373
	581	374
	581	375
	581	376
	581	377
	580	377
	580	378
	581	378
	581	379
	582	380
	583	380
	584	380
	585	380
	586	380
	587	380
	588	380
	589	379
	590	378
	590	377
	591	377
	591	376
	591	375
	591	374
	591	373
	591	372
	591	371
	590	370
	590	369
	589	369
	589	368
	588	368
	587	368
	586	368
	585	368
	584	368
	583	368
	583	369
	582	369
	582	370
	581	370
	581	371
.PEN_UP
.PEN_DOWN
	608	384
	607	384
	607	385
	606	385
	605	385
	604	385
	603	384
	602	384
	602	383
	601	383
	600	382
	599	381
	598	381
	598	380
	598	379
	599	378
	600	378
	601	378
	602	378
	603	378
	604	378
	605	377
	606	377
	607	377
	608	377
	609	376
	610	376
	611	376
	611	375
	612	375
	612	374
	612	373
	612	372
	612	371
	611	370
	611	369
	610	368
	609	368
	608	367
	607	367
	605	367
	604	367
	604	368
	603	368
	602	368
	601	369
	600	369
	600	370
.PEN_UP
