
.WRITER_ID ArloReeves
.STYLE PRINTED
.PEN_DOWN
	123	425
	124	425
	125	426
	125	427
	124	428
	123	429
	122	429
	121	429
	120	429
	119	429
	118	428
	116	428
	115	427
	114	427
	113	426
	112	426
	110	425
	110	424
	110	423
	110	422
	111	421
	112	421
	113	420
	114	420
	116	418
	118	417
	119	416
	120	415
	121	414
	122	412
	123	411
	124	409
	124	408
	125	407
	125	405
	125	404
	125	402
	125	401
	124	400
	124	399
	123	399
	122	398
	121	397
	120	397
	119	397
	118	397
	116	397
	116	398
	116	399
	115	400
	115	401
	115	402
	115	404
	116	405
.PEN_UP
.PEN_DOWN
	135	405
	135	404
	135	405
	136	405
	137	405
	137	406
	138	406
	139	407
	141	407
	143	409
	144	409
	145	410
	146	410
	146	411
	147	411
	147	412
	147	413
	147	414
	147	415
	146	416
	146	417
	145	417
	144	418
	143	418
	142	418
	141	417
	140	416
	139	416
	138	415
	138	414
	137	413
	137	411
	136	410
	136	409
	136	408
	136	407
	136	406
	137	405
	138	403
	139	402
	140	402
	141	401
	142	401
	143	401
	144	401
.PEN_UP
.PEN_DOWN
	155	409
	156	409
	156	410
	157	411
	158	411
	159	412
	160	413
	161	414
	162	415
	163	415
	163	416
	164	416
	164	417
	164	418
	164	419
	163	419
	162	419
	162	420
	161	420
	160	420
	158	420
	158	419
	157	419
	156	418
	155	417
	155	416
	154	415
	153	414
	152	413
	152	411
	152	410
	152	409
	152	406
	152	405
	153	403
	154	402
	155	401
	156	401
	158	400
	159	400
	161	399
	162	399
	164	399
.PEN_UP
.PEN_DOWN
	176	433
	175	433
	175	434
	176	435
	177	435
	178	435
	180	436
	181	436
	182	436
	184	436
	185	436
	186	435
	186	433
	186	432
	185	431
	185	430
	184	429
	183	428
	182	426
	181	425
	181	424
	180	424
	180	423
	179	422
	179	421
	180	421
.PEN_UP
.PEN_DOWN
	185	406
	186	406
	187	406
	188	406
	189	406
	189	407
	188	407
.PEN_UP
.PEN_DOWN
	203	456
	203	455
	204	453
	204	452
	204	451
	205	450
	205	449
	205	448
	205	447
	205	446
.PEN_UP
.PEN_DOWN
	209	458
	210	458
	210	457
	210	456
	210	454
	210	452
	210	451
	210	450
	211	449
	211	447
	211	446
	211	445
	212	444
.PEN_UP
.PEN_DOWN
	246	430
	245	430
	243	430
	242	430
	242	429
	240	429
	240	428
	239	427
	239	426
	239	425
	239	424
	240	424
	241	424
	242	423
	243	423
	244	422
	245	421
	246	421
	247	419
	248	419
	248	418
	248	417
	248	416
	248	415
	246	414
	245	413
	244	413
	243	413
	242	414
.PEN_UP
.PEN_DOWN
	262	429
	261	430
	260	430
	260	429
	259	429
	258	429
	257	428
	256	427
	255	426
	255	425
	254	424
	254	423
	253	422
	253	421
	253	420
	253	419
	254	418
	254	417
	255	416
	256	415
	257	415
	258	414
	259	414
	260	414
	260	413
	262	413
	263	413
.PEN_UP
.PEN_DOWN
	270	431
	270	430
	270	429
	270	428
	270	427
	270	426
	271	425
	271	424
	271	423
	272	422
	272	421
	272	420
	272	418
	273	418
	273	417
	273	416
	273	417
	273	418
	273	419
	273	420
	273	421
	273	422
	273	423
	273	424
	274	426
	275	426
	276	427
	277	428
	277	429
	278	429
	279	430
	280	430
	281	431
	282	431
	283	432
.PEN_UP
.PEN_DOWN
	285	424
	286	424
	287	424
	287	425
	288	425
	289	425
	290	425
	291	426
	292	426
	294	427
	295	427
	296	427
	296	428
	297	428
	298	428
	298	429
	297	430
	296	430
	295	430
	294	430
	293	430
	291	430
	291	429
	290	429
	289	428
	289	427
	288	426
	288	425
	288	424
	288	422
	289	421
	290	420
	291	419
	292	419
	293	418
	294	418
	295	418
	296	418
.PEN_UP
.PEN_DOWN
	304	424
	305	424
	306	425
	307	425
	308	426
	309	426
	310	426
	311	427
	312	427
	312	428
	313	428
	314	429
	314	430
	313	430
	313	431
	312	431
	312	432
	311	433
	310	433
	309	433
	308	432
	308	431
	307	430
	306	428
	305	427
	305	425
	305	424
	305	423
	305	422
	305	421
	306	420
	306	419
	307	419
	307	418
	308	418
	310	417
	312	417
	313	417
.PEN_UP
.PEN_DOWN
	332	431
	332	432
	331	432
	330	432
	329	432
	328	432
	328	431
	327	431
	327	430
	326	430
	325	429
	324	429
	324	428
	323	427
	322	426
	322	425
	322	424
	322	423
	323	422
	324	421
	325	420
	326	420
	327	419
	328	419
	329	419
	331	419
	332	419
	334	419
	336	419
.PEN_UP
.PEN_DOWN
	338	449
	338	448
	339	448
	339	447
	340	446
	340	445
	341	443
	341	442
	341	441
	341	440
	342	438
	342	437
	342	435
	342	434
	342	433
	342	431
	342	430
	342	427
	342	426
	342	425
	342	424
	342	423
	342	422
	342	421
	342	422
	343	423
	344	424
	344	425
	344	426
	344	427
	345	429
	346	431
	346	432
	347	433
	348	434
	349	434
	350	434
	351	433
	351	432
	352	431
	352	430
	352	429
	352	428
	353	428
	353	427
	353	426
	353	425
	353	424
	353	423
.PEN_UP
.PEN_DOWN
	357	427
	358	427
	359	428
	360	428
	361	429
	362	429
	363	429
	364	430
	365	430
	366	430
	367	431
	367	432
	367	433
	366	433
	365	433
	364	433
	363	433
	362	433
	361	433
	360	432
	359	431
	358	430
	358	428
	357	427
	357	426
	357	425
	357	424
	358	423
	359	423
	359	422
	360	421
	361	421
	363	420
	365	419
.PEN_UP
.PEN_DOWN
	386	433
	385	433
	384	433
	383	433
	382	433
	381	432
	380	432
	379	431
	379	430
	378	430
	378	429
	378	428
	378	427
	379	426
	380	426
	381	426
	383	426
	384	426
	385	426
	385	427
	386	427
	387	428
	387	429
	388	430
	388	431
	388	432
	389	433
	389	434
	389	436
	389	438
	390	439
	390	441
	390	443
	391	446
	392	451
	392	452
	392	454
	392	455
	392	456
	392	457
	392	458
	392	457
	391	457
	391	456
	391	455
	391	454
	391	452
	391	450
	391	448
	391	446
	391	444
	391	441
	391	439
	392	437
	392	436
	393	434
	394	433
	395	432
	396	431
	397	431
	398	430
	399	430
.PEN_UP
.PEN_DOWN
	432	448
	432	447
	431	445
	431	444
	431	442
	431	441
	431	439
	431	438
	431	435
	431	433
	431	432
	431	430
	431	429
	431	428
	431	427
	431	426
	431	425
	431	424
	431	423
	431	422
	432	422
	434	423
	435	423
	436	424
	437	424
	438	424
	439	424
	440	424
.PEN_UP
.PEN_DOWN
	426	435
	427	435
	428	435
	429	435
	429	436
	431	436
	432	436
	433	437
	434	437
.PEN_UP
.PEN_DOWN
	446	450
	446	449
	446	448
	446	447
	446	445
	446	444
	446	442
	446	441
	446	438
	446	437
	446	435
	447	433
	447	432
	447	431
	447	430
	447	429
	447	428
	447	427
	447	426
	448	427
	448	428
	448	429
	448	430
	448	431
	449	433
	450	435
	451	436
	451	437
	452	438
	453	438
	453	439
	454	440
	455	440
	455	441
	456	441
	457	441
	457	440
	457	439
	457	438
	458	438
	458	437
	458	435
	458	434
	458	433
	458	432
	458	430
	459	429
	459	428
	459	427
	460	426
.PEN_UP
.PEN_DOWN
	468	434
	468	433
	469	433
	469	434
	470	434
	471	435
	472	435
	473	436
	474	436
	475	437
	477	437
	477	438
	478	438
	478	439
	478	440
	477	440
	477	441
	476	441
	476	442
	475	442
	474	442
	473	442
	473	441
	472	440
	471	440
	471	439
	470	438
	470	437
	470	436
	469	435
	469	433
	469	432
	469	431
	469	429
	470	428
	471	426
	472	426
	473	425
	474	424
	476	424
	477	424
.PEN_UP
.PEN_DOWN
	502	456
	502	455
	502	453
	502	452
	502	451
	502	449
	502	448
	502	446
	502	442
	502	441
	503	439
	503	438
	503	436
	503	434
	503	433
	503	432
	503	431
	504	430
	504	429
	504	427
	504	426
	504	427
	504	428
	504	430
	504	431
	504	432
	504	433
	505	434
	505	435
	505	436
	506	437
	507	438
	507	439
	508	439
	509	441
	510	441
	511	442
	512	442
	513	442
	514	441
	514	440
	514	439
	514	438
	514	437
	514	436
	514	435
	514	434
	514	433
	514	431
	514	430
	514	428
	514	427
	514	426
	514	425
	514	424
	515	424
	516	424
.PEN_UP
.PEN_DOWN
	528	440
	527	440
	526	440
	526	439
	525	439
	524	438
	523	438
	522	437
	522	436
	522	433
	522	432
	522	430
	522	429
	523	429
	524	428
	524	427
	525	427
	526	426
	527	426
	528	426
	529	427
	530	428
	530	429
	530	430
	530	431
	530	433
	530	434
	530	435
	529	437
	528	438
	528	440
	527	441
	527	442
.PEN_UP
.PEN_DOWN
	536	442
	536	441
	536	440
	536	439
	536	438
	536	437
	536	436
	537	435
	537	433
	537	432
	537	431
	537	430
	537	429
	538	428
	538	427
	538	426
	538	425
	539	426
	539	427
	539	428
	539	429
	539	430
	540	430
	540	431
	540	432
	541	433
	541	434
	542	435
	543	436
	544	437
	544	438
	545	438
	545	437
	545	436
	545	435
	545	434
	545	433
	545	432
	545	431
	545	430
	545	429
	545	428
	545	427
	545	426
	546	426
	546	427
	546	428
	546	429
	547	429
	547	430
	547	431
	547	432
	548	433
	549	434
	549	435
	550	436
	550	437
	551	437
	551	438
	552	438
	552	437
	552	436
	552	435
	552	434
	552	433
	552	431
	552	429
	553	429
	553	428
	553	427
	554	426
	554	425
	554	424
	555	424
.PEN_UP
.PEN_DOWN
	562	439
	562	438
	561	438
	561	437
	561	436
	561	435
	561	434
	561	433
	561	432
	562	431
	562	430
	562	429
	564	428
	564	427
	565	427
	565	426
	566	426
	567	427
	568	427
	568	428
	569	429
	570	430
	570	431
	570	432
	570	433
	570	434
	570	436
	570	437
	570	438
	570	439
.PEN_UP
.PEN_DOWN
	575	439
	575	438
	575	437
	575	436
	575	435
	575	434
	575	433
	575	432
	575	431
	575	430
	575	429
	575	427
	575	426
	576	426
	577	426
	578	427
	579	429
	579	430
	580	431
	580	432
	581	433
	581	434
	581	435
	582	436
	582	437
	583	437
	583	438
	584	438
	585	438
	586	438
	587	438
	587	437
	587	436
	587	435
	587	434
	587	432
	587	431
	587	430
	588	429
	588	428
	588	427
	589	426
.PEN_UP
.PEN_DOWN
	603	438
	604	438
	604	439
	604	440
	603	440
	602	440
	601	439
	600	439
	599	438
	598	437
	597	437
	597	436
	596	435
	595	434
	595	431
	595	430
	595	429
	595	428
	595	427
	597	426
	597	425
	598	424
	599	424
	601	423
	603	423
	604	423
	607	423
.PEN_UP
.PEN_DOWN
	612	438
	612	437
	612	436
	612	435
	611	435
	611	434
	611	433
	611	432
	611	431
	612	430
	612	429
	613	427
	614	427
	614	426
	615	425
	615	424
	616	424
	617	424
	618	424
	619	424
	620	424
	621	425
	622	426
	622	427
	623	428
	623	429
	623	431
.PEN_UP
.PEN_DOWN
	630	451
	630	450
	629	448
	629	447
	629	446
	629	445
	629	443
	629	442
	628	441
	628	439
	628	438
	628	436
	628	434
	628	433
	629	430
	629	429
	629	428
	630	427
	630	426
	630	425
	631	424
	632	424
	633	424
	634	425
	635	425
	636	426
	637	426
	638	427
.PEN_UP
.PEN_DOWN
	643	441
	643	440
	643	439
	643	438
	643	437
	642	437
	642	436
	642	435
	642	433
	643	432
	643	431
	643	430
	643	429
	644	427
	645	426
	645	425
	646	425
	646	424
	647	424
	648	424
	649	425
	650	425
	651	427
	652	428
	652	429
	652	430
.PEN_UP
.PEN_DOWN
	664	440
	663	440
	662	440
	661	440
	660	440
	660	439
	660	438
	660	437
	661	437
	662	436
	663	434
	663	433
	664	432
	664	431
	665	431
	665	430
	665	429
	665	428
	664	428
	664	427
	663	427
	662	427
	661	427
	660	428
	659	428
	659	429
	658	429
	657	429
	657	430
.PEN_UP
.PEN_DOWN
	679	428
	680	428
.PEN_UP
.PEN_DOWN
	691	456
	691	455
	691	454
	691	453
	691	452
	691	451
	691	450
	691	449
	691	448
	691	447
	691	446
	692	445
	692	444
	692	443
.PEN_UP
.PEN_DOWN
	696	458
	696	457
	696	456
	696	455
	696	453
	696	452
	697	451
	697	450
	697	449
	697	448
	697	447
.PEN_UP
.PEN_DOWN
	711	441
	711	440
	710	440
	710	439
	710	438
	710	437
	709	435
	709	433
	709	432
	709	429
	709	427
	709	425
	709	424
	709	423
	709	422
	709	421
	710	420
	710	419
	710	420
.PEN_UP
.PEN_DOWN
	711	438
	711	439
	711	440
	711	441
	711	442
	711	441
	712	440
	712	438
	713	438
	714	435
	714	433
	715	432
	716	431
	716	430
	717	429
	718	428
	718	427
	719	426
	719	425
	720	424
	720	423
	721	422
	722	421
	722	420
	723	420
	723	421
	723	422
	723	423
	723	424
	723	425
	723	426
	724	427
	724	428
	724	429
	724	431
	725	434
	725	436
	725	437
	725	438
	725	440
	725	441
	725	442
	725	443
.PEN_UP
.PEN_DOWN
	736	429
	736	430
	735	430
	735	429
	734	429
	733	428
	732	426
	731	425
	731	424
	731	423
	731	422
	731	421
	732	420
	733	419
	733	418
	734	418
	735	418
	736	418
	739	418
	740	419
	741	420
	742	421
	742	422
	743	423
	743	424
	743	426
	742	427
	742	428
	741	429
	739	429
	738	430
	737	430
.PEN_UP
