
.WRITER_ID BeckyHammaker
.STYLE PRINTED
.PEN_DOWN
	120	388
	121	388
	121	389
	120	389
	120	388
	120	387
	120	386
	120	385
	120	384
	120	383
	120	382
	120	381
	120	380
	120	379
	120	378
	120	377
	120	376
	120	375
	120	376
	121	376
.PEN_UP
.PEN_DOWN
	122	373
	122	372
	122	371
	122	370
.PEN_UP
.PEN_DOWN
	152	381
	152	380
	152	381
	152	382
	151	382
	151	383
	150	383
	149	383
	149	382
	148	382
	147	381
	147	380
	147	379
	146	379
	146	378
	146	377
	147	377
	147	376
	148	375
	149	375
	150	375
	150	376
	151	376
	152	376
	152	377
	153	378
	153	379
	153	380
	153	381
	152	382
	152	381
	152	380
	152	379
	153	378
	154	377
	155	377
	156	377
	156	378
	157	378
	157	379
	158	379
	158	380
	158	381
	159	381
	159	382
	159	383
	159	384
	159	385
	159	386
	159	387
	159	388
	159	389
	158	389
	157	390
	156	390
	156	391
	155	391
	154	391
	153	390
	152	390
	151	390
	150	390
	150	389
	149	389
	149	388
	149	387
	148	387
	148	386
	148	385
	147	385
	147	384
	146	383
	146	382
	146	381
	145	380
	145	379
	145	378
	145	377
	145	376
	145	375
	145	374
	145	373
	145	372
	145	371
	146	370
	147	369
	148	368
	149	368
	150	368
	151	368
	152	368
	153	369
	154	369
	155	370
	156	370
	156	371
	157	371
	157	372
	157	373
	157	374
	158	374
	158	375
	158	376
	158	377
	158	378
	158	379
	159	379
	159	380
	159	381
.PEN_UP
.PEN_DOWN
	184	387
	185	387
	185	386
	185	385
	185	384
	185	383
	185	382
	185	381
	185	380
	184	380
	184	379
	184	378
	184	377
	184	376
	184	375
.PEN_UP
.PEN_DOWN
	192	389
	192	388
	192	387
	192	386
	192	385
	192	384
	192	383
	192	382
	192	381
	192	380
	192	379
	192	378
	193	377
	193	376
	193	375
	193	374
	193	375
.PEN_UP
.PEN_DOWN
	177	385
	177	384
	178	384
	179	384
	180	384
	181	383
	182	383
	183	383
	184	383
	185	383
	186	383
	187	384
	189	384
	190	384
	191	384
	192	384
	193	384
	194	385
	195	385
	196	385
	197	385
	198	385
	199	385
.PEN_UP
.PEN_DOWN
	180	379
	181	379
	181	378
	182	378
	183	378
	184	378
	186	378
	187	378
	188	378
	189	378
	190	378
	191	378
	192	378
	193	378
	194	378
	195	378
	196	378
	197	378
	198	378
	199	378
.PEN_UP
.PEN_DOWN
	221	388
	220	388
	220	387
	219	387
	218	387
	218	386
	217	386
	217	385
	216	385
	216	384
	216	383
	215	383
	215	382
	215	381
	216	381
	217	381
	218	382
	219	382
	220	382
	221	382
	221	381
	222	381
	223	380
	224	380
	225	380
	225	379
	225	378
	225	377
	224	377
	224	376
	223	376
	223	375
	222	375
	222	374
	221	374
	220	374
	219	374
	218	374
	217	375
	217	376
	216	376
.PEN_UP
.PEN_DOWN
	219	392
	220	391
	220	390
	220	389
	220	388
	221	386
	221	385
	221	384
	221	383
	221	382
	221	381
	221	380
	221	379
	221	378
	221	376
	221	375
	221	374
	221	373
.PEN_UP
.PEN_DOWN
	253	387
	253	388
	252	388
	251	388
	250	388
	249	388
	248	387
	248	386
	247	386
	247	385
	247	384
	247	383
	248	383
	248	382
	248	381
	249	381
	250	381
	251	382
	252	382
	252	383
	253	384
	253	385
	253	386
	253	387
	254	387
	254	388
	254	389
	254	388
.PEN_UP
.PEN_DOWN
	261	395
	261	394
	260	393
	260	392
	260	391
	259	390
	259	389
	258	389
	258	388
	258	387
	258	386
	257	386
	257	385
	256	384
	256	383
	256	382
	255	382
	255	381
	255	380
	255	379
	254	379
	254	378
	254	377
	254	376
	255	376
.PEN_UP
.PEN_DOWN
	264	383
	264	382
	263	381
	263	380
	263	379
	263	378
	263	377
	263	376
	263	375
	264	375
	265	374
	266	374
	267	374
	268	374
	268	375
	269	375
	269	376
	269	377
	270	377
	270	378
	270	379
	270	380
	270	381
	269	381
	269	382
	269	383
	268	383
	268	384
	267	384
.PEN_UP
.PEN_DOWN
	288	386
	288	385
	289	385
	289	386
	289	387
	290	387
	290	388
	291	389
	292	389
	292	390
	293	390
	293	391
	294	391
	294	392
	294	391
	294	390
	294	389
	294	388
	295	388
	295	387
	295	386
	295	385
	295	384
	295	383
	296	383
	296	382
	297	382
	297	383
.PEN_UP
.PEN_DOWN
	323	387
	323	388
	322	388
	321	388
	321	389
	320	389
	319	389
	318	389
	317	389
	316	389
	315	389
	315	388
	314	388
	313	387
	312	387
	312	386
	311	385
	312	384
	312	383
	313	383
	314	383
	314	382
	315	382
	315	381
	316	381
	317	381
	318	381
	319	381
	320	381
	321	381
	321	382
	320	382
	319	382
	318	382
	318	381
	317	381
	316	381
	316	380
	315	380
	315	379
	314	379
	314	378
	313	377
	313	376
	313	375
	314	374
	315	374
	316	374
	316	373
	317	373
	318	373
	319	373
	320	373
	321	373
	322	373
	323	374
	324	374
	324	375
	324	376
	325	376
.PEN_UP
.PEN_DOWN
	317	397
	317	396
	318	396
	318	395
	318	394
	318	393
	318	392
	318	391
	318	390
	318	389
	318	388
	318	387
	318	386
	318	385
	318	384
	318	383
	318	382
	318	381
	318	380
	317	380
	317	379
	317	378
	317	377
	317	376
	317	375
	317	374
	317	373
	317	372
	317	371
	318	371
	318	370
	319	370
	319	369
	319	370
.PEN_UP
.PEN_DOWN
	346	391
	346	392
	346	391
	346	390
	346	389
	346	388
	346	387
	346	386
	346	385
	346	384
	346	383
	346	382
	346	381
	346	380
	346	379
	346	378
	346	377
	346	376
	346	375
	346	374
	346	373
	346	374
.PEN_UP
.PEN_DOWN
	335	384
	335	383
	336	383
	337	383
	338	383
	338	382
	339	382
	340	382
	341	382
	342	382
	343	382
	344	381
	345	381
	346	381
	347	381
	348	381
	349	381
	350	380
	351	380
	352	380
	353	380
	354	380
.PEN_UP
.PEN_DOWN
	353	388
	352	388
	351	387
	350	387
	350	386
	349	386
	349	385
	348	385
	347	384
	346	384
	346	383
	345	383
	345	382
	344	381
	343	380
	342	379
	341	378
	341	377
	340	377
	340	376
	339	376
	338	375
	338	376
.PEN_UP
.PEN_DOWN
	341	388
	341	387
	342	387
	342	386
	343	385
	343	384
	343	383
	344	382
	345	381
	345	380
	346	379
	346	378
	346	376
	347	376
	347	375
	348	374
	348	373
	349	373
	349	372
	350	371
	350	370
	351	370
	352	370
.PEN_UP
.PEN_DOWN
	376	388
	375	388
	375	387
	374	387
	373	386
	372	385
	372	384
	371	384
	371	383
	371	382
	370	382
	370	381
	370	380
	370	379
	370	378
	370	377
	370	376
	370	375
	371	374
	371	373
	371	372
	372	372
	372	371
	372	370
	373	370
	373	369
.PEN_UP
.PEN_DOWN
	385	391
	385	390
	386	390
	386	389
	387	389
	387	388
	388	387
	389	386
	389	385
	390	384
	390	383
	390	382
	390	381
	390	380
	390	379
	390	378
	390	377
	389	376
	389	375
	389	374
	389	373
	388	373
	388	372
	388	371
	387	370
	387	369
.PEN_UP
.PEN_DOWN
	404	396
	405	396
	405	395
	405	394
	406	394
	406	393
	406	392
	406	391
	407	390
	407	389
	408	389
	408	388
	408	389
.PEN_UP
.PEN_DOWN
	422	389
	422	388
	422	389
	422	390
	422	391
	423	391
	423	392
	424	392
	425	392
	426	392
	427	391
	428	391
	428	390
	428	389
	428	388
	429	387
	430	386
	431	386
	432	386
	433	386
	434	386
	434	387
	435	387
	435	388
	436	388
	436	389
	436	390
	436	391
	437	391
	437	392
	438	393
.PEN_UP
.PEN_DOWN
	453	385
	454	385
	455	385
	456	385
	457	385
	458	385
	459	384
	460	384
	461	384
.PEN_UP
.PEN_DOWN
	474	371
	475	371
	476	371
	476	370
	477	370
	478	370
	479	370
	479	369
	480	369
	481	369
	482	369
	483	369
	484	369
	485	369
	485	368
	486	368
	487	368
	488	368
	489	368
	490	368
	491	368
	492	367
	493	367
	494	367
	495	367
	496	367
	497	367
	497	366
.PEN_UP
.PEN_DOWN
	509	392
	509	391
	510	391
	510	390
	509	389
	509	388
	509	386
	509	385
	509	384
	509	383
	509	382
	509	381
	509	380
	510	379
	510	378
	511	378
	511	379
	511	380
.PEN_UP
.PEN_DOWN
	504	386
	505	386
	506	386
	507	386
	508	386
	509	386
	510	386
	511	385
	512	385
	513	385
	514	385
	515	385
	516	385
.PEN_UP
.PEN_DOWN
	526	386
	527	386
	527	385
	528	385
	529	385
	530	385
	531	384
	532	384
	533	384
.PEN_UP
.PEN_DOWN
	525	379
	526	378
	527	378
	528	378
	529	377
	530	377
	531	377
	531	376
	532	376
.PEN_UP
.PEN_DOWN
	563	398
	562	398
	561	398
	560	398
	559	398
	558	398
	557	398
	556	398
	555	398
	554	398
	554	397
	554	396
	554	395
	554	394
	554	393
	554	392
	553	391
	553	390
	553	389
	553	388
	553	387
	552	386
	552	385
	552	384
	552	383
	552	381
	552	380
	552	379
	553	379
	553	378
	554	378
	555	378
	555	377
	556	377
	557	377
	558	377
	559	376
	560	376
	561	376
	562	376
	563	376
.PEN_UP
.PEN_DOWN
	578	400
	579	400
	580	399
	581	399
	582	399
	582	398
	583	398
	584	398
	585	398
	586	398
	586	397
	586	396
	586	395
	586	394
	586	393
	586	392
	586	391
	586	390
	586	389
	586	388
	586	387
	586	386
	586	385
	586	384
	586	383
	586	382
	586	381
	586	380
	586	379
	585	379
	584	379
	583	378
	582	378
	581	378
	580	378
	579	378
.PEN_UP
.PEN_DOWN
	615	403
	614	403
	613	403
	612	403
	611	403
	610	403
	610	402
	609	402
	609	401
	608	401
	608	400
	608	399
	609	399
	609	398
	610	398
	610	397
	610	396
	611	396
	611	395
	610	395
	610	394
	609	393
	609	392
	608	392
	608	391
	607	391
	607	390
	606	390
	605	390
	605	389
	604	389
	603	389
	603	388
	602	388
	603	388
	604	388
	605	388
	606	388
	607	388
	608	388
	608	387
	609	387
	609	386
	609	385
	609	384
	608	384
	608	383
	608	382
	607	382
	607	381
	607	380
	607	379
	608	379
	608	378
	609	378
	610	378
	610	377
	611	377
	612	377
	613	377
	614	377
	615	377
	616	378
	617	378
	618	378
	619	378
.PEN_UP
.PEN_DOWN
	632	401
	633	401
	634	401
	635	401
	636	401
	637	401
	637	400
	638	400
	639	400
	639	399
	639	398
	639	397
	639	396
	638	396
	638	395
	638	394
	637	394
	637	393
	637	392
	638	392
	639	392
	640	392
	641	392
	642	392
	643	392
	644	392
	645	392
	644	392
	644	391
	643	391
	642	391
	642	390
	641	390
	641	389
	640	389
	640	388
	640	387
	641	387
	641	386
	642	386
	642	385
	643	385
	644	385
	644	384
	645	384
	646	384
	646	383
	647	383
	647	382
	647	381
	646	381
	646	380
	645	380
	644	379
	643	379
	643	378
	642	378
	641	377
	640	377
	639	377
.PEN_UP
.PEN_DOWN
	659	398
	659	397
	660	397
	660	396
	661	395
	662	395
	662	394
	663	394
	664	394
	665	393
	667	392
	667	391
	668	391
	669	391
	670	390
	671	390
	672	389
	673	389
	673	388
	674	388
	675	388
	675	387
	676	387
	676	386
	677	386
	677	385
	678	385
	678	384
	679	384
.PEN_UP
.PEN_DOWN
	686	387
	686	386
	687	386
	687	385
	688	385
	688	384
	688	383
	688	382
	688	381
	688	380
	687	380
	687	379
	686	378
	686	377
	685	377
	684	376
.PEN_UP
.PEN_DOWN
	715	403
	715	402
	714	402
	713	401
	713	400
	712	399
	712	398
	711	398
	711	397
	710	396
	710	395
	709	395
	709	394
	709	393
	708	393
	708	392
	707	391
	706	390
	706	389
	705	389
	705	388
	705	387
	704	386
	703	385
	704	385
.PEN_UP
.PEN_DOWN
	724	383
	724	382
	724	381
	723	381
	723	380
	723	379
.PEN_UP
.PEN_DOWN
	725	391
	725	392
	724	392
	724	393
	724	394
	725	394
	726	394
	726	395
	727	395
	728	395
	729	395
	729	396
	730	396
	731	396
	731	397
	732	398
	732	399
	732	400
	732	401
	732	402
	732	403
	731	403
	730	404
	729	404
	728	404
	727	404
	726	404
.PEN_UP
.PEN_DOWN
	738	406
	739	406
	739	405
	739	404
	739	403
	740	402
.PEN_UP
.PEN_DOWN
	751	404
	751	403
	751	402
	751	401
	751	400
	751	399
.PEN_UP
.PEN_DOWN
	757	405
	758	405
	758	404
	758	403
	758	402
	758	401
.PEN_UP
.PEN_DOWN
	774	395
	774	394
	773	394
	773	393
	772	392
	772	391
	771	391
	771	390
	770	389
	769	389
	769	388
	769	387
	768	387
	768	386
	767	385
	767	384
	766	384
	766	383
	765	383
	765	382
	766	382
	767	382
	767	381
	768	381
	769	381
	769	380
	770	380
	771	380
	772	380
	773	379
	774	378
	775	378
	775	377
	776	377
.PEN_UP
.PEN_DOWN
	782	400
	783	400
	783	399
	782	398
	782	397
	782	396
	782	395
	782	394
	782	393
	782	392
	782	391
	782	390
	782	389
	782	388
	783	388
	783	387
	783	386
	783	385
	783	384
	783	383
	783	382
	783	381
	784	380
	784	379
	784	378
	784	377
	784	376
	784	375
	785	375
.PEN_UP
.PEN_DOWN
	791	395
	792	395
	793	395
	793	394
	794	394
	795	394
	795	393
	796	393
	797	393
	797	392
	798	392
	799	392
	800	391
	801	391
	801	390
	802	390
	802	389
	803	389
	804	388
	804	387
	805	387
	805	386
	804	385
	804	384
	803	383
	803	382
	802	381
	802	380
	801	379
	801	378
	800	377
	800	376
	799	376
	799	375
	799	374
.PEN_UP
.PEN_DOWN
	805	400
	805	399
	806	399
	806	398
	806	397
	806	396
	807	396
.PEN_UP
.PEN_DOWN
	811	402
	811	401
	811	400
	811	399
	811	398
	811	397
	812	397
.PEN_UP
.PEN_DOWN
	821	392
	821	393
	822	393
	822	392
.PEN_UP
.PEN_DOWN
	820	380
	821	380
	821	379
	822	379
	822	378
	822	377
	822	376
	822	375
	821	374
	821	373
	821	372
	820	371
	820	370
	819	370
	819	369
	818	369
.PEN_UP
.PEN_DOWN
	832	391
	832	392
	833	392
	833	391
.PEN_UP
.PEN_DOWN
	830	378
	830	377
	830	376
	830	375
	831	375
.PEN_UP
.PEN_DOWN
	844	376
	845	375
	844	375
	844	374
	844	373
.PEN_UP
