
.WRITER_ID BeckyHammaker
.STYLE PRINTED
.PEN_DOWN
	131	380
	131	381
	132	381
	132	382
	132	383
	131	383
	131	384
	131	385
	130	385
	129	385
	128	385
	127	385
	126	385
	126	384
	125	383
	124	382
	124	381
	123	380
	123	379
	123	378
	123	377
	123	376
	123	375
	123	374
	123	373
	124	373
	124	372
	124	371
	125	371
	126	370
	127	370
	127	369
	128	369
	129	369
	130	369
	131	369
	132	370
	133	370
	134	371
	135	372
	135	373
	135	374
	135	375
	135	376
	135	377
	135	378
	135	379
	134	380
	134	381
	133	382
	133	383
	132	383
	132	384
	131	385
	130	385
	130	386
	129	386
.PEN_UP
.PEN_DOWN
	131	375
	132	375
	132	374
	133	374
	133	373
	134	373
	135	372
	136	372
	136	371
	137	371
	138	371
.PEN_UP
.PEN_DOWN
	141	381
	142	381
	142	380
	142	379
	142	378
	142	377
	142	376
	142	375
	142	374
	142	373
	143	373
	143	372
	144	372
	144	371
	145	371
	146	371
	147	371
	148	371
	149	371
	149	372
	150	372
	150	373
	150	374
	151	374
	151	375
	151	376
	151	377
	151	378
	150	378
	150	379
	150	380
	149	380
	149	381
	149	382
	149	383
	149	384
.PEN_UP
.PEN_DOWN
	157	380
	158	380
	159	380
	159	379
	159	378
	159	377
	159	376
	159	375
	160	375
	160	374
	160	373
	160	371
	161	371
	161	370
.PEN_UP
.PEN_DOWN
	171	382
	170	381
	170	380
	169	380
	169	379
	168	379
	168	378
	168	377
	167	377
	167	376
	167	375
	167	374
	168	374
	168	373
	169	373
	170	372
	171	372
	171	371
	172	371
	173	371
	174	371
	175	371
	176	371
	177	371
	178	371
.PEN_UP
.PEN_DOWN
	184	382
	185	381
	185	380
	186	380
	186	379
	186	378
	186	377
	186	376
	187	375
	187	374
	187	373
	187	372
	187	371
	187	370
	188	370
	188	369
.PEN_UP
.PEN_DOWN
	192	384
	192	383
	192	382
	191	382
	191	381
	191	380
	190	379
	189	378
	189	377
	188	377
	188	376
	189	376
	190	376
	191	376
	191	375
	192	375
	193	375
	193	374
	194	373
	195	372
	196	372
	196	371
	197	371
	198	371
.PEN_UP
.PEN_DOWN
	205	382
	205	381
	206	380
	206	379
	206	378
	206	377
	206	376
	206	375
	207	375
	207	374
	207	373
	207	372
	207	371
	206	371
	207	371
	208	371
	209	371
	209	370
	210	370
	211	370
	212	370
.PEN_UP
.PEN_DOWN
	216	380
	217	380
	218	379
	219	378
	220	378
	220	377
	221	377
	222	377
	223	376
	224	376
.PEN_UP
.PEN_DOWN
	226	381
	225	381
	225	380
	224	379
	224	378
	224	377
	223	376
	223	375
	223	374
	223	373
	223	372
	224	372
	224	371
	224	370
	224	369
	224	368
	224	367
.PEN_UP
.PEN_DOWN
	258	384
	259	383
	259	382
	259	381
	259	380
	259	379
	259	378
	259	377
	259	376
	259	375
	259	374
	259	373
	259	372
	259	371
	259	370
	259	369
	259	368
	259	367
	260	367
.PEN_UP
.PEN_DOWN
	257	384
	258	384
	259	384
	260	384
	261	384
	262	384
	263	384
	265	384
	266	385
	267	385
	268	385
	269	385
.PEN_UP
.PEN_DOWN
	258	376
	259	376
	260	376
	261	376
	262	376
	263	376
	264	376
.PEN_UP
.PEN_DOWN
	269	376
	269	375
	269	374
	269	373
	269	372
	269	371
	269	370
	269	369
	270	369
	270	368
	271	368
	272	368
	273	368
	274	368
	275	368
	276	369
	277	369
	277	370
	278	370
	278	371
	278	372
	278	373
	278	374
	278	375
	278	376
	277	376
	277	377
	276	377
	275	377
	275	378
	274	378
	273	378
	272	378
	271	378
.PEN_UP
.PEN_DOWN
	287	380
	287	379
	288	378
	288	377
	288	376
	288	375
	288	374
	288	373
	288	372
	288	371
	288	370
	288	369
	289	369
	289	368
.PEN_UP
.PEN_DOWN
	287	380
	288	380
	289	380
	290	380
	291	380
	292	380
	293	380
	294	380
	294	379
	294	378
	294	377
	294	376
	293	376
	293	375
	292	375
	291	374
	290	374
	290	373
	289	373
	290	373
	291	373
	292	373
	293	372
	294	371
	295	370
	295	369
	296	369
	296	368
	297	368
	297	367
	298	366
	298	367
.PEN_UP
.PEN_DOWN
	311	384
	310	384
	310	383
	309	383
	308	383
	307	382
	306	382
	305	382
	305	381
	304	380
	303	380
	303	379
	303	378
	303	377
	302	377
	302	376
	302	375
	302	374
	302	373
	302	372
	303	372
	303	371
	304	371
	305	371
	306	370
	307	370
	308	370
	308	369
	309	369
	310	369
	311	369
	312	369
	313	369
	314	369
	315	370
	316	371
	316	372
	316	373
	315	374
	315	375
	314	375
	314	376
	313	376
	312	376
	311	376
	310	376
	310	375
	309	375
.PEN_UP
.PEN_DOWN
	324	380
	323	380
	323	379
	322	379
	322	378
	321	377
	321	376
	320	376
	320	375
	320	374
	320	373
	320	372
	320	371
	321	371
	322	370
	323	370
	323	369
	324	369
	325	369
	325	368
	326	368
	327	368
	327	369
	328	369
	329	369
	330	370
	331	370
	331	371
	332	372
	332	373
	332	374
	332	375
	332	376
	331	377
	331	378
	330	378
	329	379
	328	379
	327	379
	326	379
	325	379
.PEN_UP
.PEN_DOWN
	338	380
	338	379
	339	378
	339	377
	340	377
	340	376
	341	375
	341	374
	342	373
	342	372
	342	371
	342	370
	343	370
	343	369
.PEN_UP
.PEN_DOWN
	331	382
	331	381
	332	381
	333	381
	334	381
	335	381
	336	381
	337	381
	338	381
	339	381
	340	381
	341	381
	342	381
	342	380
	343	380
	344	380
	345	380
	346	381
	347	381
	348	381
.PEN_UP
.PEN_DOWN
	369	382
	370	382
	370	381
	370	380
	370	379
	370	378
	370	377
	370	376
	370	375
	370	374
	370	373
	371	372
	371	371
.PEN_UP
.PEN_DOWN
	378	384
	378	383
	378	382
	379	382
	379	381
	379	380
	379	379
	380	379
	380	378
	380	377
	380	376
	380	375
	380	374
	380	373
	380	372
	380	371
	380	370
	380	369
	380	368
	381	368
.PEN_UP
.PEN_DOWN
	372	377
	373	377
	374	376
	375	376
	376	376
	377	376
.PEN_UP
.PEN_DOWN
	388	379
	388	378
	388	377
	387	377
	387	376
	387	375
	387	374
	387	373
	387	372
	387	371
	387	370
	388	369
	389	368
	390	368
	390	367
	391	367
	393	367
	394	368
	395	368
	395	369
	395	370
	396	370
	396	371
	397	372
	397	373
	397	374
	397	375
	397	376
	396	377
	395	378
	395	379
	394	379
	394	380
	393	380
	392	380
	391	380
	390	380
	389	380
.PEN_UP
.PEN_DOWN
	401	380
	402	380
	402	379
	402	378
	402	377
	403	377
	403	376
	404	376
	404	375
	404	374
	404	373
	405	372
	405	371
	406	370
	406	369
	406	368
	407	368
	407	367
	408	367
	409	368
	409	369
	410	369
	410	370
	410	371
	411	372
	411	373
	411	374
	412	375
	412	376
	413	376
	413	377
	414	377
	414	376
	414	375
	414	374
	415	373
	415	372
	416	371
	416	370
	417	369
	418	369
	419	369
	420	369
	421	370
	421	371
	421	372
	421	373
	421	374
	421	375
	421	376
	421	378
	421	379
	421	380
	421	381
	421	382
	421	383
	421	384
	421	385
	422	385
	422	384
.PEN_UP
.PEN_DOWN
	456	378
	457	378
	458	378
	458	377
	458	376
	458	375
	458	373
	458	372
	458	371
	458	370
	458	369
	458	368
	458	367
	458	366
	459	366
	459	365
	459	366
.PEN_UP
.PEN_DOWN
	448	381
	449	381
	450	381
	450	380
	451	380
	452	380
	453	380
	454	380
	455	380
	456	380
	457	380
	458	380
	459	380
	460	380
	461	380
	462	380
	463	380
	464	380
	465	380
	466	380
	467	381
	468	381
	469	381
	469	380
.PEN_UP
.PEN_DOWN
	471	377
	471	376
	470	376
	470	375
	469	374
	469	373
	468	373
	468	372
	468	371
	467	371
	467	370
	467	369
	468	369
	468	368
	469	367
	470	366
	471	365
	472	365
	473	364
	474	364
	475	364
	475	365
	476	365
	476	366
	477	366
	478	367
	478	368
	479	369
	479	370
	479	371
	479	372
	479	373
	479	374
	478	375
	478	376
	477	376
	476	377
	475	377
	474	377
	473	377
	472	377
.PEN_UP
.PEN_DOWN
	514	384
	514	383
	515	383
	515	382
	515	381
	516	381
	516	380
	516	379
	517	379
	517	378
	517	377
	517	376
	518	375
	518	374
	518	373
	518	372
	518	371
	518	370
	519	370
	519	371
	519	372
	520	372
	520	373
	521	374
	521	375
	522	375
	522	376
	523	376
	523	377
	524	377
	524	378
	525	378
	525	379
	526	379
	526	380
	527	380
	527	379
	527	378
	527	377
	527	376
	528	376
	528	375
	528	374
	528	373
	528	372
	529	371
	530	370
	531	370
	531	371
	531	372
	532	372
	532	373
	532	374
	532	375
	532	376
	533	376
	533	377
	533	378
	534	379
	534	380
	535	380
	535	381
	536	382
	536	383
	537	384
.PEN_UP
.PEN_DOWN
	540	368
	541	368
	541	369
	542	369
	542	370
	542	371
	542	372
	543	373
	543	374
	543	375
	543	376
	544	376
	544	377
	544	379
	544	380
	544	381
	545	381
	545	382
	545	383
	546	384
	546	385
	547	385
	548	385
	549	384
	549	383
	550	383
	550	382
	550	381
	551	381
	551	380
	551	379
	552	378
	552	377
	552	376
	553	375
	553	374
	553	372
	553	371
	553	370
	554	370
	554	369
	554	370
.PEN_UP
.PEN_DOWN
	543	377
	544	377
	545	376
	546	376
	547	376
	548	376
	549	376
	550	376
	551	376
.PEN_UP
.PEN_DOWN
	559	384
	559	383
	560	382
	560	381
	561	381
	561	380
	561	379
	562	378
	562	377
	562	376
	561	375
	561	374
	561	373
	561	372
	561	371
	561	370
	561	369
	561	368
	562	368
	563	369
	564	369
	564	370
	565	370
	566	370
	567	370
	568	369
	569	369
	570	369
	571	369
	572	369
.PEN_UP
.PEN_DOWN
	578	380
	579	379
	580	378
	580	377
	580	376
	580	375
	580	374
	580	373
	580	372
	581	371
	581	370
	581	369
	581	368
	581	367
	582	367
	582	368
.PEN_UP
.PEN_DOWN
	570	386
	570	385
	571	385
	572	385
	573	385
	574	384
	575	384
	576	384
	577	384
	578	384
	579	384
	580	384
	581	384
	582	384
	583	384
	584	384
	584	385
	585	385
	586	384
.PEN_UP
.PEN_DOWN
	590	383
	591	383
	592	382
	593	382
	594	382
	595	382
	596	381
	597	381
	598	381
	599	381
	600	381
	600	380
	599	379
	599	378
	598	377
	598	376
	597	376
	597	375
	597	374
	596	373
	595	372
	594	372
	594	371
	594	370
	595	370
	596	369
	597	369
	598	369
	599	368
	600	368
	601	368
	603	368
	604	368
	605	368
	605	369
	606	369
	607	369
.PEN_UP
