
.WRITER_ID BeckyHammaker
.STYLE PRINTED
.PEN_DOWN
	119	383
	119	382
	119	383
	120	383
	120	382
	121	382
	121	381
	122	380
	122	379
	122	378
	123	378
	123	377
	123	376
	124	376
	124	375
	124	374
	125	374
	125	373
	125	372
	126	371
	127	371
	128	372
	128	373
	128	374
	129	374
	129	375
	129	376
	130	377
	130	378
	131	379
	131	380
	131	381
	132	382
	132	383
	133	384
	133	385
	134	385
	134	386
	134	387
	134	386
.PEN_UP
.PEN_DOWN
	141	377
	142	377
	143	377
	144	377
	145	378
	146	378
	147	378
	147	379
	148	379
	148	380
	148	381
	148	382
	148	383
	147	383
	147	384
	146	384
	145	384
	144	384
	143	384
	142	384
	142	383
	141	383
	141	382
	141	381
	140	381
	140	380
	140	379
	139	379
	139	378
	139	377
	139	376
	139	375
	139	374
	140	373
	141	372
	142	372
	142	371
	143	371
	143	370
	144	370
	145	370
	146	370
	147	370
	148	370
	149	370
	150	371
	151	371
	151	372
	152	372
.PEN_UP
.PEN_DOWN
	158	385
	158	384
	159	384
	159	383
	159	382
	160	382
	160	381
	161	380
	162	379
	163	378
	164	378
	164	377
	165	376
	166	376
	167	376
	167	377
	168	377
	167	377
.PEN_UP
.PEN_DOWN
	167	389
	167	388
	167	387
	166	386
	166	385
	165	385
	165	384
	165	383
	164	382
	164	381
	163	380
	163	379
	163	378
	162	378
	162	377
	162	376
	162	375
	161	374
	161	373
	161	372
	161	373
.PEN_UP
.PEN_DOWN
	177	381
	177	380
	177	379
	178	379
	178	378
	178	377
	178	376
	178	375
	178	374
	179	374
	179	373
	179	372
	179	373
.PEN_UP
.PEN_DOWN
	177	390
	177	389
.PEN_UP
.PEN_DOWN
	190	383
	190	382
	190	381
	190	380
	191	379
	191	378
	192	377
	192	376
	192	375
	192	374
	192	372
	193	372
	193	371
	193	372
	193	373
	193	374
	192	374
	192	375
	192	376
	192	377
	192	378
	192	379
	192	380
	192	381
	193	381
	193	382
	194	383
	195	383
	196	383
	197	383
	198	383
	199	383
	200	383
	200	382
	201	382
	201	381
	201	380
	201	379
	201	378
	201	377
	201	376
	201	375
	202	375
	202	374
	202	373
	202	374
.PEN_UP
.PEN_DOWN
	218	377
	218	378
	219	378
	219	379
	219	380
	219	381
	218	382
	217	383
	216	383
	215	383
	214	383
	213	383
	212	382
	211	381
	210	380
	210	379
	210	378
	210	377
	210	376
	210	375
	211	375
	211	374
	212	374
	212	373
	213	373
	214	373
	215	373
	216	373
	217	373
	217	374
	218	374
	218	375
	219	375
	220	376
	220	377
	220	378
	220	379
	220	380
	220	379
	219	379
	219	378
	219	377
	220	377
	220	376
	220	375
	220	374
	220	373
	221	372
	221	371
	221	370
	221	368
	221	367
	221	366
	221	365
	221	364
	221	363
	221	362
	221	361
	221	360
	221	359
	221	358
	220	357
	220	356
	220	355
	219	355
	219	354
	218	354
	218	353
	217	353
	216	353
	215	353
	214	353
	213	353
	212	354
	211	355
	210	356
	209	357
.PEN_UP
.PEN_DOWN
	275	377
	275	378
	276	378
	276	379
	276	380
	275	381
	275	382
	274	382
	274	383
	273	383
	272	384
	271	384
	270	384
	269	384
	269	383
	268	383
	268	382
	267	382
	267	381
	267	380
	267	379
	267	378
	267	377
	267	376
	267	375
	267	374
	268	374
	268	373
	269	372
	271	372
	272	372
	273	372
	273	373
	274	373
	274	374
	275	374
	276	374
	276	375
	277	376
	277	377
	277	378
	277	379
	278	380
	278	381
	278	382
	278	383
	278	384
	278	385
	278	386
	278	388
	278	389
	278	390
	278	391
	278	392
	278	393
	278	394
	277	395
	277	396
	277	397
	277	398
	277	397
	277	396
	277	395
	277	394
	277	393
	277	392
	276	391
	276	390
	276	389
	277	388
	277	387
	277	386
	277	385
	277	384
	277	383
	277	382
	277	381
	277	380
	277	379
	277	378
	278	378
	278	377
	278	376
	279	375
	279	374
	279	373
	279	372
	280	372
	280	373
	280	374
	280	375
.PEN_UP
.PEN_DOWN
	299	378
	299	379
	299	380
	299	381
	298	381
	298	382
	297	382
	296	382
	295	382
	294	382
	293	382
	293	381
	292	381
	292	380
	292	379
	291	379
	291	378
	291	377
	291	376
	291	375
	292	374
	293	373
	294	373
	294	372
	295	372
	296	372
	297	373
	298	374
	299	374
	299	375
	299	376
	299	377
	299	378
	300	378
	300	379
	300	378
	300	377
	301	377
	301	376
	301	375
	301	374
	301	373
	301	372
	302	372
.PEN_UP
.PEN_DOWN
	312	370
	313	370
	313	371
	313	372
	313	373
	313	374
	313	375
	313	376
	313	377
	312	378
	312	379
	312	380
	312	381
	312	382
	312	383
	312	384
	312	385
	311	386
	311	387
	311	388
	312	389
	312	390
	312	391
	312	392
	312	393
	313	393
	314	393
	315	393
	316	393
	317	392
	318	392
	318	391
	319	391
.PEN_UP
.PEN_DOWN
	313	380
	314	379
	315	379
	316	379
	316	378
	317	378
	318	378
	319	378
.PEN_UP
.PEN_DOWN
	333	390
	333	389
	333	388
	333	387
	334	387
	334	386
	334	385
	334	384
	334	383
	334	382
	335	381
	335	380
	335	379
	335	378
	335	377
	335	376
	335	375
	335	374
	336	373
	336	372
.PEN_UP
.PEN_DOWN
	329	383
	330	383
	330	382
	331	382
	332	382
	333	382
	334	382
	335	382
	336	382
	337	382
	338	382
	339	382
	339	383
.PEN_UP
.PEN_DOWN
	381	380
	382	380
	382	379
	382	378
	382	377
	383	376
	383	375
	383	374
	384	374
	384	373
	384	372
	384	371
	384	369
	384	368
	384	367
	384	366
	384	365
	384	364
	384	363
	383	362
	383	361
	382	361
	382	360
	381	360
	381	361
	380	361
	379	361
	379	362
	378	362
	377	363
	376	363
	376	364
	375	365
.PEN_UP
.PEN_DOWN
	383	389
	383	388
.PEN_UP
.PEN_DOWN
	392	374
	393	373
	393	371
	393	370
	393	369
	393	368
	393	367
	393	366
	393	367
.PEN_UP
.PEN_DOWN
	392	388
	392	387
	393	387
.PEN_UP
.PEN_DOWN
	404	377
	404	376
	404	375
	404	374
	404	373
	404	372
	404	371
	404	370
	404	369
	404	368
	405	368
	405	369
	405	370
	405	371
	405	372
	405	373
	405	374
	405	375
	405	376
	405	377
	405	378
	406	378
	406	379
	407	379
	408	379
	409	379
	410	378
	411	377
	411	376
	411	375
	411	374
	411	373
	411	372
	411	371
	412	370
	412	369
	412	370
	412	371
	412	372
	412	373
	412	374
	413	374
	413	375
	413	376
	414	377
	414	378
	415	378
	416	378
	416	379
	417	379
	418	379
	419	378
	419	377
	420	377
	420	376
	420	375
	420	374
	420	373
	420	372
	420	371
	420	370
	420	369
	420	368
.PEN_UP
