
.WRITER_ID BeckyHammaker
.STYLE PRINTED
.PEN_DOWN
	98	399
	99	399
	99	400
	98	399
	98	398
	98	397
	98	396
	98	395
	98	394
	99	394
	99	393
	99	392
	99	391
	100	390
	100	389
	100	388
	100	387
	100	386
	100	385
	100	384
	100	383
	100	382
	101	382
.PEN_UP
.PEN_DOWN
	102	377
	102	376
	102	375
	102	374
	103	374
	103	375
.PEN_UP
.PEN_DOWN
	131	389
	131	390
	131	391
	131	392
	131	393
	131	394
	130	394
	129	394
	128	394
	127	394
	126	394
	125	394
	125	393
	124	393
	124	392
	124	391
	123	391
	123	390
	123	389
	123	388
	123	387
	123	386
	123	385
	123	384
	124	384
	124	383
	125	383
	126	383
	127	383
	128	383
	128	384
	129	384
	130	385
	131	385
	131	386
	131	387
	132	387
	132	388
	132	389
	132	390
	133	390
	133	391
	133	392
	133	393
	133	392
	132	392
	132	391
	132	390
	132	389
	133	389
	133	388
	133	387
	134	387
	134	386
	135	386
	136	386
	137	386
	138	387
	139	387
	139	388
	140	388
	140	389
	140	390
	141	390
	141	391
	141	392
	141	393
	141	394
	141	395
	141	396
	140	397
	140	398
	139	399
	139	400
	138	400
	137	401
	136	401
	136	402
	135	402
	134	403
	133	403
	132	403
	131	403
	130	403
	129	403
	128	403
	128	402
	127	402
	126	401
	125	401
	124	400
	123	400
	123	399
	122	398
	121	397
	120	396
	120	395
	119	394
	119	393
	119	392
	118	391
	118	390
	118	389
	118	388
	118	387
	118	386
	118	385
	118	384
	118	383
	118	382
	119	382
	119	381
	119	380
	120	380
	120	379
	121	379
	122	378
	123	378
	123	377
	124	377
	125	377
	127	377
	128	377
	129	377
	130	377
	130	378
	131	378
	132	378
	133	379
	134	380
	135	381
	135	382
	135	383
	136	383
	136	384
	136	385
	136	386
	136	387
	136	388
	136	389
	136	390
	136	391
	136	392
.PEN_UP
.PEN_DOWN
	149	400
	149	399
	150	399
	150	398
	151	397
	151	396
	151	395
	152	395
	152	394
	152	393
	152	392
	152	391
	152	390
	152	389
	152	388
	153	388
	153	387
	153	386
	153	385
	153	384
	154	384
.PEN_UP
.PEN_DOWN
	160	403
	160	402
	160	401
	161	401
	161	400
	161	399
	161	398
	162	397
	162	396
	162	395
	162	394
	162	393
	163	393
	163	392
	163	391
	163	390
	163	389
	164	389
	164	388
	164	387
	164	386
	165	386
	165	385
	165	386
.PEN_UP
.PEN_DOWN
	144	395
	145	395
	145	394
	146	394
	147	394
	148	394
	149	394
	150	394
	151	394
	153	395
	154	395
	155	395
	156	395
	158	395
	159	396
	160	396
	161	396
	162	396
	163	396
	164	396
	165	397
	166	397
	167	397
	168	397
.PEN_UP
.PEN_DOWN
	145	387
	146	387
	147	387
	147	386
	148	386
	149	386
	151	386
	152	386
	154	387
	156	387
	157	387
	158	387
	159	388
	161	388
	162	388
	163	388
	164	388
	165	388
	166	388
	167	388
	168	389
	169	389
	170	389
.PEN_UP
.PEN_DOWN
	194	398
	193	398
	192	398
	191	398
	190	398
	189	398
	188	398
	187	397
	186	397
	185	396
	184	396
	183	395
	183	394
	184	394
	185	393
	186	393
	187	393
	188	393
	189	393
	190	393
	191	393
	191	392
	192	392
	193	392
	193	391
	194	391
	194	390
	195	390
	195	389
	195	388
	195	387
	195	386
	195	385
	194	384
	194	383
	193	383
	193	382
	192	382
	192	381
	191	381
	190	380
	189	380
	188	380
	187	380
	187	381
	186	381
	185	382
	184	383
	183	384
	183	385
.PEN_UP
.PEN_DOWN
	187	405
	187	404
	187	403
	187	402
	187	401
	187	400
	187	399
	187	398
	187	397
	187	396
	187	395
	187	394
	187	393
	187	392
	187	391
	188	390
	188	389
	188	388
	188	387
	188	386
	188	385
	188	384
	188	383
	188	382
	188	381
	188	380
	189	380
	189	379
.PEN_UP
.PEN_DOWN
	210	400
	210	399
	210	398
	209	398
	209	397
	210	396
	210	395
	211	394
	212	394
	213	394
	214	394
	215	394
	216	394
	216	395
	217	395
	218	396
	218	397
	218	398
	218	399
	218	400
	217	400
	217	401
	216	401
	215	402
	214	402
	213	402
	212	402
	211	402
	210	402
.PEN_UP
.PEN_DOWN
	227	405
	227	404
	227	403
	227	402
	226	401
	226	400
	226	399
	225	399
	225	398
	225	397
	224	396
	224	395
	223	394
	223	393
	222	392
	222	391
	222	390
	221	389
	221	388
	221	387
	220	387
	220	385
	220	384
	220	383
	219	383
	219	382
	219	381
	220	381
.PEN_UP
.PEN_DOWN
	228	391
	228	390
	228	389
	227	388
	227	387
	226	387
	226	386
	226	385
	226	384
	226	383
	226	382
	226	381
	227	380
	228	380
	229	380
	230	380
	231	380
	232	381
	233	382
	233	383
	233	384
	233	385
	233	386
	233	387
	233	388
	232	389
	231	389
	231	390
	230	391
	229	391
	228	391
	227	391
.PEN_UP
.PEN_DOWN
	238	403
	239	403
	239	404
	239	405
	240	406
	240	407
	241	407
	241	408
	242	408
	242	409
	243	410
	244	411
	244	412
	245	412
	246	412
	246	411
	246	410
	247	409
	247	408
	247	407
	247	406
	247	405
	247	404
	247	403
	247	402
	248	402
	248	401
	249	401
	249	402
.PEN_UP
.PEN_DOWN
	280	396
	280	397
	279	397
	278	397
	277	396
	276	396
	275	396
	274	396
	272	396
	272	395
	271	395
	270	395
	270	394
	269	394
	269	393
	268	393
	268	392
	269	392
	269	391
	270	391
	271	390
	273	390
	274	390
	275	390
	275	389
	276	389
	275	389
	274	389
	273	389
	272	389
	271	389
	270	389
	270	388
	269	388
	269	387
	269	386
	269	385
	270	385
	270	384
	271	384
	271	383
	272	383
	273	383
	274	383
	275	383
	276	383
	277	383
	278	384
	279	384
	280	384
	281	384
	281	385
.PEN_UP
.PEN_DOWN
	274	403
	275	402
	275	401
	274	401
	274	400
	274	399
	274	398
	274	397
	273	397
	273	396
	273	395
	273	394
	273	393
	273	392
	273	391
	273	390
	273	389
	273	388
	273	387
	273	386
	273	385
	273	384
	272	383
	272	382
	272	381
	272	379
	272	378
	272	377
	273	377
	273	378
.PEN_UP
.PEN_DOWN
	299	398
	299	397
	299	396
	299	395
	299	394
	299	392
	299	391
	299	390
	299	389
	299	387
	299	386
	299	385
	299	384
	299	383
	299	382
	299	380
	300	379
	300	378
	300	377
	300	378
.PEN_UP
.PEN_DOWN
	292	390
	293	390
	294	390
	295	389
	296	389
	297	389
	298	389
	299	389
	300	389
	301	389
	302	389
	303	389
	304	389
	305	389
	306	389
	306	388
	307	388
	308	388
.PEN_UP
.PEN_DOWN
	309	395
	308	395
	308	394
	307	394
	306	393
	305	392
	304	391
	303	391
	302	390
	302	389
	301	389
	300	389
	299	388
	298	387
	297	386
	296	385
	295	385
	295	384
	294	384
	294	383
	293	383
.PEN_UP
.PEN_DOWN
	295	396
	295	395
	296	395
	296	394
	297	394
	298	393
	298	392
	299	391
	299	390
	300	389
	300	388
	300	387
	301	387
	301	386
	301	385
	302	385
	302	384
	303	383
	303	382
	303	381
	304	381
	304	380
	305	380
	305	379
	306	379
	307	379
.PEN_UP
.PEN_DOWN
	327	398
	327	397
	326	397
	326	396
	325	396
	325	395
	324	394
	324	393
	323	393
	323	392
	323	391
	322	390
	322	389
	322	388
	322	387
	322	386
	322	385
	322	384
	322	383
	323	383
	323	382
	323	381
	323	380
	324	380
	324	379
	325	379
	325	378
	326	378
	326	377
	327	377
.PEN_UP
.PEN_DOWN
	339	399
	339	398
	340	398
	341	398
	342	398
	342	397
	343	397
	343	396
	344	395
	344	394
	345	394
	345	393
	345	392
	345	391
	346	390
	346	389
	345	388
	345	387
	345	386
	345	385
	344	383
	344	382
	344	381
	343	380
	343	379
	343	378
	342	378
	342	377
	342	376
	342	377
.PEN_UP
.PEN_DOWN
	357	405
	358	404
	358	403
	359	403
	359	402
	359	401
	359	400
	360	400
	360	399
.PEN_UP
.PEN_DOWN
	381	392
	381	393
	381	394
	381	395
	381	396
	381	397
	382	397
	382	398
	383	398
	384	398
	385	397
	385	396
	386	396
	386	395
	387	395
	388	395
	388	394
	389	394
	390	394
	391	394
	391	395
	392	395
	393	396
	394	397
	394	398
	394	399
	395	400
	395	401
	395	402
	395	403
.PEN_UP
.PEN_DOWN
	406	386
	407	386
	407	385
	408	385
	409	385
	410	385
	411	385
	412	385
	413	385
	414	385
	415	385
	415	384
.PEN_UP
.PEN_DOWN
	425	374
	426	374
	427	374
	427	373
	428	373
	429	373
	430	373
	431	373
	432	373
	433	373
	434	373
	435	373
	436	373
	437	373
	438	373
	439	373
	440	373
	441	373
	442	373
	444	373
	445	373
	446	373
	447	373
	448	373
	449	373
	450	373
	452	373
	453	373
	454	373
	455	373
	456	373
	457	373
	458	373
	458	372
	459	371
.PEN_UP
.PEN_DOWN
	460	401
	460	400
	460	399
	461	399
	461	398
	461	397
	461	396
	461	395
	461	394
	462	393
	462	392
	462	391
	462	390
	463	390
	463	391
	463	392
	463	393
.PEN_UP
.PEN_DOWN
	456	397
	456	396
	457	396
	458	395
	459	395
	460	395
	461	395
	462	395
	463	395
	464	395
	466	395
	466	394
	467	394
	468	394
.PEN_UP
.PEN_DOWN
	478	395
	479	395
	480	395
	481	395
	482	395
	483	395
	484	395
	484	394
	485	394
	486	394
	487	394
	488	394
.PEN_UP
.PEN_DOWN
	480	389
	481	388
	482	388
	483	388
	484	388
	485	387
	486	387
	487	387
.PEN_UP
.PEN_DOWN
	513	407
	514	406
	513	406
	512	406
	511	406
	510	406
	509	406
	508	406
	507	406
	506	406
	506	405
	505	405
	504	405
	503	405
	503	404
	503	403
	504	403
	504	402
	504	401
	504	400
	504	399
	504	398
	504	397
	504	396
	504	394
	504	393
	504	392
	504	391
	504	390
	504	389
	504	388
	504	387
	504	386
	504	385
	504	384
	504	383
	504	382
	505	382
	506	381
	507	381
	508	381
	509	381
	511	381
	512	381
	513	381
	514	381
	515	381
	516	381
	517	381
.PEN_UP
.PEN_DOWN
	520	406
	520	405
	521	405
	522	405
	523	405
	523	404
	524	404
	525	404
	526	404
	527	404
	528	404
	529	403
	530	403
	531	403
	532	403
	532	402
	532	401
	532	400
	532	399
	532	398
	532	397
	532	396
	532	395
	533	395
	533	394
	533	393
	533	392
	533	391
	533	390
	533	389
	533	388
	533	387
	533	386
	534	386
	534	385
	535	385
	535	384
	535	383
	534	383
	533	382
	532	382
	531	382
	530	382
	530	381
	529	381
	528	381
	527	381
.PEN_UP
.PEN_DOWN
	563	407
	562	407
	561	407
	560	407
	559	407
	558	407
	557	407
	556	406
	555	405
	554	405
	554	404
	553	404
	553	403
	552	403
	552	402
	553	402
	553	401
	554	401
	555	401
	556	400
	557	400
	557	399
	558	399
	558	398
	558	397
	558	396
	558	395
	557	395
	557	394
	556	393
	555	392
	554	391
	554	390
	553	390
	552	390
	552	389
	551	389
	550	389
	549	389
	550	388
	551	388
	552	388
	553	388
	553	387
	554	387
	555	386
	555	385
	554	385
	554	384
	554	383
	553	383
	553	382
	552	381
	552	380
	552	379
	552	378
	552	377
	552	376
	553	376
	553	375
	554	375
	555	374
	556	374
	557	373
	558	373
	559	373
	560	373
	561	373
	562	373
	563	373
	564	373
.PEN_UP
.PEN_DOWN
	575	403
	576	403
	577	403
	578	403
	578	402
	579	402
	579	401
	580	401
	580	400
	580	399
	581	398
	581	397
	580	397
	580	396
	580	395
	579	394
	579	393
	579	392
	578	392
	578	391
	579	391
	579	390
	580	390
	581	389
	582	389
	583	389
	584	389
	585	389
	586	389
	587	389
	587	388
	586	388
	585	388
	584	388
	584	387
	583	387
	583	386
	583	385
	583	384
	584	383
	585	383
	586	382
	587	381
	588	380
	589	379
	589	378
	589	377
	589	376
	589	375
	589	374
	588	373
	587	372
	586	371
	585	371
	584	371
	583	371
	582	371
	581	371
	581	372
	580	372
.PEN_UP
.PEN_DOWN
	596	399
	596	398
	597	398
	598	397
	598	396
	599	396
	599	395
	600	394
	601	393
	602	392
	602	391
	603	391
	603	390
	604	389
	605	388
	605	387
	606	387
	606	386
	607	385
	607	384
	608	384
	608	383
	608	382
	609	382
	609	381
	610	380
	611	380
	611	379
	612	379
	612	378
	613	378
	613	377
	614	377
	614	376
.PEN_UP
.PEN_DOWN
	620	380
	621	380
	621	379
	622	378
	622	377
	622	376
	622	375
	622	374
	621	374
	621	373
	621	372
	621	371
.PEN_UP
.PEN_DOWN
	638	403
	638	402
	638	401
	638	400
	637	400
	637	399
	637	398
	636	397
	636	396
	635	396
	635	395
	635	394
	634	394
	634	393
	633	392
	633	391
	632	390
	632	389
	631	387
	631	386
	630	386
	630	385
	630	384
	629	383
	629	382
	628	381
	628	380
	628	379
	628	378
	627	378
	628	378
	629	378
	629	379
	630	379
.PEN_UP
.PEN_DOWN
	654	377
	654	376
	653	376
	653	375
	653	374
	654	374
	654	375
.PEN_UP
.PEN_DOWN
	655	386
	655	387
	654	388
	654	389
	653	390
	653	391
	653	392
	652	392
	652	393
	651	394
	652	394
	653	394
	654	394
	655	394
	656	394
	657	395
	658	396
	659	397
	659	398
	659	399
	659	400
	658	401
	658	402
	657	402
	656	403
	655	403
	654	403
	653	403
	653	404
	652	404
	651	404
	650	404
	649	404
	648	404
	648	405
	648	404
.PEN_UP
.PEN_DOWN
	670	410
	670	409
	670	408
	670	407
	670	406
	671	406
	671	405
	671	404
	671	403
.PEN_UP
.PEN_DOWN
	690	412
	690	411
	690	410
	689	409
	689	408
	689	407
	688	407
	688	406
	688	405
	688	406
.PEN_UP
.PEN_DOWN
	694	409
	694	408
	693	408
	693	407
	693	406
	693	405
.PEN_UP
.PEN_DOWN
	712	406
	712	405
	712	404
	711	404
	711	403
	710	403
	710	402
	709	401
	709	400
	708	400
	708	399
	707	398
	707	397
	706	397
	706	396
	705	396
	705	395
	704	395
	704	394
	703	394
	702	394
	701	393
	701	392
	700	392
	701	392
	702	391
	703	390
	704	389
	705	389
	705	388
	706	388
	707	387
	708	387
	708	386
	709	386
	710	386
	710	385
	711	385
	712	385
	713	384
	713	383
.PEN_UP
.PEN_DOWN
	722	403
	722	402
	723	402
	723	401
	723	400
	723	399
	723	398
	723	397
	723	396
	723	395
	723	394
	723	393
	724	393
	724	392
	724	391
	724	390
	724	389
	724	388
	725	388
	725	387
.PEN_UP
.PEN_DOWN
	732	404
	732	403
	733	403
	734	402
	734	401
	735	401
	735	400
	736	400
	737	400
	737	399
	738	399
	739	399
	739	398
	740	398
	741	398
	742	398
	742	397
	743	397
	743	396
	743	395
	743	394
	742	393
	741	391
	741	390
	741	389
	740	388
	740	387
	740	386
	739	386
	739	385
	739	383
	738	383
	738	382
	738	381
.PEN_UP
.PEN_DOWN
	749	409
	750	408
	750	407
	750	406
	750	405
	750	404
.PEN_UP
.PEN_DOWN
	757	410
	757	409
	757	408
	757	407
	757	406
.PEN_UP
.PEN_DOWN
	772	399
	771	399
	771	398
	772	398
.PEN_UP
.PEN_DOWN
	772	391
	772	390
	772	389
	773	389
	773	388
	773	387
	773	386
	772	385
	772	384
	771	383
	771	382
	770	381
	770	380
	769	380
	769	379
	768	379
.PEN_UP
.PEN_DOWN
	786	396
	786	395
	786	394
.PEN_UP
.PEN_DOWN
	785	388
	785	387
	785	386
	785	385
	785	384
.PEN_UP
.PEN_DOWN
	803	382
	804	382
	803	382
	803	383
	804	382
	805	382
.PEN_UP
