
.WRITER_ID BeckyHammaker
.STYLE PRINTED
.PEN_DOWN
	120	387
	120	386
	119	387
	119	386
	118	386
	117	386
	116	386
	115	385
	114	384
	113	384
	113	383
	113	382
	113	381
	114	381
	114	380
	115	380
	116	380
	117	380
	118	380
	119	379
	120	379
	121	379
	122	379
	123	378
	124	377
	124	376
	124	375
	124	374
	123	374
	123	373
	123	372
	122	372
	122	371
	121	371
	120	371
	120	370
	119	370
	118	370
	117	370
	117	371
	116	371
	115	371
	115	372
	115	373
	114	373
	114	374
	113	374
.PEN_UP
.PEN_DOWN
	131	375
	132	374
	132	373
	132	372
	133	372
	133	371
	133	370
	133	369
	133	368
	133	367
	133	366
	133	365
	133	364
	133	363
	133	362
	133	361
	134	359
	134	358
	134	357
	134	356
	134	357
	134	358
	134	359
	134	360
	134	361
	134	362
	133	364
	133	365
	133	366
	133	367
	133	368
	132	368
	132	369
	132	370
	132	371
	132	372
	132	373
	132	374
	132	375
	132	376
	132	377
	132	378
	133	378
	133	379
	134	379
	135	379
	136	379
	137	379
	138	379
	139	378
	140	378
	140	377
	140	376
	141	376
	141	375
	141	374
	141	373
	140	372
	140	371
	140	370
	139	369
	138	369
	138	368
	137	368
	136	368
	135	368
	134	369
	134	370
	133	371
	132	372
.PEN_UP
.PEN_DOWN
	152	375
	152	376
	153	377
	153	378
	153	379
	152	379
	151	379
	151	378
	150	378
	150	377
	149	377
	149	376
	149	375
	148	375
	148	374
	148	373
	148	372
	149	372
	149	371
	150	371
	150	370
	151	370
	151	369
	152	369
	153	368
	154	368
	155	368
	156	368
	157	368
	158	368
	159	369
.PEN_UP
.PEN_DOWN
	164	380
	164	379
	163	379
	163	378
	162	378
	162	377
	162	376
	162	375
	161	375
	161	374
	162	374
	162	373
	162	372
	162	371
	163	371
	163	370
	164	370
	164	369
	165	369
	166	368
	167	368
	168	368
	169	368
	170	368
	171	368
	172	368
	172	369
.PEN_UP
.PEN_DOWN
	174	375
	174	374
	174	373
	174	372
	174	371
	175	371
	175	370
	175	369
	176	368
	177	368
	178	367
	179	367
	180	367
	181	367
	182	368
	183	368
	183	369
	184	370
	184	371
	184	372
	184	373
	184	374
	184	375
	184	376
	184	375
	185	375
	185	374
	185	373
	186	372
	186	371
	187	371
	187	370
	187	369
	188	369
	188	368
	189	368
	190	368
.PEN_UP
.PEN_DOWN
	190	389
	190	388
	190	387
	191	387
	191	386
	191	385
	191	384
	192	382
	192	381
	193	380
	193	379
	193	378
	193	377
	194	376
	194	375
	194	374
	194	373
	195	372
	195	371
	195	370
	195	369
	196	369
	196	368
	196	369
.PEN_UP
.PEN_DOWN
	208	380
	208	379
	207	379
	206	379
	206	378
	205	378
	205	377
	204	377
	204	376
	203	376
	203	375
	203	374
	203	373
	204	373
	204	372
	205	371
	206	371
	207	371
	208	371
	209	371
	210	371
	210	372
	210	373
	211	373
	211	374
	211	375
	211	376
	212	376
	213	376
	213	375
	213	374
	214	374
	214	373
	215	372
	215	371
	216	371
	216	370
	217	370
	218	369
	219	369
	220	369
	220	370
	221	370
.PEN_UP
.PEN_DOWN
	226	389
	227	389
	227	388
	227	387
	227	386
	227	385
	227	384
	227	383
	227	382
	228	380
	228	379
	228	378
	228	376
	228	375
	228	374
	228	373
	228	372
	229	371
	229	370
	230	370
	231	371
	231	372
.PEN_UP
.PEN_DOWN
	224	381
	225	381
	226	380
	227	380
	228	380
	229	380
	230	380
	231	380
	232	380
	233	380
	234	380
	235	380
.PEN_UP
.PEN_DOWN
	242	375
	242	374
	243	374
	244	374
	245	374
	246	374
	247	374
	248	375
	248	376
	248	377
	247	377
	247	378
	246	378
	245	378
	244	378
	243	378
	242	378
	242	377
	241	377
	241	376
	241	375
	241	374
	241	373
	241	372
	241	371
	242	371
	242	370
	243	370
	244	370
	244	369
	245	369
	246	369
	247	369
	247	368
	248	368
	249	368
	250	368
	251	368
	252	368
	252	369
	253	369
	254	369
	254	370
	255	370
	255	371
	256	370
.PEN_UP
.PEN_DOWN
	290	384
	289	384
	288	384
	287	384
	286	384
	285	384
	285	383
	284	383
	283	383
	282	382
	281	382
	281	381
	280	381
	280	380
	281	380
	282	380
	283	380
	284	380
	285	380
	286	380
	287	380
	288	379
	289	379
	290	379
	290	378
	291	378
	292	377
	293	376
	293	375
	294	375
	294	374
	294	373
	294	372
	293	371
	292	370
	291	370
	290	370
	289	370
	288	370
	288	371
	287	371
	286	371
	285	371
	284	372
	284	373
	283	373
	282	374
.PEN_UP
.PEN_DOWN
	296	377
	297	376
	298	376
	299	376
	300	376
	301	377
	302	377
	302	378
	303	378
	303	379
	303	380
	303	381
	302	381
	301	382
	300	382
	299	382
	299	381
	298	381
	298	380
	297	380
	297	379
	296	378
	296	377
	296	376
	297	376
	297	375
	297	374
	298	374
	298	373
	299	373
	299	372
	300	372
	301	372
	302	372
	303	371
	304	371
	305	371
	306	371
	306	372
	307	372
	308	372
	309	372
.PEN_UP
.PEN_DOWN
	312	377
	313	376
	313	375
	314	374
	314	373
	314	372
	315	372
	315	371
	315	370
	315	371
	314	371
	314	372
	314	373
	314	374
	314	375
	314	376
	314	377
	314	378
	315	379
	316	380
	317	380
	318	380
	319	381
	320	381
.PEN_UP
.PEN_DOWN
	327	379
	326	379
	326	378
	327	378
	327	377
	327	376
	327	375
	327	374
	328	374
	328	372
	328	371
	329	371
.PEN_UP
.PEN_DOWN
	322	392
	323	392
.PEN_UP
.PEN_DOWN
	334	380
	333	379
	333	378
	333	377
	333	376
	333	375
	333	374
	335	374
	335	373
	336	373
	337	373
	338	373
	339	373
	340	373
	341	373
	342	373
	343	373
	344	374
	345	375
	345	376
	345	377
	344	378
	344	379
	344	380
	343	380
	342	381
	341	381
	340	381
	339	381
	338	381
	337	381
	337	380
	336	380
.PEN_UP
.PEN_DOWN
	351	380
	351	379
	351	378
	351	377
	351	376
	351	375
	352	375
	352	374
	353	374
	354	373
	355	372
	356	372
	357	372
	357	373
	358	373
	359	373
	359	374
	360	376
	360	377
	360	378
	360	379
	360	380
	360	381
	360	380
	360	379
	360	378
	361	378
	361	377
	361	376
	362	375
	363	374
	364	373
	365	373
	366	373
.PEN_UP
.PEN_DOWN
	372	381
	371	381
	369	380
	368	380
	368	379
	368	378
	369	378
	370	378
	371	378
	372	378
	373	378
	374	378
	376	377
	377	376
	377	375
	378	374
	378	373
	377	372
	377	371
	377	370
	376	370
	375	369
	374	369
	372	369
	371	369
	371	370
	370	370
	370	371
	369	371
	369	372
.PEN_UP
.PEN_DOWN
	381	387
	381	386
	382	385
	382	384
	382	383
	383	383
	383	381
	383	380
	384	379
	384	378
	384	377
	384	376
	384	375
	385	374
	385	372
	385	371
	385	370
	386	370
	386	369
	387	369
.PEN_UP
.PEN_DOWN
	391	375
	391	374
	392	374
	392	373
	393	373
	394	372
	395	372
	395	371
	396	371
	397	370
	398	370
.PEN_UP
.PEN_DOWN
	401	380
	401	379
	401	378
	400	378
	400	377
	400	376
	399	375
	399	374
	399	373
	398	373
	398	372
	398	371
	398	370
	398	369
	398	368
	397	368
	397	367
	397	366
	397	365
	397	364
	397	363
	396	362
	396	361
	396	360
	396	359
	396	358
	395	358
	395	357
	395	356
	396	356
.PEN_UP
.PEN_DOWN
	436	376
	437	376
	437	377
	437	378
	437	379
	437	380
	436	381
	436	382
	435	382
	435	383
	434	383
	434	384
	433	384
	431	384
	430	384
	429	384
	428	384
	427	383
	427	382
	427	381
	427	380
	427	379
	427	378
	427	377
	427	376
	427	375
	427	374
	428	373
	429	372
	429	371
	430	371
	431	371
	432	371
	433	371
	434	372
	434	373
	434	374
	435	374
	435	375
	435	376
	435	377
	435	376
	436	376
	436	375
	436	374
	437	374
	437	373
	438	372
	438	371
	439	371
	440	371
	441	372
	441	373
.PEN_UP
.PEN_DOWN
	446	383
	446	382
	445	382
	444	382
	444	381
	443	381
	442	380
	441	380
	441	379
	441	378
	442	378
	442	377
	443	377
	444	377
	445	377
	446	377
	447	377
	448	377
	449	377
	450	377
	450	376
	451	376
	452	376
	452	375
	453	374
	453	373
	453	372
	452	371
	451	371
	450	370
	449	370
	448	370
	447	370
	446	370
	445	370
	444	371
.PEN_UP
.PEN_DOWN
	475	388
	476	387
	476	386
	476	385
	477	385
	477	384
	477	383
	478	382
	479	380
	479	379
	480	378
	480	377
	480	376
	480	375
	481	374
	481	373
	481	372
	481	371
	481	370
	482	369
	482	368
	483	368
.PEN_UP
.PEN_DOWN
	472	380
	472	379
	473	379
	474	378
	475	378
	476	378
	476	377
	477	377
	478	377
	479	377
	480	377
	481	377
	482	377
	483	377
	484	377
	485	377
	486	377
	486	378
.PEN_UP
.PEN_DOWN
	490	376
	489	376
	489	375
	489	374
	489	373
	489	372
	489	371
	490	371
	491	370
	491	369
	492	369
	493	368
	494	368
	495	368
	496	369
	497	369
	497	370
	497	371
	497	372
	498	373
	498	374
	498	375
	497	375
	497	376
	497	377
	496	377
	496	378
	495	379
	494	379
	493	380
	492	380
	491	380
	491	379
.PEN_UP
.PEN_DOWN
	516	391
	517	391
	517	390
	517	389
	517	388
	518	387
	518	386
	518	385
	518	384
	519	384
	519	383
	519	382
	519	381
	520	380
	520	379
	520	378
	521	377
	521	375
	521	374
	522	373
	522	372
	522	371
	523	371
	523	370
	523	369
	523	370
	523	371
	523	372
	523	373
	523	374
	523	375
	524	376
	525	376
	525	377
	526	377
	527	377
	528	377
	529	376
	530	376
	531	375
	531	374
	531	373
	531	372
	532	371
	532	370
	532	369
	532	368
	533	368
	533	367
	534	367
	534	368
.PEN_UP
.PEN_DOWN
	538	377
	538	376
	538	375
	537	375
	537	374
	536	373
	536	372
	536	371
	537	370
	537	369
	538	369
	539	368
	540	368
	541	368
	542	368
	543	369
	543	370
	544	371
	544	372
	544	373
	544	374
	544	375
	543	375
	543	376
	542	376
	541	377
	540	377
	540	378
	539	378
.PEN_UP
.PEN_DOWN
	547	377
	547	376
	548	376
	548	375
	548	374
	548	373
	548	372
	549	372
	549	371
	549	370
	550	370
	551	369
	551	368
	552	368
	553	369
	553	370
	554	370
	554	371
	554	372
	555	372
	555	373
	555	374
	555	375
	556	376
	557	376
	557	375
	557	374
	557	373
	557	372
	558	371
	559	370
	560	370
	561	370
	562	370
	563	370
	563	371
	564	371
	564	372
	565	372
	565	374
	565	375
	565	376
	565	377
	566	377
	566	378
	566	379
	566	380
	566	381
	565	382
	565	383
	565	384
	564	384
.PEN_UP
