
.WRITER_ID BeckyHammaker
.STYLE PRINTED
.PEN_DOWN
	137	383
	137	382
	137	381
	137	380
	137	379
	137	378
	137	377
	137	376
	138	376
	139	375
	139	374
	140	374
	141	373
	142	373
	143	373
	143	374
	144	374
	145	374
	146	374
	146	375
	147	376
	147	377
	147	378
	147	379
	146	379
	146	380
	146	381
	145	381
	145	382
	144	382
	144	383
	143	383
	143	384
	142	384
	141	384
	140	384
	139	384
	139	383
	139	382
	138	382
.PEN_UP
.PEN_DOWN
	156	383
	156	382
	157	382
	157	381
	157	380
	157	379
	158	378
	158	377
	159	376
	160	375
	160	374
	160	375
	160	376
	160	377
	160	378
	159	379
	159	380
	159	381
	159	382
	159	383
	159	384
	159	385
	160	385
	161	386
	162	386
	163	387
	164	387
	164	388
	165	388
	166	389
	167	389
.PEN_UP
.PEN_DOWN
	182	388
	183	388
	183	387
	184	387
	184	386
	185	385
	185	384
	186	383
	186	382
	186	381
	186	380
	187	378
	187	377
	187	376
	188	375
	188	374
	188	375
.PEN_UP
.PEN_DOWN
	180	383
	181	383
	182	383
	182	382
	183	382
	184	382
	185	383
	186	383
	187	383
	188	383
	189	383
	190	384
	191	384
	192	384
	193	385
	194	385
	194	386
.PEN_UP
.PEN_DOWN
	190	391
	190	390
	190	389
	190	388
	190	387
	189	387
	189	386
	188	385
	188	384
	188	383
	187	382
	187	381
	187	380
	186	380
	186	379
	185	378
	185	377
	185	376
	185	377
.PEN_UP
.PEN_DOWN
	181	389
	182	389
	182	388
	182	387
	183	387
	183	386
	184	385
	185	385
	185	384
	186	384
	186	383
	187	382
	188	382
	188	381
	189	381
	190	380
	191	380
	191	379
	192	379
	193	378
	194	378
.PEN_UP
.PEN_DOWN
	200	389
	201	389
	202	389
	203	389
	204	389
	205	389
	206	389
	207	389
	208	389
	209	389
	210	389
	210	388
	211	388
	212	388
	213	388
	213	387
	212	386
	211	385
	211	384
	210	383
	210	382
	209	381
	209	380
	208	379
	208	378
	208	377
	208	376
	208	375
	209	375
	210	375
	211	375
	213	375
	214	375
	215	375
	216	375
	217	375
.PEN_UP
.PEN_DOWN
	224	374
	224	373
	225	373
	225	374
	225	375
	225	376
	226	376
	226	377
	226	378
	227	379
	227	380
	227	381
	228	382
	228	383
	228	384
	228	385
	228	386
	229	386
	229	387
	230	387
	230	386
	230	385
	231	385
	231	384
	231	383
	231	382
	232	381
	232	380
	233	379
	233	378
	233	377
	233	376
	234	376
	234	375
	235	374
	235	373
	235	372
	236	372
	236	373
	236	374
.PEN_UP
.PEN_DOWN
	226	381
	226	380
	227	380
	228	380
	229	380
	230	380
	231	380
	232	380
.PEN_UP
.PEN_DOWN
	247	383
	248	383
	248	382
	248	381
	249	380
	249	379
	250	379
	250	378
	250	377
	250	376
	251	375
	251	374
	251	373
	251	372
	251	371
	252	370
	252	369
	252	368
	253	368
.PEN_UP
.PEN_DOWN
	243	383
	244	383
	244	384
	245	384
	246	384
	247	385
	248	385
	249	385
	249	386
	250	386
	251	386
	252	387
	253	387
	254	387
	255	387
	256	387
	257	387
	257	386
	258	386
	259	386
	259	385
	260	385
	260	384
	260	383
	260	382
	260	381
	259	380
	259	379
	258	379
	257	378
	256	377
	255	377
	254	377
	253	377
	252	377
	252	378
.PEN_UP
.PEN_DOWN
	277	385
	278	385
	278	384
	278	383
	279	383
	279	382
	279	381
	279	380
	279	379
	279	378
	279	377
	280	376
	280	375
	280	374
	280	373
	280	372
	280	371
	280	370
	280	369
	281	369
.PEN_UP
.PEN_DOWN
	270	380
	271	379
	272	379
	273	379
	274	379
	275	378
	276	378
	277	378
	278	378
	279	378
	280	378
	282	378
	283	378
	284	378
	285	378
	286	378
	287	378
	288	378
	289	378
.PEN_UP
.PEN_DOWN
	284	384
	284	383
	283	383
	283	382
	282	382
	282	381
	281	381
	281	380
	280	379
	279	378
	278	378
	278	377
	277	377
	276	376
	275	375
	274	375
	274	374
	273	374
.PEN_UP
.PEN_DOWN
	274	384
	275	383
	275	382
	276	381
	277	380
	278	379
	279	378
	280	377
	280	376
	281	376
	281	375
	282	375
	282	374
	283	373
	283	372
	284	371
	285	371
	285	370
	286	370
.PEN_UP
.PEN_DOWN
	295	370
	296	370
	296	369
	297	369
	297	368
	297	367
	298	367
	298	366
	298	365
	299	364
	299	363
	299	362
	299	361
	299	360
	299	359
	299	358
	299	357
.PEN_UP
.PEN_DOWN
	317	388
	317	387
	318	386
	318	385
	318	384
	318	383
	318	382
	318	381
	318	380
	319	379
	319	378
	319	377
	319	376
	319	375
	319	374
	319	373
	320	373
	320	372
	320	371
.PEN_UP
.PEN_DOWN
	311	383
	312	382
	313	382
	314	382
	314	381
	315	381
	316	381
	318	381
	318	380
	319	380
	320	380
	321	380
	322	380
	323	380
	324	380
	325	380
	326	380
	327	380
	328	380
	329	380
.PEN_UP
.PEN_DOWN
	323	386
	322	386
	322	385
	322	384
	321	384
	321	383
	321	382
	320	382
	319	381
	319	380
	318	380
	318	379
	317	378
	316	378
	316	377
	315	377
	315	376
	314	376
.PEN_UP
.PEN_DOWN
	311	389
	312	388
	313	387
	314	386
	315	385
	315	384
	316	383
	317	382
	317	381
	318	380
	319	379
	320	378
	320	377
	321	377
	321	376
	321	375
	322	375
	322	374
	323	373
	324	372
	325	371
	326	371
.PEN_UP
.PEN_DOWN
	341	390
	341	389
	342	389
	342	388
	342	387
	342	386
	342	384
	342	383
	342	382
	342	381
	342	380
	342	379
	341	378
	341	377
	341	376
	341	375
	341	374
	341	373
	341	372
	342	372
	342	371
	343	371
.PEN_UP
.PEN_DOWN
	350	391
	350	390
	349	390
	349	389
	348	389
	347	387
	347	386
	346	385
	345	385
	345	384
	344	384
	344	383
	344	382
	343	382
	343	381
	344	381
	345	381
	345	380
	346	380
	347	380
	348	379
	349	378
	349	377
	350	377
	350	376
	351	374
	351	373
	351	372
	351	371
	352	371
	352	370
	352	369
	353	369
	353	370
.PEN_UP
.PEN_DOWN
	359	370
	359	369
	359	370
	358	370
	358	371
	359	372
	359	373
	359	374
	360	375
	360	376
	360	377
	360	378
	361	380
	361	381
	361	382
	362	383
	362	384
	362	385
	362	386
	362	387
	363	387
	363	386
	364	386
	364	385
	365	385
	365	384
	366	384
	366	383
	366	382
	367	382
	367	381
	367	380
	368	379
	368	378
	369	377
	369	376
	370	375
	370	374
	370	373
	371	373
	371	372
	371	371
	371	370
	372	370
	372	369
	372	370
	372	371
	372	372
	371	373
.PEN_UP
.PEN_DOWN
	361	379
	362	379
	363	379
	365	379
	366	379
	367	379
	368	379
.PEN_UP
.PEN_DOWN
	380	387
	381	386
	382	385
	382	384
	383	383
	383	382
	383	381
	383	379
	383	378
	384	377
	384	376
	384	375
	384	374
	385	373
	385	372
	385	371
.PEN_UP
.PEN_DOWN
	381	385
	382	385
	383	385
	384	386
	385	386
	386	386
	387	386
	388	386
	389	386
	390	385
	391	385
	391	384
	392	383
	392	382
	392	381
	392	380
	391	379
	391	378
	390	378
	389	378
	388	378
	387	378
	386	378
	385	378
	385	379
	385	380
.PEN_UP
.PEN_DOWN
	406	382
	405	381
	405	380
	404	380
	403	380
	403	379
	402	378
	402	377
	402	376
	401	376
	401	375
	401	374
	401	373
	402	372
	402	371
	403	371
	404	371
	405	370
	406	370
	407	370
	408	370
	409	370
	410	370
	410	371
	411	371
	412	372
	412	373
	412	374
	412	375
	412	376
	412	377
	412	378
	412	379
	411	380
	411	381
	410	382
	409	383
	409	384
	408	384
	408	385
	407	385
	406	385
.PEN_UP
.PEN_DOWN
	415	381
	416	381
	416	380
	417	379
	418	378
	418	377
	419	376
	419	375
	419	374
	420	374
	420	373
	421	373
	421	372
	421	371
	422	370
	422	369
	423	369
	423	370
	424	371
	424	372
	424	373
	425	374
	425	375
	425	376
	426	377
	426	378
	427	378
	427	379
	427	378
	428	378
	428	377
	428	376
	428	375
	429	374
	429	373
	429	372
	430	372
	430	371
	431	371
	432	371
	433	371
	434	371
	434	372
	435	372
	435	373
	435	374
	435	375
	436	376
	436	377
	436	378
	436	379
	436	380
	436	382
	436	383
	436	384
	436	385
	437	385
.PEN_UP
.PEN_DOWN
	448	381
	448	382
	448	381
	448	380
	448	379
	448	378
	448	377
	448	376
	448	375
	448	374
	449	372
	449	371
	449	370
	449	369
	450	369
	450	370
.PEN_UP
.PEN_DOWN
	443	378
	444	378
	445	378
	446	378
	447	377
	448	377
	449	377
	450	377
	451	376
	452	376
	453	376
	454	376
	455	376
	455	377
	456	377
.PEN_UP
.PEN_DOWN
	456	381
	455	381
	454	381
	454	380
	453	380
	452	380
	452	379
	450	379
	450	378
	449	378
	448	377
	447	377
	447	376
	446	376
	446	375
	445	375
	444	374
	443	374
	443	373
	442	373
	441	373
.PEN_UP
.PEN_DOWN
	443	386
	444	385
	445	384
	445	383
	446	382
	446	381
	447	381
	447	380
	447	379
	448	379
	448	378
	448	377
	448	376
	449	376
	449	375
	450	373
	450	372
	450	371
	451	370
	451	369
	452	368
	453	367
.PEN_UP
.PEN_DOWN
	465	371
	465	370
	466	370
	466	369
	467	369
	467	368
	467	367
	467	366
	468	365
	468	364
	468	363
	468	362
	467	362
	467	361
	467	360
.PEN_UP
.PEN_DOWN
	485	386
	486	385
	486	384
	486	383
	485	382
	485	380
	485	379
	485	378
	485	377
	485	376
	485	375
	485	374
	485	373
	485	372
	485	371
	485	370
	486	370
.PEN_UP
.PEN_DOWN
	478	381
	478	380
	479	380
	479	379
	480	379
	481	379
	482	379
	483	379
	484	378
	485	378
	486	378
	487	378
	488	378
	489	378
	490	378
	491	378
	492	378
	493	378
.PEN_UP
.PEN_DOWN
	492	386
	492	385
	491	385
	490	384
	490	383
	489	382
	488	381
	487	381
	487	380
	486	380
	485	379
	484	377
	483	377
	482	376
	481	376
	481	375
	480	375
	479	374
	478	374
	478	373
	477	373
	477	372
	477	373
.PEN_UP
.PEN_DOWN
	481	386
	481	385
	482	385
	483	384
	483	383
	484	383
	484	382
	484	381
	484	380
	485	380
	485	378
	486	377
	486	376
	486	375
	487	374
	487	373
	488	372
	488	371
	489	371
	489	370
	490	369
	490	368
	490	367
	491	367
	492	368
	492	369
.PEN_UP
.PEN_DOWN
	501	384
	502	384
	502	383
	502	382
	502	381
	502	380
	502	379
	502	378
	501	377
	501	376
	501	375
	501	374
	501	373
	502	373
	502	372
	502	371
	502	370
	502	369
	503	369
	503	370
	503	371
.PEN_UP
.PEN_DOWN
	509	386
	509	385
	509	384
	509	383
	509	382
	508	382
	508	381
	507	380
	506	379
	505	378
	504	377
	504	376
	503	376
	504	376
	505	376
	506	376
	507	376
	508	376
	509	376
	510	376
	510	375
	511	375
	511	374
	511	373
	512	373
	512	372
	512	371
	513	371
	513	370
	513	369
	514	368
	514	367
	515	367
	516	367
.PEN_UP
.PEN_DOWN
	518	383
	519	383
	519	382
	520	382
	521	382
	522	382
	523	382
	525	382
	526	382
	527	382
	528	382
	529	382
.PEN_UP
.PEN_DOWN
	519	380
	519	379
	520	379
	520	378
	520	377
	520	376
	520	375
	520	374
	519	374
	519	373
	519	372
	519	371
	519	370
	519	369
	520	369
	521	369
	522	369
	523	369
	524	369
	524	368
	525	368
	526	368
	527	368
	528	368
	529	367
	530	367
	531	367
	532	367
	532	368
.PEN_UP
.PEN_DOWN
	518	377
	519	376
	520	376
	521	376
	521	375
	522	375
	523	375
	524	375
	525	375
	526	375
	527	375
	527	376
.PEN_UP
.PEN_DOWN
	539	383
	539	382
	539	381
	539	380
	540	380
	540	379
	540	378
	540	377
	540	376
	540	375
	540	374
	540	373
	540	372
	540	371
	540	370
	540	369
	540	368
	540	367
	540	368
.PEN_UP
.PEN_DOWN
	535	383
	536	383
	537	383
	538	383
	539	383
	540	383
	541	383
	542	383
	543	383
	544	382
	545	382
	546	381
	546	380
	546	379
	546	378
	546	377
	545	377
	545	376
	544	376
	543	376
	543	375
	542	375
	541	374
	540	374
	539	374
	540	375
	541	375
	542	375
	543	375
	543	374
	544	374
	545	373
	545	372
	546	371
	546	370
	546	369
	546	368
	546	367
	547	367
	548	367
	548	368
.PEN_UP
.PEN_DOWN
	553	382
	553	381
	554	381
	554	380
	554	379
	554	378
	554	377
	554	376
	554	375
	554	374
	554	373
	555	372
	555	371
	555	370
	555	369
	555	368
	555	367
	556	367
	556	366
	557	366
	557	367
.PEN_UP
.PEN_DOWN
	553	383
	554	383
	555	383
	555	384
	556	384
	557	384
	558	384
	559	384
	559	385
	560	385
	560	384
	561	384
	561	383
	561	382
	561	381
	561	380
	561	379
	561	378
	560	378
	560	377
	559	376
	558	376
	557	376
	556	376
	555	376
	554	376
.PEN_UP
.PEN_DOWN
	570	385
	570	384
	570	383
	570	382
	570	381
	569	381
	569	380
	569	379
	569	378
	569	377
	568	377
	568	376
	568	375
	568	374
	568	373
	568	372
	568	371
	569	371
	570	371
	571	371
	572	371
	573	370
	574	370
	575	370
	576	369
	577	369
	578	369
	579	369
.PEN_UP
.PEN_DOWN
	583	381
	583	380
	583	379
	583	378
	583	377
	582	377
	582	376
	582	375
	582	374
	582	373
	582	372
	582	371
	582	370
	583	370
	583	369
	584	369
	585	369
	586	369
	587	369
	588	369
	589	369
	590	370
	590	371
	591	371
	591	372
	592	372
	592	373
	592	374
	593	375
	593	376
	593	377
	593	378
	594	378
	594	379
	594	380
	594	381
	593	381
	594	381
.PEN_UP
.PEN_DOWN
	603	382
	603	381
	603	380
	603	379
	603	378
	603	377
	603	376
	603	375
	603	374
	603	373
	603	372
	603	371
	603	370
	603	369
	604	369
	604	368
.PEN_UP
.PEN_DOWN
	603	384
	604	383
	605	383
	605	382
	606	381
	606	380
	607	380
	607	379
	607	378
	608	377
	608	376
	609	376
	609	374
	610	373
	610	372
	611	372
	611	371
	612	371
	612	370
	613	370
	613	369
	614	369
	615	369
	615	370
	615	371
	615	372
	615	373
	615	374
	615	376
	616	376
	616	377
	616	378
	616	379
	616	380
	616	381
	616	382
	616	383
	616	384
	616	385
	616	386
.PEN_UP
.PEN_DOWN
	625	385
	625	384
	625	383
	626	382
	626	381
	626	380
	626	379
	626	377
	626	376
	626	375
	627	374
	627	373
	627	372
	627	371
	627	370
	627	369
	628	369
	628	368
	628	369
.PEN_UP
.PEN_DOWN
	635	385
	634	384
	634	383
	633	382
	633	381
	632	380
	631	379
	630	379
	630	378
	629	377
	628	376
	628	375
	629	375
	630	376
	631	376
	632	376
	633	375
	634	375
	635	374
	636	373
	636	372
	637	371
	638	370
	638	369
	639	368
	640	367
	641	367
	641	366
	642	366
	642	365
	643	365
.PEN_UP
.PEN_DOWN
	651	387
	650	387
	650	386
	651	385
	651	384
	652	382
	652	381
	652	380
	652	379
	652	378
	652	377
	652	376
	652	375
	652	374
	652	373
	652	372
	652	371
	653	371
.PEN_UP
.PEN_DOWN
	644	381
	645	381
	646	380
	647	380
	648	380
	649	380
	650	380
	650	379
	653	379
	654	379
	655	379
	656	379
	657	379
	658	379
	659	379
	660	379
	661	379
	662	379
	662	378
	663	378
.PEN_UP
.PEN_DOWN
	655	386
	655	385
	654	385
	654	384
	653	383
	653	382
	652	382
	652	381
	651	380
	650	379
	649	378
	648	378
	648	377
	648	376
	647	376
	646	375
	645	375
	645	374
.PEN_UP
.PEN_DOWN
	647	385
	648	385
	649	384
	650	383
	650	382
	651	381
	652	380
	653	380
	653	379
	654	378
	654	377
	655	376
	656	375
	656	374
	657	373
	658	372
	658	371
	659	371
	660	371
	660	370
	661	369
	662	369
	663	368
	663	369
.PEN_UP
.PEN_DOWN
	675	371
	676	369
	676	368
	676	367
.PEN_UP
