
.WRITER_ID BeckyHammaker
.STYLE PRINTED
.PEN_DOWN
	103	376
	103	377
	104	376
	105	375
	105	374
	105	373
	105	371
	106	370
	106	369
	106	368
	106	367
	107	366
	107	364
	107	363
	107	362
	107	361
	107	360
	107	361
	107	362
	107	363
	107	364
	106	365
	106	366
	106	367
	106	368
	104	368
	104	369
	104	370
	103	371
	103	372
	103	374
	103	375
	103	376
	103	377
	103	378
	104	379
	104	380
	105	380
	105	381
	106	381
	106	382
	107	382
	108	382
	109	382
	110	382
	110	381
	111	380
	111	379
	112	379
	112	377
	112	376
	112	375
	111	375
	111	374
	111	373
	110	373
	110	372
	109	372
	108	371
	107	371
	106	371
	106	372
	105	372
	105	373
	105	374
.PEN_UP
.PEN_DOWN
	124	373
	125	373
	125	374
	125	375
	125	376
	125	377
	124	377
	124	378
	123	378
	122	378
	121	378
	120	378
	119	377
	118	377
	117	376
	116	375
	116	374
	116	373
	116	372
	117	371
	118	370
	119	370
	119	369
	120	369
	121	369
	122	370
	123	370
	123	371
	124	371
	125	372
	125	373
	125	374
	126	374
	126	373
	126	372
	127	372
	127	371
	128	370
	128	369
	128	368
	129	368
.PEN_UP
.PEN_DOWN
	138	383
	138	382
	137	382
	136	381
	135	381
	134	380
	133	380
	132	379
	131	378
	131	377
	132	377
	133	377
	134	377
	135	377
	136	377
	137	377
	138	377
	139	377
	140	377
	141	376
	142	376
	142	375
	143	375
	143	374
	143	373
	144	373
	144	372
	144	371
	143	371
	143	370
	142	370
	142	369
	141	369
	140	368
	139	368
	138	368
	137	368
	136	368
	135	368
	135	369
	134	369
	134	370
.PEN_UP
.PEN_DOWN
	148	384
	148	383
	147	382
	146	382
	145	381
	143	380
	142	379
	142	378
	143	378
	144	378
	145	378
	146	378
	147	378
	148	378
	149	378
	150	378
	151	378
	152	377
	152	376
	153	376
	153	375
	154	375
	154	374
	154	373
	154	372
	154	371
	154	370
	153	370
	153	369
	153	368
	152	368
	151	368
	150	368
	149	368
	148	368
	147	368
	146	369
.PEN_UP
.PEN_DOWN
	164	374
	164	375
	165	375
	165	376
	164	377
	164	378
	164	379
	163	379
	162	379
	162	378
	161	378
	161	377
	160	377
	160	376
	159	375
	159	374
	158	373
	158	372
	159	372
	159	371
	159	370
	160	370
	160	369
	162	369
	163	369
	164	370
	165	370
	166	370
	167	370
	168	370
	169	370
	170	370
.PEN_UP
.PEN_DOWN
	177	375
	176	375
	175	375
	174	375
	173	375
	172	375
	171	374
	170	374
	169	373
	169	372
	170	371
	171	370
	172	370
	173	370
	174	369
	176	369
	177	369
	178	369
	179	370
.PEN_UP
.PEN_DOWN
	173	398
	173	397
	173	396
	174	396
	174	395
	174	394
	174	393
	174	392
	175	391
	175	390
	175	389
	175	388
	175	387
	176	386
	176	385
	176	383
	176	382
	177	381
	177	380
	177	379
	177	378
	178	377
	178	376
	179	375
	179	374
	179	373
	180	372
	180	371
	180	370
	181	370
	181	369
	182	369
.PEN_UP
.PEN_DOWN
	210	389
	211	389
	211	388
	212	388
	212	387
	212	386
	212	385
	213	384
	213	383
	213	382
	213	381
	213	380
	213	379
	213	378
	213	377
	213	375
	214	374
	214	373
	214	372
	214	371
	214	370
	215	369
.PEN_UP
.PEN_DOWN
	207	378
	208	378
	209	378
	210	378
	211	378
	212	378
	213	378
	214	378
	215	378
	215	377
	216	377
.PEN_UP
.PEN_DOWN
	218	395
	218	394
	219	393
	219	392
	219	391
	219	390
	219	389
	220	388
	220	387
	220	386
	221	385
	221	383
	221	381
	222	380
	222	379
	222	378
	222	377
	222	376
	222	375
	223	374
	223	372
	223	371
	224	370
	224	369
	224	368
	224	369
	224	370
	224	371
	224	372
	224	373
	224	374
	224	375
	225	376
	225	377
	226	378
	227	379
	228	379
	229	379
	230	378
	230	377
	231	376
	231	375
	232	374
	232	373
	232	372
	233	371
	233	370
	234	369
	234	370
.PEN_UP
.PEN_DOWN
	239	376
	240	376
	240	375
	240	374
	241	373
	241	372
	241	371
	242	370
	242	371
	242	372
	242	373
	242	375
	242	376
	242	377
	242	378
	242	379
	243	379
	243	380
	243	381
	244	381
	245	381
.PEN_UP
.PEN_DOWN
	254	376
	254	375
	253	375
	253	374
	252	374
	251	374
	250	373
	251	372
	252	371
	253	371
	254	371
	255	371
	256	371
	257	372
	258	373
	258	374
	258	375
	258	376
	258	377
	257	378
	256	379
	255	379
	254	379
	254	378
	253	378
.PEN_UP
.PEN_DOWN
	265	377
	265	376
	265	375
	266	375
	266	374
	266	373
	266	372
	266	371
	266	370
	267	370
	268	369
	269	369
	270	369
	270	370
	271	370
	272	370
	273	371
	274	373
	275	374
	275	375
	275	376
	275	377
	275	378
	274	378
	274	377
	275	377
	275	376
	275	375
	276	374
	276	373
	277	373
	277	372
	278	371
	279	371
	280	371
	281	371
	281	370
	282	370
.PEN_UP
.PEN_DOWN
	292	377
	291	377
	290	377
	289	377
	288	377
	287	377
	287	376
	286	376
	286	375
	286	374
	286	373
	286	372
	287	372
	287	371
	289	371
	290	371
	291	371
	292	371
	293	371
	293	372
	293	373
	293	374
	293	375
	293	374
	294	373
	294	372
	295	372
	295	371
	295	370
	295	369
	296	368
	296	366
	296	365
	296	364
	296	363
	296	362
	296	361
	296	360
	296	358
	296	357
	295	357
	295	356
	294	355
	294	354
	293	354
	293	353
	292	353
	291	353
	290	353
	289	353
	288	353
	288	354
	287	354
	287	355
	287	356
.PEN_UP
.PEN_DOWN
	301	390
	302	389
	302	388
	303	387
	303	386
	304	385
	304	384
	304	383
	304	382
	304	381
	304	380
	305	379
	305	377
	305	376
	305	375
	306	374
	306	373
	306	372
	306	371
	306	370
	306	369
	306	368
	306	369
	306	370
	307	371
	307	372
	307	373
	307	374
	307	375
	308	375
	308	376
	309	376
	309	377
	310	377
	311	377
	312	376
	313	375
	314	374
	314	373
	314	372
	315	371
	315	370
	315	369
	315	368
	315	367
	316	367
	316	366
.PEN_UP
.PEN_DOWN
	347	393
	348	392
	348	391
	349	391
	349	390
	349	389
	349	388
	349	387
	350	387
	350	386
	350	384
	350	383
	350	382
	350	381
	350	380
	350	378
	350	377
	350	376
	350	375
	350	373
	350	372
	350	371
	351	371
.PEN_UP
.PEN_DOWN
	344	379
	345	379
	345	378
	346	378
	347	378
	348	378
	349	378
	351	378
	352	378
	353	378
	354	378
	355	378
	356	378
	356	377
.PEN_UP
.PEN_DOWN
	357	391
	357	390
	357	389
	357	388
	358	388
	358	387
	358	386
	359	385
	359	384
	360	383
	360	382
	360	381
	360	380
	360	379
	360	377
	360	376
	360	375
	361	373
	361	372
	361	371
	361	370
	361	369
	361	368
	361	367
	362	367
	362	368
	362	369
	363	370
	363	371
	363	372
	364	373
	364	374
	364	375
	365	375
	365	376
	366	376
	367	376
	368	376
	369	375
	370	374
	371	373
	371	372
	371	371
	371	370
	371	369
	371	368
	372	368
	372	369
	373	369
	373	370
.PEN_UP
.PEN_DOWN
	376	373
	376	372
	377	372
	378	372
	379	372
	380	373
	381	373
	382	374
	383	375
	384	375
	384	376
	384	377
	384	378
	384	379
	384	380
	383	380
	382	380
	381	380
	380	380
	379	380
	379	379
	378	379
	378	378
	377	378
	377	377
	377	376
	376	376
	376	375
	376	374
	376	373
	376	372
	376	371
	377	371
	377	370
	378	369
	379	369
	380	368
	381	368
	382	368
	383	368
	384	368
	385	368
	386	368
	387	368
	388	368
	388	369
.PEN_UP
.PEN_DOWN
	391	375
	392	375
	392	374
	393	374
	393	373
	394	372
	394	371
	394	370
	394	369
	394	368
	395	367
	394	367
	395	367
	395	368
	395	369
	395	370
	395	371
	395	372
	396	373
	396	374
	396	375
	397	375
	397	376
	398	376
	399	376
	400	376
	401	375
	401	374
	401	373
	401	372
	401	371
	401	370
	401	369
	401	368
	402	368
	402	369
	402	370
	403	370
	403	371
	403	372
	403	373
	404	374
	404	375
	404	376
	405	376
	406	376
	407	376
	408	375
	408	374
	409	374
	409	373
	409	372
	409	371
	409	370
	408	370
	408	369
	408	368
	408	367
	409	367
	410	367
	411	367
.PEN_UP
.PEN_DOWN
	423	371
	424	371
	424	370
	425	370
	425	369
	425	368
.PEN_UP
.PEN_DOWN
	425	380
	424	380
	424	381
	424	382
	423	383
	422	384
	422	385
	421	385
	420	385
	420	386
	419	387
	419	388
	419	389
	420	390
	421	391
	421	392
	422	392
	423	392
	423	393
	424	393
	424	394
	425	394
	426	395
	427	395
	427	396
	428	396
	429	397
	429	398
	429	399
	429	400
	428	401
	428	402
	427	402
	426	403
	425	403
	423	403
	422	403
	421	403
	420	403
	419	403
	418	402
	418	401
.PEN_UP
.PEN_DOWN
	467	390
	466	390
	466	391
	465	391
	464	391
	464	392
	463	392
	462	392
	461	392
	460	392
	459	392
	458	392
	457	392
	457	391
	456	391
	456	390
	456	389
	455	389
	455	388
	455	387
	455	386
	455	385
	456	385
	457	385
	458	384
	459	384
	460	384
	461	384
	462	384
	463	384
	464	383
	465	383
	466	383
	467	383
	468	383
	468	382
	469	382
	469	381
	470	381
	470	380
	471	380
	472	379
	472	378
	473	377
	473	376
	473	375
	473	374
	472	373
	471	373
	470	372
	469	372
	467	372
	467	371
	466	371
	465	371
	464	371
	463	371
	462	372
	461	372
	461	373
	460	373
	460	374
	460	375
.PEN_UP
.PEN_DOWN
	479	377
	478	376
	478	375
	478	374
	478	373
	479	372
	480	372
	481	371
	482	371
	483	371
	484	371
	485	371
	486	371
	487	371
	487	372
	487	373
	487	374
	487	375
	487	376
	486	377
	486	378
	485	378
	485	379
	484	379
	483	379
	482	379
	481	379
	480	379
.PEN_UP
.PEN_DOWN
	495	379
	495	378
	495	377
	496	377
	496	376
	497	376
	497	375
	497	374
	497	373
	497	374
	497	375
	497	376
	497	377
	497	378
	497	379
	498	379
	499	379
	500	379
	501	378
	502	377
	502	376
	502	375
	503	375
	503	374
	503	373
	503	372
	503	371
	504	371
	504	372
	504	373
	504	374
	504	375
	505	375
	505	376
	505	377
	506	377
	506	378
	506	379
	507	379
	507	380
	508	380
	509	380
	509	379
	509	378
	509	377
	509	376
	509	375
	509	374
	509	373
	509	372
	509	371
	510	370
	511	370
	512	370
	512	371
.PEN_UP
.PEN_DOWN
	519	373
	520	373
	520	374
	521	374
	521	375
	522	375
	523	375
	523	376
	524	377
	524	378
	524	379
	524	380
	523	380
	522	380
	521	380
	520	379
	519	378
	518	378
	518	377
	518	376
	518	375
	518	374
	518	373
	519	372
	520	372
	520	371
	521	371
	521	370
	522	370
	523	370
	524	370
	526	370
	527	370
	528	370
	529	370
	530	371
.PEN_UP
.PEN_DOWN
	535	387
	536	387
	536	386
	536	385
	536	384
	536	383
	537	383
	537	382
	537	381
	537	380
	538	378
	538	377
	538	376
	538	375
	538	374
	538	373
	538	372
	538	371
	539	371
.PEN_UP
.PEN_DOWN
	531	376
	532	376
	533	376
	534	376
	535	376
	536	375
	538	375
	539	375
	540	375
	541	375
	542	375
.PEN_UP
.PEN_DOWN
	544	393
	544	392
	544	391
	545	390
	545	389
	546	389
	546	388
	546	387
	546	386
	546	385
	547	384
	547	383
	547	382
	547	381
	547	380
	547	379
	547	378
	547	376
	547	375
	547	374
	547	373
	547	372
	548	371
	548	372
	548	373
	548	374
	549	374
	549	375
	549	376
	550	376
	550	377
	551	377
	551	378
	552	378
	553	378
	553	377
	554	377
	554	376
	555	376
	555	375
	556	374
	557	373
	557	372
	557	371
	558	371
	558	370
.PEN_UP
.PEN_DOWN
	564	375
	564	374
	565	374
	565	373
	565	372
	565	371
	566	370
	566	369
	566	368
.PEN_UP
.PEN_DOWN
	562	382
	562	383
	562	382
	562	381
.PEN_UP
.PEN_DOWN
	574	372
	574	371
	575	370
	575	369
	575	368
	576	368
	576	367
	576	368
	576	369
	576	370
	576	371
	575	372
	575	373
	575	374
	575	375
	576	375
	576	376
	577	376
	578	376
	579	376
	580	376
	581	376
	582	376
	583	376
	583	375
	584	374
	584	373
	584	372
	584	371
	585	371
	585	370
	585	369
	585	368
	585	367
	586	367
.PEN_UP
.PEN_DOWN
	596	376
	595	376
	595	377
	594	377
	593	377
	592	377
	591	376
	590	376
	589	376
	589	375
	588	375
	588	374
	588	373
	589	372
	590	372
	591	371
	592	371
	593	371
	593	372
	594	372
	595	372
	595	373
	596	373
	596	374
	596	375
	597	375
	597	374
	597	373
	597	372
	598	372
	598	371
	598	370
	599	369
	599	368
	599	367
	600	365
	600	364
	600	363
	600	362
	600	361
	600	360
	600	359
	600	358
	599	357
	598	356
	597	356
	596	355
	595	355
	594	355
	593	355
	592	356
	591	356
	590	356
	589	356
	588	356
.PEN_UP
.PEN_DOWN
	606	393
	607	393
	607	392
	608	392
	608	393
	609	393
	609	392
	609	391
	610	391
	610	390
	610	389
	610	388
	610	387
	610	386
	610	385
	610	384
	611	382
	611	381
	611	380
	611	379
	611	378
	612	377
	612	376
	612	375
	613	375
	613	374
	613	373
	614	373
	615	373
.PEN_UP
.PEN_DOWN
	623	376
	623	375
	623	374
	623	373
	623	372
	623	371
	623	370
	623	369
	624	369
.PEN_UP
.PEN_DOWN
	621	385
	620	385
	620	384
	621	384
.PEN_UP
.PEN_DOWN
	627	390
	627	389
	628	388
	628	387
	628	386
	628	385
	628	384
	628	383
	628	382
	629	381
	629	380
	629	379
	629	378
	630	377
	630	376
	630	375
	630	374
	630	373
	630	372
	630	371
	630	370
	631	370
	631	369
	632	369
	632	370
.PEN_UP
.PEN_DOWN
	637	386
	637	385
	637	384
	637	383
	636	382
	636	381
	635	380
	634	379
	633	378
	633	377
	632	376
	632	375
	633	376
	634	376
	635	376
	636	376
	637	376
	638	376
	638	375
	639	375
	639	374
	639	373
	640	373
	640	372
	640	371
	641	371
	641	370
	641	369
	641	368
	642	368
	642	369
	642	370
.PEN_UP
.PEN_DOWN
	649	373
	650	373
	651	373
	652	373
	653	373
	654	374
	654	375
	654	376
	654	377
	653	377
	652	377
	651	377
	650	377
	649	377
	648	377
	648	376
	648	375
	647	375
	647	374
	647	373
	647	372
	647	371
	647	370
	648	369
	649	369
	650	368
	651	368
	652	368
	654	368
	655	368
	656	368
	657	368
	658	368
.PEN_UP
