
.WRITER_ID BeckyHammaker
.STYLE PRINTED
.PEN_DOWN
	130	395
	130	394
	130	393
	130	392
	130	391
	130	390
	130	389
	129	389
	129	388
	129	387
	129	386
.PEN_UP
.PEN_DOWN
	137	395
	137	394
	137	393
	137	392
.PEN_UP
.PEN_DOWN
	149	389
	150	389
	151	388
	151	387
	152	387
	152	386
	153	386
	153	385
	154	384
	155	383
	156	382
	156	381
	157	381
	157	380
	158	380
	159	380
.PEN_UP
.PEN_DOWN
	159	394
	159	393
	158	392
	157	391
	157	390
	156	390
	156	389
	156	388
	155	388
	154	386
	153	385
	153	384
	152	383
	152	382
	151	381
	151	380
	150	380
	150	379
	150	380
.PEN_UP
.PEN_DOWN
	166	389
	166	388
	167	388
	167	387
	168	387
	169	386
	170	385
	171	385
	171	384
	172	384
	172	383
	173	383
	173	382
.PEN_UP
.PEN_DOWN
	176	392
	176	391
	175	390
	175	389
	175	388
	175	387
	175	386
	175	385
	175	384
	175	383
	175	382
	175	381
	175	380
	174	379
	174	378
	174	377
	174	376
	174	375
	174	374
	173	373
	173	372
	173	371
	174	371
.PEN_UP
.PEN_DOWN
	185	389
	186	389
	187	389
	188	389
	189	389
	190	389
	191	389
	192	389
	193	389
	194	389
	195	389
	195	388
	195	387
	194	387
	194	386
	194	385
	193	385
	193	384
	192	383
	191	382
	191	381
	191	380
	191	379
	192	379
	193	379
	194	379
	195	379
	196	379
	197	379
	198	379
	199	380
	200	380
	201	380
	202	380
.PEN_UP
.PEN_DOWN
	206	389
	207	389
	208	389
	209	389
	210	389
	211	389
	212	389
	213	389
	214	389
	215	389
	215	388
	215	387
	215	386
	215	385
	214	384
	213	382
	212	381
	212	380
	212	379
	212	378
	213	378
	214	378
	215	378
	216	378
	217	378
	218	378
	219	378
	219	379
	220	379
	220	378
	221	378
.PEN_UP
.PEN_DOWN
	225	385
	226	385
	227	384
	227	383
	228	383
	228	382
	229	381
	230	381
	231	381
	231	380
	232	380
	233	380
.PEN_UP
.PEN_DOWN
	235	389
	235	388
	235	387
	234	386
	234	385
	234	384
	233	383
	233	382
	233	381
	233	380
	233	379
	233	378
	233	377
	232	377
	232	376
	232	375
	232	374
	232	373
	232	372
	232	371
	232	370
.PEN_UP
.PEN_DOWN
	246	378
	247	378
	248	378
	248	377
	248	376
	249	376
	249	375
	249	374
	249	373
	249	372
	249	371
	249	370
	249	369
.PEN_UP
.PEN_DOWN
	254	397
	255	397
	255	396
	255	395
	256	395
	256	394
	257	393
	257	392
	258	391
	258	390
	258	389
	259	389
.PEN_UP
.PEN_DOWN
	264	399
	264	398
	264	397
	264	396
	264	395
	265	394
	265	393
.PEN_UP
.PEN_DOWN
	280	383
	280	382
	280	381
	280	380
	281	379
	281	378
	281	377
	282	377
	282	376
	282	375
	282	374
	283	374
	283	373
	283	372
	284	371
	284	372
	285	372
	285	373
	286	373
	286	374
	287	375
	287	376
	288	376
	288	377
	288	378
	289	378
	289	379
	290	379
	290	380
	291	380
	291	379
	292	379
	292	378
	292	377
	292	376
	293	375
	293	374
	293	373
	294	373
	294	372
	295	372
	296	372
	297	372
	297	373
	297	374
	297	375
	298	376
	298	377
	298	378
	298	379
	299	380
	299	381
	299	382
	299	383
	299	384
	300	384
.PEN_UP
.PEN_DOWN
	306	397
	306	396
	307	395
	307	394
	307	393
	307	392
	307	391
	307	390
	307	389
	307	388
	307	387
	307	385
	308	384
	308	383
	308	382
	308	381
	308	380
	308	379
	309	378
	309	377
	309	376
	309	375
	309	374
	309	375
	310	375
	310	376
	310	377
	310	378
	311	378
	311	379
	312	380
	312	381
	313	382
	314	382
	314	383
	315	383
	315	384
	316	384
	317	384
	318	384
	319	384
	320	383
	320	382
	320	381
	320	380
	320	379
	320	378
	320	377
	321	377
	321	376
	321	375
	321	374
	321	373
	322	373
	323	373
.PEN_UP
.PEN_DOWN
	326	376
	327	376
	328	376
	329	376
	329	377
	330	377
	330	378
	331	378
	331	379
	332	380
	332	381
	332	382
	331	382
	330	382
	329	382
	328	381
	327	381
	327	380
	326	380
	326	379
	326	378
	326	377
	326	376
	327	376
	327	375
	328	375
	328	374
	329	374
	330	373
	331	373
	332	373
	333	373
	334	373
	335	373
	336	374
	337	374
	337	373
.PEN_UP
.PEN_DOWN
	339	376
	340	376
	341	376
	341	377
	342	377
	342	378
	343	378
	343	379
	343	380
	344	380
	344	381
	343	382
	342	382
	341	382
	340	382
	339	382
	339	381
	338	380
	338	379
	338	378
	338	377
	338	376
	338	375
	339	375
	339	374
	340	374
	341	373
	342	373
	343	373
	344	373
	345	373
	346	373
	348	373
	349	373
	350	373
	351	373
	352	373
	351	373
.PEN_UP
.PEN_DOWN
	351	385
	352	385
	353	385
	354	385
	355	384
	356	384
	357	384
	358	384
	359	384
	360	384
	360	383
	360	382
	360	381
	359	381
	359	380
	359	379
	358	378
	357	378
	357	377
	357	376
	356	375
	356	374
	356	373
	357	373
	358	373
	359	373
	359	372
	360	372
	361	372
	362	372
	363	372
	364	372
	365	372
	365	373
	366	373
	366	372
.PEN_UP
.PEN_DOWN
	371	375
	372	375
	373	376
	374	376
	374	377
	375	377
	376	377
	376	378
	377	379
	377	380
	376	380
	375	380
	374	380
	374	381
	373	381
	372	381
	372	380
	371	380
	370	379
	369	378
	369	377
	369	376
	369	375
	369	374
	369	373
	370	373
	371	372
	372	372
	373	372
	374	372
	375	372
	376	372
	377	372
	378	372
	378	371
.PEN_UP
.PEN_DOWN
	391	378
	390	378
	389	378
	389	379
	388	379
	387	379
	386	379
	385	379
	385	378
	384	378
	384	377
	383	377
	383	376
	382	376
	382	375
	382	374
	381	373
	381	372
	381	371
	381	370
	382	369
	383	369
	384	369
	385	369
	386	369
	387	369
	387	370
	388	370
	388	371
	389	372
	389	373
	390	374
	390	375
	390	376
	390	377
	390	378
	391	379
	391	380
	391	381
	391	382
	390	383
	390	384
	390	385
	390	386
	390	387
	390	388
	390	389
	389	389
	389	390
	389	391
	389	390
	388	390
	388	389
	388	388
	388	386
	388	385
	388	384
	389	383
	389	382
	389	381
	389	380
	389	379
	389	378
	389	376
	390	376
	391	373
	391	372
	391	371
	392	371
	392	370
	393	369
	393	368
	394	367
	395	367
	395	366
	396	366
	396	367
.PEN_UP
.PEN_DOWN
	432	389
	431	389
	431	388
	431	387
	431	386
	431	385
	431	384
	431	383
	431	382
	431	381
	432	380
	432	379
	432	378
	433	377
	433	376
	433	375
	433	374
	434	373
.PEN_UP
.PEN_DOWN
	425	381
	426	380
	427	380
	428	380
	429	379
	430	379
	432	379
	433	379
	434	379
	435	379
	436	379
	437	379
	438	379
.PEN_UP
.PEN_DOWN
	438	394
	438	393
	438	392
	439	392
	439	391
	439	390
	439	389
	439	388
	440	388
	440	387
	440	386
	441	384
	441	383
	441	382
	441	381
	441	380
	441	379
	442	379
	442	378
	442	377
	442	376
	442	375
	442	374
	443	373
	443	372
	444	371
	445	372
	445	373
	445	374
	446	374
	446	375
	446	376
	447	377
	447	378
	448	379
	449	380
	450	380
	451	380
	452	380
	453	379
	453	378
	453	377
	454	377
	454	376
	455	375
	455	374
	455	373
	455	372
	456	372
	456	371
	456	370
	457	370
	458	371
	458	372
.PEN_UP
.PEN_DOWN
	460	375
	461	375
	462	375
	463	375
	464	375
	464	376
	465	376
	466	377
	466	378
	466	379
	466	380
	465	380
	464	380
	463	380
	462	380
	462	379
	461	379
	461	378
	460	378
	460	377
	459	376
	459	375
	459	374
	460	374
	460	373
	460	372
	461	372
	461	371
	462	371
	463	371
	464	370
	466	370
	467	370
	469	370
	471	370
	472	370
	473	370
.PEN_UP
.PEN_DOWN
	504	384
	503	384
	502	384
	501	384
	500	384
	499	384
	498	383
	496	383
	495	382
	494	382
	494	381
	495	380
	496	380
	497	380
	498	380
	499	380
	500	380
	501	380
	502	380
	503	379
	504	379
	505	378
	506	378
	506	377
	507	376
	507	374
	506	373
	506	372
	506	371
	505	371
	504	371
	504	370
	503	370
	502	370
	501	370
	500	370
	499	370
	498	370
	498	371
	497	371
	496	372
	496	373
.PEN_UP
.PEN_DOWN
	514	381
	514	380
	515	380
	515	379
	515	378
	515	377
	515	375
	516	375
	516	374
	516	373
	516	372
	516	371
	516	370
	516	369
	516	370
	517	371
	517	372
	517	373
	517	374
	517	375
	517	376
	518	377
	518	378
	518	379
	518	380
	519	380
	519	381
	520	381
	520	382
	521	382
	522	382
	523	382
	523	381
	524	381
	524	380
	525	380
	525	379
	525	378
	526	377
	526	376
	525	375
	525	374
	525	373
	525	372
	525	371
	525	370
	525	369
	526	369
	527	369
	528	370
.PEN_UP
.PEN_DOWN
	539	377
	539	378
	538	379
	537	379
	536	379
	535	379
	534	379
	533	378
	532	378
	532	377
	532	376
	532	375
	532	374
	532	373
	532	372
	533	372
	534	372
	534	371
	535	371
	535	372
	536	372
	536	373
	537	374
	538	375
	538	376
	539	376
	540	376
	540	375
	540	374
	540	373
	541	372
	542	371
	543	371
	543	370
.PEN_UP
.PEN_DOWN
	546	381
	547	380
	548	380
	549	380
	550	380
	551	380
	552	380
	553	380
	554	380
	555	380
	556	380
	557	380
	557	379
	557	378
	556	378
	556	377
	555	376
	555	375
	554	375
	553	374
	553	373
	552	373
	552	372
	551	372
	551	371
	552	371
	553	371
	553	370
	554	370
	555	370
	556	370
	557	370
	558	370
	559	370
	560	370
	561	370
	562	370
.PEN_UP
.PEN_DOWN
	562	380
	563	380
	564	380
	565	380
	566	380
	567	380
	568	380
	569	380
	570	379
	571	379
	571	378
	572	378
	572	377
	572	376
	571	376
	571	375
	570	375
	570	374
	569	374
	569	373
	568	373
	567	372
	566	371
	565	370
	565	369
	566	369
	567	368
	568	368
	569	368
	570	368
	571	368
	572	368
	573	368
	574	368
	575	367
	576	367
	577	367
.PEN_UP
.PEN_DOWN
	579	378
	579	377
	580	377
	580	376
	581	376
	581	375
	581	374
	582	374
	582	373
	582	372
	583	372
	583	371
	584	371
	585	371
	586	371
.PEN_UP
.PEN_DOWN
	588	380
	588	379
	587	379
	587	378
	587	377
	586	377
	586	376
	585	375
	585	374
	585	373
	584	373
	584	372
	584	371
	583	371
	583	369
	582	368
	582	367
	581	366
	581	365
	581	364
	580	363
	580	362
	580	361
	580	360
	579	360
	579	358
	579	357
	578	357
	578	356
	578	355
.PEN_UP
.PEN_DOWN
	603	382
	604	382
	604	381
	605	381
	606	381
	607	381
	608	381
	609	381
	610	381
	611	381
	612	381
	613	381
	614	380
	615	380
	614	380
	614	379
	613	378
	612	377
	611	376
	610	375
	610	374
	609	374
	609	373
	608	372
	608	371
	608	370
	608	369
	609	369
	610	369
	611	369
	612	369
	613	370
	614	370
	615	370
	616	370
	617	370
	618	370
	619	370
	620	370
	620	369
	621	369
.PEN_UP
.PEN_DOWN
	627	378
	626	378
	625	378
	624	378
	623	378
	622	377
	621	377
	620	376
	620	375
	620	374
	620	373
	621	372
	622	371
	623	370
	624	370
	624	369
	625	369
	625	368
	626	368
	627	368
	628	368
	628	369
	629	369
	629	370
	630	370
	630	371
	631	372
	631	373
	632	375
	632	376
	632	377
	632	378
	631	379
	630	379
	629	379
	628	379
	627	379
	626	379
.PEN_UP
.PEN_DOWN
	638	377
	638	376
	639	376
	639	375
	639	374
	640	372
	640	371
	640	370
	640	369
	641	369
	641	368
	641	367
	641	368
	641	369
	641	371
	641	372
	641	373
	642	374
	642	375
	642	376
	643	377
	643	378
	644	378
	645	378
	646	378
	647	378
	647	377
	648	377
	648	376
	648	375
	648	374
	648	373
	648	372
	648	371
	648	370
	647	369
	647	368
	647	369
	648	369
	648	370
	648	371
	649	372
	649	373
	649	374
	649	375
	650	376
	650	377
	651	377
	651	378
	652	378
	653	378
	653	377
	654	377
	654	376
	654	375
	654	374
	655	373
	655	372
	655	371
	655	370
	656	369
	656	367
	656	366
	657	365
	658	366
	658	367
.PEN_UP
.PEN_DOWN
	664	392
	664	391
	663	390
	663	389
	662	389
	662	388
	662	387
	662	386
	662	385
	662	384
	662	383
	662	381
	662	380
	662	379
	662	378
	662	377
	662	376
	662	375
	662	374
	662	373
	662	372
	662	371
	662	372
	663	372
	663	373
	663	374
	664	375
	664	376
	665	376
	665	377
	666	378
	667	378
	667	379
	668	379
	669	379
	670	380
	671	380
	672	380
	673	380
	673	379
	674	379
	674	378
	675	378
	675	377
	675	376
	676	376
	676	375
	676	374
	676	373
	675	371
	675	370
	674	369
	673	368
	672	368
	672	367
	671	367
	670	367
	669	367
	668	367
	667	367
	666	367
	665	368
	665	369
	664	369
	664	370
	663	370
	663	371
	663	372
	663	373
	663	374
.PEN_UP
.PEN_DOWN
	680	373
	681	373
	681	372
	681	371
	681	370
	681	369
	681	368
	681	367
	681	366
	681	365
	681	364
	682	364
.PEN_UP
.PEN_DOWN
	681	383
	681	382
	681	381
.PEN_UP
.PEN_DOWN
	691	371
	692	371
	693	371
	694	371
	695	371
	696	372
	697	372
	698	373
	699	374
	699	375
	699	376
	699	377
	698	377
	698	378
	697	378
	696	378
	695	378
	694	378
	694	377
	693	377
	693	376
	692	376
	692	375
	691	374
	691	373
	691	372
	692	371
	692	370
	693	369
	694	368
	695	368
	696	367
	697	367
	698	367
	699	367
	700	367
	701	367
	702	367
	703	367
	704	367
	706	367
.PEN_UP
.PEN_DOWN
	713	372
	713	373
	712	373
	712	372
	713	372
	713	371
.PEN_UP
