
.WRITER_ID ArloReeves
.STYLE PRINTED
.PEN_DOWN
	107	419
	107	420
	107	419
	106	419
	106	418
	105	416
	105	414
	105	412
	104	410
	104	408
	104	405
	103	402
	103	397
	103	394
	103	392
	102	389
	102	387
	101	385
	101	383
	101	382
	100	381
	100	380
	100	379
.PEN_UP
.PEN_DOWN
	106	420
	106	421
	107	421
	107	422
	108	422
	109	422
	110	421
	110	420
	110	419
	110	418
	110	416
	110	415
	111	411
	111	409
	112	406
	112	404
	113	402
	114	400
	115	398
	116	396
	117	395
	118	393
	119	392
	120	389
	120	388
	121	387
	121	386
	121	385
	121	384
	120	384
	120	383
.PEN_UP
.PEN_DOWN
	101	398
	101	397
	102	398
	103	398
	104	398
	107	399
	109	399
	111	400
	113	400
	115	401
.PEN_UP
.PEN_DOWN
	126	420
	126	419
	126	418
	126	417
	126	415
	126	414
	126	412
	126	410
	126	405
	126	403
	127	401
	127	399
	127	397
	128	395
	129	393
	129	391
	129	390
	130	388
	130	386
	130	385
	130	384
	131	384
	132	385
	133	386
	133	387
	134	387
	134	388
	135	388
	135	389
	136	389
	136	390
	137	390
.PEN_UP
.PEN_DOWN
	147	405
	147	404
	147	403
	147	401
	147	399
	147	398
	147	396
	148	395
	148	392
	148	391
	148	389
	148	388
	149	387
	149	386
	149	385
	149	384
	150	384
	150	383
	150	384
	150	385
	150	386
	150	387
	150	388
	150	389
	150	391
	150	392
	151	393
	151	394
	152	395
	152	396
	153	396
	153	397
	154	398
	154	399
	155	400
	156	401
	158	402
	159	403
	160	404
	161	404
.PEN_UP
.PEN_DOWN
	166	403
	166	402
	166	401
	166	399
	166	398
	166	397
	166	396
	167	395
	167	392
	167	391
	168	391
	168	390
	168	389
	169	388
	169	387
	170	387
	171	388
	172	389
	172	390
	172	391
	173	391
.PEN_UP
.PEN_DOWN
	163	415
	162	415
	162	416
.PEN_UP
.PEN_DOWN
	186	406
	186	407
	185	407
	184	407
	183	406
	182	405
	181	405
	181	404
	180	402
	180	401
	179	401
	179	400
	179	399
	179	398
	180	397
	180	396
	181	396
	181	395
	182	395
	183	395
	184	395
	185	396
	186	396
	186	397
	187	398
	187	399
	187	400
	187	401
	187	402
	187	403
	187	404
	187	405
	187	406
	188	406
	188	407
	188	408
	188	407
	188	406
	188	405
	189	403
	189	402
	189	401
	189	399
	190	398
	190	396
	190	394
	191	392
	191	390
	191	388
	192	385
	192	383
	192	379
	192	377
	192	374
	192	373
	192	371
	192	370
	192	368
	192	367
	191	366
	191	365
	190	364
	189	363
	188	363
	187	363
	186	363
	185	363
	184	363
	183	363
	182	364
.PEN_UP
.PEN_DOWN
	197	422
	197	421
	197	420
	197	418
	197	416
	197	415
	197	412
	197	410
	197	408
	197	406
	197	404
	198	400
	198	398
	199	397
	199	395
	199	394
	200	393
	200	392
	200	391
	201	392
	201	393
	201	394
	201	395
	201	396
	201	397
	201	398
	201	400
	201	401
	202	402
	202	403
	202	404
	203	405
	204	405
	205	406
	206	406
	207	406
	208	406
	209	405
	210	405
	210	404
	210	403
	211	402
	211	401
	211	399
	211	398
	211	397
	212	396
	212	393
	212	392
	212	391
	212	390
.PEN_UP
.PEN_DOWN
	219	427
	220	427
	220	426
	220	425
	221	425
	221	424
	221	423
	222	422
	222	420
	222	419
	222	417
	223	414
	223	412
	223	410
	223	408
	223	406
	223	404
	223	402
	223	401
	223	399
	223	398
	223	397
	223	396
	223	393
	223	392
	223	391
	223	390
	223	389
	224	388
	225	388
	226	388
	227	388
	227	389
	228	389
	228	390
	229	390
	229	391
	229	392
.PEN_UP
.PEN_DOWN
	218	406
	219	406
	220	407
	221	407
	222	407
	223	407
	225	407
	226	408
	227	408
	228	408
	230	409
.PEN_UP
.PEN_DOWN
	237	423
	237	424
	237	425
	238	425
	238	426
	239	426
	243	426
	244	426
	246	426
	247	426
	249	426
	250	425
	251	425
	251	424
	252	423
	252	422
	252	421
	252	420
	251	417
	250	416
	250	415
	249	413
	248	411
	248	410
	247	409
	246	408
	246	407
	246	406
	246	405
.PEN_UP
.PEN_DOWN
	252	387
	253	386
	253	385
	253	384
	254	385
	255	386
	255	387
	255	388
	254	388
	254	389
	253	389
	252	389
	251	389
.PEN_UP
.PEN_DOWN
	264	433
	264	434
	265	434
	265	433
	266	433
	266	432
	267	432
	267	431
	267	430
	267	429
	267	428
	267	427
	267	426
.PEN_UP
.PEN_DOWN
	271	437
	271	436
	271	435
	271	434
	271	433
	271	432
	271	431
	271	430
	271	429
	272	429
	273	427
.PEN_UP
.PEN_DOWN
	309	439
	309	438
	310	438
	310	437
	310	436
	310	435
	311	434
	311	433
	311	432
	311	430
	312	429
	312	428
	312	427
.PEN_UP
.PEN_DOWN
	314	438
	314	437
	314	436
	314	435
	314	434
	315	433
	316	432
	316	431
.PEN_UP
.PEN_DOWN
	336	426
	336	425
	336	424
	336	423
	336	422
	335	420
	335	418
	335	416
	335	414
	335	411
	334	409
	334	406
	334	404
	334	400
	334	398
	334	396
	334	395
	334	393
	334	392
	333	392
	333	391
	333	390
	332	389
	332	388
	331	388
	330	388
.PEN_UP
.PEN_DOWN
	337	429
	338	429
	338	428
	338	427
	338	425
	339	424
	339	423
	339	421
	340	419
	340	418
	341	415
	341	413
	342	411
	342	408
	343	406
	344	403
	345	399
	345	397
	346	395
	347	394
	347	392
	347	391
	348	390
	348	389
	349	388
	349	387
.PEN_UP
.PEN_DOWN
	334	403
	334	404
	335	404
	338	404
	339	405
	341	405
	343	405
.PEN_UP
.PEN_DOWN
	354	425
	354	424
	355	424
	355	423
	355	421
	355	419
	355	418
	356	416
	356	414
	356	412
	357	410
	357	408
	357	406
	357	403
	357	401
	358	398
	358	397
	358	395
	358	394
	358	393
	358	392
	358	391
	359	391
	360	392
	361	392
	361	393
	362	393
	363	394
	363	395
	364	396
.PEN_UP
.PEN_DOWN
	371	416
	372	415
	372	414
	372	413
	372	412
	372	410
	372	409
	372	407
	372	406
	372	403
	373	401
	373	400
	373	399
	373	398
	374	397
	374	396
	374	395
	375	394
	375	395
	375	396
	375	397
	375	398
	375	399
	375	400
	375	401
	375	402
	376	403
	376	404
	376	405
	377	406
	378	407
	379	408
	380	409
	381	409
	381	410
	383	410
.PEN_UP
.PEN_DOWN
	389	415
	389	414
	389	413
	389	412
	389	410
	389	408
	389	407
	389	406
	390	405
	390	404
	390	403
	390	402
	390	401
	390	400
	391	399
	391	398
	391	397
	392	397
.PEN_UP
.PEN_DOWN
	387	422
	387	423
	387	424
.PEN_UP
.PEN_DOWN
	402	416
	401	416
	400	415
	399	415
	398	414
	398	413
	397	413
	396	412
	396	410
	395	410
	395	408
	395	407
	395	406
	395	405
	396	404
	396	403
	397	402
	397	401
	398	401
	399	401
	400	402
	400	403
	401	404
	401	405
	401	406
	401	407
	401	408
	401	409
	401	411
	401	412
	401	413
	401	414
	401	415
	402	415
	403	415
	403	414
	404	414
	404	413
	404	411
	404	410
	404	408
	404	407
	405	406
	405	404
	405	402
	405	401
	405	399
	405	397
	406	395
	406	391
	406	389
	406	388
	406	386
	405	384
	405	382
	405	380
	405	379
	405	377
	404	376
	404	374
	404	373
	403	371
	402	370
	401	370
	400	371
	400	372
	399	372
	399	373
.PEN_UP
.PEN_DOWN
	415	427
	415	426
	415	425
	415	424
	415	423
	415	421
	415	419
	415	418
	415	416
	415	414
	415	412
	415	410
	415	406
	415	404
	415	403
	415	401
	415	400
	415	398
	415	397
	415	396
	415	395
	415	394
	416	395
	416	396
	416	397
	417	397
	417	398
	417	400
	418	401
	418	403
	418	405
	419	406
	419	407
	420	408
	420	409
	421	409
	421	410
	422	410
	422	411
	423	411
	424	410
	424	409
	424	408
	425	407
	425	406
	425	405
	426	404
	426	403
	426	402
	427	399
	428	398
	428	397
	428	396
	428	395
	428	393
	429	392
.PEN_UP
.PEN_DOWN
	435	428
	435	427
	435	426
	435	425
	435	422
	435	421
	435	420
	435	418
	435	417
	435	415
	436	413
	436	412
	436	410
	436	408
	436	406
	436	403
	437	402
	437	401
	437	400
	437	398
	437	397
	437	396
	437	395
	437	394
	437	393
	438	393
	439	393
	440	393
	441	393
	442	393
	443	394
	444	394
	444	395
.PEN_UP
.PEN_DOWN
	432	411
	433	411
	434	411
	435	411
	436	411
	437	412
.PEN_UP
.PEN_DOWN
	451	397
	452	396
	452	395
	452	394
	451	394
	451	393
.PEN_UP
.PEN_DOWN
	480	433
	480	434
	480	433
	480	432
	480	431
	480	429
	480	428
	481	426
	481	424
	481	423
	482	421
	482	419
	482	418
	483	416
	483	415
	484	414
	484	413
	485	411
	485	410
	486	410
	486	411
	486	412
	487	413
	487	414
	487	415
	488	418
	488	419
	488	420
	489	422
	490	423
	490	424
	491	426
	491	427
	492	429
	493	430
	494	432
	495	433
	496	435
	496	436
	497	437
.PEN_UP
.PEN_DOWN
	487	413
	487	411
	487	410
	487	407
	487	405
	487	403
	487	401
	487	399
	488	398
	488	397
	488	395
	489	394
	490	393
	490	392
	491	391
.PEN_UP
.PEN_DOWN
	500	403
	501	404
	502	405
	502	406
	503	407
	504	408
	504	409
	505	410
	505	411
	505	413
	505	414
	505	415
	504	416
	503	416
	502	416
	501	416
	500	415
	499	414
	499	413
	498	412
	497	411
	497	410
	496	409
	496	407
	496	406
	496	405
	496	403
	497	401
	498	399
	499	398
	499	397
	500	397
	501	396
	502	396
	502	395
	503	395
	504	395
.PEN_UP
.PEN_DOWN
	511	413
	511	414
	512	415
	513	415
	514	416
	515	416
	516	416
	517	416
	518	416
	519	416
	520	416
	521	416
	521	415
	520	413
	519	412
	519	411
	517	410
	516	408
	516	407
	515	406
	515	405
	515	404
	514	403
	514	401
	514	400
	514	399
	515	398
	515	397
	516	397
	516	396
	517	396
	518	396
	519	396
	520	396
	521	396
	522	397
	523	397
	524	398
	524	399
	524	400
	524	401
	523	402
	523	404
	522	405
	522	406
	521	408
	521	409
	521	412
	520	413
	520	414
.PEN_UP
.PEN_DOWN
	531	436
	531	435
	531	434
	532	433
	532	432
	533	429
	533	427
	533	426
	533	424
	534	423
	534	421
	534	419
	534	417
	534	415
	534	413
	534	411
	534	408
	534	407
	534	406
	534	404
	534	403
	534	402
	534	401
	534	402
	535	403
	535	404
	535	405
	535	406
	536	406
	536	407
	536	408
	537	409
	537	410
	538	411
	539	414
	540	414
	541	415
	541	416
	542	416
	543	417
	544	417
	544	416
	545	415
	545	414
	546	413
	546	412
	546	410
	547	409
	547	408
	547	407
	547	406
	547	404
	547	402
	547	400
	547	399
.PEN_UP
.PEN_DOWN
	555	398
	555	397
	554	396
	554	395
	553	394
	552	392
	551	391
.PEN_UP
.PEN_DOWN
	583	416
	584	416
	584	417
	585	417
	585	418
	585	419
	584	419
	583	419
	582	419
	581	419
	580	418
	579	418
	578	417
	577	417
	576	416
	575	415
	574	415
	574	414
	574	413
	575	413
	575	412
	576	411
	577	411
	578	410
	579	410
	582	408
	583	407
	584	406
	585	405
	586	404
	587	403
	587	402
	587	401
	587	400
	587	399
	587	398
	586	397
	585	397
	584	397
	583	397
	582	397
	581	397
	580	397
	579	397
	578	398
.PEN_UP
.PEN_DOWN
	597	418
	596	417
	596	416
	596	415
	596	413
	596	412
	596	410
	596	408
	596	406
	597	405
	598	403
	599	401
	599	400
	601	398
	603	397
	604	397
	605	397
	606	397
	607	397
	607	398
	608	398
	608	400
	609	402
	609	403
	609	405
	609	406
	609	407
	609	409
	609	410
	609	412
.PEN_UP
.PEN_DOWN
	615	420
	615	419
	615	418
	615	417
	615	415
	615	414
	616	412
	616	411
	616	407
	617	406
	617	405
	617	403
	618	402
	618	401
	618	400
	618	399
	618	398
	618	399
	618	400
	618	401
	618	403
	618	404
	617	405
	617	406
	617	407
	617	408
	618	410
	618	411
	619	412
	620	413
	621	414
	622	414
	623	415
	624	415
	625	415
	626	416
	627	416
	628	416
	629	416
.PEN_UP
.PEN_DOWN
	632	414
	633	414
	634	414
	635	415
	636	415
	637	416
	638	416
	639	417
	640	418
	640	419
	640	420
	639	420
	639	421
	638	421
	636	420
	635	420
	634	419
	633	419
	633	418
	632	417
	631	416
	631	415
	630	414
	630	413
	630	411
	630	408
	630	407
	630	405
	631	404
	632	403
	633	401
	633	400
	635	399
	636	399
	638	398
	639	398
	641	397
.PEN_UP
.PEN_DOWN
	650	403
	651	402
	651	401
	651	400
	650	399
	650	398
	649	397
	649	396
	649	395
	648	393
	648	392
	648	391
	648	390
.PEN_UP
.PEN_DOWN
	663	439
	664	439
	665	439
	665	438
	665	437
	665	436
	665	434
	665	433
	665	432
	665	431
	666	431
	666	430
	666	429
.PEN_UP
.PEN_DOWN
	669	438
	669	437
	669	436
	669	435
	669	434
	669	433
	669	432
	670	431
.PEN_UP
.PEN_DOWN
	691	421
	691	422
	690	422
	689	422
	688	422
	687	422
	686	421
	685	421
	684	420
	684	419
	684	418
	684	417
	684	416
	685	415
	685	414
	686	414
	686	413
	687	412
	688	411
	688	410
	690	409
	691	408
	691	407
	692	406
	692	405
	692	404
	692	403
	692	402
	691	402
	690	402
	690	401
	689	401
	688	401
	687	401
	686	402
	685	402
	684	403
.PEN_UP
.PEN_DOWN
	699	419
	699	420
	700	420
	701	420
	702	420
	703	419
	704	419
	704	418
	704	417
	704	416
	703	415
	702	414
	702	413
	701	413
	701	412
	700	411
	699	410
	699	409
	698	408
	698	407
	698	405
	698	404
	699	403
	700	402
	701	402
	702	402
	703	402
	705	403
	706	404
	706	405
	706	406
	706	407
	706	408
	706	409
	706	410
	705	411
	704	413
	704	414
	703	415
	702	417
.PEN_UP
.PEN_DOWN
	714	421
	714	420
	714	419
	714	418
	714	417
	714	416
	715	415
	715	414
	715	411
	715	410
	715	409
	715	408
	715	407
	716	406
	716	405
	716	404
	717	404
	717	405
	718	405
	718	406
	719	406
	720	407
	721	407
	722	408
	722	409
	723	410
.PEN_UP
.PEN_DOWN
	714	430
	714	431
	715	431
	715	432
	716	432
.PEN_UP
.PEN_DOWN
	731	415
	732	415
	733	415
	733	416
	733	417
	732	418
	731	418
	731	419
	730	419
	729	419
	728	419
	727	419
	725	418
	724	417
	723	416
	722	415
	722	414
	721	413
	721	411
	721	410
	722	409
	723	407
	724	406
	725	406
	726	406
	727	406
	728	406
	728	407
	729	407
	730	408
	731	410
	731	412
	731	413
	732	415
	732	416
	732	417
	733	419
	733	421
	733	423
	733	425
	734	429
	734	430
	734	432
	734	433
	734	434
	734	435
	734	434
	734	433
	734	432
	734	431
	733	429
	733	428
	733	424
	733	422
	733	420
	733	418
	733	416
	733	414
	734	412
	734	410
	735	409
	735	408
	736	407
	737	406
	739	405
	740	405
.PEN_UP
