
.WRITER_ID BeckyHammaker
.STYLE PRINTED
.PEN_DOWN
	142	390
	143	390
	144	390
	144	391
	145	391
	146	391
	146	392
	147	392
	147	393
	148	393
	149	393
	150	393
	151	393
	151	394
	152	394
	153	394
	154	394
	154	393
	155	393
	156	393
	156	392
	156	391
	157	391
	157	390
	157	389
	157	387
	157	386
	156	386
	156	385
	156	384
	156	383
	156	382
	155	381
	155	380
	154	380
	154	378
	153	377
	153	376
	152	375
	152	374
	151	373
	150	372
	150	371
	151	371
	152	371
	152	370
	153	370
	154	370
	155	370
	156	370
	157	370
	159	371
	160	371
	161	371
	162	371
	163	371
	163	372
	164	372
.PEN_UP
.PEN_DOWN
	166	392
	166	393
	167	394
	167	395
	168	395
	168	396
	168	397
	168	398
	169	398
	169	399
	169	400
	169	401
	170	401
	170	402
	171	403
	172	403
	172	402
	173	402
	173	401
	173	400
	174	400
	174	399
	174	398
	174	397
	174	396
.PEN_UP
.PEN_DOWN
	188	397
	188	396
	187	396
	187	395
	186	395
	186	394
	186	393
	186	392
	185	392
	185	391
	185	390
	185	389
	185	388
	185	387
	186	387
	186	386
	186	385
	187	385
	187	384
	187	383
	188	383
	188	382
	188	381
	189	381
	190	380
	191	380
	192	380
	193	380
	194	380
	195	380
	196	380
	197	380
	198	380
	199	381
	200	382
	201	383
	201	384
	201	385
	202	385
	202	386
	202	387
	201	389
	201	390
	201	391
	201	392
	201	393
	200	394
	199	394
	199	395
	198	395
	197	396
	196	396
	195	396
	194	396
	193	397
	192	397
	191	397
	190	397
	189	397
	188	397
	187	397
	186	397
	185	398
	184	398
.PEN_UP
.PEN_DOWN
	214	389
	215	389
	216	389
	217	389
	218	389
	220	389
	221	390
	222	390
.PEN_UP
.PEN_DOWN
	215	384
	216	383
	217	383
	218	383
	219	383
	220	383
	221	383
	221	382
.PEN_UP
.PEN_DOWN
	238	395
	238	394
	239	394
	239	393
	240	392
	240	391
	240	390
	241	390
	241	389
	241	388
	241	387
	241	386
	241	385
	241	384
	241	383
	241	382
	242	381
	242	380
	242	379
	242	378
.PEN_UP
.PEN_DOWN
	252	394
	251	393
	251	392
	251	391
	250	391
	250	390
	250	389
	250	388
	250	387
	250	386
	250	385
	251	385
	251	384
	252	383
	252	382
	253	382
	254	381
	255	381
	256	381
	257	381
	257	382
	258	382
	259	383
	260	384
	261	385
	261	386
	261	387
	262	387
	262	388
	262	389
	262	390
	262	391
	262	392
	261	392
	261	393
	261	394
	260	394
	260	395
	259	395
	259	396
	258	396
	257	397
	256	397
	256	398
	255	398
	254	398
	253	398
	252	398
.PEN_UP
.PEN_DOWN
	263	398
	264	398
	264	399
	265	399
	265	400
	266	400
	266	401
	266	402
	267	402
	267	403
	268	403
	268	404
	269	404
	270	405
	270	404
	270	403
	271	402
	271	401
	271	400
	271	399
	271	398
	271	397
	271	396
	271	395
	272	395
.PEN_UP
.PEN_DOWN
	278	391
	277	391
	277	390
	276	390
	276	389
	276	388
	276	387
	276	386
	275	386
	275	385
	275	384
	276	384
	276	383
	276	382
	277	382
	278	381
	279	381
	280	380
	281	380
	282	380
	283	381
	284	381
	285	382
	286	383
	286	384
	287	385
	287	386
	287	388
	287	389
	286	390
	286	391
	286	392
	286	393
	285	393
	284	394
	283	394
	282	394
	281	394
	280	395
	278	395
.PEN_UP
.PEN_DOWN
	299	385
	300	385
	301	385
	302	385
	303	385
	304	386
	305	386
.PEN_UP
.PEN_DOWN
	299	381
	299	380
	300	380
	301	379
	302	379
	303	379
	304	379
	305	379
	306	379
.PEN_UP
.PEN_DOWN
	318	390
	318	389
	319	389
	319	388
	320	387
	321	386
	322	385
	323	385
	323	384
	324	384
	325	383
	326	382
	327	381
	328	381
	328	380
.PEN_UP
.PEN_DOWN
	324	389
	324	388
	324	387
	323	386
	323	385
	322	384
	322	383
	322	382
	321	382
	321	381
	321	380
	320	379
	320	378
	320	377
	319	377
	319	376
	320	376
.PEN_UP
.PEN_DOWN
	334	396
	335	396
	336	396
	336	397
	337	397
	338	398
	338	399
	339	399
	339	400
	340	400
	340	401
	341	401
	342	401
	342	400
	343	400
	343	399
	343	398
	343	397
	343	396
	343	395
	343	394
	344	393
	345	393
.PEN_UP
.PEN_DOWN
	350	392
	349	392
	349	391
	349	390
	349	389
	349	388
	349	387
	350	386
	350	385
	351	385
	352	385
	353	385
	354	385
	355	385
	356	385
	356	386
	357	386
	357	387
	357	388
	357	389
	357	390
	357	391
	357	392
	356	393
	355	393
	354	393
	353	393
	352	393
.PEN_UP
.PEN_DOWN
	376	379
	377	379
	378	379
	379	379
	380	379
	381	379
	382	379
	383	379
.PEN_UP
.PEN_DOWN
	375	375
	376	374
	377	374
	377	373
	378	373
	379	373
	380	373
	381	373
	382	373
.PEN_UP
.PEN_DOWN
	397	390
	398	390
	399	390
	399	389
	399	388
	399	387
	400	386
	400	385
	400	384
	400	383
	400	382
	400	380
	400	379
	400	378
	400	377
	400	376
	400	375
	400	374
	401	374
	401	373
	401	372
	401	371
	401	370
	402	370
	402	369
	403	369
.PEN_UP
