
.WRITER_ID BeckyHammaker
.STYLE PRINTED
.PEN_DOWN
	115	392
	116	393
	116	394
	115	394
	115	395
	116	395
	116	394
	117	394
	117	393
	117	392
	117	391
	118	390
	118	389
	118	388
	118	386
	118	385
	118	384
	118	383
	118	381
	118	380
	119	379
	119	378
	119	377
	119	376
	119	375
	119	374
	119	373
	120	373
	120	374
.PEN_UP
.PEN_DOWN
	137	383
	137	384
	138	384
	138	385
	138	386
	138	387
	138	388
	138	389
	137	389
	137	390
	136	390
	135	390
	134	390
	134	389
	133	389
	132	388
	132	387
	131	387
	131	386
	131	385
	130	385
	130	384
	130	383
	130	382
	130	381
	130	380
	131	380
	131	379
	132	379
	133	379
	134	379
	135	379
	135	380
	136	380
	136	381
	136	382
	136	383
	136	384
	136	385
	136	386
	137	387
	137	388
	137	389
	138	389
	138	390
	138	389
	138	388
	138	387
	138	386
	138	385
	139	385
	139	384
	140	384
	140	383
	141	382
	142	381
	143	381
	144	381
	144	380
.PEN_UP
.PEN_DOWN
	152	392
	153	392
	154	392
	154	391
	155	391
	156	391
	156	390
	156	389
	156	387
	157	387
	157	386
	157	385
	157	384
	157	383
	157	384
.PEN_UP
.PEN_DOWN
	150	387
	151	387
	152	387
	153	387
	154	387
	156	387
	157	387
	158	387
	159	387
	160	387
	160	388
.PEN_UP
.PEN_DOWN
	161	400
	162	400
	162	399
	163	398
	163	397
	164	396
	164	395
	164	394
	165	394
	165	393
	165	392
	165	391
	166	391
	166	390
	166	389
	166	388
	166	387
	166	386
	166	385
	166	384
	166	385
	166	386
	166	387
	166	388
	167	389
	168	389
	169	389
	169	390
	170	390
	171	390
	172	389
	173	389
	174	389
	174	388
	174	387
	175	387
	175	386
	175	385
	175	384
	174	384
	174	383
	173	382
	172	382
	171	381
	170	381
	169	381
	168	381
	167	381
	167	382
	166	382
.PEN_UP
.PEN_DOWN
	177	401
	178	401
	179	401
	179	400
	180	400
	180	399
	180	398
	181	397
	181	396
	181	395
	181	394
	181	393
	181	392
	181	391
	181	390
	181	388
	182	387
	182	386
	182	385
	182	384
	182	383
	182	382
	182	381
	182	380
	183	379
	184	380
.PEN_UP
.PEN_DOWN
	206	398
	207	398
	208	398
	207	398
	206	397
	205	397
	204	396
	203	395
	202	394
	201	394
	201	393
	200	393
	199	392
	198	392
	198	391
	197	390
	197	389
	198	388
	199	388
	199	387
	200	387
	200	386
	201	385
	201	384
	201	383
	202	383
	202	382
	203	382
	203	381
	204	381
	205	381
	206	381
	207	381
	207	380
.PEN_UP
.PEN_DOWN
	215	390
	216	390
	217	390
	218	390
	219	390
	220	391
	221	391
	222	391
	222	390
.PEN_UP
.PEN_DOWN
	219	384
	220	384
	221	384
	222	384
.PEN_UP
.PEN_DOWN
	236	397
	236	396
	237	396
	237	395
	237	394
	237	393
	237	392
	238	390
	238	389
	238	388
	238	387
	238	386
	238	385
	238	384
	238	383
	238	382
	238	381
	239	380
	239	379
	239	378
	240	379
.PEN_UP
.PEN_DOWN
	255	386
	255	387
	255	388
	255	389
	254	389
	254	390
	253	390
	252	390
	251	390
	250	389
	249	389
	248	388
	247	387
	247	386
	247	385
	247	384
	247	383
	248	383
	248	382
	249	382
	250	382
	251	382
	252	382
	253	382
	253	383
	254	384
	254	385
	255	385
	255	386
	256	386
	256	387
	256	386
	257	386
	257	385
	257	384
	258	384
	258	383
	258	382
	258	381
	258	380
	259	380
	259	381
.PEN_UP
.PEN_DOWN
	264	402
	264	401
	264	400
	264	399
	264	398
	264	397
	264	396
	264	395
	264	394
	265	394
	265	393
	265	392
	265	391
	265	390
	265	389
	265	388
	265	387
	265	386
	265	385
	265	384
	265	383
	266	382
	266	381
	266	380
	266	379
	266	378
	267	378
	267	379
.PEN_UP
.PEN_DOWN
	282	392
	282	391
	282	390
	282	389
	282	388
	282	387
	282	386
	282	385
	283	384
	283	383
	283	382
	284	382
	284	383
.PEN_UP
.PEN_DOWN
	278	388
	279	388
	279	387
	280	387
	281	387
	281	386
	282	386
	284	386
	285	386
	286	386
	287	386
	288	386
	289	386
.PEN_UP
.PEN_DOWN
	293	398
	294	398
	294	397
	294	396
	294	395
	294	394
	294	393
	294	392
	294	391
	294	390
	295	389
	295	387
	295	386
	295	385
	295	384
	295	383
	295	382
	295	381
	295	380
	295	379
	295	378
	295	377
	295	376
.PEN_UP
.PEN_DOWN
	300	396
	300	395
	301	395
	301	394
	301	393
	302	393
	302	392
	302	391
	302	390
	302	389
	302	388
	302	387
	302	386
	302	385
	302	384
	301	383
	301	382
	301	380
	301	379
	301	378
	301	379
	302	379
	302	380
	302	381
	303	381
	303	382
	303	383
	303	384
	304	385
	304	386
	305	386
	306	386
	306	387
	307	387
	308	387
	309	387
	309	386
	310	386
	310	385
	311	385
	311	384
	311	383
	311	382
	311	381
	311	380
	311	379
	310	379
	310	378
	309	378
	308	378
	307	377
	306	377
	305	377
	304	377
	304	378
	304	379
	304	380
.PEN_UP
.PEN_DOWN
	315	398
	316	398
	316	397
	316	396
	316	394
	316	393
	316	392
	316	391
	316	390
	316	389
	316	388
	316	387
	316	386
	316	385
	316	384
	316	383
	316	382
	316	380
	317	379
	317	378
	317	377
	317	376
	317	375
	317	374
	318	374
.PEN_UP
