
.WRITER_ID BeckyHammaker
.STYLE PRINTED
.PEN_DOWN
	107	387
	107	386
	107	385
	107	384
	107	383
	107	382
	107	381
	107	380
	107	379
	107	378
	107	377
	107	376
	107	374
	107	373
	108	372
	108	371
	108	370
	108	369
	108	368
	108	367
	109	367
	108	367
.PEN_UP
.PEN_DOWN
	96	380
	97	380
	98	380
	99	380
	100	380
	101	380
	102	380
	104	380
	105	380
	106	380
	107	380
	108	380
	109	380
	110	379
	111	379
	112	379
	113	379
	113	380
	114	380
.PEN_UP
.PEN_DOWN
	114	391
	114	390
	115	389
	115	388
	116	387
	116	386
	116	385
	117	385
	117	383
	117	382
	118	381
	118	380
	118	379
	118	378
	119	377
	119	376
	120	375
	120	374
	120	373
	120	372
	121	370
	122	369
	122	368
	122	369
	122	370
	122	371
	122	372
	122	373
	122	374
	122	375
	122	376
	123	376
	124	377
	125	377
	126	377
	127	377
	127	376
	128	376
	129	375
	129	374
	129	373
	130	372
	130	371
	130	370
	130	369
	131	369
	131	370
	131	371
.PEN_UP
.PEN_DOWN
	139	374
	139	375
	139	376
	138	376
	137	376
	136	375
	135	375
	135	374
	134	373
	134	372
	134	371
	135	370
	136	370
	137	370
	138	370
	139	370
	140	370
	140	371
	141	371
	141	372
	140	372
	140	373
	140	374
	141	374
	141	373
	142	372
	142	371
	143	370
	143	369
	143	368
	143	367
	143	366
	144	366
	145	366
.PEN_UP
.PEN_DOWN
	146	384
	147	384
	148	383
	148	382
	149	381
	149	380
	149	379
	150	379
	150	378
	150	377
	151	375
	151	374
	152	373
	152	372
	152	371
	152	370
	153	370
	153	369
	154	369
	154	370
.PEN_UP
.PEN_DOWN
	145	376
	146	376
	147	376
	148	376
	149	376
	150	376
	151	376
	152	376
	153	376
	154	376
	156	376
	157	376
.PEN_UP
.PEN_DOWN
	175	387
	175	386
	176	386
	176	385
	176	384
	176	383
	176	382
	177	382
	177	381
	177	380
	177	379
	177	377
	178	377
	178	376
	178	375
	179	374
	179	373
	179	372
	179	371
	180	371
	180	370
	180	369
	180	368
	181	368
.PEN_UP
.PEN_DOWN
	170	377
	171	377
	171	376
	172	376
	173	376
	174	376
	175	376
	176	376
	178	376
	179	376
	180	376
	181	376
	182	376
	183	375
.PEN_UP
.PEN_DOWN
	185	392
	185	391
	185	390
	185	389
	185	388
	185	387
	185	386
	185	385
	186	385
	186	384
	187	383
	187	382
	187	381
	188	380
	188	378
	188	377
	189	376
	189	375
	189	374
	190	373
	190	372
	190	371
	190	370
	190	369
	191	370
	191	371
	191	372
	191	373
	191	374
	192	374
	192	375
	192	376
	193	376
	193	377
	194	377
	195	377
	196	376
	197	376
	197	375
	198	375
	198	374
	198	373
	199	373
	199	372
	199	371
	199	370
	199	369
	200	369
	200	368
	200	369
.PEN_UP
.PEN_DOWN
	205	372
	206	372
	207	373
	208	374
	208	375
	208	376
	208	377
	208	378
	208	379
	207	380
	206	380
	205	380
	205	379
	204	379
	204	378
	203	378
	203	377
	202	376
	202	375
	202	374
	202	373
	203	372
	203	371
	204	371
	205	371
	206	370
	208	370
	209	370
	210	370
	211	370
	212	371
	213	371
.PEN_UP
.PEN_DOWN
	216	376
	216	375
	216	374
	216	373
	217	373
	217	372
	217	371
	217	370
	218	370
	217	370
	217	371
	217	372
	217	373
	217	374
	217	375
	217	376
	217	377
	217	378
	218	378
	218	379
	219	379
	219	380
	220	380
	221	380
.PEN_UP
.PEN_DOWN
	226	375
	227	375
	228	375
	228	376
	229	377
	229	378
	229	379
	229	380
	228	380
	227	379
	226	379
	226	378
	225	378
	225	377
	224	377
	224	376
	224	375
	224	374
	224	373
	225	373
	225	372
	226	372
	227	372
	227	371
	228	371
	230	371
	231	371
	232	371
	233	371
	235	371
	236	371
.PEN_UP
.PEN_DOWN
	259	380
	259	381
	259	380
	259	379
	260	379
	260	378
	261	377
	261	376
	262	375
	263	373
	264	372
	264	371
	265	371
	265	370
	265	371
	266	371
	266	372
	267	373
	268	373
	269	374
	269	375
	270	375
	270	376
	271	376
	271	377
	271	376
	271	375
	272	375
	272	374
	272	373
	273	373
	273	372
	274	372
	275	371
	276	371
	277	371
	278	371
	279	371
	279	372
	280	373
	280	374
	280	375
	280	376
	280	377
	280	378
	280	379
	280	380
	280	381
	280	382
	280	383
	281	384
	282	384
	282	383
.PEN_UP
.PEN_DOWN
	295	376
	295	377
	294	377
	293	377
	291	377
	290	377
	289	376
	288	376
	287	375
	287	374
	287	373
	288	372
	289	372
	290	372
	291	372
	292	372
	293	372
	294	372
	295	372
	295	373
	295	374
	295	375
	295	376
	295	375
	296	375
	297	375
	297	374
	297	373
	298	373
	298	371
	298	370
	299	370
	299	369
	300	369
	300	370
.PEN_UP
.PEN_DOWN
	310	380
	309	379
	308	379
	307	378
	306	378
	305	377
	304	377
	304	376
	304	375
	305	375
	306	375
	307	375
	308	375
	309	375
	310	375
	311	375
	312	375
	313	375
	314	375
	315	375
	316	375
	317	374
	318	373
	318	372
	318	371
	317	371
	317	370
	316	370
	316	369
	315	368
	313	367
	312	367
	311	366
	310	366
	309	366
	308	366
.PEN_UP
.PEN_DOWN
	346	384
	345	384
	344	384
	343	384
	342	383
	341	383
	341	382
	341	381
	342	381
	343	381
	344	381
	346	381
	346	380
	347	380
	348	380
	349	380
	350	380
	351	379
	352	378
	353	377
	354	376
	354	375
	354	374
	354	373
	353	372
	352	371
	351	371
	350	371
	349	371
	348	371
	347	371
	346	372
	345	372
	345	373
	344	373
	344	374
.PEN_UP
.PEN_DOWN
	356	377
	356	376
	355	376
	354	375
	354	374
	354	373
	355	373
	355	372
	356	371
	357	371
	358	371
	359	370
	360	370
	361	370
	362	370
	363	370
	363	371
	363	372
	363	373
	363	374
	363	375
	363	376
	362	377
	362	378
	361	378
	361	379
	360	379
	359	379
	358	379
	358	378
.PEN_UP
.PEN_DOWN
	369	377
	370	377
	370	376
	370	375
	370	374
	371	373
	371	372
	371	371
	371	370
	372	369
	372	368
	373	367
	373	368
	374	369
	374	370
	374	371
	374	372
	374	373
	374	374
	374	375
	374	376
	375	377
	376	377
	377	377
	378	377
	378	376
	379	376
	379	375
	379	374
	380	373
	380	372
	380	371
	380	370
	380	369
	380	368
	381	368
	382	368
	382	369
	382	370
	382	371
	383	372
	383	373
	383	375
	383	376
	384	376
	385	376
	386	376
	387	375
	387	374
	387	373
	387	371
	388	370
	388	369
	388	368
	388	367
	389	367
	389	366
	390	366
	391	366
	391	367
.PEN_UP
.PEN_DOWN
	397	373
	398	372
	399	372
	399	373
	400	373
	401	374
	401	375
	401	376
	401	377
	400	378
	399	378
	399	377
	398	377
	397	377
	397	376
	396	376
	396	375
	396	374
	396	373
	396	372
	397	371
	398	371
	398	370
	399	370
	400	369
	400	368
	401	368
	402	368
	403	368
	404	368
	405	368
	406	368
	407	368
	407	369
.PEN_UP
.PEN_DOWN
	410	384
	410	383
	411	383
	412	383
	412	382
	412	381
	413	381
	413	380
	413	379
	413	378
	413	377
	414	376
	414	374
	414	373
	415	373
	415	372
	416	371
	417	370
	417	369
	418	369
	418	368
	418	369
	418	370
.PEN_UP
.PEN_DOWN
	408	378
	409	378
	409	377
	410	377
	410	376
	411	376
	412	376
	413	376
	414	376
	415	375
	416	375
	417	375
	418	375
.PEN_UP
.PEN_DOWN
	418	390
	419	390
	419	389
	419	388
	420	387
	420	386
	420	385
	421	385
	421	383
	421	382
	421	381
	421	380
	422	380
	422	379
	422	378
	422	377
	422	376
	422	375
	423	374
	423	373
	423	371
	423	370
	424	369
	424	368
	424	369
	424	370
	424	371
	425	371
	425	372
	425	373
	425	374
	425	375
	426	375
	426	376
	427	376
	428	376
	429	376
	430	376
	431	376
	432	375
	433	375
	433	374
	433	373
	433	372
	434	371
	434	370
	434	369
	435	369
	436	369
.PEN_UP
.PEN_DOWN
	439	373
	440	373
	440	372
	440	371
	440	370
	440	369
	440	368
	441	368
.PEN_UP
.PEN_DOWN
	436	382
	437	382
.PEN_UP
.PEN_DOWN
	445	372
	446	371
	446	370
	447	369
	447	368
	447	367
	447	366
	448	366
	448	365
	448	366
	449	367
	449	368
	449	369
	449	370
	449	371
	449	372
	449	373
	450	374
	450	375
	450	376
	451	376
	452	376
	453	376
	454	375
	455	375
	455	374
	456	374
	456	373
	456	372
	457	372
	457	371
	457	370
	457	369
	457	368
	457	367
	458	367
	459	367
	459	368
	459	369
.PEN_UP
.PEN_DOWN
	466	373
	467	373
	467	374
	467	375
	466	375
	465	375
	465	376
	464	376
	463	376
	462	376
	461	376
	460	376
	460	375
	459	375
	459	374
	460	373
	461	372
	461	371
	462	370
	463	370
	464	371
	465	371
	465	372
	465	373
	466	373
	466	374
	466	375
	467	376
	468	376
	468	375
	468	374
	468	373
	468	372
	468	371
	468	370
	468	369
	468	368
	468	367
	468	366
	468	365
	468	364
	469	363
	469	362
	469	361
	469	360
	469	358
	469	357
	469	356
	469	355
	469	354
	468	354
	467	354
	465	354
	464	354
	463	354
	462	354
	461	354
	460	354
	459	354
	458	354
	457	354
.PEN_UP
.PEN_DOWN
	481	371
	482	371
	483	371
	483	370
	483	369
	484	368
	484	367
	484	365
	484	364
	484	363
	484	362
	484	361
	484	360
	484	359
.PEN_UP
.PEN_DOWN
	499	383
	498	383
	497	382
	496	382
	496	381
	495	381
	494	380
	493	380
	493	379
	492	379
	492	378
	491	377
	491	376
	492	376
	493	376
	494	376
	495	376
	496	376
	497	376
	498	376
	499	376
	500	376
	501	376
	502	376
	502	375
	503	375
	503	374
	504	373
	504	372
	505	371
	505	370
	505	369
	505	368
	504	367
	503	367
	503	366
	502	366
	502	365
	501	365
	500	365
	499	365
	498	365
	498	366
	497	366
	497	367
.PEN_UP
.PEN_DOWN
	510	375
	509	374
	509	373
	508	373
	508	372
	508	371
	508	370
	508	369
	509	369
	510	368
	510	367
	511	367
	512	367
	513	366
	514	366
	515	366
	516	366
	517	366
	518	367
	519	368
	519	369
	519	370
	519	371
	518	372
	518	373
	517	374
	516	375
	515	375
	515	376
	514	376
	513	376
	512	376
.PEN_UP
.PEN_DOWN
	524	376
	525	376
	525	375
	525	374
	526	372
	526	371
	526	370
	527	369
	527	368
	528	367
	528	368
	528	369
	528	370
	528	371
	527	371
	527	372
	527	373
	527	374
	527	375
	527	376
	528	376
	528	377
	529	377
	530	377
	531	377
	532	377
	533	376
	533	375
	534	375
	534	374
	534	373
	534	372
	534	371
	534	370
	535	370
	535	371
	535	372
	535	373
	535	374
	536	374
	536	375
	536	376
	536	377
	536	378
	537	378
	538	378
	538	379
	539	379
	539	378
	540	378
	540	377
	541	376
	541	375
	541	374
	541	373
	541	372
	541	371
	541	370
	542	370
	542	369
.PEN_UP
.PEN_DOWN
	549	374
	550	374
	551	374
	552	374
	552	375
	553	375
	553	376
	553	377
	552	378
	551	378
	550	378
	549	378
	548	378
	547	378
	547	377
	546	377
	546	376
	546	375
	546	374
	546	373
	546	372
	547	372
	547	371
	548	370
	549	370
	549	369
	550	369
	551	368
	552	368
	553	368
	554	368
	555	368
	556	368
	557	368
	557	369
.PEN_UP
.PEN_DOWN
	559	378
	560	378
	560	377
	560	376
	561	376
	561	375
	561	374
	562	374
	562	373
	562	372
	563	372
	563	371
	564	370
	564	369
	564	368
	565	368
	565	369
	565	370
	566	370
	566	371
	566	372
	567	372
	567	373
	568	373
	568	374
	569	374
	569	373
	570	372
	570	371
	571	370
	571	369
	572	369
	573	368
	574	368
	575	368
	576	368
	576	369
	576	370
	577	371
	577	372
	577	373
	577	374
	577	376
	577	377
	577	378
	577	379
	577	380
.PEN_UP
.PEN_DOWN
	577	391
	577	390
	577	389
	578	389
	578	388
	579	388
	579	387
	579	386
	580	384
	580	383
	580	382
	580	381
	580	380
	581	379
	581	378
	581	377
	582	376
	582	375
	583	373
	583	372
	583	371
	584	371
	584	372
	584	373
	585	374
	585	375
	585	376
	586	376
	586	377
	587	377
	588	377
	589	377
	589	376
	590	376
	590	375
	590	374
	591	373
	591	372
	591	371
	591	370
	591	369
	591	368
	592	368
	592	369
	592	370
.PEN_UP
.PEN_DOWN
	599	372
	600	372
	600	373
	600	374
	600	375
	600	376
	600	377
	599	377
	599	378
	598	378
	597	378
	597	377
	596	377
	596	376
	595	376
	595	375
	595	374
	595	373
	595	372
	596	372
	596	371
	597	370
	598	370
	598	369
	599	369
	599	368
	600	368
	601	368
	602	368
	603	368
	604	368
	604	369
.PEN_UP
.PEN_DOWN
	608	375
	608	374
	608	373
	609	372
	609	371
	609	370
	610	369
	610	368
	610	367
	611	367
	611	368
	611	369
	611	370
	610	371
	610	372
	610	373
	610	374
	610	375
	610	376
	611	376
	611	377
	612	377
	613	377
	614	377
	615	377
	616	377
	617	377
	617	376
.PEN_UP
.PEN_DOWN
	620	371
	621	371
	622	371
	623	371
	624	371
	625	371
	625	372
	626	373
	626	374
	626	375
	626	376
	625	376
	624	376
	623	376
	622	376
	622	375
	621	375
	620	374
	620	373
	620	372
	620	371
	620	370
	621	370
	621	369
	622	369
	622	368
	623	368
	624	368
	626	367
	627	367
	628	367
	629	367
	630	367
.PEN_UP
.PEN_DOWN
	638	369
	638	368
	638	367
	638	366
	638	365
	638	364
	638	363
	638	362
	638	361
	638	360
	637	359
	637	358
.PEN_UP
