
.WRITER_ID BeckyHammaker
.STYLE PRINTED
.PEN_DOWN
	98	369
	99	369
	100	369
	100	370
	100	371
	100	372
	101	373
	101	374
	102	374
	102	375
	102	376
	102	377
	102	378
	103	378
	103	379
	103	380
	104	381
	104	382
	104	383
	104	384
	104	385
	105	385
	105	386
	105	387
	106	387
	106	386
	106	385
	107	385
	107	384
	107	383
	108	383
	108	382
	108	381
	109	381
	109	380
	109	379
	110	378
	110	377
	110	376
	110	375
	111	375
	111	374
	111	373
	112	372
	112	371
	113	371
	114	371
	114	372
.PEN_UP
.PEN_DOWN
	102	377
	103	377
	104	377
	105	376
	106	376
	107	377
	108	377
	109	377
	110	377
.PEN_UP
.PEN_DOWN
	146	387
	145	387
	144	387
	143	387
	142	387
	141	387
	140	387
	140	386
	139	386
	139	385
	139	384
	138	384
	138	383
	138	382
	138	381
	138	380
	138	379
	138	378
	139	377
	139	376
	140	376
	140	375
	141	375
	141	374
	142	374
	142	373
	143	373
	144	373
	145	373
	146	373
	147	373
	148	373
	149	373
	150	374
	151	374
	151	375
	151	376
	152	376
	152	377
	152	378
	152	379
	152	380
	152	381
	151	382
	151	383
	151	384
	151	385
	150	385
	150	386
	150	387
	149	387
	148	387
	148	388
	147	388
	146	388
	145	388
	144	388
	144	387
.PEN_UP
.PEN_DOWN
	149	378
	149	377
	150	377
	150	378
	150	377
	150	378
	150	377
	151	376
	151	375
	152	375
	153	374
	154	373
	155	372
.PEN_UP
.PEN_DOWN
	168	385
	168	384
	168	383
	168	382
	168	381
	168	380
	167	380
	167	379
	167	378
	167	377
	167	376
	168	376
	168	375
	168	374
	169	374
	170	373
	171	373
	172	373
	172	372
	173	372
	174	372
	175	372
	175	373
	176	373
	177	373
	177	374
	178	374
	178	375
	178	376
	178	377
	179	377
	179	378
	179	379
	179	380
	179	381
	178	381
	178	382
	178	383
	178	384
	178	385
.PEN_UP
.PEN_DOWN
	190	384
	190	383
	190	382
	190	381
	190	380
	190	379
	190	378
	191	377
	191	376
	191	375
	191	374
	191	373
	191	372
	192	372
.PEN_UP
.PEN_DOWN
	208	382
	208	383
	207	383
	206	383
	205	383
	204	382
	203	381
	203	380
	202	380
	202	379
	202	378
	202	377
	202	376
	202	375
	202	374
	203	374
	203	373
	204	373
	205	372
	206	372
	207	372
	207	371
	208	371
	209	371
	210	371
	211	371
	212	372
.PEN_UP
.PEN_DOWN
	217	385
	218	385
	218	384
	218	383
	218	382
	218	381
	218	380
	218	379
	218	378
	218	377
	219	376
	219	375
	219	374
	220	373
	220	372
	220	371
	220	370
	221	370
.PEN_UP
.PEN_DOWN
	225	385
	225	384
	225	383
	224	383
	224	382
	224	381
	223	381
	223	380
	222	379
	222	378
	221	378
	220	377
	219	376
	219	375
	220	375
	220	376
	221	376
	222	376
	223	376
	224	376
	224	375
	225	375
	225	374
	226	374
	226	373
	227	373
	227	372
	228	372
	228	371
	229	371
	229	370
.PEN_UP
.PEN_DOWN
	259	383
	260	383
	260	382
	260	381
	260	380
	260	379
	260	378
	260	377
	260	376
	260	375
	260	374
	260	373
	260	372
	261	372
	261	371
	261	370
	261	369
	261	368
	262	368
	262	369
.PEN_UP
.PEN_DOWN
	254	380
	255	380
	255	381
	255	382
	256	382
	256	383
	257	383
	257	384
	258	384
	259	384
	259	385
	260	385
	261	385
	261	386
	262	386
	263	386
	264	386
	264	385
	265	385
	266	384
	267	383
	267	382
	267	381
	267	380
	267	379
	267	378
	266	378
	266	377
	265	377
	264	376
	263	376
	262	375
	261	375
	260	374
	259	374
	258	374
	259	374
	259	375
	260	375
	261	375
	262	375
	263	375
	264	375
	264	374
	265	374
	266	374
	267	373
	268	373
	269	372
	270	372
	270	371
	271	371
	271	370
	271	369
	271	368
	270	368
	270	367
	269	367
	269	366
	268	366
	267	366
	267	365
	266	365
	265	366
	264	366
	264	367
	263	367
	263	368
	262	368
.PEN_UP
.PEN_DOWN
	282	368
	282	369
	282	370
	282	371
	281	371
	281	372
	281	373
	281	374
	281	375
	280	376
	280	377
	280	378
	280	379
	280	380
	280	381
	280	382
	280	383
	280	384
	281	384
	281	385
	281	386
.PEN_UP
.PEN_DOWN
	275	382
	276	382
	276	383
	277	383
	277	384
	278	384
	279	385
	280	385
	281	385
	282	386
	282	385
	283	385
	284	385
	285	385
	285	384
	286	384
	286	383
	287	383
	287	382
	287	381
	287	380
	287	379
	287	378
	286	377
	286	376
	285	376
	284	376
	284	375
	283	375
	282	375
	283	375
	283	374
	284	374
	285	374
	286	374
	287	373
	288	373
	288	372
	289	372
	290	371
	290	370
	291	370
	291	369
	292	369
	292	368
	292	367
	293	367
	294	367
.PEN_UP
.PEN_DOWN
	300	385
	300	384
	299	384
	298	384
	298	383
	297	383
	297	382
	296	382
	296	381
	295	381
	295	380
	295	379
	295	378
	296	377
	296	376
	296	375
	297	375
	297	374
	298	373
	299	372
	300	371
	301	371
	301	370
	302	370
	303	369
	304	369
	305	369
	306	369
	307	369
	307	370
	308	370
	309	370
	309	371
	310	371
	310	372
	310	373
	311	373
	311	374
	311	375
	310	376
	310	377
	310	378
	309	379
	309	380
	308	380
	308	381
	308	382
	307	382
	307	383
	306	383
	305	383
	304	384
	303	384
	303	385
.PEN_UP
.PEN_DOWN
	314	384
	314	383
	315	382
	316	381
	316	380
	317	379
	317	378
	317	377
	318	377
	318	376
	318	375
	319	374
	319	373
	320	372
	320	371
	320	370
	321	370
	322	371
	322	372
	322	373
	323	373
	323	374
	324	374
	324	375
	325	376
	325	377
	326	377
	326	378
	327	378
	328	378
	328	377
	328	376
	329	376
	329	375
	329	374
	330	374
	330	373
	331	373
	331	372
	332	372
	332	371
	333	371
	334	371
	335	371
	335	370
	336	370
	336	371
	337	371
	338	371
	338	372
	339	372
	339	373
	339	374
	340	375
	340	376
	340	377
	340	378
	340	379
	340	380
	339	381
	339	382
	339	383
	339	384
	339	385
	339	386
.PEN_UP
.PEN_DOWN
	351	370
	351	371
	351	372
	351	373
	351	374
	351	375
	351	376
	351	377
	351	378
	351	379
	351	380
	351	381
	351	382
	351	383
	351	384
.PEN_UP
.PEN_DOWN
	352	384
	352	383
	353	382
	353	381
	353	380
	354	380
	354	379
	354	378
	354	377
	355	377
	355	376
	356	375
	356	374
	357	374
	357	373
	357	372
	358	371
	358	370
	359	370
	359	369
	360	369
	361	369
	362	369
	362	370
	362	371
	362	372
	362	373
	362	374
	362	375
	362	376
	362	377
	362	378
	362	379
	362	381
	361	382
	361	383
	361	384
	361	385
	361	386
	361	387
	362	387
.PEN_UP
.PEN_DOWN
	393	387
	394	387
	394	386
	394	385
	394	384
	394	383
	394	382
	394	381
	394	380
	394	379
	394	378
	394	377
	394	376
	394	375
	394	374
	394	373
	394	372
	394	371
	394	370
	395	370
.PEN_UP
.PEN_DOWN
	393	389
	394	388
	395	388
	396	388
	396	387
	397	387
	398	387
	399	387
	400	388
	401	388
	402	388
	403	388
	404	388
	404	389
	405	389
	406	389
	407	389
	407	388
.PEN_UP
.PEN_DOWN
	395	380
	395	379
	396	379
	396	378
	397	378
	398	378
	399	378
	399	377
	400	377
	401	377
	402	377
.PEN_UP
.PEN_DOWN
	420	385
	419	385
	418	385
	418	384
	417	384
	417	383
	416	383
	416	382
	416	381
	415	381
	415	380
	415	379
	415	378
	415	377
	415	376
	415	375
	415	374
	416	373
	416	372
	417	372
	418	372
	419	371
	420	371
	421	370
	422	370
	423	370
	424	371
	425	371
	425	372
	426	372
	426	373
	427	374
	427	375
	427	376
	427	377
	427	378
	427	379
	427	380
	426	381
	426	382
	425	382
	425	383
	425	384
	424	384
	424	385
	423	385
	422	386
	421	387
	420	387
	419	387
.PEN_UP
.PEN_DOWN
	429	384
	430	383
	431	382
	432	381
	432	380
	433	380
	433	379
	434	378
	435	378
	435	377
	436	377
	436	376
	437	375
	438	375
	438	374
	439	374
	439	373
	440	373
.PEN_UP
.PEN_DOWN
	439	387
	438	387
	438	386
	437	385
	437	384
	436	383
	436	381
	435	380
	435	379
	435	378
	434	378
	434	377
	433	376
	433	375
	433	374
	432	374
	432	373
	432	372
.PEN_UP
.PEN_DOWN
	471	385
	472	385
	472	384
	472	383
	472	382
	472	381
	472	379
	472	378
	472	377
	473	376
	473	375
	473	374
	473	373
	473	372
	472	372
	472	371
	471	371
	470	371
	469	371
	469	372
	468	372
	467	372
	467	373
	466	373
	466	374
.PEN_UP
.PEN_DOWN
	461	387
	462	387
	463	387
	463	386
	464	386
	465	386
	466	386
	467	386
	468	386
	469	386
	470	387
	471	387
	472	387
	473	387
	474	387
	475	387
	475	388
	476	388
	477	388
	478	388
	479	388
	480	388
.PEN_UP
.PEN_DOWN
	486	387
	486	386
	486	385
	486	384
	486	383
	486	382
	486	381
	485	380
	485	379
	485	378
	485	377
	485	376
	485	375
	485	374
	486	374
	486	373
	487	373
	487	372
	488	372
	489	372
	490	372
	491	372
	492	372
	493	372
	494	372
	494	373
	495	373
	495	374
	496	374
	496	375
	496	376
	496	377
	496	378
	497	379
	497	380
	497	381
	497	382
	497	383
	497	384
	497	385
	497	386
	497	387
	498	387
.PEN_UP
.PEN_DOWN
	509	368
	509	367
	510	367
	511	367
	511	368
	510	368
	510	369
	510	370
	511	371
	511	372
	511	373
	511	374
	512	374
	512	376
	512	377
	512	378
	512	379
	512	380
	512	381
	513	381
	513	382
	513	383
	514	383
	514	382
	514	381
	514	380
	514	379
	514	378
	515	378
	515	377
	515	376
	515	375
	516	375
	516	374
	517	374
	517	375
	518	375
	518	376
	519	376
	519	377
	520	377
	520	378
	521	378
	521	379
	522	380
	523	381
	523	382
	524	382
	524	383
	525	383
	525	384
	526	384
	526	383
	526	382
	526	381
	526	380
	526	379
	527	378
	527	377
	527	376
	527	375
	527	374
	527	373
	527	372
	527	371
	528	371
	528	370
	529	370
	529	371
	530	371
	530	372
.PEN_UP
.PEN_DOWN
	538	384
	539	384
	539	383
	539	382
	539	381
	539	380
	539	379
	539	378
	539	377
	539	376
	540	375
	540	374
	540	373
	540	372
	540	370
	541	369
	541	368
	542	368
.PEN_UP
.PEN_DOWN
	539	386
	539	385
	540	386
	541	386
	542	386
	543	386
	544	386
	545	386
	546	386
	547	386
	548	386
	548	385
	549	385
	549	384
	549	383
	549	382
	548	381
	548	380
	547	379
	546	379
	545	378
	544	378
	543	378
	542	378
	541	378
	541	379
	540	379
.PEN_UP
.PEN_DOWN
	566	383
	565	383
	564	383
	563	383
	562	383
	561	383
	560	383
	559	383
	558	383
	557	382
	556	382
	555	381
	554	380
	554	379
	555	379
	555	378
	556	378
	557	378
	558	378
	559	378
	560	378
	561	378
	562	378
	563	378
	564	378
	564	377
	565	377
	566	377
	567	377
	568	376
	568	375
	568	374
	568	373
	568	372
	567	372
	567	371
	566	371
	565	371
	565	370
	564	370
	563	369
	562	369
	561	369
	560	369
	560	370
	559	370
	559	371
.PEN_UP
