
.WRITER_ID ArloReeves
.STYLE PRINTED
.PEN_DOWN
	113	402
	113	403
	113	404
	113	405
	113	406
	113	407
	112	407
	112	408
	111	408
	110	408
	109	408
	108	407
	107	406
	105	405
	105	403
	104	402
	103	401
	103	400
	103	398
	103	397
	103	396
	103	395
	103	394
	103	393
	104	393
	104	392
	105	392
	106	392
	107	392
	108	393
	109	393
	109	394
	110	394
	110	395
	111	397
	111	398
	111	399
	112	400
	112	401
	112	402
	112	403
	113	404
	113	405
	113	406
	114	406
	114	405
	114	404
	114	403
	114	402
	114	401
	114	400
	114	399
	114	398
	115	397
	115	396
	115	395
	115	394
	115	392
	115	391
	115	389
	115	388
	116	386
	116	382
	116	380
	116	378
	116	376
	116	374
	116	373
	116	372
	115	370
	115	369
	114	368
	113	367
	112	367
	110	367
	109	367
	108	368
	107	369
	107	370
	106	371
	106	373
	106	374
	106	376
	106	378
	107	382
.PEN_UP
.PEN_DOWN
	129	406
	128	406
	127	406
	126	405
	125	405
	125	404
	124	403
	123	401
	123	400
	122	399
	122	397
	122	395
	122	394
	122	393
	123	392
	124	392
	125	391
	126	391
	127	391
	128	391
	130	391
	131	392
	132	393
	133	394
	134	395
	134	397
	134	398
	134	399
	134	401
	133	402
	133	403
	133	405
	132	406
	131	407
	130	408
.PEN_UP
.PEN_DOWN
	145	410
	144	410
	143	409
	143	408
	142	407
	141	406
	140	403
	139	402
	139	401
	139	399
	139	398
	139	397
	139	396
	139	395
	140	394
	141	394
	142	393
	143	393
	144	393
	145	394
	146	394
	147	394
	147	395
	148	396
	148	397
	149	398
	149	399
	149	400
	149	401
	148	404
	148	405
	147	406
	146	407
	145	407
	144	408
.PEN_UP
.PEN_DOWN
	163	408
	164	409
	165	410
	165	411
	165	412
	164	413
	163	413
	162	413
	161	413
	160	412
	158	410
	158	409
	157	408
	157	406
	156	406
	156	404
	156	403
	156	402
	156	401
	156	400
	156	399
	157	398
	158	397
	159	397
	160	397
	161	397
	161	398
	162	398
	162	399
	163	400
	163	401
	164	403
	164	405
	165	407
	165	409
	165	411
	166	413
	166	416
	166	418
	167	420
	167	421
	167	422
	167	423
	167	424
	167	425
	167	426
	167	425
	167	424
	167	423
	166	422
	166	420
	166	419
	166	417
	166	415
	166	413
	166	411
	166	409
	166	407
	167	405
	167	403
	168	402
	169	402
	170	401
	171	401
	172	401
	173	401
	174	401
.PEN_UP
.PEN_DOWN
	196	412
	197	412
	198	412
	198	413
	198	414
	199	415
	200	415
	200	414
	200	413
	200	411
	200	410
	200	408
	199	407
	199	406
	199	405
	199	404
	200	403
	200	402
	200	401
	201	401
	202	401
	203	401
	204	401
	205	402
	206	403
	206	404
	207	405
	207	406
	208	406
	208	407
	208	410
	208	411
	208	412
	208	413
	208	414
	209	415
	209	416
	209	415
	209	414
	209	413
	209	412
	209	409
	209	407
	209	406
	209	403
	209	401
	209	399
	209	397
	210	396
	210	394
	210	392
	210	391
	210	389
	210	388
	210	387
	210	386
	209	385
	209	384
	208	383
	207	382
	206	382
	205	382
	203	382
	202	382
	201	383
	201	385
.PEN_UP
.PEN_DOWN
	221	415
	221	414
	220	414
	220	413
	219	412
	219	411
	218	410
	218	408
	218	407
	218	406
	218	405
	219	404
	220	403
	221	403
	222	403
	223	403
	223	404
	224	404
	224	405
	224	406
	224	408
	224	409
	224	410
	224	411
	224	412
	223	414
	223	415
	223	416
	223	417
	222	417
	222	418
.PEN_UP
.PEN_DOWN
	230	418
	231	418
	231	419
	232	419
	233	419
	234	419
	234	418
	234	417
	234	416
	234	415
	233	414
	233	413
	233	412
	233	411
	233	409
	233	408
	233	407
	233	406
	233	405
	234	405
	234	404
	235	404
	235	405
	236	405
	236	406
	236	407
	237	407
	237	408
	238	410
	238	411
	239	412
	240	415
	240	416
	241	417
	242	418
	242	419
	242	418
	242	417
	242	416
	242	415
	242	414
	242	412
	242	410
	242	409
	242	408
	243	407
	243	406
	244	405
	244	404
	245	404
	246	403
.PEN_UP
.PEN_DOWN
	273	419
	272	419
	271	419
	270	418
	268	416
	267	415
	266	413
	266	412
	266	411
	266	410
	266	409
	266	408
	267	407
	268	407
	269	407
	270	407
	271	408
	272	409
	272	410
	273	410
	273	411
	273	412
	274	414
	274	415
	274	416
	274	417
	275	418
	275	419
	275	420
	276	420
	276	419
	276	418
	276	417
	276	416
	276	414
	276	412
	276	410
	276	409
	276	407
	276	405
	276	403
	276	402
	276	400
	276	398
	276	397
	276	394
	275	393
	275	392
	274	391
	274	390
	274	389
	273	388
	272	388
	272	387
	271	387
	270	387
	269	387
	268	387
	268	388
	267	388
	267	389
	267	390
.PEN_UP
.PEN_DOWN
	288	420
	288	421
	288	420
	287	420
	286	419
	285	418
	284	416
	283	415
	283	414
	283	413
	283	412
	283	410
	283	409
	284	408
	285	407
	286	407
	287	407
	288	407
	289	407
	290	408
	290	409
	290	410
	290	412
	290	413
	290	414
	290	417
	290	418
	290	419
	289	420
	289	421
.PEN_UP
.PEN_DOWN
	296	419
	296	418
	296	417
	296	416
	296	415
	296	414
	296	413
	296	412
	296	411
	296	410
	296	409
	296	408
	296	407
	296	406
	296	405
	297	405
	297	406
	298	406
	299	406
	300	407
	301	407
	301	408
	302	408
	303	409
.PEN_UP
.PEN_DOWN
	296	427
	296	428
.PEN_UP
.PEN_DOWN
	309	421
	309	420
	309	419
	309	418
	309	416
	309	415
	309	414
	310	413
	310	412
	310	411
	310	410
	311	409
	311	408
	311	407
	311	406
	311	407
	312	407
	312	408
	312	409
	312	410
	312	411
	312	412
	313	412
	313	413
	314	414
	314	415
	316	416
	317	417
	318	418
	319	418
	320	419
	321	419
	322	419
	323	419
	323	418
	323	417
	323	416
	323	415
	322	413
	322	412
	322	411
	322	410
	322	409
	322	408
	322	407
	323	407
	323	406
	324	406
.PEN_UP
.PEN_DOWN
	335	421
	334	421
	333	420
	332	420
	332	419
	331	419
	330	418
	329	417
	329	416
	329	415
	329	414
	330	413
	330	412
	331	412
	332	412
	333	412
	334	413
	334	414
	335	415
	335	416
	336	416
	336	417
	336	418
	336	419
	336	418
	336	417
	336	415
	336	414
	336	413
	336	412
	336	410
	336	409
	336	407
	336	405
	337	403
	337	401
	337	400
	337	397
	337	394
	337	392
	337	391
	337	389
	337	388
	336	387
	336	386
	336	385
	335	385
	334	385
	333	386
.PEN_UP
.PEN_DOWN
	379	419
	380	419
	380	420
	380	421
	379	421
	378	421
	377	420
	376	420
	375	419
	374	419
	373	418
	373	417
	372	416
	372	414
	372	413
	373	412
	373	411
	374	411
	375	410
	376	410
	377	410
	378	410
	379	410
	380	410
	381	410
	383	411
	383	412
	383	413
	384	414
	384	415
	384	417
	384	418
	384	419
	384	420
	383	421
	383	423
	383	424
.PEN_UP
.PEN_DOWN
	391	424
	391	423
	391	422
	391	421
	391	420
	391	419
	391	418
	391	416
	391	415
	390	413
	390	412
	390	411
	390	410
	390	409
	390	410
	390	411
	391	411
	391	412
	391	413
	391	414
	392	415
	392	416
	393	417
	394	418
	395	419
	396	420
	396	421
	397	421
	397	422
	398	422
	399	422
	400	422
	400	421
	400	420
	400	419
	400	418
	400	417
	400	416
	400	415
	401	414
	401	413
	402	412
	402	411
	403	411
	405	410
.PEN_UP
.PEN_DOWN
	426	425
	426	424
	426	423
	425	422
	425	421
	425	419
	425	418
	425	416
	425	414
	424	410
	424	408
	424	406
	424	404
	424	402
	424	401
	424	400
	424	399
	424	398
	424	397
	424	396
	424	397
.PEN_UP
.PEN_DOWN
	425	427
	425	428
	425	429
	426	429
	427	429
	428	429
	429	429
	430	429
	431	428
	432	428
	433	427
	434	426
	434	424
	434	422
	434	421
	434	419
	434	418
	434	417
	433	416
	432	415
	431	414
	430	413
	429	412
	427	412
	426	412
	425	412
.PEN_UP
.PEN_DOWN
	441	427
	441	426
	441	424
	441	423
	441	422
	441	420
	441	419
	441	418
	441	417
	441	416
	441	415
	441	414
	441	413
	441	411
	441	410
	441	409
	441	410
	441	411
	441	412
	441	413
	442	415
	442	416
	442	417
	442	418
	443	419
	443	420
	443	421
	444	421
	446	423
	446	424
	447	424
	448	425
	449	425
	450	425
	451	426
	452	426
	453	426
	454	427
	455	427
.PEN_UP
.PEN_DOWN
	457	421
	458	421
	458	422
	459	422
	459	423
	460	423
	461	423
	461	424
	462	424
	463	424
	464	425
	465	425
	465	426
	465	427
	464	427
	463	427
	462	427
	461	427
	460	427
	459	426
	458	426
	457	425
	457	424
	456	424
	455	423
	455	422
	455	421
	455	420
	455	419
	455	418
	455	417
	457	416
	457	415
	458	415
	458	414
	459	414
	460	413
	461	412
	462	412
	463	412
.PEN_UP
.PEN_DOWN
	477	428
	477	429
	476	429
	475	429
	474	429
	473	429
	472	428
	471	428
	471	427
	471	426
	471	425
	472	424
	473	424
	473	423
	474	422
	475	422
	475	421
	476	420
	476	419
	477	418
	477	417
	477	416
	477	415
	477	414
	476	414
	475	413
	474	413
	473	413
	472	413
	471	413
	470	413
	469	413
	468	413
	468	414
.PEN_UP
.PEN_DOWN
	486	429
	485	428
	484	428
	483	427
	483	426
	484	425
	485	424
	486	424
	486	423
	487	422
	488	422
	489	420
	490	419
	490	418
	491	417
	491	416
	491	415
	491	414
	490	413
	489	413
	488	413
	487	413
	485	414
	484	414
	483	414
	482	415
	481	415
	481	416
	481	417
.PEN_UP
.PEN_DOWN
	499	429
	500	429
	500	428
	500	427
	499	426
	499	425
	499	424
	499	423
	498	422
	498	421
	498	420
	498	419
	498	418
	498	417
	498	416
	499	416
	500	416
	500	417
	501	417
	502	418
	503	419
	504	419
.PEN_UP
.PEN_DOWN
	498	439
	498	440
	498	441
.PEN_UP
.PEN_DOWN
	509	432
	509	431
	509	430
	509	429
	509	428
	509	427
	509	426
	509	425
	509	424
	509	423
	509	422
	509	421
	509	420
	509	419
	509	418
	510	418
	510	417
	511	418
	511	419
	512	420
	512	421
	513	422
	513	423
	513	424
	514	424
	514	425
	514	426
	515	427
	515	428
	516	428
	516	429
	518	429
	519	429
	520	429
	520	428
	520	427
	520	426
	520	425
	520	424
	520	423
	520	422
	520	421
	520	420
	520	419
	520	418
	520	417
	521	416
	521	415
.PEN_UP
.PEN_DOWN
	534	428
	534	429
	533	429
	532	429
	531	429
	531	428
	530	428
	529	428
	528	426
	528	425
	528	424
	528	423
	528	422
	529	422
	530	422
	531	422
	531	423
	532	423
	532	424
	533	425
	533	426
	534	427
	535	428
	534	427
	534	426
	534	425
	534	424
	534	423
	534	421
	535	420
	535	419
	535	417
	535	415
	535	414
	535	413
	535	411
	535	410
	535	408
	535	406
	535	405
	535	403
	535	402
	535	399
	535	398
	535	397
	535	396
	535	395
	534	394
	534	393
	533	393
	533	392
	532	392
	531	393
	530	393
	530	394
	529	394
	528	395
	527	395
	527	396
	526	396
	525	397
	524	397
	524	398
.PEN_UP
