
.WRITER_ID BeckyHammaker
.STYLE PRINTED
.PEN_DOWN
	152	386
	152	385
	151	386
	150	387
	149	387
	148	387
	148	386
	147	386
	147	385
	146	385
	146	384
	146	383
	145	383
	145	382
	145	381
	145	380
	145	379
	145	378
	145	377
	146	377
	147	377
	147	376
	148	376
	149	376
	150	376
	151	376
	151	377
	152	377
	152	378
	152	379
	153	379
	153	380
	153	381
	153	382
	153	383
	153	384
	153	385
	153	386
	153	385
	154	384
	154	383
	154	382
	154	381
	154	380
	155	379
	155	377
	156	376
	156	375
	156	374
	157	373
	157	372
	157	371
	157	372
.PEN_UP
.PEN_DOWN
	163	392
	163	391
	162	391
	162	390
	162	389
	161	388
	161	387
	161	386
	162	386
	162	385
	163	385
	164	385
	165	385
	166	385
	166	386
	167	386
	167	387
	168	387
	168	388
	168	389
	168	390
	168	391
	168	392
	167	392
	167	393
	166	393
	165	393
	164	393
	163	392
	162	392
	162	391
	161	391
.PEN_UP
.PEN_DOWN
	165	384
	165	383
	165	382
	164	382
	164	381
	164	380
	163	380
	163	379
	163	378
	164	378
	164	377
	164	376
	165	376
	166	375
	167	375
	168	375
	168	374
	169	374
	170	374
	171	374
	172	374
	173	374
	174	374
	174	375
	175	375
	175	376
	176	376
	177	377
	177	378
	177	379
	177	380
	177	381
	177	382
	177	383
	177	384
	177	385
	176	385
	176	386
	175	386
	174	386
	173	386
	172	386
	171	386
	170	386
	169	385
	168	385
	168	386
	167	386
	168	386
.PEN_UP
.PEN_DOWN
	181	391
	182	391
	183	391
	184	391
	184	392
	185	392
	186	392
	187	392
	188	392
	189	392
	190	392
	191	392
	192	392
	193	392
	194	392
	195	393
	196	393
	196	392
	196	391
	196	390
	196	389
	196	388
	196	386
	196	385
	197	384
	197	383
	197	382
	197	381
	197	380
	197	379
	197	378
	197	377
	198	377
	198	378
.PEN_UP
.PEN_DOWN
	207	395
	207	394
	207	393
	206	392
	206	391
	206	390
	206	389
	206	388
	206	387
	205	387
	205	386
	205	385
	205	384
	206	383
	206	382
	207	381
	207	380
	208	380
	208	379
	209	379
	209	378
	210	378
	211	378
	212	378
	213	379
	214	379
	214	380
	215	380
	215	381
	215	382
	215	383
	215	384
	215	385
	214	386
	213	386
	212	387
	211	387
	210	387
	209	387
	209	386
	208	386
	207	386
	207	385
.PEN_UP
.PEN_DOWN
	222	394
	223	394
	224	394
	225	394
	226	394
	227	395
	229	395
	230	396
	231	396
	232	396
.PEN_UP
.PEN_DOWN
	223	394
	224	394
	224	393
	224	392
	224	391
	224	390
	224	389
	225	389
	225	387
	225	386
	224	386
	224	385
	225	385
	225	386
	225	387
	226	387
	227	387
	227	388
	228	388
	229	388
	230	388
	231	388
	232	387
	233	387
	233	386
	234	385
	235	384
	235	383
	235	382
	236	381
	236	379
	236	378
	235	377
	235	376
	234	375
	233	375
	232	374
	231	374
	230	375
	229	375
	228	375
	228	376
	227	376
	226	377
.PEN_UP
.PEN_DOWN
	270	392
	270	391
	269	391
	269	390
	268	388
	268	387
	268	386
	267	386
	267	385
	267	384
	268	383
	269	382
	270	382
	271	382
	272	382
	273	382
	273	383
	274	383
	275	383
	276	383
	277	383
.PEN_UP
.PEN_DOWN
	276	389
	276	388
	276	387
	277	386
	277	385
	277	384
	277	383
	277	382
	277	381
	277	380
	277	379
	277	378
	277	377
	277	376
	277	375
	277	374
	278	374
	278	375
.PEN_UP
.PEN_DOWN
	282	389
	283	389
	284	389
	285	390
	286	390
	287	390
	288	390
	289	390
	290	390
	291	390
	292	390
	292	389
	292	388
	292	387
	291	386
	290	385
	289	384
	289	383
	290	383
	291	383
	292	383
	293	383
	294	383
	295	382
	296	382
	296	381
	297	381
	297	380
	297	379
	297	378
	296	377
	295	376
	294	375
	293	374
	292	374
	291	374
	290	373
	289	373
	289	374
	289	375
	288	375
	288	376
.PEN_UP
.PEN_DOWN
	302	388
	303	388
	304	388
	305	388
	306	388
	307	388
	308	388
	309	388
	310	388
	310	387
	310	386
	310	385
	309	384
	309	383
	308	382
	307	381
	307	380
	306	380
	306	379
	306	378
	306	377
	306	376
	307	376
	308	376
	309	376
	310	376
	311	376
	312	376
	313	376
	314	376
	315	376
	316	376
	316	377
	316	376
	317	376
	318	376
.PEN_UP
.PEN_DOWN
	323	390
	324	390
	324	389
	325	388
	325	387
	325	386
	325	385
	325	383
	325	382
	325	381
	325	380
	325	379
	326	378
	326	377
	326	376
	326	375
	327	375
	327	374
.PEN_UP
.PEN_DOWN
	338	389
	337	388
	336	387
	336	386
	335	386
	335	385
	335	384
	335	383
	335	381
	335	380
	335	379
	335	378
	335	377
	336	377
	336	376
	337	376
	337	375
	338	375
	339	374
	340	374
	341	374
	342	375
	343	376
	343	377
	344	377
	344	378
	345	379
	345	380
	345	381
	346	382
	346	383
	346	384
	346	385
	346	386
	345	387
	345	388
	344	388
	344	389
	343	389
	342	389
	342	390
	341	390
	340	390
	339	390
	338	390
	337	389
	336	389
	336	388
.PEN_UP
.PEN_DOWN
	406	385
	405	386
	405	387
	404	388
	403	389
	403	390
	403	391
	401	391
	400	391
	399	391
	398	391
	397	390
	396	390
	396	389
	395	389
	395	388
	395	387
	395	386
	395	385
	395	384
	396	384
	396	383
	397	383
	398	383
	399	383
	400	383
	401	384
	402	384
	402	385
	402	386
	403	386
	403	387
	403	388
	404	388
	404	389
	404	390
	405	390
	405	389
	405	388
	405	386
	405	385
	405	384
	405	383
	405	382
	405	381
	405	380
	405	379
	405	378
	405	377
	405	376
	406	377
.PEN_UP
.PEN_DOWN
	412	391
	411	390
	410	389
	410	388
	410	387
	410	386
	410	385
	411	385
	411	384
	412	384
	413	384
	414	384
	415	384
	416	385
	417	385
	417	386
	418	386
	418	387
	418	388
	418	389
	418	390
	417	390
	417	391
	416	391
	415	392
	414	392
	413	392
	412	392
.PEN_UP
.PEN_DOWN
	415	385
	414	385
	414	384
	413	383
	413	382
	412	382
	412	381
	411	380
	411	379
	411	378
	411	377
	411	376
	412	375
	413	374
	414	374
	414	373
	415	373
	416	373
	417	373
	418	374
	419	375
	419	376
	420	376
	420	377
	420	378
	420	379
	420	380
	420	381
	420	382
	419	382
	419	383
	419	384
	418	384
	417	384
	417	385
	416	385
.PEN_UP
.PEN_DOWN
	423	392
	424	391
	425	391
	427	391
	427	390
	428	390
	429	390
	430	390
	431	390
	432	390
	433	390
	434	390
	434	389
	434	388
	434	387
	434	386
	434	385
	434	384
	434	383
	433	382
	433	381
	433	380
	433	379
	433	378
	433	377
	433	376
	433	375
	434	375
	434	376
.PEN_UP
.PEN_DOWN
	443	391
	442	391
	442	390
	442	389
	441	389
	441	388
	441	387
	441	386
	441	385
	441	384
	441	383
	441	382
	441	381
	441	380
	441	379
	441	378
	442	378
	442	377
	443	376
	444	376
	444	375
	445	375
	446	375
	447	375
	448	375
	448	376
	449	376
	450	377
	450	378
	450	379
	450	380
	450	381
	449	381
	448	382
	447	382
	446	382
	445	382
	444	381
	443	381
	442	381
	442	380
.PEN_UP
.PEN_DOWN
	458	389
	459	389
	460	389
	461	389
	462	389
	463	389
	464	389
	465	389
	466	389
	466	390
	467	390
.PEN_UP
.PEN_DOWN
	457	388
	457	387
	457	386
	457	385
	457	384
	457	383
	457	382
	457	381
	457	380
	458	380
	458	379
	458	380
	459	380
	459	381
	460	382
	461	382
	461	383
	462	383
	463	382
	464	382
	465	382
	466	382
	466	381
	467	381
	467	380
	467	379
	468	379
	468	378
	468	377
	468	376
	468	375
	467	375
	467	374
	467	373
	466	373
	465	372
	464	372
	463	371
	462	371
	461	371
	460	371
	459	371
	458	371
.PEN_UP
.PEN_DOWN
	506	387
	506	386
	506	385
	506	384
	505	383
	505	382
	505	381
	505	380
	506	380
	507	379
	508	379
	509	379
	510	379
	511	379
	512	379
	513	379
	514	379
	515	379
	516	379
	517	379
.PEN_UP
.PEN_DOWN
	518	388
	518	387
	518	386
	518	385
	518	384
	518	383
	518	382
	518	381
	518	380
	518	379
	518	378
	518	377
	518	376
	518	375
	518	374
	518	373
	518	372
	518	371
	519	371
.PEN_UP
.PEN_DOWN
	526	389
	527	389
	528	389
	529	389
	530	389
	531	389
	532	389
	533	389
	534	389
	535	389
	536	389
	536	388
	536	387
	536	386
	536	385
	535	385
	534	384
	533	384
	533	383
	532	383
	533	383
	534	384
	535	384
	536	384
	537	384
	537	383
	538	383
	539	382
	540	382
	540	381
	541	380
	542	379
	542	378
	542	377
	542	376
	541	376
	541	375
	541	374
	540	373
	540	372
	539	372
	538	371
	537	371
	536	371
	535	371
	534	371
	532	371
	531	371
	531	372
	531	373
	531	374
	531	375
.PEN_UP
.PEN_DOWN
	546	386
	547	386
	548	386
	549	386
	550	386
	551	386
	552	385
	553	385
	553	384
	554	384
	554	383
	554	382
	554	381
	554	380
	554	379
	553	379
	553	378
	553	377
	552	376
	552	375
	551	375
	551	374
	550	374
	550	373
	550	372
	551	372
	552	372
	553	372
	554	372
	555	372
	555	371
	556	371
	557	371
	558	371
	559	371
	560	371
	561	371
	562	371
.PEN_UP
.PEN_DOWN
	566	385
	566	384
	567	384
	567	383
	567	382
	567	381
	568	381
	568	380
	568	379
	568	377
	568	376
	569	376
	569	375
	569	374
	569	373
	570	372
	570	371
	570	370
.PEN_UP
.PEN_DOWN
	579	385
	579	384
	579	383
	579	382
	578	382
	578	381
	578	380
	578	379
	578	378
	578	377
	578	376
	579	375
	579	374
	579	373
	580	372
	580	371
	581	371
	582	371
	583	371
	584	371
	585	371
	586	371
	587	372
	588	372
	588	373
	589	374
	589	375
	589	376
	590	376
	590	377
	590	378
	590	379
	590	381
	590	382
	590	383
	590	384
	590	385
	589	385
	588	386
	588	387
	586	388
	585	388
	584	388
	583	388
	582	388
	581	388
	580	388
.PEN_UP
