
.WRITER_ID ArloReeves
.STYLE PRINTED
.PEN_DOWN
	110	433
	110	431
	110	429
	109	428
	109	427
	109	425
	109	424
	109	422
	109	420
	109	418
	108	416
	108	414
	108	412
	107	408
	107	406
	107	405
	107	403
	107	402
	107	400
	107	399
	107	398
	107	397
	107	396
	108	396
	108	395
	109	395
	110	396
	111	396
	112	396
	112	397
	113	397
	114	397
	115	397
	116	398
	117	398
	118	399
	119	400
	120	400
.PEN_UP
.PEN_DOWN
	102	412
	102	411
	103	412
	104	412
	105	413
	107	413
	108	414
	109	414
.PEN_UP
.PEN_DOWN
	131	417
	130	418
	130	419
	129	419
	128	419
	127	419
	126	418
	125	416
	124	415
	124	414
	123	413
	122	411
	122	410
	122	408
	122	407
	122	406
	122	404
	123	403
	123	402
	125	401
	126	401
	127	401
	128	401
	129	401
	130	401
	131	402
	131	403
	132	404
	133	405
	133	406
	133	409
	133	410
	133	412
	133	414
	133	415
	132	417
	132	418
	132	419
	131	419
	130	420
.PEN_UP
.PEN_DOWN
	144	419
	144	420
	143	420
	142	420
	141	419
	140	419
	139	418
	138	417
	138	416
	137	415
	136	412
	135	411
	135	410
	135	408
	135	407
	136	406
	136	405
	137	404
	138	403
	139	402
	140	402
	141	402
	143	402
	144	402
	145	403
	146	404
	147	406
	147	407
	147	408
	147	409
	147	410
	147	412
	147	413
	146	416
	146	418
	146	419
	146	420
.PEN_UP
.PEN_DOWN
	159	441
	159	440
	158	439
	158	438
	158	437
	158	435
	158	434
	159	432
	159	430
	159	428
	159	424
	158	422
	158	420
	158	418
	158	416
	158	415
	158	413
	158	411
	158	410
	158	408
	157	407
	157	406
	157	407
	157	408
	157	409
	157	411
	158	412
	159	416
	159	418
	160	419
	160	420
	161	421
	161	422
	162	423
	163	424
	164	424
	165	425
	165	426
	166	426
	168	426
	169	426
	170	425
	170	424
	170	423
	170	422
	169	420
	169	419
	168	419
	167	419
	166	418
	165	418
	165	417
	164	417
	163	417
	163	416
	164	416
	164	415
	165	414
	166	413
	166	412
	167	411
	168	410
	169	409
	170	408
	171	407
	172	407
	173	406
	175	406
.PEN_UP
.PEN_DOWN
	203	419
	202	419
	202	420
	202	421
	203	421
	205	422
	206	422
	207	422
	208	422
	209	422
	210	421
	211	421
	212	421
	212	420
	212	419
	211	418
	211	417
	210	416
	210	415
	209	414
	208	413
	208	412
	207	410
	206	409
	206	408
	205	406
	205	405
	205	404
	205	403
	205	402
	206	401
	207	401
	208	401
	209	401
	210	401
	212	401
	213	402
	214	402
	214	403
	215	404
	215	405
	215	406
	215	408
	215	409
	215	410
	215	412
	214	413
	213	415
	213	416
	212	417
	212	418
.PEN_UP
.PEN_DOWN
	222	438
	222	437
	222	436
	222	435
	222	434
	222	433
	222	432
	223	430
	223	429
	223	425
	223	423
	223	421
	224	419
	224	417
	224	415
	224	414
	224	412
	224	410
	224	409
	224	408
	224	406
	224	405
	224	404
	225	403
	226	404
	227	405
	228	405
	228	406
	229	406
	229	407
	230	407
	231	408
	231	409
	232	410
.PEN_UP
.PEN_DOWN
	233	438
	233	437
	233	436
	233	434
	233	432
	233	431
	233	429
	233	428
	233	426
	234	424
	234	423
	234	421
	234	419
	234	417
	233	415
	233	413
	233	412
	233	411
	233	410
	233	409
	233	408
	234	408
	234	407
	234	406
	235	406
	236	406
	237	406
	238	406
	238	407
	239	407
	240	407
	241	407
	242	408
.PEN_UP
.PEN_DOWN
	267	436
	267	435
	267	434
	267	433
	267	432
	267	431
	267	429
	267	428
	267	426
	267	424
	267	422
	267	421
	267	417
	267	415
	267	414
	267	412
	267	411
	267	410
	267	408
	267	407
	267	406
	268	406
	269	406
	270	407
	271	407
	272	407
	273	408
	274	408
	275	408
	276	408
	277	408
.PEN_UP
.PEN_DOWN
	260	420
	261	420
	261	421
	262	421
	264	421
	266	422
	267	422
	269	423
.PEN_UP
.PEN_DOWN
	280	444
	280	443
	280	442
	280	441
	281	439
	281	438
	281	436
	281	435
	282	433
	282	431
	282	429
	282	427
	282	425
	282	424
	282	420
	282	418
	282	417
	282	415
	282	414
	282	413
	282	412
	282	411
	281	410
	281	411
	281	412
	281	413
	282	414
	282	415
	283	416
	283	417
	284	418
	284	419
	285	420
	285	421
	286	421
	287	422
	288	422
	289	422
	290	422
	290	421
	290	420
	290	419
	290	418
	290	417
	290	416
	290	415
	290	413
	291	412
	291	411
	291	410
	291	409
	291	408
	292	407
	293	406
.PEN_UP
.PEN_DOWN
	304	427
	304	426
	303	426
	303	425
	302	425
	302	424
	301	423
	301	421
	301	420
	301	419
	301	418
	301	417
	302	415
	302	414
	303	413
	303	412
	304	412
	305	411
	306	411
	307	411
	307	412
	308	412
	309	414
	309	415
	309	417
	308	418
	308	419
	307	420
	307	421
	306	422
	305	423
	304	424
	303	424
.PEN_UP
.PEN_DOWN
	317	433
	318	433
	319	433
	320	433
	321	433
	322	433
	321	433
	319	432
	318	432
	317	431
	315	431
	313	429
	312	429
	311	428
	310	427
	310	426
	310	425
	311	425
	312	424
	314	424
	316	424
	317	423
	319	423
	320	422
	321	422
	322	421
	323	420
	324	419
	324	417
	323	416
	322	415
	321	415
	320	415
	319	415
	318	414
	317	414
	316	414
	315	414
	314	414
	314	415
.PEN_UP
.PEN_DOWN
	329	420
	329	421
	330	421
	331	422
	332	422
	333	422
	335	423
	336	423
	337	423
	338	424
	339	424
	339	425
	339	426
	338	426
	338	427
	338	428
	337	428
	336	428
	335	429
	334	429
	333	429
	333	428
	332	428
	331	427
	331	426
	330	426
	330	425
	330	424
	330	422
	330	421
	330	420
	330	419
	330	418
	331	417
	332	415
	333	415
	334	414
	335	413
	336	412
	340	412
	341	412
.PEN_UP
.PEN_DOWN
	372	428
	372	426
	372	425
	372	424
	372	422
	372	420
	372	419
	372	416
	372	414
	372	409
	372	407
	373	405
	373	403
	373	401
	373	400
	373	398
	373	397
	373	396
	373	395
.PEN_UP
.PEN_DOWN
	370	427
	371	428
	372	429
	373	430
	375	431
	376	431
	378	431
	378	430
	379	430
	379	429
	380	428
	380	426
	380	425
	380	424
	380	421
	379	419
	379	418
	378	417
	378	416
	377	415
	376	415
	376	414
	375	414
	374	414
.PEN_UP
.PEN_DOWN
	389	429
	389	428
	389	427
	389	426
	388	426
	388	425
	388	424
	388	423
	388	422
	388	421
	388	420
	389	419
	389	417
	389	416
	389	415
	389	414
	389	413
	389	412
	390	413
	391	414
	392	414
	392	415
	393	415
	394	416
	395	417
	396	417
.PEN_UP
.PEN_DOWN
	390	434
	391	434
	391	435
	391	436
	391	437
.PEN_UP
.PEN_DOWN
	412	429
	411	430
	410	430
	409	430
	408	430
	408	429
	407	429
	406	428
	406	427
	405	426
	405	425
	405	424
	405	422
	406	421
	406	420
	407	419
	407	418
	408	417
	409	416
	411	415
	412	414
	414	414
	415	414
.PEN_UP
.PEN_DOWN
	423	447
	422	446
	422	445
	422	444
	422	443
	422	442
	422	440
	422	439
	422	437
	422	434
	423	433
	423	431
	423	429
	423	428
	423	426
	423	425
	423	424
	423	423
	423	421
	423	420
	423	419
	423	418
	423	417
	423	416
	424	416
	425	416
	425	417
	426	417
	427	417
	427	418
	428	418
	429	418
	429	419
	430	419
	431	419
	432	420
.PEN_UP
.PEN_DOWN
	418	429
	419	429
	419	430
	420	430
	421	431
	424	431
	425	431
	427	432
.PEN_UP
.PEN_DOWN
	437	434
	438	434
	438	435
	439	435
	440	436
	441	436
	442	436
	443	436
	443	435
	443	434
	443	433
	443	432
	442	431
	442	430
	441	429
	441	427
	441	426
	441	425
	441	422
	441	421
	441	420
	441	419
	441	418
	442	418
	443	418
	445	420
	446	422
	446	423
	447	424
	447	425
	448	426
	448	427
	448	428
	448	429
	449	430
	449	431
	449	432
	450	432
	450	431
	450	430
	450	429
	449	429
	449	428
	449	427
	449	426
	450	425
	450	424
	451	424
	451	422
	452	421
	453	420
	454	419
	455	419
	456	418
	457	418
.PEN_UP
.PEN_DOWN
	461	433
	461	431
	461	430
	461	429
	461	428
	461	426
	461	425
	462	424
	462	421
	462	420
	463	419
	463	418
	462	419
	462	420
	462	421
	462	423
	462	424
	462	425
	462	427
	463	428
	463	429
	464	430
	464	431
	465	431
	466	432
	467	433
	468	433
	469	433
	470	434
	471	434
	472	434
	473	435
	474	435
	475	435
.PEN_UP
.PEN_DOWN
	478	429
	479	429
	480	430
	481	430
	482	430
	483	430
	485	431
	486	431
	487	432
	488	432
	489	433
	490	433
	490	434
	490	435
	489	436
	488	436
	487	436
	487	437
	485	437
	484	436
	483	436
	482	435
	481	435
	481	434
	481	433
	480	433
	479	432
	479	431
	478	430
	478	429
	478	428
	478	427
	479	426
	479	425
	480	425
	480	424
	481	423
	482	423
	483	422
	485	421
	486	421
	487	421
	488	421
.PEN_UP
.PEN_DOWN
	504	438
	504	439
	503	439
	503	440
	502	440
	501	440
	500	440
	499	440
	498	440
	497	439
	496	439
	496	438
	497	437
	497	436
	498	435
	498	434
	499	433
	500	432
	501	431
	502	430
	502	429
	503	428
	503	427
	504	426
	504	425
	504	424
	504	423
	503	423
	503	422
	502	422
	500	421
	499	421
	498	421
	497	421
	496	422
	495	422
	494	423
.PEN_UP
.PEN_DOWN
	540	435
	540	436
	541	436
	541	437
	541	438
	539	438
	538	438
	536	437
	534	436
	533	435
	532	434
	531	432
	531	431
	531	429
	531	428
	532	427
	532	426
	533	425
	534	424
	536	424
	537	424
	538	424
	539	424
	542	424
	543	425
	543	426
	544	427
	544	428
	544	429
	544	430
	544	431
	544	433
	543	434
	543	435
	542	437
	542	438
.PEN_UP
.PEN_DOWN
	559	442
	559	443
	559	444
	558	444
	558	445
	557	445
	556	445
	555	445
	554	444
	553	443
	553	442
	553	441
	553	440
	553	439
	553	438
	553	437
	553	436
	554	434
	554	433
	554	432
	555	429
	555	428
	555	426
	556	425
	556	423
	556	421
	556	419
	556	418
	556	416
	556	414
	556	413
	556	411
	556	408
	556	406
	556	405
	555	404
	554	404
	553	404
	552	404
	551	405
.PEN_UP
.PEN_DOWN
	551	427
	552	427
	552	428
	553	428
	554	428
	554	429
	555	429
	556	429
	558	429
	560	430
	562	430
.PEN_UP
