
.WRITER_ID BeckyHammaker
.STYLE PRINTED
.PEN_DOWN
	114	390
	114	389
	113	390
	113	389
	113	388
	113	387
	113	386
	113	385
	113	384
	113	383
	113	382
	113	381
	113	380
	113	379
	113	378
	113	377
	113	376
	113	374
	113	373
	113	372
	113	371
	114	371
	114	372
.PEN_UP
.PEN_DOWN
	120	393
	121	393
	121	392
	121	391
	121	390
	121	389
	121	388
	121	387
	122	386
	122	385
	122	383
	122	382
	122	381
	122	380
	122	379
	123	378
	123	377
	123	376
	123	375
	123	374
	123	373
	123	374
.PEN_UP
.PEN_DOWN
	113	382
	114	382
	115	381
	116	381
	117	381
	117	380
	118	380
	119	380
	120	381
	121	381
	122	381
	123	381
	124	381
.PEN_UP
.PEN_DOWN
	129	376
	130	376
	131	376
	132	376
	132	377
	133	377
	134	378
	134	379
	134	380
	134	381
	133	381
	132	381
	132	380
	131	380
	130	380
	130	379
	130	378
	129	377
	129	376
	129	375
	129	374
	129	373
	129	372
	130	371
	131	370
	132	370
	134	370
	135	370
	136	370
	137	370
	138	370
	139	370
	139	371
	140	371
.PEN_UP
.PEN_DOWN
	154	379
	154	380
	154	379
	154	378
	154	377
	155	376
	155	375
	156	374
	156	373
	157	372
	157	371
	158	370
	159	370
	159	371
	159	372
	159	373
	159	374
	160	374
	160	375
	161	376
	162	376
	162	377
	163	377
	163	376
	164	376
	164	375
	164	374
	164	373
	164	372
	165	371
	166	371
	166	370
	167	370
	168	370
	169	370
	170	371
	171	372
	171	373
	171	374
	172	375
	172	376
	172	377
	171	378
	171	379
	171	380
	172	380
.PEN_UP
.PEN_DOWN
	185	378
	184	378
	184	379
	183	379
	182	379
	181	378
	180	378
	179	378
	178	377
	177	376
	177	375
	177	374
	177	373
	178	373
	179	372
	180	372
	181	372
	182	372
	183	372
	184	373
	184	374
	184	375
	184	376
	185	376
	185	377
	186	377
	186	376
	187	376
	187	375
	187	374
	188	373
	188	372
	188	371
	188	370
	189	370
	190	370
	191	370
	191	371
.PEN_UP
.PEN_DOWN
	199	382
	198	381
	197	381
	196	380
	195	380
	194	380
	194	379
	194	378
	195	378
	195	377
	196	377
	197	377
	198	377
	199	377
	200	377
	201	377
	201	376
	202	376
	203	376
	203	375
	203	374
	203	373
	202	372
	202	371
	201	370
	200	369
	199	369
	199	368
	198	368
	197	368
	196	368
	195	368
	195	369
	194	369
.PEN_UP
.PEN_DOWN
	226	380
	226	379
	226	378
	226	377
	226	376
	226	375
	226	374
	226	373
	226	372
	226	371
	227	371
	228	371
	229	371
	230	371
	230	372
	231	372
	231	373
	232	373
	232	374
	233	375
	233	376
	233	377
	233	378
	233	379
	233	378
	233	377
	233	376
	233	375
	234	374
	234	373
	235	373
	235	372
	236	372
	236	371
	237	371
	238	371
.PEN_UP
.PEN_DOWN
	243	382
	242	382
	242	381
	241	381
	239	380
	239	379
	238	379
	238	378
	238	377
	239	377
	240	377
	241	377
	242	377
	243	377
	244	377
	245	378
	246	378
	247	378
	248	377
	249	377
	250	376
	250	375
	250	374
	250	373
	249	373
	249	372
	249	371
	248	371
	247	371
	246	371
	245	371
	244	371
	243	371
	242	371
.PEN_UP
.PEN_DOWN
	254	380
	254	379
	254	378
	254	377
	254	376
	254	375
	255	375
	255	374
	255	373
	256	373
	256	372
	257	371
	258	371
	259	371
	260	371
	261	371
	261	372
	262	372
	262	373
	262	374
	263	375
	263	376
	263	377
	263	378
	263	379
	264	379
	265	378
	265	377
	265	376
	265	375
	266	375
	266	374
	266	373
	267	371
	267	370
	268	370
	269	370
.PEN_UP
.PEN_DOWN
	277	378
	276	378
	275	378
	274	378
	273	378
	272	377
	271	377
	271	376
	271	375
	272	374
	274	373
	275	373
	276	373
	277	373
	278	373
	278	374
	278	375
	278	376
	279	376
	280	376
	281	375
	282	374
	282	373
	282	372
	282	371
	283	371
	283	370
	284	370
	284	371
.PEN_UP
.PEN_DOWN
	287	389
	287	388
	287	387
	288	387
	288	386
	288	385
	289	385
	289	383
	289	382
	289	381
	290	381
	290	380
	290	379
	290	378
	290	377
	290	376
	290	375
	290	374
	290	373
	290	372
	291	372
	291	371
.PEN_UP
.PEN_DOWN
	295	389
	296	389
	296	388
	296	387
	297	387
	297	386
	297	385
	297	384
	298	383
	298	382
	298	381
	298	380
	298	378
	298	377
	298	376
	298	375
	298	374
	299	374
	299	373
	299	372
	299	371
	300	371
.PEN_UP
.PEN_DOWN
	306	376
	307	375
	307	374
	308	374
	308	373
	309	373
	309	372
	310	372
	310	371
	311	371
.PEN_UP
.PEN_DOWN
	314	380
	314	379
	314	378
	314	377
	313	376
	313	375
	313	374
	313	373
	313	372
	313	371
	312	371
	312	370
	312	369
	312	368
	311	367
	311	366
	311	365
	310	364
	310	363
	310	362
	309	361
	309	360
	309	359
	308	358
	308	357
	308	356
.PEN_UP
.PEN_DOWN
	348	378
	347	377
	346	377
	344	376
	343	375
	343	374
	343	373
	343	372
	344	371
	345	371
	346	370
	347	370
	348	370
	349	369
	350	369
	351	369
	351	370
.PEN_UP
.PEN_DOWN
	349	392
	349	391
	349	390
	350	390
	350	389
	351	388
	351	387
	351	386
	352	385
	352	384
	352	383
	352	381
	352	380
	352	379
	352	378
	352	377
	352	376
	352	375
	352	374
	352	373
	352	372
	352	371
	352	370
	352	369
	352	368
	353	368
	354	368
	354	369
.PEN_UP
.PEN_DOWN
	362	374
	362	373
	362	372
	362	371
	362	370
	362	369
	362	368
	363	367
.PEN_UP
.PEN_DOWN
	361	383
	361	382
.PEN_UP
.PEN_DOWN
	372	379
	372	378
	371	378
	370	378
	370	377
	369	377
	369	376
	370	376
	371	376
	372	376
	373	376
	374	376
	375	375
	376	375
	377	375
	377	374
	378	374
	378	373
	378	372
	378	371
	377	371
	376	370
	375	369
	374	369
	373	369
	372	369
	371	369
	371	370
.PEN_UP
.PEN_DOWN
	394	376
	394	377
	393	377
	393	378
	392	378
	391	379
	390	379
	389	379
	389	378
	388	378
	387	378
	387	377
	387	376
	386	376
	386	375
	386	374
	386	373
	386	372
	386	371
	387	371
	387	370
	388	369
	389	369
	390	369
	391	369
	391	370
	392	370
	393	371
	394	371
	394	372
	394	373
	394	374
	394	375
	394	376
	395	376
	395	375
	396	374
	396	373
	396	372
	397	371
	397	370
	397	369
	398	369
	398	368
.PEN_UP
.PEN_DOWN
	410	375
	411	374
	412	374
	412	373
	412	372
	413	372
	413	371
	413	370
	413	369
	413	368
	413	367
	413	365
	413	364
	413	363
	413	362
	414	362
	414	361
	414	360
	414	359
	414	358
	415	357
	414	358
	414	359
	414	360
	414	362
	414	363
	414	364
	414	365
	414	366
	414	367
	413	367
	413	369
	413	370
	413	371
	413	372
	413	373
	413	374
	413	375
	413	376
	413	377
	413	378
	414	378
	414	379
	416	379
	417	379
	418	379
	419	379
	419	378
	420	377
	421	377
	421	376
	421	375
	421	374
	421	373
	420	373
	420	372
	419	371
	419	370
	418	370
	417	370
	417	369
	416	369
	415	369
	414	369
	414	370
	414	371
.PEN_UP
.PEN_DOWN
	433	373
	433	372
	433	371
	433	370
	433	369
	433	368
	433	367
	433	366
	433	365
	434	365
	434	364
	434	363
	434	361
	434	360
	434	359
	434	358
	434	357
	434	358
	434	359
	434	360
	434	362
	434	363
	434	364
	434	365
	434	366
	433	367
	433	368
	433	369
	433	370
	433	371
	433	372
	433	373
	433	374
	433	375
	433	376
	434	376
	435	377
	436	377
	437	377
	438	377
	439	377
	440	376
	441	376
	441	375
	441	374
	441	373
	441	372
	441	371
	441	370
	440	369
	439	368
	438	368
	437	368
	436	368
	435	368
	435	369
	434	369
	434	370
	433	370
.PEN_UP
.PEN_DOWN
	451	378
	450	378
	450	377
	449	377
	449	376
	448	376
	448	375
	447	375
	447	374
	446	373
	446	372
	447	372
	447	371
	448	370
	449	370
	449	369
	450	369
	450	368
	451	368
	452	368
	453	368
	454	368
	455	368
	456	368
	457	368
	457	369
	458	370
	458	371
	458	372
	458	373
	457	374
	457	375
	456	375
	456	376
	455	376
	455	377
	454	378
	453	378
	452	379
	451	379
	451	380
	450	380
	450	379
.PEN_UP
.PEN_DOWN
	461	377
	461	376
	462	375
	462	374
	462	373
	463	373
	463	371
	464	370
	464	369
	464	370
.PEN_UP
.PEN_DOWN
	461	386
	461	385
.PEN_UP
.PEN_DOWN
	472	376
	473	374
	473	373
	473	372
	473	371
	473	370
	473	369
	473	370
	473	371
	473	372
	473	373
	473	374
	474	374
	474	375
	474	376
	475	377
	475	378
	476	378
	476	379
	477	379
	478	379
	479	379
	479	378
	480	378
	480	377
	480	376
	481	376
	481	375
	481	373
	482	373
	482	372
	482	371
	482	370
	483	369
	483	368
.PEN_UP
.PEN_DOWN
	487	390
	487	389
	488	389
	488	388
	489	387
	489	386
	489	385
	489	384
	489	383
	490	382
	490	381
	490	380
	490	379
	490	378
	490	377
	491	375
	491	374
	491	373
	491	372
	491	371
	492	371
.PEN_UP
.PEN_DOWN
	485	383
	485	382
	486	382
	486	381
	487	381
	488	381
	489	381
	490	381
	491	380
	492	380
	494	380
	495	380
	496	381
	497	381
	498	381
.PEN_UP
.PEN_DOWN
	501	375
	502	375
	502	374
	503	374
	504	374
	505	374
	506	374
	507	374
	508	374
	508	375
	508	376
	508	377
	508	378
	508	379
	507	379
	506	379
	505	379
	505	378
	504	378
	504	377
	503	377
	503	376
	502	376
	502	375
	502	374
	502	373
	503	373
	503	372
	504	371
	505	370
	506	369
	507	369
	508	368
	509	368
	510	368
	511	368
	512	368
	512	369
	513	369
.PEN_UP
.PEN_DOWN
	520	376
	519	376
	518	376
	517	376
	516	375
	515	375
	513	375
	512	374
	511	373
	511	372
	511	371
	512	370
	512	369
	513	368
	514	368
	515	367
	516	367
	518	366
	519	366
	520	366
.PEN_UP
.PEN_DOWN
	518	395
	518	394
	519	394
	519	393
	519	392
	519	391
	519	388
	519	386
	519	385
	520	383
	520	382
	520	380
	520	379
	521	377
	521	376
	521	374
	522	373
	523	372
	523	370
	523	369
	524	368
	524	367
	525	367
.PEN_UP
.PEN_DOWN
	539	373
	539	372
	540	372
	540	371
	541	371
.PEN_UP
.PEN_DOWN
	560	385
	560	384
	561	384
	561	383
	561	382
	562	382
	562	381
	562	380
	562	379
	562	378
	562	377
	562	376
	562	375
	562	373
	562	372
	562	371
	562	370
	562	369
	563	369
	563	368
	563	367
	564	367
.PEN_UP
.PEN_DOWN
	569	387
	569	386
	570	386
	570	385
	571	384
	571	383
	571	382
	571	381
	571	380
	571	379
	571	378
	571	377
	571	376
	572	375
	572	374
	572	373
	572	372
	572	371
	573	370
	573	369
	573	368
	574	368
	574	367
	574	368
	574	369
.PEN_UP
.PEN_DOWN
	562	377
	562	376
	563	376
	564	376
	565	376
	566	376
	567	376
	568	376
	569	376
	570	376
	571	376
.PEN_UP
.PEN_DOWN
	579	377
	579	376
	578	376
	578	375
	577	375
	577	374
	577	373
	577	372
	577	371
	578	371
	578	370
	579	370
	579	369
	580	369
	581	368
	582	368
	583	368
	584	368
	585	368
	585	369
	585	370
	586	370
	586	371
	586	372
	586	373
	586	374
	585	375
	585	376
	585	377
	584	377
	584	378
	583	378
	582	378
	581	378
	580	378
	579	378
.PEN_UP
.PEN_DOWN
	591	376
	592	376
	592	375
	592	374
	593	374
	593	373
	593	372
	594	371
	595	370
	596	369
	597	368
	597	367
	597	368
	598	368
	598	369
	598	370
	599	370
	599	371
	599	372
	599	373
	599	374
	600	374
	600	375
	600	376
	601	376
	601	375
	601	374
	602	374
	602	373
	602	372
	602	371
	602	370
	603	370
	603	369
	604	369
	605	368
	606	368
	607	368
	609	369
	609	370
	610	370
	610	371
	610	372
	610	373
	610	374
	610	375
	610	376
	610	377
	610	378
	609	378
	609	379
	609	380
	609	379
.PEN_UP
.PEN_DOWN
	615	372
	616	372
	617	372
	618	372
	619	372
	619	373
	620	373
	620	374
	621	374
	621	375
	622	376
	622	377
	621	377
	621	378
	620	378
	619	378
	618	378
	618	377
	617	377
	616	376
	615	375
	615	374
	615	373
	615	372
	615	371
	616	370
	616	369
	617	369
	617	368
	618	368
	619	368
	620	367
	621	367
	622	367
	623	367
	624	367
	625	367
	626	367
	626	368
	627	368
	628	368
.PEN_UP
.PEN_DOWN
	630	377
	630	376
	631	376
	631	375
	631	374
	632	374
	632	373
	633	372
	633	371
	634	371
	634	370
	635	370
	636	369
	637	368
	638	368
	638	369
	638	370
	639	370
	639	371
	639	372
	639	373
	640	373
	640	374
	640	375
	640	376
	641	376
	641	377
	641	378
	641	379
	641	380
	641	381
	640	381
	641	381
.PEN_UP
.PEN_DOWN
	648	374
	649	374
	650	374
	651	374
	652	374
	653	375
	654	375
	654	376
	654	377
	653	378
	652	378
	651	378
	650	378
	650	377
	649	377
	648	376
	648	375
	648	374
	648	373
	648	372
	649	372
	649	371
	650	371
	651	370
	652	369
	653	369
	654	369
	655	368
	656	368
	657	368
	658	368
	658	369
.PEN_UP
.PEN_DOWN
	664	375
	664	374
	665	373
	665	372
	665	371
	666	370
	666	369
	667	369
	667	368
	667	367
	667	366
	668	366
	668	367
	668	368
	668	369
	667	369
	667	370
	667	371
	667	373
	667	374
	667	375
	668	376
	668	377
	669	378
	670	379
	671	380
	672	380
	673	380
	674	380
	675	380
.PEN_UP
.PEN_DOWN
	684	367
	685	367
	685	366
	685	365
	685	364
	685	363
	685	362
	686	361
	686	360
	687	360
.PEN_UP
