
.WRITER_ID BeckyHammaker
.STYLE PRINTED
.PEN_DOWN
	151	378
	152	378
	152	379
	152	380
	151	380
	151	379
	150	379
	150	378
	149	377
	149	376
	149	375
	149	374
	150	374
	150	373
	151	372
	151	371
	152	371
	153	371
	153	370
	154	370
	155	370
	156	370
	157	370
	158	371
	159	371
	159	372
	159	373
	160	373
	160	374
	160	375
	160	376
	160	377
	160	378
	160	379
	160	380
	160	381
	159	382
	158	382
	158	383
	157	383
	156	383
	155	383
	154	382
	154	381
	153	381
	153	380
	153	379
.PEN_UP
.PEN_DOWN
	171	371
	172	371
	172	372
	172	371
	171	371
	171	372
	171	373
	171	374
	171	375
	171	376
	170	376
	170	377
	170	378
	170	379
	170	380
	170	381
	170	382
	170	383
	170	384
	170	383
.PEN_UP
.PEN_DOWN
	172	383
	173	383
	174	383
	175	383
	176	384
	177	384
	178	384
	178	385
	179	385
	180	385
	181	385
.PEN_UP
.PEN_DOWN
	174	374
	175	374
	176	374
	177	374
	177	375
	178	375
.PEN_UP
.PEN_DOWN
	215	388
	215	387
	215	386
	216	385
	216	384
	216	383
	216	382
	216	381
	216	379
	216	378
	216	377
	216	376
	217	376
	217	375
	217	374
	217	373
	218	372
	218	371
	218	370
	218	369
	219	369
.PEN_UP
.PEN_DOWN
	209	385
	210	385
	211	385
	211	386
	212	386
	212	387
	213	387
	213	388
	214	388
	214	389
	215	389
	216	389
	216	390
	217	390
	218	390
	219	390
	220	390
	221	390
	222	390
	223	389
	224	389
	224	388
	224	387
	224	386
	224	385
	224	384
	224	383
	223	382
	223	381
	222	381
	222	380
	221	380
	221	379
	220	379
	219	379
	218	379
	217	379
	217	380
	216	380
.PEN_UP
.PEN_DOWN
	228	385
	229	385
	230	385
	230	384
	230	383
	231	383
	231	382
	231	381
	231	380
	231	379
	231	378
	231	377
	232	376
	232	375
	232	374
	232	373
	233	372
	233	371
	233	370
.PEN_UP
.PEN_DOWN
	238	387
	238	386
	239	386
	239	385
	239	384
	240	384
	240	383
	240	382
	241	380
	241	379
	241	378
	241	377
	241	376
	242	376
	242	375
	242	374
	242	373
	243	372
	243	371
	243	370
.PEN_UP
.PEN_DOWN
	239	387
	239	386
	240	385
	241	385
	241	384
	241	383
	241	382
	243	382
	243	381
	244	380
	245	380
	246	379
	246	378
	247	377
	248	376
	248	375
	249	375
	249	374
	250	374
	250	373
	251	372
	252	372
	252	371
	253	371
	254	371
	255	371
	255	372
	255	373
	255	374
	255	375
	255	376
	255	377
	254	378
	254	380
	254	381
	254	382
	253	383
	253	384
	253	385
	253	386
	253	387
	253	388
	253	389
.PEN_UP
.PEN_DOWN
	264	386
	265	386
	266	386
	267	386
	268	386
	269	387
	270	387
	271	387
	272	388
	274	388
	274	389
	275	389
	276	389
	277	389
.PEN_UP
.PEN_DOWN
	264	384
	265	384
	265	383
	265	382
	265	381
	266	380
	266	379
	266	378
	266	377
	266	376
	266	375
	266	374
	266	373
	266	372
	266	371
	266	370
	266	369
	265	368
	266	369
	267	370
	268	370
	269	370
	270	370
	271	370
	272	370
	273	370
	274	370
	275	370
	276	370
	277	370
	278	370
	279	370
	280	370
	281	370
	281	371
.PEN_UP
.PEN_DOWN
	265	378
	266	378
	267	377
	268	377
	269	377
	270	377
	271	378
	272	378
.PEN_UP
.PEN_DOWN
	306	390
	306	389
	307	388
	308	387
	309	386
	310	385
	310	384
	311	383
	311	382
	312	381
	312	380
	312	379
	312	378
	313	377
	313	376
	313	375
	313	374
	314	374
	314	375
	315	375
	315	376
	316	376
	316	377
	316	378
	317	378
	317	379
	317	380
	318	380
	318	381
	318	382
	319	382
	319	383
	319	384
	320	384
	320	385
	320	386
	321	385
	321	384
	322	384
	322	383
	322	382
	322	381
	322	380
	323	380
	323	379
	323	378
	324	377
	324	376
	325	376
	325	377
	326	378
	326	379
	326	380
	327	381
	327	382
	327	383
	327	384
	328	385
	328	386
	328	387
	328	388
	329	388
	329	389
	329	390
	329	391
	330	391
	330	392
	331	392
.PEN_UP
.PEN_DOWN
	335	374
	335	373
	336	373
	337	374
	337	375
	337	376
	338	377
	338	378
	338	379
	338	380
	338	381
	339	382
	339	383
	339	384
	339	385
	339	386
	339	387
	340	388
	340	389
	341	389
	341	390
	342	390
	343	390
	343	389
	343	388
	344	387
	344	386
	344	385
	344	384
	345	383
	345	382
	345	381
	345	380
	346	379
	346	378
	347	377
	347	376
	348	376
	348	375
	348	376
.PEN_UP
.PEN_DOWN
	339	383
	339	382
	340	382
	341	382
	342	382
	343	382
	343	381
.PEN_UP
.PEN_DOWN
	352	389
	353	388
	354	387
	354	386
	355	386
	355	385
	356	384
	357	383
	357	382
	358	382
	358	381
	359	381
	359	380
	360	380
	361	380
	361	379
	362	379
	362	378
	363	378
.PEN_UP
.PEN_DOWN
	360	390
	360	389
	360	388
	360	387
	359	386
	359	385
	358	384
	358	383
	358	382
	357	381
	357	380
	357	379
	356	379
	356	378
	356	377
	355	376
	355	374
	355	373
	354	373
.PEN_UP
.PEN_DOWN
	396	386
	396	385
	396	384
	396	383
	396	382
	396	381
	396	380
	396	379
	397	378
	397	377
	397	376
	397	375
	397	374
	398	374
	398	373
.PEN_UP
.PEN_DOWN
	388	390
	389	390
	389	389
	390	389
	391	389
	391	390
	392	390
	393	390
	394	390
	395	390
	396	390
	398	390
	399	390
	400	390
	401	390
	402	390
	403	390
	404	390
	405	391
	406	391
	407	391
	407	390
.PEN_UP
.PEN_DOWN
	407	383
	407	382
	406	382
	406	381
	405	381
	405	380
	405	379
	404	379
	404	378
	404	377
	404	376
	404	375
	405	375
	405	374
	405	373
	406	373
	406	372
	407	372
	407	371
	408	371
	409	371
	410	371
	411	371
	411	372
	412	373
	413	373
	413	374
	413	375
	414	376
	414	377
	414	378
	414	379
	414	380
	414	381
	414	382
	414	383
	413	384
	412	385
	411	386
	410	386
	409	386
	408	386
	407	386
.PEN_UP
.PEN_DOWN
	463	379
	462	379
	461	379
	460	379
	459	379
	459	378
	458	378
	458	377
	457	377
	457	376
	457	375
	456	375
	456	374
	456	373
	456	372
	456	371
	456	370
	457	370
	457	369
	458	369
	459	369
	460	368
	461	368
	462	368
	463	368
	464	368
	464	369
	465	369
	466	369
	466	370
	467	370
	467	371
	468	371
	468	372
	468	373
	468	374
	468	375
	468	376
	468	377
	468	378
	467	379
	467	380
	466	380
	465	380
	464	381
	463	381
	462	381
.PEN_UP
.PEN_DOWN
	474	381
	474	380
	473	380
	473	379
	473	378
	473	377
	473	376
	473	375
	473	374
	473	373
	473	372
	474	372
	474	371
	475	371
	475	370
	476	370
	476	369
	477	369
	478	369
	479	369
	480	369
	480	370
	481	370
	482	370
	482	371
	483	371
	483	372
	484	372
	484	373
	484	374
	484	375
	484	376
	484	377
	484	378
	484	379
	483	379
	483	380
	482	380
	482	381
	481	381
	480	382
	479	382
	478	382
	478	383
	477	383
	476	383
	475	383
	474	383
.PEN_UP
.PEN_DOWN
	490	381
	491	381
	492	381
	493	381
	494	381
	495	381
	496	381
	497	381
	498	382
	499	382
	500	382
	500	381
	500	380
	499	379
	499	378
	498	378
	498	377
	498	376
	497	376
	497	375
	496	373
	496	372
	495	372
	495	371
	494	371
	494	370
	495	370
	496	370
	497	370
	498	370
	498	369
	499	369
	500	369
	501	369
	502	369
	503	369
	504	369
	504	370
	505	370
	506	370
.PEN_UP
.PEN_DOWN
	513	382
	514	381
	515	381
	517	381
	518	381
	519	381
	520	381
	521	381
	522	381
	522	382
	523	382
	524	382
	525	382
	526	382
	525	382
.PEN_UP
.PEN_DOWN
	512	381
	512	380
	513	380
	513	379
	513	378
	513	377
	513	376
	513	375
	513	374
	513	373
	513	372
	513	371
	513	370
	513	369
	513	368
	514	368
	515	368
	516	368
	517	368
	518	368
	519	368
	520	368
	521	368
	522	368
	523	368
	523	369
	524	369
	525	369
	526	369
.PEN_UP
.PEN_DOWN
	513	376
	514	375
	515	375
	516	375
	516	374
	517	374
	518	374
	519	374
.PEN_UP
