
.WRITER_ID BeckyHammaker
.STYLE PRINTED
.PEN_DOWN
	147	383
	147	384
	146	384
	146	385
	145	385
	145	386
	144	386
	143	386
	142	386
	141	385
	140	385
	140	384
	139	384
	139	383
	139	382
	139	381
	139	380
	139	379
	139	378
	139	377
	140	377
	140	376
	141	376
	142	376
	143	377
	143	378
	143	379
	143	380
	144	380
	144	381
	144	382
	145	382
	145	383
	145	384
	145	385
	145	384
	145	383
	146	383
	146	382
	146	381
	147	381
	148	381
	149	381
	150	381
	151	381
	151	382
	151	383
	151	384
	151	385
	152	386
	152	387
	152	388
	152	389
	152	390
	152	391
	151	392
	151	393
	150	394
	149	394
	148	394
	148	395
	147	395
	146	396
	145	396
	144	396
	143	396
	142	396
	141	396
	140	396
	139	396
	138	396
	138	395
	137	395
	137	394
	136	394
	136	393
	136	392
	135	392
	135	391
	134	390
	134	389
	134	388
	134	387
	133	386
	133	385
	133	384
	133	383
	133	382
	133	381
	134	380
	134	379
	135	378
	135	377
	136	376
	137	376
	137	375
	137	374
	138	374
	139	373
	140	373
	141	372
	142	371
	143	371
	144	371
	145	371
	146	371
	147	371
	148	371
	149	371
	150	371
	151	372
	152	373
	153	374
	154	376
	154	377
	154	378
	155	380
	155	381
	155	382
	155	383
	154	384
	154	385
	153	385
.PEN_UP
.PEN_DOWN
	168	395
	168	394
	169	394
	169	393
	170	393
	170	392
	170	391
	170	390
	170	389
	170	388
	170	387
	171	386
	171	385
	171	384
	171	383
	171	382
	171	381
	171	380
	171	379
	172	379
	172	378
	173	378
.PEN_UP
.PEN_DOWN
	175	396
	176	396
	177	396
	178	396
	179	396
	180	396
	181	396
	182	396
	183	396
	184	396
	185	396
	185	395
	186	395
	187	394
	187	393
	187	392
	187	391
	187	390
	187	389
	186	388
	186	387
	186	386
	185	385
	185	384
	185	383
	184	383
	184	382
	184	381
	184	380
	185	380
	186	380
	187	380
	188	380
	189	380
	190	380
	191	381
	192	381
	193	381
	193	380
.PEN_UP
.PEN_DOWN
	200	395
	200	394
.PEN_UP
.PEN_DOWN
	203	384
	203	383
	204	382
	204	381
	204	380
.PEN_UP
.PEN_DOWN
	210	397
	211	397
	212	397
	213	397
	214	397
	215	397
	216	397
	217	397
	218	397
	219	397
	220	397
	220	396
	220	395
	220	394
	219	393
	219	392
	218	392
	217	391
	216	390
	216	389
	217	390
	218	390
	219	390
	220	390
	221	390
	221	389
	222	389
	222	388
	222	387
	223	387
	223	386
	223	385
	223	384
	222	383
	222	382
	221	381
	221	380
	220	380
	219	379
	218	379
	217	379
	216	379
	215	379
	214	379
	214	380
	213	380
	213	381
.PEN_UP
.PEN_DOWN
	228	395
	228	394
	228	393
	228	392
	229	391
	229	390
	230	389
	230	388
	231	388
	231	387
	232	387
	233	387
	233	386
	234	386
	235	386
	235	385
	236	385
.PEN_UP
.PEN_DOWN
	238	398
	238	397
	238	396
	238	395
	238	394
	238	393
	238	392
	238	391
	238	390
	238	389
	238	388
	238	387
	238	386
	238	385
	238	384
	238	383
	238	382
	238	381
	238	380
	238	379
	238	378
	238	377
	238	376
	239	376
	239	375
.PEN_UP
.PEN_DOWN
	257	393
	258	393
	257	393
	257	394
	258	393
	258	392
.PEN_UP
.PEN_DOWN
	258	384
	258	382
	258	381
	258	380
	258	379
	258	378
	259	378
.PEN_UP
.PEN_DOWN
	271	396
	272	396
	272	397
	271	397
	271	398
	272	398
	273	398
	274	399
	275	399
	276	399
	277	399
	278	399
	278	400
	280	400
	281	400
	282	400
	282	399
.PEN_UP
.PEN_DOWN
	272	396
	272	395
	272	394
	272	393
	272	392
	272	391
	272	390
	272	389
	272	390
	273	390
	273	391
	274	391
	275	391
	275	392
	276	392
	277	392
	278	392
	279	392
	280	391
	281	391
	282	390
	283	390
	283	389
	284	389
	285	388
	285	387
	285	386
	285	385
	285	383
	285	382
	284	382
	284	381
	283	380
	282	380
	282	379
	281	379
	280	378
	279	378
	277	378
	276	378
	275	378
	275	379
	274	379
	274	380
	275	380
.PEN_UP
.PEN_DOWN
	298	398
	298	397
	297	396
	296	395
	295	394
	295	393
	295	392
	294	392
	294	391
	294	390
	294	389
	293	387
	293	386
	293	385
	293	384
	293	383
	294	382
	294	381
	295	380
	295	379
	296	379
	297	378
	298	377
	299	377
	300	377
	301	377
	302	377
	304	377
	305	378
	306	378
	306	379
	306	380
	307	380
	307	381
	307	382
	307	383
	307	384
	306	384
	306	385
	305	385
	305	386
	304	386
	303	387
	302	387
	301	387
	300	387
	299	387
	298	387
	297	387
	297	386
	298	386
.PEN_UP
.PEN_DOWN
	320	378
	321	378
	322	378
	323	378
	324	378
	325	378
	326	378
	327	378
	328	378
	329	378
	331	378
	331	379
	332	379
	333	379
	334	379
	335	379
	335	378
.PEN_UP
.PEN_DOWN
	347	401
	348	401
	348	400
	349	399
	349	398
	349	397
	350	397
	350	396
	350	395
	350	394
	351	394
	351	393
	351	391
	352	390
	352	389
	352	388
	352	386
	352	385
	352	384
	352	383
	352	382
	352	381
	351	380
	351	379
	350	379
	349	378
	348	378
	346	379
	345	379
	344	379
	344	380
	343	380
	343	381
	343	382
.PEN_UP
.PEN_DOWN
	335	401
	336	401
	337	401
	338	401
	339	401
	340	401
	341	401
	342	401
	343	401
	344	401
	345	401
	346	400
	347	400
	348	400
	350	400
	351	400
	351	401
	352	401
	353	401
	354	401
	355	401
	356	401
	357	402
	358	402
	359	402
	360	402
	360	401
.PEN_UP
.PEN_DOWN
	361	388
	362	388
	361	388
	361	387
	361	386
	361	385
	361	384
	361	383
	361	382
	361	381
	362	380
	362	379
	363	379
	364	379
	364	378
	365	378
	366	378
	367	379
	368	379
	368	380
	369	380
	369	381
	369	382
	370	382
	370	383
	370	384
	370	385
	370	386
	371	386
	371	385
	371	384
	372	383
	372	382
	372	381
	373	380
	373	379
	373	378
	374	378
.PEN_UP
.PEN_DOWN
	385	382
	386	383
	387	384
	387	385
	387	386
	386	387
	385	387
	384	387
	383	387
	382	387
	381	386
	380	386
	379	385
	379	384
	379	383
	379	382
	380	382
	381	382
	382	382
	383	381
	384	381
	384	382
	385	382
	385	383
	385	384
	386	384
	386	385
	387	385
	387	384
	387	383
	387	382
	387	381
	387	380
	388	379
	388	378
	388	377
	388	376
	389	375
	389	374
	389	373
	389	371
	389	370
	388	370
	388	369
	388	368
	387	368
	386	368
	385	368
	384	368
	383	368
	382	368
	382	369
	381	369
	381	370
.PEN_UP
.PEN_DOWN
	401	382
	401	383
	401	384
	400	385
	399	385
	399	386
	397	386
	396	386
	395	386
	394	386
	393	385
	392	385
	391	384
	391	383
	391	382
	391	381
	392	380
	393	380
	394	380
	395	380
	396	380
	397	380
	398	380
	399	380
	400	380
	400	381
	400	382
	400	383
	400	384
	401	384
	401	383
	402	383
	402	382
	402	381
	403	381
	403	380
	404	380
	404	379
	404	378
	404	377
	404	376
	404	375
	404	374
	405	373
	405	372
	405	371
	405	370
	405	369
	405	368
	404	368
	404	367
	403	367
	402	367
	401	367
	400	367
	399	367
	398	367
	397	367
	396	368
	395	368
	394	369
	394	370
.PEN_UP
.PEN_DOWN
	405	400
	406	400
	406	399
	406	398
	407	397
	407	396
	407	395
	407	394
	407	393
	408	392
	408	391
	408	390
	408	389
	409	387
	409	386
	409	385
	409	384
	409	383
	409	382
	410	381
	410	380
	410	379
	410	378
	410	377
	411	377
	411	376
	412	376
	413	376
.PEN_UP
.PEN_DOWN
	416	378
	417	378
	418	378
	419	378
	419	379
	420	379
	420	380
	421	380
	422	381
	422	382
	421	382
	421	383
	420	383
	419	383
	419	382
	418	382
	417	382
	417	381
	416	381
	416	380
	416	379
	416	378
	416	377
	416	376
	417	376
	418	375
	419	374
	421	374
	422	374
	423	374
	424	374
	424	375
	425	375
.PEN_UP
.PEN_DOWN
	429	382
	429	381
	430	380
	430	379
	430	378
	431	377
	431	376
	431	375
	432	374
	432	373
	432	374
	432	375
	431	376
	431	377
	431	378
	431	379
	431	380
	431	382
	432	383
	432	384
	433	384
	434	385
	435	385
	436	385
	437	385
	438	385
.PEN_UP
.PEN_DOWN
	446	384
	445	384
	444	383
	443	383
	442	383
	442	382
	441	382
	441	381
	441	380
	442	380
	443	379
	444	379
	445	378
	446	378
	447	377
	447	376
	447	375
	447	374
	447	373
	447	372
	446	372
	445	371
	444	371
	444	370
	443	370
	442	370
	441	370
.PEN_UP
.PEN_DOWN
	459	376
	458	376
	458	375
	458	374
	459	374
	459	375
	460	375
	461	375
	461	374
	462	374
	463	374
	464	374
	465	374
	466	374
	467	374
	468	374
	469	374
	470	373
	471	373
.PEN_UP
.PEN_DOWN
	481	371
	482	371
	483	371
	484	371
	485	371
	486	371
	487	371
	488	371
	489	371
	490	371
	491	371
	491	372
	492	372
	493	372
	494	372
	495	372
.PEN_UP
.PEN_DOWN
	497	385
	498	385
	498	384
	498	383
	498	382
	498	381
	498	380
	499	379
	499	378
	499	377
	499	376
	500	375
	500	374
	501	373
	501	372
	502	372
	503	372
	503	373
	504	373
	504	374
	505	375
	505	376
	506	377
	506	378
	506	379
	506	380
	507	381
	507	380
	507	379
	507	378
	507	377
	508	377
	508	376
	508	375
	508	374
	509	373
	510	372
	511	372
	512	371
	513	371
	514	372
	515	373
	515	374
	516	375
	516	376
	516	377
	516	378
	516	379
	516	380
	516	381
	516	382
	516	384
	516	385
	515	386
	515	387
	515	388
	515	387
.PEN_UP
.PEN_DOWN
	521	380
	522	379
	522	378
	522	377
	523	376
	523	375
	524	374
	524	373
	524	372
	524	373
	524	374
.PEN_UP
.PEN_DOWN
	518	396
	518	397
	518	396
	519	396
.PEN_UP
.PEN_DOWN
	529	394
	530	393
	530	392
	530	390
	531	390
	531	389
	531	388
	531	387
	531	386
	531	385
	531	384
	531	383
	531	382
	531	380
	531	379
	532	378
	532	377
	532	376
	532	375
	532	374
	532	373
	533	373
	534	372
	534	373
.PEN_UP
.PEN_DOWN
	537	398
	538	398
	538	397
	538	396
	539	395
	540	394
	540	393
	540	392
	540	391
	541	389
	542	388
	542	387
	542	386
	542	385
	542	383
	542	382
	542	381
	542	380
	542	379
	542	377
	542	376
	542	375
	542	374
	542	373
	543	373
	543	372
	544	372
.PEN_UP
.PEN_DOWN
	551	374
	551	373
	551	374
	552	374
	553	374
	554	374
	555	374
	556	374
	557	374
	558	374
	559	374
	560	374
	561	374
	561	373
	562	373
.PEN_UP
.PEN_DOWN
	580	374
	580	373
	581	373
	582	373
	582	372
	583	372
	584	372
	585	372
	586	372
	587	372
	588	372
	589	372
	590	372
	590	371
	591	371
	592	371
.PEN_UP
.PEN_DOWN
	610	374
	610	375
	610	376
	610	377
	610	378
	610	379
	609	379
	609	380
	608	380
	608	381
	607	381
	606	381
	605	381
	604	381
	603	381
	602	381
	601	380
	601	379
	601	378
	600	378
	600	377
	600	376
	600	375
	600	374
	600	373
	601	373
	601	372
	602	372
	603	372
	604	372
	605	372
	606	372
	607	373
	607	374
	608	374
	608	375
	608	376
	609	377
	609	378
	609	379
	609	380
	609	381
	610	382
	610	383
	610	384
	611	385
	611	386
	611	387
	611	388
	611	389
	611	390
	611	391
	611	392
	611	393
	611	394
	611	393
	611	392
	611	391
	611	390
	611	389
	610	388
	610	387
	610	386
	610	385
	610	383
	610	382
	610	381
	610	380
	610	379
	610	378
	610	377
	610	376
	610	375
	610	374
	610	373
	610	372
	611	372
	612	372
.PEN_UP
.PEN_DOWN
	623	374
	624	374
	625	374
	626	374
	627	375
	627	376
	627	377
	627	378
	627	379
	627	380
	627	381
	627	382
	627	383
	626	383
	625	383
	624	383
	624	382
	623	381
	622	381
	622	380
	622	379
	621	379
	621	378
	621	377
	621	376
	621	375
	621	374
	622	374
	622	373
	623	372
	624	372
	625	371
	626	371
	627	371
	628	371
	629	371
	630	371
	631	371
	632	371
	632	372
.PEN_UP
.PEN_DOWN
	648	380
	647	380
	647	381
	646	381
	645	381
	644	382
	643	382
	642	382
	641	382
	640	382
	639	382
	638	381
	637	381
	636	381
	636	380
	637	379
	638	379
	639	378
	640	378
	641	378
	642	378
	643	377
	644	377
	644	376
	645	376
	646	376
	647	376
	647	375
	648	374
	649	374
	649	373
	650	372
	650	371
	651	371
	651	370
	651	369
	651	368
	650	368
	649	368
	648	368
	647	368
	645	369
	644	369
	643	370
	642	370
	641	370
	641	371
.PEN_UP
.PEN_DOWN
	663	379
	663	380
	662	380
	661	380
	660	380
	659	380
	658	380
	658	379
	657	379
	657	378
	656	378
	656	377
	655	376
	655	375
	655	374
	656	373
	657	372
	658	372
	659	371
	660	371
	661	371
	662	371
	664	371
	665	371
	666	371
	667	371
	668	371
	669	371
	670	371
.PEN_UP
.PEN_DOWN
	674	373
	675	373
	676	374
	677	374
	677	375
	678	376
	679	377
	679	378
	679	379
	678	379
	677	379
	676	379
	675	379
	675	378
	674	378
	673	378
	673	377
	673	376
	673	375
	673	374
	674	373
	675	372
	676	371
	677	371
	677	370
	678	370
	678	369
	679	369
	680	369
	681	369
	682	369
	683	369
.PEN_UP
.PEN_DOWN
	685	375
	685	374
	686	374
	686	373
	686	372
	686	371
	686	370
	687	370
	687	369
	688	369
	688	370
	688	371
	688	372
	688	373
	688	374
	688	375
	688	376
	688	377
	689	377
	689	378
	690	378
	691	378
	692	378
	693	378
	694	378
	694	377
	694	376
	695	376
	695	375
	695	374
	695	373
	695	372
	695	371
	694	371
	694	370
	694	369
	694	368
	694	367
	695	367
	696	367
	696	368
	696	369
.PEN_UP
.PEN_DOWN
	708	373
	709	374
	710	375
	710	376
	709	376
	709	377
	709	378
	708	378
	708	379
	707	379
	706	379
	705	379
	704	379
	703	378
	702	378
	702	377
	701	377
	701	376
	700	375
	700	374
	700	373
	700	372
	700	371
	701	370
	701	369
	702	369
	703	368
	704	368
	705	368
	706	369
	706	370
	707	371
	708	372
	708	373
	709	373
	709	374
	709	375
	709	376
	710	378
	710	380
	710	381
	710	382
	711	383
	711	384
	711	385
	711	386
	711	387
	711	388
	711	389
	711	390
	711	391
	711	390
	711	389
	710	388
	710	387
	710	386
	710	385
	710	384
	710	383
	710	382
	710	381
	710	380
	711	379
	711	378
	711	376
	711	375
	711	374
	711	373
	711	372
	712	371
	712	370
	712	369
	713	369
	713	370
	714	370
	715	371
.PEN_UP
.PEN_DOWN
	723	368
	724	368
	725	368
	726	368
	727	368
	728	368
	729	368
	730	368
	731	368
	732	368
	733	368
	734	369
	735	369
	736	369
	737	369
.PEN_UP
.PEN_DOWN
	748	369
	749	369
	749	368
	750	367
	751	367
.PEN_UP
