
.WRITER_ID BeckyHammaker
.STYLE PRINTED
.PEN_DOWN
	125	392
	125	393
	124	393
	124	392
	124	391
	124	390
	124	389
	124	388
	124	387
	124	386
	124	385
	124	383
	125	382
	125	381
	125	380
	125	379
	125	378
	125	377
	125	376
	125	375
	126	374
	126	373
	126	372
	127	372
.PEN_UP
.PEN_DOWN
	137	394
	137	393
	136	393
	136	392
	136	391
	135	391
	135	390
	135	389
	135	388
	135	387
	134	387
	134	386
	134	385
	134	384
	134	383
	135	382
	135	381
	136	380
	137	379
	138	379
	139	379
	140	379
	142	379
	143	380
	144	380
	145	381
	146	382
	146	383
	146	384
	146	386
	146	387
	146	388
	146	389
	146	390
	145	391
	145	392
	144	393
	143	393
	143	394
	142	394
	141	394
	141	395
	140	395
	139	395
	138	395
	138	394
	137	394
	136	394
	135	394
	135	393
.PEN_UP
.PEN_DOWN
	153	396
	153	395
	153	394
	153	393
	152	393
	152	392
	152	391
	151	390
	151	389
	151	388
	151	387
	151	386
	151	385
	152	384
	152	383
	153	382
	154	381
	155	381
	156	380
	157	380
	158	380
	158	381
	159	381
	160	382
	161	383
	161	384
	162	385
	162	386
	162	387
	162	388
	162	389
	162	390
	162	391
	161	391
	161	392
	160	392
	160	393
	160	394
	159	394
	158	395
	157	396
	156	396
	156	397
	155	397
	154	397
	153	397
	152	397
	152	396
.PEN_UP
.PEN_DOWN
	175	398
	174	398
	174	397
	173	397
	173	396
	172	396
	172	395
	172	394
	172	393
	173	392
	174	391
	175	391
	176	391
	177	391
	178	391
	179	392
	180	393
	181	394
	181	395
	181	396
	181	398
	180	398
	180	399
	179	400
	178	401
	177	401
	176	401
	175	401
	175	400
	174	400
.PEN_UP
.PEN_DOWN
	191	403
	190	403
	190	402
	190	401
	189	401
	189	400
	188	399
	188	398
	188	397
	187	396
	187	395
	186	394
	186	393
	185	392
	185	391
	185	390
	184	389
	184	388
	184	387
	183	386
	183	385
	183	384
	183	383
	182	383
	182	382
	182	381
	182	380
.PEN_UP
.PEN_DOWN
	194	389
	194	388
	193	387
	192	386
	191	385
	191	384
	190	384
	190	383
	190	382
	190	381
	191	381
	191	380
	192	379
	193	379
	194	379
	194	378
	195	378
	196	378
	197	379
	198	380
	199	381
	199	382
	199	383
	199	384
	198	384
	198	385
	197	386
	196	387
	195	387
	195	388
	194	388
.PEN_UP
.PEN_DOWN
	232	386
	231	385
	230	385
	229	385
	228	384
	227	384
	227	383
	226	382
	226	381
	226	380
	226	379
	226	378
	227	378
	227	377
	228	377
	230	377
	231	377
	232	377
	233	377
	234	378
	235	378
	235	379
	236	379
	236	380
	236	381
	236	382
	236	383
	236	384
	236	385
	235	386
	235	387
	234	387
	233	388
	232	389
	231	389
	231	390
	230	390
	230	389
	231	389
.PEN_UP
.PEN_DOWN
	243	376
	243	377
	243	378
	243	379
	243	380
	242	381
	242	383
	242	384
	242	385
	242	386
	241	387
	241	388
	241	389
	241	390
	241	391
	241	392
	240	393
	240	394
	240	395
	241	395
	241	396
	242	397
	242	398
	243	398
	244	398
	245	398
	245	399
	246	399
	247	399
	248	399
	248	398
	249	398
	250	398
	250	397
	250	396
.PEN_UP
.PEN_DOWN
	243	385
	244	384
	245	384
	246	384
	247	384
	248	384
.PEN_UP
.PEN_DOWN
	271	394
	271	393
	271	392
	271	391
	271	390
	271	389
	271	388
	271	387
	271	386
	272	386
	272	385
	272	384
	272	383
	272	382
	272	381
	273	381
	273	380
	273	379
	273	378
.PEN_UP
.PEN_DOWN
	278	398
	279	398
	279	397
	280	396
	280	395
	280	394
	280	393
	280	392
	280	391
	280	389
	280	388
	280	387
	280	386
	280	385
	280	384
	281	383
	281	382
	281	381
	281	380
	281	379
	281	378
	282	378
	281	378
.PEN_UP
.PEN_DOWN
	264	390
	265	390
	266	389
	267	389
	268	389
	269	389
	270	389
	271	389
	271	390
	272	390
	273	390
	274	390
	275	390
	277	390
	278	390
	279	390
	280	390
	281	390
	282	390
	282	389
.PEN_UP
.PEN_DOWN
	264	384
	265	384
	266	384
	267	384
	267	383
	268	383
	269	383
	270	383
	271	383
	272	383
	273	383
	274	383
	275	383
	276	383
	277	383
	278	383
	279	383
	280	383
	281	383
.PEN_UP
.PEN_DOWN
	291	399
	292	399
	292	398
	292	397
	292	396
	292	395
	292	394
	292	393
	292	392
	293	392
.PEN_UP
.PEN_DOWN
	302	390
	301	389
	300	389
	299	388
	298	388
	298	387
	297	387
	296	386
	297	386
	297	385
	298	385
	299	385
	300	385
	301	385
	302	385
	303	385
	303	384
	304	384
	304	383
	305	383
	305	382
	305	381
	305	380
	305	379
	305	378
	304	377
	303	377
	303	376
	301	376
	300	376
	299	376
	298	376
	297	376
	296	376
	295	376
.PEN_UP
.PEN_DOWN
	332	399
	332	398
	332	399
	331	399
	331	398
	330	398
	330	397
	329	396
	329	395
	328	395
	328	394
	328	393
	327	392
	327	391
	326	390
	325	388
	324	387
	324	386
	323	385
	323	384
	322	383
	322	382
	321	381
	321	380
	321	379
	320	378
	320	377
	319	376
	318	375
	318	374
	317	373
	317	372
	318	372
	319	372
.PEN_UP
.PEN_DOWN
	343	386
	343	385
	342	385
	342	384
	341	384
	341	383
	340	383
	340	382
	340	381
	339	381
	339	380
	339	379
	339	378
	339	377
	340	376
	340	375
	341	375
	342	375
	342	374
	343	374
	344	374
	345	375
	346	375
	346	376
	347	376
	348	377
	348	378
	349	379
	349	380
	350	381
	350	382
	350	383
	350	384
	350	385
	350	386
	350	387
	349	388
	349	389
	348	389
	347	389
	346	389
	345	389
	344	389
	343	389
	343	388
.PEN_UP
.PEN_DOWN
	390	377
	391	378
	391	379
	391	380
	391	381
	391	382
	391	383
	390	383
	390	384
	389	384
	388	384
	387	384
	386	384
	385	384
	384	384
	383	384
	383	383
	382	383
	382	382
	381	382
	381	381
	380	381
	380	380
	380	379
	380	378
	380	377
	380	376
	381	375
	382	375
	382	374
	383	374
	384	374
	385	374
	386	375
	387	375
	387	376
	388	376
	388	377
	389	378
	389	379
	390	380
	390	381
	390	382
	390	381
	391	380
	391	379
	391	378
	391	377
	391	376
	392	376
	392	375
	392	374
	392	373
	393	373
	393	372
	394	372
	394	373
.PEN_UP
.PEN_DOWN
	397	384
	397	383
	398	383
	398	382
	398	381
	399	381
	399	380
	399	379
	400	378
	400	377
	400	376
	400	375
	400	374
	400	373
	400	374
	400	375
	400	376
	400	377
	400	378
	400	379
	400	380
	400	381
	400	382
	401	383
	401	384
	402	384
	403	384
	404	384
	405	384
	407	384
	408	384
	409	384
	409	383
	409	382
	408	382
.PEN_UP
.PEN_DOWN
	413	378
	413	377
	414	377
	415	377
	416	378
	417	378
	417	379
	417	380
	418	380
	418	381
	418	382
	417	382
	417	383
	416	383
	414	383
	414	382
	413	382
	412	381
	411	380
	411	379
	410	379
	410	378
	410	377
	410	376
	410	375
	411	374
	411	373
	412	373
	412	372
	413	372
	413	371
	414	371
	416	371
	417	371
	418	371
	419	371
	420	371
	421	371
	422	371
	423	371
	423	372
.PEN_UP
.PEN_DOWN
	439	394
	439	395
	439	396
	440	396
	440	397
	441	397
	441	398
	442	398
	443	399
	444	399
	444	400
	444	401
	445	401
	446	401
	446	400
	446	399
	446	398
	447	397
	447	396
	447	395
	448	395
.PEN_UP
.PEN_DOWN
	453	385
	453	384
	453	383
	453	382
	453	381
	453	380
	453	379
	453	378
	453	377
	454	377
	454	376
	455	376
	455	375
	456	375
	457	375
	458	375
	459	375
	460	375
	460	376
	461	376
	461	377
	462	378
	462	379
	463	380
	463	381
	463	382
	463	383
	463	384
	463	385
	463	384
	464	383
	464	382
	464	381
	464	380
	465	379
	465	378
	466	377
	466	376
	467	376
	468	376
	468	375
	469	375
	469	376
.PEN_UP
.PEN_DOWN
	472	383
	472	382
	473	381
	473	380
	473	379
	473	378
	474	377
	474	376
	474	375
	474	376
	474	377
	474	378
	475	380
	475	381
	475	382
	475	383
	475	384
	476	384
	476	385
	477	385
	478	385
	479	385
	480	385
	481	385
	482	384
	482	383
	482	382
	483	382
	483	381
	483	380
	483	379
	483	378
	483	377
	483	376
	483	375
	483	374
	483	373
	484	373
	484	374
	484	375
	485	375
.PEN_UP
.PEN_DOWN
	492	382
	492	381
	491	381
	490	381
	489	381
	488	381
	488	380
	487	380
	486	380
	486	379
	485	379
	485	378
	485	377
	485	376
	485	375
	486	375
	486	374
	487	374
	488	373
	489	373
	489	372
	490	372
	491	372
	492	372
	492	373
	492	374
	493	374
	493	375
.PEN_UP
.PEN_DOWN
	489	402
	489	403
	489	402
	489	401
	489	400
	489	399
	489	398
	490	396
	490	395
	490	394
	490	393
	490	392
	490	390
	490	389
	490	388
	490	387
	491	385
	491	383
	491	382
	491	381
	491	380
	491	379
	491	378
	491	377
	491	376
	491	375
	492	375
	493	376
	494	376
	494	377
.PEN_UP
.PEN_DOWN
	500	377
	501	377
	502	377
	502	378
	502	379
	503	380
	503	381
	504	381
	504	382
	504	383
	504	384
	503	384
	503	385
	502	385
	502	384
	501	384
	500	383
	499	383
	499	382
	498	381
	498	380
	498	379
	498	378
	498	377
	499	377
	499	376
	500	376
	500	375
	501	375
	501	374
	502	374
	503	374
	504	373
	505	373
	506	373
	507	373
	508	373
	508	374
	509	374
	510	374
.PEN_UP
.PEN_DOWN
	514	369
	514	370
	513	370
	513	371
	513	372
	513	373
	513	374
	513	375
	513	376
	513	377
	512	379
	512	380
	512	381
	512	382
	512	384
	512	385
	512	386
	512	387
	512	388
	512	389
	512	390
	512	391
	512	392
	513	392
	513	393
	514	393
	514	394
	515	394
	516	394
	517	394
	518	394
	519	394
	520	394
	520	393
	520	392
	521	392
	521	391
.PEN_UP
.PEN_DOWN
	516	379
	517	379
	518	379
	518	378
	519	378
	519	377
.PEN_UP
.PEN_DOWN
	528	375
	528	374
	528	373
	528	372
	528	371
	528	370
	528	369
	528	368
	529	368
	529	369
	529	370
.PEN_UP
.PEN_DOWN
	525	384
	526	384
	526	383
.PEN_UP
.PEN_DOWN
	539	380
	540	380
	540	379
	540	378
	540	377
	540	376
	539	373
	539	372
	539	371
	539	370
	538	370
	538	369
	538	368
	538	367
	538	368
	538	369
	538	370
	538	371
	539	371
	539	372
	539	373
	539	374
	539	375
	540	376
	540	377
	541	378
	541	379
	542	379
	542	380
	543	380
	544	380
	545	380
	545	379
	546	379
	546	378
	546	377
	546	376
	547	376
	547	375
	547	374
	547	373
	547	372
	547	371
	547	370
	547	369
	548	369
	548	368
	549	368
	549	369
	550	369
	550	370
.PEN_UP
.PEN_DOWN
	554	373
	555	373
	556	373
	557	373
	557	374
	558	374
	558	375
	559	375
	559	376
	560	376
	560	377
	560	378
	560	379
	560	380
	559	380
	558	380
	558	379
	557	379
	556	378
	555	378
	555	377
	554	377
	554	376
	554	375
	554	374
	554	373
	554	372
	554	371
	555	371
	555	370
	556	369
	557	368
	558	368
	558	367
	559	367
	560	367
	561	367
	562	366
	563	366
	564	366
	565	367
	566	367
	566	368
	567	368
	567	369
.PEN_UP
.PEN_DOWN
	576	376
	575	376
	574	376
	573	376
	572	376
	571	376
	570	376
	569	376
	569	375
	568	375
	568	374
	567	374
	567	373
	566	373
	566	372
	566	371
	567	370
	568	369
	568	368
	569	368
	569	367
	570	367
	571	366
	572	366
	574	365
	575	365
	576	365
	577	365
	577	366
.PEN_UP
.PEN_DOWN
	577	403
	577	402
	577	401
	577	400
	577	398
	577	396
	577	395
	577	394
	577	391
	577	389
	577	387
	577	385
	577	384
	577	382
	577	380
	577	378
	577	376
	577	374
	577	373
	577	372
	577	371
	577	370
	577	369
.PEN_UP
.PEN_DOWN
	592	395
	593	395
	593	396
	594	397
	594	398
	595	398
	596	398
	597	399
	598	399
	598	400
	599	400
	600	400
	601	400
	601	399
	601	398
	601	397
	601	396
	601	395
	601	394
	602	394
	602	393
	603	393
.PEN_UP
