
.WRITER_ID BeckyHammaker
.STYLE PRINTED
.PEN_DOWN
	103	389
	103	390
	103	389
	103	388
	104	387
	104	386
	105	384
	105	383
	105	382
	105	381
	105	380
	106	378
	106	377
	106	376
	106	375
	106	374
	106	373
	106	372
	106	371
	107	371
.PEN_UP
.PEN_DOWN
	95	388
	96	388
	97	388
	98	389
	99	389
	100	389
	100	390
	101	390
	101	391
	102	391
	102	392
	103	392
	104	392
	105	393
	106	393
	107	393
	108	393
	108	394
	109	394
	110	394
	111	394
	111	393
	112	393
	112	392
	113	392
	113	391
	113	390
	114	389
	114	388
	114	387
	113	386
	113	385
	112	384
	111	383
	110	383
	109	383
	109	382
	108	382
	107	382
	106	382
	105	382
	105	383
	104	383
.PEN_UP
.PEN_DOWN
	123	376
	124	376
	125	377
	126	377
	126	378
	127	379
	127	380
	127	381
	127	382
	126	382
	125	382
	124	382
	124	381
	123	380
	122	380
	122	379
	122	378
	122	377
	122	376
	122	375
	122	374
	122	373
	122	372
	123	372
	123	371
	124	371
	125	371
	126	370
	127	370
	128	370
	129	370
	130	371
	131	371
	131	372
.PEN_UP
.PEN_DOWN
	135	377
	136	377
	136	376
	137	375
	137	374
	137	373
	138	373
	138	372
	138	371
	139	371
	139	370
	138	370
	138	371
	137	371
	136	372
	136	373
	136	374
	136	375
	136	376
	136	377
	136	378
	136	379
	137	380
	138	380
	139	380
	139	381
	140	381
	141	381
.PEN_UP
.PEN_DOWN
	143	389
	143	388
	143	387
	144	387
	144	386
	144	385
	144	384
	145	383
	145	382
	145	381
	146	381
	146	380
	146	379
	146	378
	146	377
	146	376
	147	375
	147	374
	148	373
	148	372
	148	371
	148	372
	148	373
	148	374
	148	375
	148	376
	148	377
	148	378
	149	379
	150	380
	151	380
	152	380
	153	380
	153	379
	154	379
	154	378
	154	377
	154	376
	154	375
	155	375
	155	374
	155	373
	156	372
	156	371
	157	371
	157	370
	158	370
	158	371
.PEN_UP
.PEN_DOWN
	168	378
	167	378
	166	378
	165	378
	164	378
	163	377
	162	376
	162	375
	162	374
	162	373
	163	373
	164	372
	165	372
	166	372
	167	372
	168	372
	168	373
	168	374
	168	375
	168	376
	169	376
	170	376
	170	375
	170	374
	170	373
	171	373
	171	372
	172	371
	172	370
	173	370
.PEN_UP
.PEN_DOWN
	177	376
	178	376
	178	375
	178	374
	178	373
	178	372
	179	371
	179	370
	179	369
	179	368
	179	367
	179	366
	179	365
	179	364
	179	363
	179	362
	179	360
	179	359
	179	358
	179	357
	180	356
	180	357
	179	358
	179	359
	179	360
	179	361
	179	362
	178	363
	178	364
	178	365
	178	366
	177	366
	177	367
	177	368
	177	369
	177	370
	177	371
	176	371
	176	372
	176	373
	176	374
	177	375
	177	376
	178	376
	178	377
	179	377
	179	378
	180	378
	181	378
	182	378
	183	378
	184	378
	185	378
	186	377
	187	376
	187	375
	187	374
	187	373
	187	372
	187	371
	186	371
	186	370
	185	369
	184	368
	183	368
	182	368
	181	368
	180	368
	180	369
	179	369
	179	370
	179	371
	178	372
.PEN_UP
.PEN_DOWN
	201	382
	200	382
	199	381
	198	381
	198	380
	197	380
	196	380
	195	379
	194	379
	194	378
	193	378
	194	378
	195	378
	196	378
	197	378
	198	378
	198	377
	199	377
	200	377
	201	377
	202	377
	202	376
	203	376
	204	375
	204	374
	204	373
	204	372
	204	371
	204	370
	203	370
	203	369
	201	369
	200	369
	199	369
	198	369
	197	369
	196	370
	195	370
	194	371
	194	372
.PEN_UP
.PEN_DOWN
	227	385
	227	384
	228	383
	228	382
	228	381
	228	380
	229	379
	229	378
	229	377
	229	376
	229	375
	230	374
	230	373
	230	372
	230	371
	230	370
	230	369
	231	369
	231	368
	231	369
.PEN_UP
.PEN_DOWN
	223	378
	224	378
	225	378
	225	377
	226	377
	227	377
	228	377
	229	377
	230	377
	231	377
	232	377
	233	377
	234	377
.PEN_UP
.PEN_DOWN
	235	390
	235	389
	235	388
	235	387
	235	386
	236	385
	236	384
	236	383
	236	382
	237	381
	237	380
	237	379
	237	378
	238	377
	238	376
	238	375
	238	374
	238	373
	238	372
	238	370
	238	369
	238	368
	238	369
	239	369
	239	370
	239	371
	239	372
	239	373
	240	375
	240	376
	241	376
	241	377
	242	377
	243	377
	244	377
	244	376
	245	375
	246	374
	246	373
	246	372
	246	371
	246	370
	247	369
	248	369
	248	370
.PEN_UP
.PEN_DOWN
	251	374
	252	374
	253	374
	254	375
	255	375
	255	376
	256	377
	256	378
	256	379
	255	379
	254	379
	253	379
	252	378
	251	378
	251	377
	250	377
	250	376
	250	375
	250	374
	250	373
	251	373
	251	372
	252	372
	252	371
	253	371
	254	371
	255	371
	255	370
	256	370
	257	370
	258	370
	259	370
	260	370
	261	370
.PEN_UP
.PEN_DOWN
	300	376
	300	377
	299	377
	299	378
	298	379
	298	380
	297	380
	296	380
	295	380
	294	380
	293	380
	293	379
	293	378
	293	377
	292	377
	292	376
	292	375
	293	374
	293	373
	294	372
	295	371
	296	371
	297	371
	298	371
	298	372
	299	372
	300	373
	300	374
	300	375
	301	375
	301	376
	301	375
	301	374
	301	373
	301	372
	301	371
	301	370
	302	369
	302	368
	302	367
	302	366
	303	365
	303	364
	303	363
	303	362
	303	361
	303	360
	303	359
	303	358
	303	357
	302	356
	301	355
	301	354
	300	354
	299	354
	298	354
	297	354
	296	354
	295	354
	294	354
	294	355
	293	355
	292	355
	292	356
.PEN_UP
.PEN_DOWN
	307	391
	307	390
	307	389
	308	389
	308	388
	308	387
	309	386
	309	385
	309	384
	309	383
	310	382
	310	381
	310	380
	310	379
	310	378
	310	377
	310	376
	310	375
	310	374
	310	372
	311	371
	311	370
	311	369
	311	368
.PEN_UP
.PEN_DOWN
	327	373
	327	374
	327	375
	326	376
	325	376
	324	376
	323	376
	322	376
	322	375
	321	375
	321	374
	320	373
	320	372
	320	371
	320	370
	320	369
	321	369
	322	369
	323	369
	324	369
	325	369
	326	370
	327	370
	327	371
	328	371
	328	372
	328	373
	328	372
	329	371
	329	370
	330	370
	330	369
	331	369
	332	369
	332	368
	333	368
	334	368
	335	368
	335	369
	334	369
.PEN_UP
.PEN_DOWN
	338	378
	337	377
	336	376
	335	376
	335	375
	334	375
	334	374
	335	374
	336	374
	337	374
	338	374
	339	374
	340	374
	341	374
	342	374
	343	374
	344	374
	345	374
	345	373
	346	373
	346	372
	346	371
	346	370
	346	369
	346	368
	345	368
	345	367
	344	367
	343	366
	342	366
	341	366
	340	366
	339	366
	338	366
	337	367
	336	367
	336	368
.PEN_UP
.PEN_DOWN
	351	380
	351	379
	350	378
	349	377
	349	376
	350	376
	351	376
	352	376
	353	376
	354	376
	355	376
	356	376
	356	375
	357	375
	357	374
	358	373
	358	372
	358	371
	357	370
	357	369
	356	369
	355	368
	355	367
	354	367
	353	367
	352	367
	351	367
	350	367
	350	368
	349	368
	349	369
	348	369
	348	370
.PEN_UP
.PEN_DOWN
	389	373
	389	372
	389	371
	389	370
	389	369
	390	368
	390	367
	390	365
	391	364
	391	363
	391	362
	391	361
	391	360
	391	359
	391	358
	392	358
	392	357
	392	356
	392	357
	392	358
	392	359
	391	360
	391	361
	391	362
	391	363
	390	364
	390	365
	390	366
	390	367
	390	368
	389	369
	389	370
	389	371
	390	371
	390	372
	390	373
	390	374
	390	375
	391	376
	392	376
	393	376
	394	376
	395	376
	396	376
	397	376
	398	375
	399	374
	399	373
	399	372
	399	371
	399	370
	398	369
	397	368
	396	367
	395	367
	394	366
	393	366
	392	366
	391	366
	391	367
	390	367
	390	368
	389	368
	389	369
	389	370
.PEN_UP
.PEN_DOWN
	401	391
	402	391
	402	390
	403	389
	404	389
	404	388
	405	387
	405	386
	405	385
	405	383
	406	383
	406	382
	406	381
	406	380
	406	379
	407	378
	407	377
	407	376
	407	375
	408	374
	408	373
	408	372
	408	371
	409	370
	410	370
	410	371
.PEN_UP
.PEN_DOWN
	420	371
	421	371
	421	372
	421	373
	421	374
	421	375
	420	376
	419	376
	418	376
	417	376
	416	376
	415	376
	415	375
	414	375
	414	374
	414	373
	414	372
	414	371
	414	370
	416	370
	416	369
	417	369
	418	369
	419	370
	420	370
	420	371
	421	371
	422	371
	422	372
	422	373
	422	374
	423	374
	424	373
	424	372
	424	371
	425	371
	425	370
	425	369
	426	369
	426	368
	426	367
	427	367
	427	368
.PEN_UP
.PEN_DOWN
	427	387
	428	387
	428	386
	428	385
	429	385
	429	384
	429	383
	429	382
	430	380
	430	379
	431	379
	431	378
	431	377
	431	376
	432	376
	433	375
	433	374
	434	373
	434	372
	434	371
	435	371
	435	370
	435	371
.PEN_UP
.PEN_DOWN
	425	379
	425	378
	426	378
	427	378
	428	377
	429	377
	430	377
	431	377
	432	377
	433	377
	434	377
	435	377
	436	377
.PEN_UP
.PEN_DOWN
	441	374
	442	374
	443	374
	444	374
	445	375
	445	376
	446	376
	446	377
	446	378
	446	379
	445	379
	445	380
	444	380
	443	380
	442	379
	441	379
	441	378
	440	378
	440	377
	440	376
	439	376
	439	375
	439	374
	439	373
	440	373
	440	372
	441	372
	441	371
	442	371
	443	371
	444	371
	445	371
	446	371
	447	371
	448	371
	449	371
	450	371
	451	371
	452	372
	452	371
.PEN_UP
.PEN_DOWN
	461	381
	461	382
	460	382
	459	382
	458	382
	457	381
	456	381
	455	381
	454	381
	453	380
	452	380
	451	380
	451	379
	452	379
	453	379
	454	379
	455	379
	456	379
	457	379
	458	379
	459	379
	460	378
	461	378
	462	377
	463	377
	463	376
	464	376
	464	375
	465	374
	465	373
	466	372
	466	371
	466	370
	466	369
	465	369
	465	368
	464	368
	463	368
	463	367
	462	367
	461	367
	460	367
	459	367
	458	367
	458	368
	457	368
	456	369
.PEN_UP
.PEN_DOWN
	490	376
	491	376
	492	375
	492	374
	492	373
	492	372
	493	371
	493	370
	494	369
	494	368
	495	368
	495	367
	496	367
	496	368
	496	369
	497	369
	497	370
	498	371
	499	372
	500	373
	501	374
	501	375
	502	375
	502	374
	502	373
	503	372
	503	371
	503	370
	504	370
	504	369
	505	368
	506	368
	507	368
	508	368
	508	369
	509	369
	509	370
	509	371
	509	372
	510	372
	510	374
	510	375
	510	376
	510	377
	510	378
	510	379
	510	380
	511	380
	511	379
	511	378
.PEN_UP
.PEN_DOWN
	517	371
	518	371
	519	371
	519	372
	520	372
	521	373
	522	374
	523	374
	523	375
	523	376
	523	377
	522	377
	521	377
	520	377
	519	377
	518	377
	517	376
	517	375
	517	374
	517	373
	517	372
	518	371
	519	371
	519	370
	520	370
	521	370
	522	370
	523	370
	524	370
	525	370
	526	370
	527	370
	527	371
.PEN_UP
.PEN_DOWN
	530	375
	530	374
	531	374
	531	373
	531	372
	532	371
	532	370
	532	369
	532	368
	533	367
	533	366
	533	367
	533	368
	533	369
	533	370
	532	371
	532	372
	532	373
	532	374
	532	375
	532	376
	533	376
	533	377
	534	377
	535	378
	536	378
	537	378
	538	378
	538	377
	539	377
.PEN_UP
.PEN_DOWN
	544	372
	545	372
	546	372
	547	372
	547	373
	547	374
	547	375
	547	376
	547	377
	547	378
	546	378
	545	378
	544	378
	544	377
	543	377
	543	376
	542	376
	542	375
	542	374
	542	373
	543	372
	543	371
	544	370
	545	370
	546	369
	547	369
	548	369
	549	368
	550	368
	551	368
	552	368
	553	368
	554	369
	555	369
	556	368
.PEN_UP
