
.WRITER_ID BeckyHammaker
.STYLE PRINTED
.PEN_DOWN
	87	386
	88	386
	88	387
	88	386
	88	385
	89	385
	89	384
	89	383
	89	382
	89	381
	89	380
	89	379
	90	377
	90	376
	90	375
	90	374
	90	373
	90	372
	90	371
	91	371
	91	370
.PEN_UP
.PEN_DOWN
	83	379
	84	379
	85	379
	86	379
	87	379
	88	380
	89	380
	90	380
	91	380
	92	380
	93	381
	94	381
	95	381
	96	381
.PEN_UP
.PEN_DOWN
	100	378
	101	378
	101	377
	102	377
	102	376
	103	376
	103	375
	103	374
	104	374
	104	373
	105	373
	105	372
	104	372
	104	373
	104	374
	103	374
	103	375
	103	376
	103	377
	103	378
	103	379
	103	380
	104	380
	104	381
	105	381
	106	382
	107	382
	108	382
	109	382
.PEN_UP
.PEN_DOWN
	117	376
	118	376
	119	377
	120	378
	120	379
	121	379
	121	380
	121	381
	120	381
	120	382
	119	382
	119	381
	118	381
	117	381
	117	380
	116	379
	116	378
	115	378
	115	377
	115	376
	115	375
	115	374
	115	373
	116	373
	117	372
	118	371
	119	371
	120	371
	121	371
	122	371
	123	371
	124	371
	125	371
	124	371
.PEN_UP
.PEN_DOWN
	136	376
	136	377
	135	378
	134	378
	133	378
	132	378
	131	378
	130	377
	129	377
	129	376
	128	376
	128	375
	129	374
	129	373
	130	372
	131	372
	131	371
	132	371
	133	371
	134	371
	135	372
	135	373
	136	373
	136	374
	136	375
	136	376
	137	376
	138	376
	138	375
	139	375
	139	374
	139	373
	140	373
	140	372
	141	372
	142	372
	143	372
	143	373
.PEN_UP
.PEN_DOWN
	145	389
	146	388
	146	387
	147	387
	147	386
	148	385
	148	384
	149	383
	149	382
	149	381
	150	381
	150	380
	150	379
	150	378
	151	377
	151	376
	152	374
	152	373
	152	372
	152	371
	153	371
	152	371
.PEN_UP
.PEN_DOWN
	144	379
	145	379
	146	378
	147	378
	148	378
	149	378
	150	378
	151	378
	152	378
	153	378
	154	378
	155	378
	156	378
	157	378
.PEN_UP
.PEN_DOWN
	166	375
	167	375
	167	376
	168	376
	169	377
	169	378
	170	378
	170	379
	171	379
	171	380
	171	381
	170	381
	169	381
	168	381
	167	381
	166	380
	165	380
	165	379
	164	379
	164	378
	164	377
	164	376
	164	375
	164	374
	165	373
	166	372
	167	372
	168	372
	169	372
	170	372
	171	372
	172	372
	173	372
	174	372
.PEN_UP
.PEN_DOWN
	181	376
	180	376
	179	376
	178	376
	177	375
	177	374
	177	373
	178	372
	179	372
	180	372
	180	371
	181	371
	183	371
	184	371
	185	371
	186	371
.PEN_UP
.PEN_DOWN
	180	394
	180	393
	180	392
	181	392
	181	391
	181	390
	182	389
	182	388
	182	387
	183	386
	184	385
	184	384
	184	383
	185	382
	185	381
	185	380
	186	379
	186	378
	186	377
	187	376
	187	375
	187	374
	188	373
	188	372
	188	371
.PEN_UP
.PEN_DOWN
	212	393
	213	393
	213	392
	213	391
	214	391
	214	390
	214	389
	214	388
	215	387
	215	386
	215	385
	215	384
	216	384
	216	383
	216	382
	216	381
	216	380
	216	379
	217	379
	217	378
	217	376
	217	375
	217	374
	218	374
	218	375
	218	376
	219	376
	219	377
	219	378
	219	379
	219	380
	220	380
	220	381
	220	382
	221	382
	222	382
	222	383
	223	383
	224	383
	225	382
	226	382
	226	381
	227	381
	227	380
	228	379
	228	378
	228	377
	228	376
	228	375
	227	374
	227	373
	226	372
	225	372
	224	371
	223	371
	222	371
	221	371
	220	371
	220	372
	220	373
	219	373
	219	374
	219	375
.PEN_UP
.PEN_DOWN
	230	377
	230	376
	231	376
	231	375
	232	375
	232	374
	233	374
	234	373
	235	373
	236	373
	236	372
	237	372
	238	372
.PEN_UP
.PEN_DOWN
	240	381
	240	380
	240	379
	240	378
	240	377
	240	376
	239	376
	239	375
	239	374
	239	373
	239	372
	239	371
	239	370
	239	369
	239	368
	239	367
	238	365
	238	364
	238	363
	238	362
	237	361
	237	359
	237	358
	237	357
	236	357
	236	356
	237	356
.PEN_UP
.PEN_DOWN
	274	381
	274	382
	273	382
	272	382
	272	381
	270	381
	269	381
	268	380
	267	380
	266	380
	266	379
	266	378
	267	378
	268	378
	269	377
	270	377
	271	377
	272	377
	273	377
	274	377
	275	376
	276	376
	277	376
	277	375
	278	375
	278	374
	279	373
	279	372
	279	371
	278	370
	278	369
	277	369
	276	368
	275	368
	274	368
	273	368
	272	368
	271	368
	270	368
	270	369
	269	369
	269	370
.PEN_UP
.PEN_DOWN
	283	377
	282	376
	281	376
	280	375
	280	374
	280	373
	280	372
	280	371
	281	371
	282	370
	283	369
	284	369
	285	369
	286	369
	287	369
	288	369
	289	370
	289	371
	290	371
	290	372
	290	373
	290	374
	290	376
	289	376
	289	377
	288	377
	288	378
	287	378
	286	379
	285	379
	284	379
	284	378
.PEN_UP
.PEN_DOWN
	297	375
	297	374
	297	373
	297	372
	297	371
	297	370
	297	369
	297	368
	297	369
	297	370
	298	370
	298	371
	298	372
	298	373
	298	374
	298	375
	298	376
	298	377
	299	377
	300	377
	301	377
	302	377
	302	376
	302	375
	302	374
	303	373
	303	372
	303	371
	303	370
	303	369
	304	369
	304	370
	304	371
	304	372
	305	373
	305	374
	305	375
	305	376
	306	376
	306	377
	306	378
	307	378
	308	378
	309	377
	310	376
	310	375
	311	375
	311	374
	312	374
	312	373
	312	372
	312	371
	312	370
	313	370
.PEN_UP
.PEN_DOWN
	322	374
	323	374
	324	374
	325	375
	326	375
	327	375
	327	376
	327	377
	326	377
	326	378
	325	378
	324	378
	323	377
	322	377
	321	377
	321	376
	320	376
	320	375
	319	375
	319	374
	319	373
	320	372
	320	371
	321	371
	322	370
	323	370
	323	369
	324	369
	325	369
	326	368
	327	368
	328	368
	329	368
.PEN_UP
.PEN_DOWN
	370	376
	370	375
	370	376
	369	376
	369	377
	369	378
	368	378
	368	379
	367	379
	366	379
	365	378
	364	377
	364	376
	363	376
	363	375
	363	374
	363	373
	364	372
	364	371
	365	371
	366	371
	367	371
	368	371
	368	372
	369	372
	369	373
	370	373
	370	374
	371	374
	371	375
	371	374
	372	374
	372	373
	372	372
	372	371
	373	371
	373	370
	374	370
	375	370
	375	371
.PEN_UP
.PEN_DOWN
	377	376
	377	375
	378	375
	378	374
	379	374
	379	373
	379	372
	380	371
	380	370
	381	370
	381	369
	381	368
	381	369
	381	370
	381	371
	380	371
	380	372
	379	373
	379	374
	379	375
	379	376
	380	376
	380	377
	381	378
	382	378
	383	378
	384	378
	385	379
	386	379
	387	379
	388	379
	388	378
.PEN_UP
.PEN_DOWN
	397	379
	397	378
	396	378
	395	377
	394	377
	393	376
	392	376
	392	375
	391	374
	391	373
	391	372
	392	372
	392	371
	393	371
	393	370
	394	370
	395	370
	396	370
	396	369
	397	369
	398	369
	399	370
	400	370
	401	370
	402	370
	403	370
.PEN_UP
.PEN_DOWN
	413	374
	412	374
	412	375
	412	376
	411	376
	411	377
	410	377
	409	378
	408	378
	407	378
	406	378
	405	378
	404	377
	404	376
	404	375
	404	374
	404	373
	405	373
	405	372
	406	371
	407	371
	408	371
	409	371
	410	371
	410	372
	411	372
	411	373
	411	374
	412	374
	412	375
	412	376
	413	376
	414	375
	414	374
	415	374
	415	373
	415	372
	415	371
	415	370
	416	370
	416	369
	416	368
	417	368
	417	369
.PEN_UP
.PEN_DOWN
	420	376
	421	375
	421	374
	422	373
	422	372
	422	371
	423	370
	423	369
	423	368
	424	368
	424	367
	424	368
	424	369
	424	370
	424	371
	424	372
	424	373
	424	374
	424	375
	425	376
	426	377
	427	377
	428	377
	428	376
	429	376
	430	375
	430	374
	431	374
	431	373
	431	372
	431	371
	432	370
	432	369
	432	368
	433	368
	433	367
	433	366
	433	367
.PEN_UP
.PEN_DOWN
	440	371
	441	370
	442	370
	443	371
	444	371
	445	371
	445	372
	446	373
	446	374
	446	375
	445	376
	444	376
	443	376
	442	376
	441	376
	440	376
	440	375
	440	374
	439	374
	439	373
	439	372
	439	371
	439	370
	440	370
	440	369
	440	368
	441	368
	442	367
	443	367
	444	367
	445	367
	446	367
	447	367
	448	367
	449	367
	450	367
	451	367
.PEN_UP
.PEN_DOWN
	471	375
	472	375
	473	376
	473	375
	473	374
	474	374
	474	373
	474	372
	474	371
	475	371
	475	369
	475	368
	475	367
	475	366
	476	365
	476	364
	476	363
	476	362
	476	361
	477	360
	477	359
	478	358
	478	359
	477	359
	477	360
	477	361
	476	362
	476	363
	476	364
	475	365
	475	366
	475	367
	475	368
	474	369
	474	370
	474	371
	474	372
	474	373
	474	374
	474	375
	474	376
	475	377
	475	378
	476	378
	477	379
	478	379
	479	379
	480	380
	481	379
	482	379
	483	378
	484	377
	484	376
	484	375
	484	374
	484	373
	484	372
	483	371
	481	370
	480	370
	479	369
	478	369
	477	369
	476	369
	475	369
	475	370
	474	370
	474	371
	474	372
.PEN_UP
.PEN_DOWN
	492	376
	492	375
	493	374
	493	373
	493	372
	493	371
	493	370
	493	369
	493	368
	493	369
	493	370
	493	371
	493	372
	493	373
	493	374
	493	376
	494	376
	494	377
	494	378
	495	378
	496	378
	497	378
	497	379
	498	379
	499	379
	500	379
.PEN_UP
.PEN_DOWN
	503	376
	503	375
	503	374
	503	373
	503	372
	503	371
	503	370
	504	370
	505	369
	506	369
	507	369
	508	369
	509	369
	510	369
	510	370
	511	370
	512	370
	513	371
	514	372
	514	373
	514	374
	514	375
	513	375
	513	376
	512	376
	512	377
	511	377
	510	377
	509	378
	508	378
	507	379
	506	379
	505	379
	504	379
	504	378
.PEN_UP
.PEN_DOWN
	523	380
	523	379
	522	379
	522	378
	521	378
	520	377
	519	376
	519	375
	519	374
	518	374
	518	373
	518	372
	519	372
	519	371
	520	371
	521	371
	522	371
	523	371
	524	371
	525	371
	527	371
	528	371
	529	371
.PEN_UP
.PEN_DOWN
	531	372
	532	371
	533	371
	534	371
	535	371
	536	372
	537	373
	538	373
	538	374
	538	375
	539	375
	539	376
	539	377
	538	378
	537	378
	536	378
	535	378
	535	377
	534	377
	534	376
	533	376
	533	375
	533	374
	533	373
	533	372
	533	371
	534	371
	534	370
	535	370
	536	370
	537	370
	538	370
	539	370
	540	370
	541	370
	542	370
	543	370
	544	370
	545	370
.PEN_UP
.PEN_DOWN
	555	380
	554	380
	553	380
	552	380
	551	380
	550	380
	549	380
	548	379
	547	379
	547	378
	547	377
	548	377
	549	377
	550	377
	551	377
	552	377
	553	377
	554	376
	555	376
	556	375
	557	374
	557	373
	557	372
	557	371
	557	370
	556	369
	555	369
	555	368
	554	368
	553	368
	552	369
	551	369
	550	369
	549	370
.PEN_UP
.PEN_DOWN
	569	383
	568	383
	568	382
	567	382
	566	381
	564	381
	563	381
	563	380
	562	380
	561	380
	561	379
	561	378
	561	377
	562	377
	563	376
	564	376
	565	376
	567	376
	568	376
	569	376
	570	376
	571	376
	572	375
	573	375
	573	374
	574	374
	574	373
	574	372
	573	371
	572	370
	571	370
	570	369
	569	369
	568	368
	567	368
	566	368
	565	368
	565	367
.PEN_UP
