
.WRITER_ID BeckyHammaker
.STYLE PRINTED
.PEN_DOWN
	117	383
	118	383
	118	382
	118	381
	118	380
	118	379
	118	378
	118	377
	118	376
	118	375
	118	374
	118	372
	118	371
	119	371
	119	370
	119	369
	119	368
	120	368
.PEN_UP
.PEN_DOWN
	105	379
	106	379
	107	379
	108	380
	109	380
	110	381
	111	381
	112	382
	113	382
	113	383
	114	383
	115	383
	115	384
	116	384
	117	384
	118	385
	119	385
	120	385
	121	386
	122	386
	123	386
	123	387
	124	387
	124	388
	125	388
	125	387
.PEN_UP
.PEN_DOWN
	134	386
	134	385
	135	385
	135	384
	136	383
	136	382
	136	381
	136	380
	136	378
	137	377
	137	376
	137	375
	137	374
	137	373
	137	372
	138	371
	139	370
.PEN_UP
.PEN_DOWN
	143	391
	144	391
	145	391
	145	390
	146	390
	146	389
	146	388
	147	388
	147	387
	147	386
	147	385
	147	384
	148	383
	148	382
	148	380
	149	379
	149	378
	150	377
	150	376
	151	375
	151	374
	151	373
	152	373
	151	373
.PEN_UP
.PEN_DOWN
	138	378
	138	377
	139	377
	140	377
	141	377
	142	377
	142	378
	143	378
	144	378
	145	378
	146	379
.PEN_UP
.PEN_DOWN
	157	384
	158	384
	158	385
	159	385
	160	385
	161	385
	162	386
	163	386
	164	387
	165	387
	166	387
	167	387
	168	388
	169	388
	170	388
	170	389
.PEN_UP
.PEN_DOWN
	157	381
	157	380
	158	380
	158	379
	158	378
	159	378
	159	377
	159	376
	159	375
	160	374
	160	373
	160	372
	160	371
	161	371
	162	371
	163	371
	164	371
	165	371
	166	371
	167	372
	168	372
	169	372
	170	372
	171	372
	172	372
	172	373
	173	373
.PEN_UP
.PEN_DOWN
	159	377
	160	377
	161	377
	162	377
	163	377
	164	377
	165	378
	166	378
	167	378
.PEN_UP
.PEN_DOWN
	216	388
	216	389
	215	389
	214	389
	213	388
	212	388
	211	388
	211	387
	210	387
	209	386
	209	385
	208	385
	208	384
	208	383
	209	383
	209	382
	210	382
	211	382
	212	382
	213	382
	214	381
	215	381
	216	381
	217	380
	218	380
	219	380
	219	379
	220	379
	220	378
	221	378
	221	377
	221	376
	221	375
	221	374
	221	373
	220	373
	220	372
	219	372
	218	372
	217	372
	216	372
	215	372
	214	372
	213	372
	212	372
	212	373
.PEN_UP
.PEN_DOWN
	225	382
	225	381
	225	380
	225	379
	225	378
	225	377
	225	376
	226	376
	226	375
	226	374
	227	374
	227	373
	228	373
	229	372
	230	372
	231	372
	232	372
	232	373
	233	373
	234	373
	234	374
	235	374
	235	375
	235	376
	235	377
	236	377
	236	378
	236	379
	236	380
	235	381
	235	382
	235	383
	235	384
	234	384
	234	385
.PEN_UP
.PEN_DOWN
	244	371
	244	372
	245	372
	245	373
	245	374
	245	375
	246	376
	246	377
	246	379
	246	380
	246	381
	247	381
	247	382
	248	382
	249	382
	249	381
	250	381
	250	380
	250	379
	251	379
	251	378
	252	378
	252	377
	253	377
	253	376
	254	376
	254	375
	255	374
	255	373
	256	373
	256	372
	257	372
	258	372
	258	373
	258	372
.PEN_UP
.PEN_DOWN
	259	372
	259	371
	260	371
	260	372
	260	373
	260	374
	260	375
	260	376
	260	377
	260	378
	260	379
	260	380
	260	381
	260	382
	260	383
.PEN_UP
.PEN_DOWN
	303	383
	302	383
	302	382
	301	382
	300	382
	299	382
	298	382
	298	381
	297	381
	297	380
	296	380
	296	379
	295	378
	295	377
	295	376
	295	375
	295	374
	296	374
	296	373
	297	373
	297	372
	298	372
	299	372
	299	371
	300	371
	301	371
	302	371
	303	371
	304	371
	305	371
	306	371
	307	371
	308	371
	308	372
.PEN_UP
.PEN_DOWN
	314	370
	315	370
	316	371
	316	372
	316	373
	316	374
	317	374
	317	375
	317	376
	317	377
	318	378
	318	379
	318	380
	319	380
	319	381
	320	381
	320	382
	321	382
	321	383
	321	384
	322	384
	322	383
	323	383
	323	382
	323	381
	324	381
	324	380
	324	379
	324	378
	325	378
	325	377
	325	376
	326	375
	326	374
	326	373
	327	373
	327	372
	328	372
	328	371
	329	371
.PEN_UP
.PEN_DOWN
	316	375
	317	375
	318	375
	318	374
	319	374
	320	374
	321	374
	322	374
	323	374
	323	375
	324	375
	325	375
	326	375
	326	376
.PEN_UP
.PEN_DOWN
	337	381
	337	380
	337	379
	337	378
	337	377
	337	376
	337	375
	337	374
	337	373
	338	373
	338	372
	338	371
	339	371
	339	370
	340	370
	341	369
	342	369
	343	369
	344	369
	344	370
	345	370
	346	371
	347	371
	347	372
	348	373
	348	374
	348	375
	348	376
	348	377
	348	378
	348	379
	347	380
	347	381
	347	382
.PEN_UP
.PEN_DOWN
	362	384
	361	384
	360	383
	359	383
	359	382
	358	382
	358	381
	357	381
	356	381
	356	380
	355	380
	355	379
	355	378
	356	378
	357	378
	358	378
	359	378
	360	378
	361	378
	362	378
	362	377
	363	377
	364	377
	365	377
	365	376
	366	376
	367	376
	367	375
	368	375
	368	374
	368	373
	369	373
	369	372
	369	371
	368	371
	368	370
	368	369
	367	369
	367	368
	366	368
	365	367
	363	367
	363	368
	362	368
	361	368
	361	369
	360	369
	359	369
	359	370
	358	370
.PEN_UP
.PEN_DOWN
	383	381
	384	381
	385	381
	386	381
	387	381
	388	381
	389	381
	390	381
	391	381
	392	381
	392	382
	393	382
.PEN_UP
.PEN_DOWN
	381	379
	381	378
	381	377
	382	377
	382	376
	382	375
	382	374
	382	373
	382	372
	382	371
	382	370
	381	370
	381	369
	381	368
	382	368
	382	369
	383	369
	384	369
	385	369
	386	369
	387	368
	388	368
	389	368
	390	368
	391	368
	392	368
	393	368
	394	368
	395	368
	395	369
.PEN_UP
.PEN_DOWN
	383	375
	383	374
	384	374
	385	373
	386	373
	387	373
	388	373
	388	374
.PEN_UP
.PEN_DOWN
	407	383
	407	382
	408	382
	408	381
	408	380
	409	380
	409	379
	409	378
	409	377
	410	377
	410	376
	410	375
	410	374
	410	373
	410	372
	410	371
	410	370
	410	369
	411	369
.PEN_UP
.PEN_DOWN
	407	383
	408	383
	409	384
	410	384
	411	384
	412	384
	413	384
	414	384
	415	384
	416	384
	417	383
	418	383
	418	382
	419	382
	419	381
	420	380
	421	380
	421	379
	421	378
	421	377
	421	376
	421	375
	421	374
	421	373
	420	373
	420	372
	419	372
	418	372
	417	372
	416	372
	415	372
	414	372
	413	372
	412	372
.PEN_UP
.PEN_DOWN
	446	367
	447	367
	447	368
	447	369
	447	370
	447	371
	447	372
	447	373
	448	374
	448	375
	448	376
	448	377
	448	378
	448	379
	448	380
	449	381
	449	382
	449	383
	450	384
	450	385
	451	385
	451	384
	451	383
	451	382
	451	381
	452	381
	452	380
	452	379
	453	378
	453	377
	453	376
	453	375
	454	374
	454	373
	454	372
	455	372
	455	371
	455	370
	456	370
	456	369
	457	369
	457	368
	458	368
	458	369
.PEN_UP
.PEN_DOWN
	447	373
	448	373
	448	372
	449	372
	450	372
	451	372
	452	372
	453	372
.PEN_UP
.PEN_DOWN
	493	380
	493	381
	494	381
	493	381
	493	380
	493	379
	494	378
	494	377
	494	376
	495	376
	495	375
	495	374
	495	373
	495	372
	495	371
	496	370
	496	369
	496	368
	496	367
	496	366
	497	366
.PEN_UP
.PEN_DOWN
	494	383
	495	383
	496	383
	497	384
	498	384
	499	384
	500	384
	501	384
	502	385
	503	385
	504	385
	505	385
	506	385
.PEN_UP
.PEN_DOWN
	497	375
	498	374
	499	374
	500	374
	500	375
	501	375
	502	375
	503	375
.PEN_UP
.PEN_DOWN
	526	381
	527	381
	528	381
	528	380
	528	379
	528	378
	529	378
	529	377
	529	376
	529	375
	529	374
	529	372
	529	371
	530	370
	530	369
.PEN_UP
.PEN_DOWN
	521	381
	521	380
	522	381
	523	381
	523	382
	524	382
	524	383
	525	383
	525	384
	526	384
	526	385
	527	385
	528	385
	528	386
	529	386
	530	386
	530	387
	531	387
	532	386
	533	385
	534	385
	534	384
	534	383
	534	382
	534	381
	534	380
	533	380
	532	379
	531	378
	530	377
	529	377
	528	376
	527	376
	526	376
	526	375
	527	376
	528	376
	529	376
	530	375
	531	375
	531	374
	532	374
	532	373
	533	373
	533	372
	534	372
	534	371
	534	370
	534	369
	534	368
	534	367
	535	367
	535	366
	535	365
	536	365
	536	366
	537	366
.PEN_UP
.PEN_DOWN
	544	368
	545	368
	545	369
	545	370
	545	371
	545	372
	546	373
	546	374
	546	376
	547	376
	547	377
	547	378
	547	379
	547	380
	547	381
	548	381
	548	382
	548	383
	548	384
	548	385
	549	385
	549	386
	549	387
	550	387
	550	386
	551	386
	551	385
	552	385
	552	384
	553	384
	553	383
	553	382
	554	382
	554	381
	555	380
	555	379
	555	378
	556	377
	556	376
	557	375
	557	374
	557	373
	558	372
	558	371
	559	371
	559	370
	560	370
	560	371
.PEN_UP
.PEN_DOWN
	548	377
	549	376
	550	376
	551	376
	552	376
	553	376
	554	376
	555	376
	556	376
.PEN_UP
.PEN_DOWN
	574	383
	575	383
	575	384
	575	385
	574	385
	574	386
	573	386
	572	386
	571	386
	570	386
	569	386
	569	385
	568	385
	568	384
	568	383
	567	383
	567	382
	567	381
	567	380
	567	379
	567	378
	567	377
	567	376
	567	375
	567	374
	567	373
	568	373
	568	372
	569	372
	569	371
	570	371
	571	371
	571	370
	572	370
	573	370
	573	369
	574	369
	575	369
	575	368
	576	368
	577	368
	578	368
	579	368
	580	369
	581	369
	581	370
	582	371
	582	372
	582	373
	582	374
	582	375
	582	376
	581	376
	580	376
	580	377
	579	377
	578	377
	577	377
	577	376
	576	376
	575	376
	575	375
	576	375
.PEN_UP
.PEN_DOWN
	597	369
	598	369
	598	370
	598	371
	598	372
	598	373
	598	374
	598	375
	598	376
	598	377
	598	378
	598	379
	598	380
	598	381
	598	382
	598	383
	598	384
	598	385
	599	385
	599	386
	600	386
	600	385
	601	385
	601	384
	602	383
	602	382
	602	381
	603	381
	603	380
	603	379
	604	379
	604	378
	605	377
	606	376
	606	377
	606	378
	606	379
	607	380
	607	381
	608	381
	608	382
	608	383
	609	383
	609	384
	609	385
	610	385
	610	386
	611	386
	611	387
	611	388
	611	387
	611	386
	611	385
	612	385
	612	384
	612	383
	612	382
	612	381
	612	380
	612	379
	612	378
	612	377
	612	376
	612	375
	612	374
	612	373
	612	372
	613	371
	613	370
	613	369
	613	368
.PEN_UP
.PEN_DOWN
	621	386
	622	386
	621	386
	622	386
	623	386
	624	386
	625	386
	626	386
	627	387
	628	387
	629	387
	629	386
.PEN_UP
.PEN_DOWN
	622	386
	622	385
	623	385
	623	384
	623	383
	623	382
	623	381
	623	380
	623	379
	623	378
	623	377
	623	376
	623	375
	623	374
	623	373
	623	372
	623	371
	622	371
	623	371
	623	370
	624	370
	625	370
	626	370
	627	370
	628	370
	629	370
	630	370
	631	370
	632	370
	633	370
	633	371
.PEN_UP
.PEN_DOWN
	625	378
	626	378
	627	377
	628	377
	629	378
	630	378
.PEN_UP
.PEN_DOWN
	643	371
	643	370
	644	370
	644	371
	644	372
	644	373
	644	374
	644	375
	644	376
	644	377
	644	378
	644	379
	644	380
	644	381
	644	382
	644	383
	644	384
	645	385
	645	386
	645	387
	645	388
	645	389
	645	388
	645	387
	645	386
	646	386
	646	385
	647	384
	647	383
	647	382
	648	381
	648	380
	648	379
	649	378
	649	377
	650	376
	651	375
	651	374
	652	374
	652	373
	653	373
	652	373
	653	373
	653	372
	653	371
.PEN_UP
.PEN_DOWN
	653	372
	653	373
	654	374
	654	375
	654	376
	653	377
	653	378
	653	379
	653	380
	653	381
	653	382
	653	383
	653	384
	653	385
	653	386
	653	387
	653	388
	653	389
.PEN_UP
.PEN_DOWN
	670	385
	671	385
	671	384
	672	383
	672	382
	672	381
	672	380
	672	379
	672	378
	672	377
	672	376
	672	375
	672	374
	672	373
	672	372
	672	371
	672	370
	673	370
.PEN_UP
.PEN_DOWN
	662	388
	663	388
	664	387
	665	387
	666	387
	667	387
	668	387
	669	387
	670	387
	671	387
	672	388
	673	388
	674	388
	675	388
	676	388
	677	389
	678	389
	679	389
	680	389
	681	389
	682	389
.PEN_UP
