
.WRITER_ID BeckyHammaker
.STYLE PRINTED
.PEN_DOWN
	113	367
	114	367
	113	368
	113	369
	113	370
	112	370
	112	371
	112	372
	111	373
	111	374
	111	375
	111	376
	111	377
	110	378
	110	379
	110	380
	110	381
	110	382
	110	383
	110	384
	110	385
	111	385
	111	386
	111	387
	112	387
	112	388
	113	389
	114	389
	114	388
	115	388
	116	388
	117	387
	118	387
	118	386
	119	386
.PEN_UP
.PEN_DOWN
	111	375
	112	375
	113	375
	114	375
	115	375
	115	376
	116	376
	117	376
.PEN_UP
.PEN_DOWN
	128	372
	129	372
	129	373
	128	373
	128	374
	127	374
	126	374
	125	374
	124	373
	123	373
	123	372
	122	372
	122	371
	122	370
	123	370
	123	369
	123	368
	124	368
	125	367
	126	367
	126	368
	127	368
	128	368
	128	369
	129	369
	129	370
	130	371
	130	372
	131	372
	131	371
	132	371
	133	370
	134	370
	135	370
	135	369
	136	369
	137	369
	138	369
	138	370
.PEN_UP
.PEN_DOWN
	141	374
	142	373
	142	372
	142	371
	143	370
	143	369
.PEN_UP
.PEN_DOWN
	137	384
	138	384
	138	383
	138	384
	139	384
.PEN_UP
.PEN_DOWN
	148	392
	148	391
	148	390
	148	389
	149	388
	149	387
	149	385
	149	384
	150	383
	150	382
	151	381
	151	380
	151	379
	152	378
	152	376
	152	375
	153	374
	153	373
	153	372
	153	371
	154	371
	154	370
	155	370
.PEN_UP
.PEN_DOWN
	160	373
	161	372
	162	372
	163	372
	163	373
	164	373
	165	374
	166	375
	166	376
	166	377
	165	377
	164	377
	164	376
	163	376
	163	375
	162	375
	162	374
	162	373
	162	372
	162	371
	162	370
	162	369
	163	369
	164	369
	165	368
	166	368
	167	368
	168	368
	169	368
	170	368
	171	368
	171	367
.PEN_UP
.PEN_DOWN
	179	373
	178	373
	177	373
	176	373
	176	372
	175	372
	175	371
	174	371
	174	370
	175	369
	175	368
	176	368
	176	367
	177	367
	178	367
	179	367
	180	367
	180	368
	180	369
.PEN_UP
.PEN_DOWN
	177	391
	177	390
	178	389
	178	388
	178	387
	179	386
	179	385
	179	384
	179	383
	179	382
	179	381
	179	380
	179	379
	179	378
	179	377
	179	376
	179	375
	180	374
	180	373
	180	372
	180	371
	180	370
	181	370
	181	369
	181	368
	182	368
	182	367
	183	367
.PEN_UP
.PEN_DOWN
	204	379
	205	379
	205	378
	205	377
	205	376
	206	376
	207	375
	207	374
	208	373
	208	372
	209	372
	209	373
	209	374
	210	374
	210	375
	211	376
	211	377
	212	378
	213	378
	214	377
	214	376
	215	376
	215	375
	216	375
	216	374
	217	374
	217	373
	218	373
	219	373
	220	373
	220	374
	220	375
	220	376
	221	376
	221	377
	221	378
	221	379
	221	380
	222	380
	222	381
.PEN_UP
.PEN_DOWN
	229	377
	230	376
	231	376
	231	375
	231	374
	231	373
	231	372
	231	371
	231	370
	231	369
.PEN_UP
.PEN_DOWN
	226	390
	227	390
	227	389
	228	389
	228	388
	228	387
	229	387
.PEN_UP
.PEN_DOWN
	237	378
	238	378
	239	378
	240	378
	241	378
	242	378
	243	378
	244	378
	245	378
	245	377
	246	377
	246	376
	245	375
	245	374
	244	374
	244	373
	243	373
	243	372
	243	371
	243	370
	243	369
	244	369
	245	369
	246	368
	247	368
	248	368
	249	368
	250	368
	251	368
	252	368
	252	369
.PEN_UP
.PEN_DOWN
	261	374
	260	375
	259	375
	259	376
	258	376
	257	376
	256	376
	255	376
	255	375
	254	375
	254	374
	253	374
	253	373
	253	372
	253	371
	253	370
	254	370
	255	369
	256	369
	257	369
	257	370
	258	370
	258	371
	259	371
	259	372
	260	373
	260	374
	261	374
	261	375
	261	374
	262	374
	263	373
	263	372
	263	371
	264	371
	264	370
	265	370
	265	371
.PEN_UP
.PEN_DOWN
	268	375
	268	374
	268	373
	269	372
	269	371
	269	370
	270	370
	270	369
	270	368
	271	368
	271	369
	270	370
	270	371
	269	371
	269	372
	269	373
	269	374
	269	375
	270	376
	271	376
	272	376
	273	376
	274	376
	275	376
.PEN_UP
.PEN_DOWN
	279	375
	278	374
	277	374
	276	373
	275	373
	275	372
	274	372
	274	371
	274	370
	275	370
	275	369
	276	369
	276	368
	277	368
	278	368
	279	368
	280	367
	281	367
	281	368
.PEN_UP
.PEN_DOWN
	278	391
	278	390
	278	389
	278	388
	279	387
	279	386
	279	385
	279	384
	280	382
	280	381
	281	380
	281	379
	281	378
	281	377
	282	376
	282	375
	282	374
	282	372
	283	372
	283	371
	283	370
	284	369
.PEN_UP
.PEN_DOWN
	311	390
	311	389
	312	388
	312	387
	312	386
	312	385
	312	384
	312	383
	313	381
	313	380
	314	379
	314	378
	314	377
	314	376
	314	375
	315	374
	315	373
	315	372
	315	371
	316	371
	316	372
.PEN_UP
.PEN_DOWN
	321	383
	321	382
	320	382
	320	381
	319	381
	318	380
	317	380
	317	379
	316	379
	316	378
	315	378
	314	377
	314	376
	313	376
	314	376
	315	376
	316	376
	317	376
	318	376
	318	375
	319	375
	320	375
	320	374
	321	374
	322	373
	323	373
	323	372
	324	372
	325	371
	326	371
	326	370
	327	370
	327	369
	327	368
.PEN_UP
.PEN_DOWN
	331	379
	331	378
	332	377
	332	376
	332	375
	332	374
	333	373
	333	372
	333	371
	333	370
	333	369
	333	368
	334	368
	334	369
	334	370
	335	371
	335	372
	335	373
	335	374
	335	375
	335	376
	336	377
	337	378
	338	379
	339	379
	340	379
	340	378
	341	378
	341	377
	341	376
	342	375
	342	374
	342	373
	342	372
	342	371
	342	370
	343	369
	343	368
	344	368
	345	368
	345	369
.PEN_UP
.PEN_DOWN
	348	371
	349	371
	350	372
	351	372
	351	373
	352	374
	352	375
	352	376
	352	377
	352	378
	351	378
	350	378
	349	378
	349	377
	348	377
	348	376
	347	376
	347	375
	347	374
	347	373
	347	372
	347	371
	348	371
	348	370
	349	370
	349	369
	350	368
	351	368
	352	368
	354	368
	355	368
	356	368
	357	368
	357	369
.PEN_UP
.PEN_DOWN
	359	376
	360	376
	360	375
	361	375
	361	374
	361	373
	361	372
	362	371
	362	370
	362	369
	362	368
	363	368
	363	367
	364	367
	365	367
	365	368
	366	368
	366	369
	366	370
	367	370
	367	371
	368	371
	368	372
	369	372
	369	373
	369	372
	369	371
	370	371
	370	370
	370	369
	371	369
	371	368
	372	368
	373	367
	374	367
	375	367
	376	367
	377	367
	377	368
	378	368
	378	369
	378	370
	378	371
	378	372
	378	373
	379	374
	379	376
	379	377
	379	378
	379	379
	379	380
	379	381
	378	381
	378	380
.PEN_UP
.PEN_DOWN
	402	388
	402	389
	403	389
	403	388
	403	387
	404	387
	404	386
	404	385
	404	384
	404	383
	404	382
	404	381
	404	380
	405	378
	405	377
	405	376
	406	375
	406	374
	406	373
	406	372
.PEN_UP
.PEN_DOWN
	400	380
	400	379
	401	379
	402	378
	404	378
	405	377
	406	377
	407	377
	408	377
	409	376
	410	376
	411	376
	412	376
.PEN_UP
.PEN_DOWN
	411	390
	412	389
	412	388
	412	387
	413	387
	413	386
	413	385
	414	385
	414	384
	414	383
	415	382
	415	380
	416	380
	416	379
	416	378
	416	377
	417	376
	417	375
	417	374
	417	373
	417	372
	417	371
	417	370
	417	371
	418	371
	418	372
	418	373
	418	374
	419	375
	419	376
	420	377
	421	378
	422	378
	423	378
	424	378
	424	377
	425	376
	425	375
	425	374
	425	373
	426	373
	426	372
	426	371
	426	370
	427	370
	427	369
	428	370
	428	371
.PEN_UP
.PEN_DOWN
	438	376
	438	377
	437	377
	436	377
	436	378
	435	378
	434	378
	433	377
	432	377
	431	377
	430	376
	429	376
	429	375
	429	374
	430	373
	430	372
	431	371
	432	371
	432	370
	433	370
	434	370
	434	371
	435	371
	436	371
	436	372
	437	373
	437	374
	438	374
	438	375
	439	375
	439	374
	439	373
	439	372
	440	372
	440	371
	441	371
	442	371
	443	371
	444	371
.PEN_UP
.PEN_DOWN
	445	387
	446	387
	446	386
	447	386
	447	385
	448	385
	448	384
	449	383
	449	382
	449	380
	449	379
	450	379
	450	378
	450	377
	450	376
	450	375
	451	375
	451	374
	451	373
	451	372
	452	372
	452	371
	453	371
	453	372
.PEN_UP
.PEN_DOWN
	442	380
	443	380
	444	380
	444	379
	445	379
	446	379
	447	379
	448	379
	449	379
	450	379
	451	379
	452	379
	453	379
	453	378
	454	378
	455	378
.PEN_UP
.PEN_DOWN
	490	382
	489	382
	488	382
	487	382
	486	381
	485	381
	484	381
	483	381
	482	381
	481	380
	480	380
	480	379
	479	379
	479	378
	480	378
	480	377
	481	377
	482	377
	483	377
	484	377
	486	376
	487	376
	488	376
	489	376
	490	376
	490	375
	491	375
	492	375
	493	374
	494	373
	495	372
	495	371
	495	370
	494	370
	494	369
	493	369
	492	368
	491	368
	490	368
	489	368
	488	368
	487	368
	486	368
	485	369
	484	369
	484	370
	483	370
	483	371
.PEN_UP
.PEN_DOWN
	497	376
	497	375
	496	375
	496	374
	495	373
	495	372
	495	371
	496	370
	497	369
	498	368
	499	368
	500	368
	501	368
	502	368
	503	368
	504	369
	504	370
	505	370
	505	371
	506	371
	506	372
	506	373
	505	375
	505	376
	503	376
	502	377
	501	377
	500	377
	499	376
.PEN_UP
.PEN_DOWN
	511	377
	511	376
	512	376
	512	375
	512	374
	512	373
	512	372
	512	371
	512	370
	513	369
	513	368
	513	367
	513	368
	513	369
	513	370
	513	371
	514	372
	514	373
	514	374
	514	375
	514	376
	515	376
	515	377
	516	377
	517	377
	518	376
	519	376
	519	375
	520	374
	520	373
	520	372
	520	371
	521	371
	521	372
	521	373
	521	374
	521	375
	522	376
	522	377
	523	377
	523	378
	524	378
	525	378
	525	377
	526	377
	527	376
	528	376
	528	375
	528	374
	528	373
	529	373
	529	372
	529	371
	530	371
.PEN_UP
.PEN_DOWN
	537	375
	538	375
	539	375
	540	375
	540	376
	540	377
	541	377
	541	378
	541	379
	541	380
	541	381
	540	381
	539	381
	538	381
	538	380
	537	380
	536	380
	536	379
	535	379
	535	378
	534	378
	534	377
	534	376
	534	375
	534	374
	534	373
	534	372
	534	371
	535	371
	536	370
	537	370
	538	369
	539	369
	540	369
	541	369
	542	369
	543	369
	544	369
	545	369
	545	370
	546	370
	547	370
	548	370
.PEN_UP
