
.WRITER_ID ArloReeves
.STYLE PRINTED
.PEN_DOWN
	100	413
	100	414
	101	416
	101	417
	101	419
	102	420
	102	421
	102	422
	101	422
	101	421
	101	420
	101	419
	101	417
	101	415
	100	413
	100	411
	99	409
	99	405
	99	403
	99	401
	99	400
	99	398
	99	397
	99	396
	99	395
	100	395
	100	396
	100	397
	101	398
	101	399
	101	401
	102	402
	102	404
	102	405
	102	407
	103	408
	104	411
	104	413
	104	414
	105	415
	105	416
	106	418
	107	419
	108	420
	108	421
	109	421
	109	420
	110	420
	110	419
	110	418
	110	417
	110	415
	110	413
	110	412
	110	410
	110	409
	110	408
	110	407
	110	406
	111	406
	111	407
	112	408
	112	409
	112	410
	112	411
	112	412
	113	414
	113	415
	113	416
	114	419
	115	420
	115	421
	115	422
	116	423
	117	424
	118	424
	118	423
	119	422
	119	421
	119	419
	119	418
	119	417
	119	415
	119	413
	119	411
	119	409
	119	407
	119	406
	120	405
	120	404
	121	403
	122	403
.PEN_UP
.PEN_DOWN
	135	428
	136	429
	135	429
	135	428
	134	427
	133	425
	133	424
	132	422
	131	420
	131	419
	131	417
	130	416
	130	414
	130	413
	130	411
	131	410
	131	409
	132	409
	133	409
	134	409
	135	410
	136	411
	136	412
	137	413
	137	415
	137	418
	137	419
	137	421
	136	422
	136	424
	136	425
	135	426
	135	427
	135	428
	135	429
.PEN_UP
.PEN_DOWN
	144	434
	144	433
	145	432
	145	431
	145	430
	146	429
	146	428
	146	427
	146	426
	146	424
	146	422
	146	421
	146	420
	146	418
	146	417
	146	416
	146	415
	147	416
	147	417
	147	418
	147	419
	148	420
	148	421
	149	422
	149	424
	150	426
	151	427
	151	428
	152	429
	153	430
	153	431
	154	431
	154	432
	155	432
	155	431
	155	430
	155	429
	155	427
	155	426
	155	425
	155	424
	155	423
	156	422
	156	421
	156	419
	157	418
	158	417
.PEN_UP
.PEN_DOWN
	172	433
	172	434
	171	433
	171	432
	170	430
	169	429
	168	426
	168	425
	167	423
	167	422
	167	421
	167	420
	168	419
	169	419
	170	419
	171	419
	173	419
	175	420
	175	421
	176	423
	177	424
	177	425
	177	427
	177	428
	177	430
	176	431
	175	433
	174	434
	172	436
	171	437
	170	437
	169	437
	168	437
.PEN_UP
.PEN_DOWN
	199	436
	200	436
	200	437
	200	436
	200	435
	200	434
	201	434
	201	435
	201	436
	201	437
	201	438
	200	438
	198	438
	197	438
	196	437
	195	436
	194	435
	194	434
	193	433
	193	431
	192	430
	192	428
	192	427
	192	424
	192	422
	192	420
	193	419
	194	418
	195	416
	197	415
	198	414
	199	414
	200	413
	201	412
	203	412
	204	412
	205	413
.PEN_UP
.PEN_DOWN
	210	459
	211	459
	211	458
	211	457
	211	456
	211	455
	211	453
	212	449
	212	447
	213	445
	213	442
	213	440
	214	437
	214	435
	215	433
	215	431
	215	429
	215	427
	215	425
	216	423
	216	422
	216	421
	216	420
	216	421
	216	422
	217	423
	218	426
	218	428
	219	429
	220	430
	220	432
	221	433
	222	435
	223	436
	223	437
	224	438
	225	438
	226	439
	227	439
	227	438
	228	438
	228	437
	228	435
	228	434
	228	432
	228	431
	228	429
	228	426
	229	425
	229	423
	229	422
	229	421
	230	420
	231	420
	231	419
.PEN_UP
.PEN_DOWN
	238	438
	238	439
	238	438
	239	438
	239	437
	239	436
	239	435
	239	434
	239	432
	239	431
	240	430
	240	429
	240	428
	241	426
	241	425
	242	423
	242	422
	242	421
	242	420
	242	421
	242	423
	243	425
	243	426
	243	428
	243	429
	243	430
	243	431
	244	433
	244	434
	245	435
	245	436
	246	437
	247	438
	248	438
	249	438
	250	438
	251	438
	252	438
	253	438
.PEN_UP
.PEN_DOWN
	262	440
	263	440
	263	441
	264	442
	263	441
	262	440
	262	439
	261	438
	260	437
	260	435
	259	434
	259	432
	259	431
	259	429
	259	428
	259	426
	260	425
	261	424
	262	424
	263	424
	264	425
	265	426
	266	428
	266	429
	266	430
	266	431
	266	433
	265	434
	265	436
	265	437
	264	438
	264	439
	264	440
	264	441
.PEN_UP
.PEN_DOWN
	278	441
	278	442
	278	441
	278	440
	278	439
	278	438
	277	436
	277	435
	277	433
	276	432
	276	430
	276	428
	276	425
	276	424
	276	423
	276	422
	276	421
	276	420
	276	419
	277	419
	277	420
	277	421
	277	422
	277	423
	277	424
	277	425
	277	426
	277	428
	277	429
	278	430
	278	432
	279	433
	279	434
	279	435
	280	436
	281	437
	282	438
	283	438
	283	439
	284	439
	285	439
	285	438
	285	437
	285	436
	285	434
	285	433
	285	431
	285	430
	285	429
	285	428
	285	427
	285	426
	285	425
	285	424
	286	424
	286	423
	287	423
	287	424
	287	425
	287	426
	288	427
	288	428
	288	429
	289	430
	289	431
	290	432
	290	433
	291	434
	292	435
	293	435
	293	436
	294	436
	295	437
	295	438
	296	438
	296	437
	296	436
	296	434
	296	433
	296	432
	296	430
	296	429
	296	427
	296	426
	296	425
	296	424
	296	422
	297	421
	297	420
	298	419
	299	418
.PEN_UP
.PEN_DOWN
	307	427
	308	427
	308	428
	309	428
	311	429
	312	430
	313	430
	314	431
	316	432
	318	434
	319	434
	320	435
	321	435
	321	436
	321	437
	320	437
	319	437
	318	437
	318	438
	317	438
	316	438
	315	438
	314	438
	313	437
	312	436
	311	435
	311	434
	310	433
	309	431
	308	430
	308	429
	308	428
	308	427
	308	424
	309	423
	310	422
	311	421
	311	420
	313	419
	314	419
	316	419
	318	419
	321	419
.PEN_UP
.PEN_DOWN
	363	437
	364	438
	365	439
	365	440
	365	441
	365	442
	364	443
	364	444
	363	445
	362	445
	361	445
	360	445
	359	445
	359	444
	358	442
	358	441
	358	439
	358	438
	358	437
	359	436
	359	434
	359	433
	359	432
	360	430
	360	428
	361	424
	362	422
	362	420
	362	418
	362	416
	362	414
	362	412
	361	410
	361	408
	361	406
	361	405
	360	402
	359	401
	359	400
	358	400
	357	400
.PEN_UP
.PEN_DOWN
	353	425
	354	425
	355	425
	355	426
	356	427
	357	427
	357	428
	359	428
	360	429
	362	429
	363	430
.PEN_UP
.PEN_DOWN
	376	439
	376	438
	376	436
	376	435
	376	433
	376	431
	377	430
	377	429
	377	427
	377	426
	377	425
	377	424
	377	423
	378	420
	378	419
	378	420
	378	421
	378	423
	378	424
	378	425
	379	426
	379	427
	379	428
	379	429
	380	430
	380	431
	381	432
	383	434
	384	434
	384	435
	385	435
	386	436
	388	436
	389	436
	390	437
.PEN_UP
.PEN_DOWN
	400	439
	399	439
	399	438
	397	437
	397	436
	396	436
	395	434
	395	433
	394	432
	394	431
	394	430
	394	429
	395	428
	395	426
	395	425
	396	424
	397	423
	398	423
	399	423
	400	423
	401	423
	402	423
	403	423
	403	424
	404	424
	404	425
	404	426
	404	429
	403	430
	403	431
	402	433
	402	434
	401	436
	401	437
	400	437
.PEN_UP
.PEN_DOWN
	412	440
	412	439
	412	438
	412	437
	412	436
	412	435
	412	434
	412	433
	412	432
	412	431
	412	430
	412	429
	412	427
	413	426
	413	425
	413	424
	414	425
	414	426
	414	427
	414	428
	414	429
	415	430
	415	431
	415	432
	415	433
	416	434
	417	434
	417	435
	418	435
	418	436
	419	436
	420	437
	421	438
	422	438
	423	438
	423	437
	424	437
	424	436
	424	435
	424	434
	424	433
	424	432
	424	430
	424	429
	424	428
	424	427
	424	426
	425	425
	425	424
	426	423
	427	423
	428	423
	429	423
	430	423
	430	424
	431	424
	432	425
	432	426
	433	427
	434	428
	434	429
	435	429
	436	428
	436	427
	437	426
	438	425
	438	424
	438	423
	439	422
	439	421
	440	420
.PEN_UP
.PEN_DOWN
	469	436
	469	437
	469	436
	469	435
	469	434
	470	432
	470	431
	470	429
	470	428
	470	426
	470	425
	470	423
	470	422
	471	421
	471	420
	471	419
	471	418
	471	417
	471	418
	471	419
	472	420
	472	421
	472	423
	472	424
	473	427
	473	428
	473	429
	474	430
	474	431
	475	432
	476	433
	477	434
	478	435
	480	436
	481	436
	482	436
	483	435
	483	434
	483	433
	484	432
	484	431
	484	428
	484	427
	484	426
	484	424
	484	423
	484	422
	484	421
	484	420
	484	419
	484	418
	484	417
.PEN_UP
.PEN_DOWN
	495	433
	495	434
	494	434
	494	433
	493	433
	492	432
	492	431
	491	430
	491	429
	490	428
	490	427
	490	426
	491	424
	491	423
	492	423
	492	422
	493	421
	494	421
	495	421
	496	421
	497	421
	498	421
	498	423
	498	424
	498	425
	498	426
	498	427
	497	429
	496	430
	496	431
	495	432
	495	433
	494	434
	494	435
.PEN_UP
.PEN_DOWN
	503	434
	503	435
	504	435
	504	434
	504	433
	504	432
	505	431
	505	430
	505	429
	505	428
	505	427
	505	426
	505	425
	506	424
	506	423
	507	422
	507	421
	507	420
	508	420
	508	421
	509	423
	509	424
	509	425
	510	426
	510	427
	510	428
	511	429
	511	430
	512	431
	512	432
	513	432
	514	431
	514	430
	515	429
	516	428
	516	427
	517	426
	517	425
	517	424
	518	424
	519	423
	520	422
	521	422
	521	423
	522	424
	522	426
	523	427
	523	428
	524	431
	524	433
	525	434
	525	436
	526	437
	526	438
.PEN_UP
.PEN_DOWN
	549	431
	549	432
	549	433
	548	434
	547	434
	546	434
	545	434
	545	433
	544	433
	543	432
	543	431
	543	430
	543	428
	543	427
	543	426
	544	425
	544	424
	545	423
	546	422
	547	421
	548	420
	549	420
	549	419
	550	419
	550	420
	550	421
	550	422
	550	423
	550	424
	550	425
	549	427
	549	428
	549	429
	549	433
	549	434
	549	435
	549	436
.PEN_UP
.PEN_DOWN
	559	437
	559	436
	559	435
	559	434
	560	433
	560	431
	560	430
	560	428
	560	426
	560	425
	560	424
	560	423
	560	422
	561	421
	561	420
	561	421
	561	422
	561	423
	561	424
	562	425
	562	426
	562	427
	563	429
	563	430
	564	431
	564	432
	565	433
	566	434
	567	434
	568	435
	569	435
	570	435
	571	435
	571	434
	571	433
	572	432
	572	431
	572	430
	572	429
	572	428
	572	426
	572	425
.PEN_UP
.PEN_DOWN
	580	423
	581	422
	582	421
	582	420
	582	419
	581	416
	581	415
	581	414
	580	413
.PEN_UP
.PEN_DOWN
	613	431
	614	432
	614	433
	615	434
	616	436
	616	437
	616	438
	616	439
	616	440
	616	441
	616	442
	616	443
	616	444
	615	444
	615	445
	614	445
	613	444
	612	443
	612	442
	611	441
	611	439
	611	438
	610	437
	610	436
	610	434
	610	433
	610	431
	610	430
	610	428
	610	426
	610	424
	611	421
	611	419
	611	417
	612	415
	612	413
	612	411
	612	409
	612	407
	612	405
	612	404
	612	403
	612	401
	611	400
	611	399
	610	398
	609	397
	608	397
	607	397
	606	398
	605	398
.PEN_UP
.PEN_DOWN
	607	424
	608	424
	609	424
	609	425
	610	425
	611	425
	612	426
	614	426
	615	426
	616	426
	618	426
.PEN_UP
.PEN_DOWN
	625	436
	625	435
	625	434
	624	433
	624	432
	624	431
	624	430
	624	429
	624	427
	625	425
	625	424
	625	422
	626	421
	626	419
	626	418
	627	417
	627	416
	627	415
	627	416
	627	417
	627	418
	627	419
	627	420
	628	421
	628	423
	628	424
	629	426
	629	427
	630	428
	630	429
	631	429
	632	429
	632	430
	633	430
	634	431
	635	431
	636	431
	638	431
.PEN_UP
.PEN_DOWN
	642	432
	642	431
	642	430
	642	429
	642	428
	642	427
	642	426
	642	424
	643	422
	643	421
	644	420
	644	419
	644	418
	644	417
	644	416
	644	415
	644	414
	644	415
	645	415
	645	416
	646	416
	646	417
	646	418
	648	419
	649	420
	649	421
.PEN_UP
.PEN_DOWN
	644	441
	644	442
.PEN_UP
.PEN_DOWN
	656	426
	657	427
	658	427
	659	428
	661	428
	662	429
	665	430
	666	431
	666	432
	666	433
	666	434
	665	435
	664	435
	664	436
	663	436
	662	436
	661	436
	660	436
	660	435
	659	435
	658	434
	657	433
	657	432
	656	431
	656	430
	655	429
	655	428
	655	426
	655	425
	655	424
	655	422
	655	420
	657	418
	657	417
	658	416
	660	415
	661	414
.PEN_UP
.PEN_DOWN
	669	436
	670	436
	670	435
	670	433
	670	432
	670	431
	670	430
	671	428
	671	427
	671	425
	671	424
	671	423
	671	422
	671	421
	671	420
	671	419
	671	418
	671	419
	672	419
	672	420
	672	421
	673	423
	673	424
	674	425
	674	426
	674	427
	675	428
	675	429
	676	429
	676	430
	677	430
	677	431
	678	432
	679	432
	680	432
	681	432
	682	431
	683	431
	683	430
	683	429
	684	429
	684	427
	684	426
	684	424
	684	423
	684	422
	684	421
	684	420
.PEN_UP
.PEN_DOWN
	699	431
	699	433
	698	433
	697	434
	697	435
	696	435
	695	435
	694	434
	693	434
	691	432
	690	432
	689	431
	688	429
	688	428
	687	427
	687	426
	687	424
	687	423
	687	422
	688	421
	689	419
	690	419
	690	418
	691	418
	692	418
	693	418
	694	418
	695	418
	696	418
	696	419
	697	419
	697	420
	698	422
	699	423
	699	424
	699	425
	699	426
	700	427
	700	428
	700	429
	700	430
	700	431
	700	432
	701	433
	701	434
	701	435
	701	436
	701	437
	701	438
	702	439
	702	440
	702	441
	702	443
	701	444
	701	445
	701	446
	701	447
	701	448
	700	448
	700	449
	700	448
	700	447
	699	447
	699	446
	699	445
	699	442
	699	441
	698	439
	698	438
	698	436
	698	434
	698	432
	698	430
	699	429
	699	427
	700	425
	701	422
	702	420
	702	419
	703	418
	704	418
	705	417
	706	417
	707	417
.PEN_UP
.PEN_DOWN
	709	428
	710	428
	711	428
.PEN_UP
