
.WRITER_ID BeckyHammaker
.STYLE PRINTED
.PEN_DOWN
	122	381
	123	381
	123	382
	124	382
	124	383
	124	384
	123	384
	123	385
	123	386
	123	387
	122	387
	121	388
	121	389
	120	389
	119	389
	118	389
	117	389
	116	389
	115	388
	114	388
	114	387
	113	387
	113	386
	113	385
	112	385
	112	384
	112	383
	111	383
	111	382
	111	381
	111	380
	111	379
	111	378
	111	377
	111	376
	111	375
	112	375
	112	374
	113	374
	114	373
	115	373
	116	373
	116	372
	117	372
	118	372
	119	372
	120	372
	121	372
	122	372
	122	373
	123	373
	124	373
	124	374
	124	375
	125	375
	125	376
	125	377
	125	378
	125	379
	125	380
	126	381
	126	382
	126	383
	126	384
	126	385
	126	386
	125	387
	125	388
	124	388
	123	388
	123	389
	122	389
	121	388
	120	388
	120	387
.PEN_UP
.PEN_DOWN
	131	387
	132	387
	132	386
	133	386
	133	385
	133	384
	133	383
	134	383
	134	382
	134	381
	135	381
	135	380
	136	380
	136	379
	136	378
	137	377
	137	376
	137	375
	138	375
	138	374
	139	374
	139	373
	140	373
	140	372
	141	372
	141	373
	141	374
	142	374
	142	375
	142	376
	142	377
	142	378
	142	379
	142	380
	142	381
	142	382
	143	383
	143	384
	144	385
	144	386
	144	387
	144	388
	145	388
	145	389
	145	390
	145	391
	145	392
	146	392
.PEN_UP
.PEN_DOWN
	154	377
	155	377
	156	376
	157	377
	158	377
	159	377
	160	377
	160	378
	161	378
	161	379
	161	380
	162	380
	162	381
	162	382
	162	383
	161	384
	161	385
	161	386
	160	386
	159	387
	158	387
	157	387
	156	387
	156	386
	155	386
	155	385
	154	384
	154	383
	153	382
	153	381
	153	380
	153	379
	153	378
	153	377
	153	376
	154	376
	154	375
	155	374
	155	373
	156	373
	157	372
	158	372
	158	371
	159	371
	160	371
	161	371
	162	371
	163	371
	164	371
	165	372
	166	372
	166	373
	167	373
	168	374
	168	375
.PEN_UP
.PEN_DOWN
	173	381
	174	381
	174	380
	175	379
	175	378
	175	377
	176	376
	176	375
	176	374
	177	373
	177	372
	177	371
	178	371
	178	370
	178	371
	178	372
	178	373
	178	374
	178	375
	178	376
	178	377
	178	378
	178	379
	178	380
	178	381
	179	382
	180	383
	181	383
	181	384
	182	384
	182	385
	183	385
	184	385
	185	385
	186	385
	187	385
	188	385
.PEN_UP
.PEN_DOWN
	222	396
	222	395
	222	394
	223	393
	223	392
	223	391
	223	390
	222	390
	222	389
	222	388
	222	387
	222	386
	222	385
	222	383
	222	382
	222	381
	222	380
	223	379
	223	378
	223	377
	223	376
	223	375
	223	374
	223	373
	223	372
	223	373
.PEN_UP
.PEN_DOWN
	215	385
	216	385
	217	385
	217	384
	218	384
	219	384
	219	383
	220	383
	221	383
	222	383
	223	383
	224	383
	225	383
	226	383
	227	383
	228	383
	228	384
	229	384
.PEN_UP
.PEN_DOWN
	233	398
	234	397
	234	396
	234	395
	234	394
	234	393
	234	392
	234	391
	234	390
	234	389
	234	388
	234	387
	234	386
	234	385
	235	384
	235	383
	235	381
	235	380
	235	379
	235	378
	235	377
	235	376
	235	375
	235	374
	235	375
	235	376
	235	377
	236	377
	236	378
	237	379
	237	380
	237	381
	238	381
	238	382
	238	383
	239	383
	239	384
	240	384
	241	384
	242	384
	243	384
	244	384
	244	383
	245	383
	245	382
	246	382
	246	381
	246	380
	246	379
	246	378
	246	377
	246	376
	246	375
	246	374
	246	373
	246	372
	246	371
	246	372
.PEN_UP
.PEN_DOWN
	254	376
	254	375
	255	375
	256	375
	257	375
	257	376
	258	376
	259	376
	259	377
	260	377
	260	378
	261	378
	261	379
	261	380
	261	381
	261	382
	260	382
	259	382
	258	382
	257	382
	257	381
	256	381
	255	380
	254	380
	254	379
	253	379
	253	378
	252	378
	252	377
	252	376
	252	375
	252	374
	253	374
	254	373
	255	372
	256	372
	256	371
	257	371
	258	371
	258	370
	259	370
	260	370
	261	370
	262	369
	263	369
	264	369
	265	369
	266	369
	266	370
	267	371
	268	372
.PEN_UP
.PEN_DOWN
	292	397
	293	397
	293	396
	293	395
	293	394
	293	393
	293	392
	293	391
	293	390
	293	389
	293	388
	293	387
	293	386
	293	385
	293	384
	293	383
	293	382
	293	381
	294	381
	294	380
	294	379
	294	378
	294	377
	294	376
	294	375
	294	374
	294	373
	294	372
	294	371
	294	370
	295	370
	295	371
.PEN_UP
.PEN_DOWN
	314	376
	315	377
	315	378
	315	379
	315	380
	314	380
	314	381
	313	381
	313	382
	312	382
	311	382
	311	383
	310	383
	309	383
	308	383
	308	382
	307	382
	307	381
	306	380
	305	380
	305	379
	305	378
	304	378
	304	377
	304	376
	304	375
	305	375
	305	374
	306	374
	307	373
	308	373
	309	372
	310	372
	311	372
	312	373
	313	373
	313	374
	314	374
	314	375
	314	376
	314	377
	314	376
	315	376
	315	375
	315	374
	316	373
	316	372
	317	372
	317	371
	317	370
	318	370
	319	370
	319	369
	320	369
	321	369
	322	369
	322	370
.PEN_UP
.PEN_DOWN
	319	385
	319	384
	320	384
	321	384
	322	383
	323	383
	324	383
	325	382
	326	382
	327	382
	328	382
	328	381
	329	381
	330	381
	331	381
	332	381
	332	380
	331	380
	331	379
	330	378
	330	377
	329	377
	329	376
	329	375
	328	375
	328	374
	327	374
	327	373
	326	373
	326	372
	325	372
	325	371
	326	371
	327	371
	327	370
	328	370
	329	370
	330	370
	331	370
	332	369
	333	369
	334	369
	335	369
	336	369
	337	369
	338	369
	339	369
	340	369
.PEN_UP
.PEN_DOWN
	345	381
	345	380
	346	379
	346	378
	347	378
	347	377
	347	376
	348	376
	348	375
	349	374
	350	373
	351	372
	351	371
	352	371
	353	370
	354	370
	354	369
	355	369
	356	369
	356	370
.PEN_UP
.PEN_DOWN
	358	381
	358	380
	358	379
	358	378
	357	378
	357	377
	356	377
	356	376
	356	375
	355	374
	355	373
	354	373
	354	372
	354	371
	353	370
	353	369
	353	368
	353	367
	352	367
	352	366
	352	365
	351	364
	351	363
	351	362
	351	361
	350	360
	350	359
	350	358
	349	358
	349	357
	349	356
	348	355
	348	354
.PEN_UP
.PEN_DOWN
	376	395
	377	395
	377	394
	378	394
	378	393
	378	392
	378	391
	378	390
	378	389
	378	388
	378	387
	378	386
	378	385
	378	384
	378	383
	378	382
	378	381
	378	380
	378	379
	378	378
	378	376
	378	375
	379	374
	379	373
	379	372
	379	371
	380	371
	380	372
	380	373
	380	374
	381	374
	381	375
	381	376
	382	377
	382	378
	383	378
	383	379
	383	380
	384	381
	384	382
	385	382
	386	382
	386	383
	387	383
	388	383
	389	383
	390	382
	391	382
	392	381
	393	380
	394	379
	394	378
	394	377
	394	376
	395	376
	395	375
	395	374
	394	374
	394	373
	394	372
	393	372
	393	371
	392	371
	392	370
	391	370
	390	370
	390	369
	389	369
	388	370
	387	370
	386	370
	386	371
	385	371
	384	371
	384	372
	383	372
	383	373
	382	373
	381	373
	381	374
	380	374
	380	375
	379	375
	379	376
.PEN_UP
.PEN_DOWN
	404	393
	404	392
	404	391
	404	390
	404	389
	404	388
	404	387
	404	386
	404	385
	404	384
	404	383
	404	382
	404	381
	404	380
	404	379
	404	378
	404	377
	404	376
	404	375
	404	374
	404	373
	404	372
	404	371
	404	370
	404	369
	405	369
	405	370
	406	370
	406	371
.PEN_UP
.PEN_DOWN
	428	374
	428	375
	429	375
	429	376
	429	377
	429	378
	428	378
	428	379
	427	379
	427	380
	426	381
	425	381
	425	382
	424	382
	423	382
	422	382
	421	381
	421	380
	420	380
	420	379
	419	378
	419	377
	418	377
	418	376
	417	375
	417	374
	417	373
	417	372
	417	371
	418	371
	418	370
	419	370
	419	369
	420	369
	421	369
	423	369
	424	369
	424	370
	425	370
	425	371
	426	371
	426	372
	427	372
	427	373
	427	374
	428	374
	428	375
	429	375
	429	374
	429	373
	429	372
	429	371
	430	371
	430	370
	431	370
	431	369
	432	369
	433	369
	434	368
	435	368
	436	368
	437	367
	437	368
.PEN_UP
.PEN_DOWN
	452	379
	452	380
	451	380
	450	380
	450	381
	449	382
	448	382
	447	382
	446	382
	445	382
	444	382
	443	382
	442	382
	442	381
	442	380
	441	379
	441	378
	441	377
	440	377
	440	376
	440	375
	440	374
	440	373
	441	373
	441	372
	441	371
	442	371
	442	370
	443	370
	443	369
	444	369
	445	369
	446	369
	447	368
	448	368
	449	368
	450	367
	451	367
	452	367
	453	367
	454	367
	455	367
	456	367
	457	367
	457	368
.PEN_UP
.PEN_DOWN
	463	393
	463	392
	464	391
	464	390
	464	389
	464	388
	464	387
	464	386
	464	385
	464	383
	464	382
	464	381
	464	380
	464	379
	463	378
	463	377
	463	376
	463	375
	463	374
	463	373
	463	372
	463	371
	463	370
	463	369
	463	370
.PEN_UP
.PEN_DOWN
	476	387
	475	387
	475	386
	475	385
	474	385
	473	384
	472	383
	471	382
	470	381
	469	381
	469	380
	468	380
	468	379
	467	379
	466	378
	465	378
	465	377
	466	377
	466	378
	467	378
	468	378
	469	378
	469	377
	470	377
	471	377
	471	376
	472	376
	472	375
	473	375
	474	374
	474	373
	475	372
	475	371
	475	370
	475	369
	476	368
	476	367
	476	366
	477	366
	477	365
.PEN_UP
.PEN_DOWN
	525	376
	525	377
	525	378
	524	378
	524	379
	523	379
	523	380
	522	381
	521	381
	521	382
	520	382
	519	383
	518	383
	517	383
	517	382
	516	382
	516	381
	516	380
	515	380
	515	379
	515	378
	515	377
	514	377
	514	376
	514	375
	514	374
	514	373
	514	372
	515	372
	515	371
	515	370
	516	370
	516	369
	517	369
	518	369
	518	368
	519	368
	520	368
	521	368
	522	368
	523	368
	524	369
	525	369
	525	370
	526	370
	526	371
	526	372
	526	373
	527	374
	527	375
	527	376
	527	377
	528	378
	528	379
	528	380
	528	381
	528	382
	528	383
	529	384
	529	385
	529	386
	529	387
	529	388
	530	389
	530	390
	530	391
	530	392
	530	393
	530	394
	530	395
	531	395
	531	396
	531	397
	530	397
	530	398
	530	397
	529	396
	529	395
	528	394
	528	393
	528	392
	527	391
	527	390
	527	389
	527	388
	527	387
	527	386
	526	385
	526	384
	526	383
	526	382
	526	381
	526	380
	526	379
	526	378
	526	377
	526	376
	527	375
	527	374
	527	373
	527	372
	527	371
	528	371
	528	370
	529	370
	530	370
	530	369
	531	369
	531	370
.PEN_UP
.PEN_DOWN
	542	378
	541	378
	541	377
	540	377
	540	376
	539	375
	539	374
	539	373
	539	372
	539	371
	540	371
	540	370
	541	369
	542	369
	542	368
	543	368
	544	368
	545	367
	546	367
	547	367
	547	368
	548	368
	549	368
	550	369
	551	369
	551	370
	552	371
	552	372
	553	373
	553	374
	553	375
	552	375
	552	376
	551	376
	551	377
	550	377
	550	378
	549	378
	548	378
	548	379
	547	379
	546	379
	546	380
	545	380
	544	380
.PEN_UP
.PEN_DOWN
	567	374
	567	375
	567	376
	567	377
	566	378
	566	379
	565	379
	565	380
	564	380
	563	380
	562	381
	561	380
	560	380
	560	379
	559	378
	559	377
	558	377
	558	376
	558	375
	558	374
	558	373
	558	372
	558	371
	559	370
	560	369
	561	369
	562	369
	563	370
	564	370
	565	370
	565	371
	566	371
	566	372
	567	372
	567	373
	567	374
	568	374
	568	375
	568	376
	568	375
	568	374
	567	374
	567	373
	567	372
	567	371
	567	370
	567	369
	567	368
	567	367
	567	366
	567	365
	567	364
	567	363
	567	362
	567	361
	567	360
	566	359
	566	358
	566	357
	566	356
	566	355
	566	354
	565	354
	565	353
	564	353
	564	352
	563	352
	562	352
	561	352
	560	353
	559	353
	558	354
	557	354
	556	354
	556	355
	555	355
	555	356
	554	356
	553	356
	553	357
.PEN_UP
