
.WRITER_ID BeckyHammaker
.STYLE PRINTED
.PEN_DOWN
	162	387
	163	387
	162	388
	162	387
	161	387
	160	387
	159	386
	158	386
	158	385
	157	385
	157	384
	157	383
	157	382
	157	381
	158	380
	159	380
	160	380
	161	380
	162	380
	163	380
	164	380
	165	380
	166	380
	167	380
	168	380
	169	380
	169	379
	170	379
	170	378
	170	377
	170	376
	170	375
	170	374
	170	373
	169	373
	169	372
	169	371
	168	371
	167	371
	166	371
	165	371
	165	372
	164	372
	164	373
	162	373
	161	373
	160	373
.PEN_UP
.PEN_DOWN
	179	387
	180	387
	180	386
	180	385
	180	384
	181	383
	181	382
	181	381
	181	380
	182	378
	182	377
	182	376
	183	376
	183	375
	183	374
.PEN_UP
.PEN_DOWN
	189	390
	189	389
	190	389
	190	388
	191	387
	192	386
	192	385
	193	384
	194	384
	194	383
	195	382
	196	381
	196	380
	197	380
	198	379
	198	378
	198	377
	198	378
.PEN_UP
.PEN_DOWN
	197	389
	197	388
	197	387
	197	386
	197	385
	197	384
	196	383
	196	382
	196	381
	196	380
	195	379
	195	378
	194	377
	194	376
.PEN_UP
.PEN_DOWN
	236	388
	237	388
	237	387
	237	386
	237	385
	237	384
	237	383
	237	381
	237	380
	237	379
	237	378
	237	377
	238	376
	238	375
	238	374
	238	373
	239	373
.PEN_UP
.PEN_DOWN
	228	383
	229	383
	229	384
	230	384
	230	385
	231	386
	231	387
	232	387
	232	388
	232	389
	233	389
	234	390
	235	390
	235	391
	236	391
	236	392
	237	392
	238	392
	239	393
	240	393
	241	393
	242	393
	243	393
	244	393
	245	392
	245	391
	245	390
	245	389
	244	387
	244	386
	243	385
	243	384
	242	383
	241	383
	241	382
	241	381
	240	381
	239	380
	238	380
	238	379
	238	380
	239	380
	239	381
	240	381
	241	381
	242	381
	243	381
	244	381
	245	381
	246	381
	247	381
	247	380
	248	380
	249	380
	249	379
	250	379
	250	378
	250	377
	250	376
	250	375
	249	374
	249	373
	248	373
	247	372
	246	372
	245	372
	244	372
	243	372
	242	372
	241	373
	240	374
	239	374
.PEN_UP
.PEN_DOWN
	257	387
	258	387
	258	386
	258	385
	259	384
	259	383
	259	382
	259	381
	259	380
	260	380
	260	379
	260	378
	260	377
	260	376
	260	375
	260	374
	260	373
	261	373
	261	372
.PEN_UP
.PEN_DOWN
	278	390
	278	391
	277	390
	276	390
	276	389
	275	389
	274	389
	274	388
	273	388
	273	387
	272	387
	272	386
	272	385
	271	384
	271	383
	271	382
	271	381
	271	380
	271	379
	271	378
	271	377
	272	376
	272	375
	273	375
	274	375
	274	374
	275	374
	275	373
	276	373
	277	373
	278	373
	279	373
	280	373
	281	373
	281	374
	282	374
	283	375
	283	376
	284	376
	284	377
	285	377
	285	378
	285	379
	285	380
	284	380
	284	381
	283	381
	282	381
	281	381
	280	381
	279	381
	278	380
	277	380
.PEN_UP
.PEN_DOWN
	316	387
	317	387
	317	386
	317	385
	317	384
	317	383
	317	382
	317	381
	317	380
	317	379
	317	378
	317	377
	317	376
	318	375
	318	374
	318	373
	319	373
	319	374
.PEN_UP
.PEN_DOWN
	310	387
	311	387
	312	387
	313	387
	313	388
	314	388
	315	388
	316	389
	317	389
	318	389
	319	389
	320	389
	321	389
	321	388
	322	388
	323	388
	323	387
	324	387
	325	386
	326	386
	326	385
	327	385
	327	384
	327	383
	327	382
	327	381
	327	380
	327	379
	327	378
	327	377
	327	376
	327	375
	326	374
	326	373
	325	373
	325	372
	324	372
	323	372
	322	372
	321	372
	320	372
	320	373
	319	373
	318	373
	317	373
	317	374
	318	374
.PEN_UP
.PEN_DOWN
	334	385
	335	385
	336	385
	337	385
	338	385
	338	386
	339	386
	340	386
	341	386
	342	386
	343	386
.PEN_UP
.PEN_DOWN
	334	385
	334	384
	334	383
	334	382
	334	381
	334	380
	334	379
	334	378
	333	378
	333	377
	333	376
	333	375
	333	374
	333	373
	333	372
	333	371
	334	371
	335	371
	336	371
	337	371
	338	371
	339	371
	340	371
	341	371
	342	371
	343	371
	344	371
.PEN_UP
.PEN_DOWN
	334	379
	335	378
	336	378
	337	378
	338	378
	339	378
.PEN_UP
.PEN_DOWN
	354	385
	354	384
	355	383
	355	382
	355	381
	355	380
	356	380
	356	379
	356	378
	356	377
	356	376
	356	375
	357	374
	357	373
	357	372
	357	371
	358	371
	359	371
	359	372
	360	372
	360	373
	361	374
	361	375
	362	376
	362	377
	362	378
	362	379
	362	380
	362	381
	363	381
	363	382
	363	383
	363	384
	363	385
	363	386
.PEN_UP
.PEN_DOWN
	369	383
	369	382
	370	381
	370	380
	370	379
	370	378
	370	377
	370	376
	370	375
	370	374
	370	373
	370	372
	370	371
	370	370
	371	369
.PEN_UP
.PEN_DOWN
	380	386
	380	385
	381	385
	381	384
	381	383
	381	382
	381	381
	381	380
	381	379
	381	378
	381	377
	381	376
	381	375
	381	374
	381	373
	381	372
	381	371
	381	370
	381	371
	382	371
	382	372
	383	372
	384	372
	385	372
	385	371
	386	371
	387	371
	388	371
	389	371
	390	371
	391	371
	391	372
.PEN_UP
.PEN_DOWN
	403	386
	402	386
	401	385
	400	385
	399	385
	398	384
	397	383
	396	382
	395	382
	395	381
	395	380
	396	380
	397	380
	398	380
	399	380
	400	380
	401	379
	402	379
	403	378
	404	378
	405	377
	406	376
	407	376
	407	375
	407	374
	407	373
	407	372
	407	371
	406	370
	405	370
	404	369
	403	369
	402	369
	401	369
	400	369
	400	370
	399	370
.PEN_UP
.PEN_DOWN
	441	385
	442	385
	442	384
	442	383
	442	382
	442	381
	442	380
	442	379
	442	377
	442	376
	442	375
	442	374
	442	373
	442	372
	442	371
	442	370
	442	371
.PEN_UP
.PEN_DOWN
	442	388
	442	387
	443	387
	444	387
	444	386
	445	386
	446	386
	447	386
	448	386
	449	386
	450	386
	451	387
	452	387
	453	387
	454	387
.PEN_UP
.PEN_DOWN
	444	378
	445	377
	446	377
	447	377
	448	377
	449	377
.PEN_UP
.PEN_DOWN
	468	385
	469	385
	469	384
	469	383
	469	382
	469	381
	469	380
	469	379
	469	378
	469	377
	469	376
	469	375
	469	373
	469	372
	470	371
	470	370
	470	369
	470	368
	470	367
	471	367
.PEN_UP
.PEN_DOWN
	460	385
	461	385
	461	384
	462	384
	462	385
	463	385
	463	386
	464	386
	465	386
	465	387
	466	387
	467	387
	467	388
	468	388
	469	388
	470	388
	471	388
	472	388
	473	388
	474	388
	475	387
	475	386
	475	385
	476	385
	476	384
	476	383
	476	382
	475	381
	475	380
	474	379
	474	378
	473	377
	472	376
	471	376
	470	375
	469	375
	469	374
	470	374
	470	375
	471	375
	472	376
	473	376
	473	375
	474	375
	475	374
	475	373
	475	372
	476	371
	476	370
	477	369
	477	368
	477	367
	478	367
	478	366
	479	366
	480	366
	480	367
	480	368
.PEN_UP
.PEN_DOWN
	489	382
	488	382
	488	381
	487	381
	487	380
	486	379
	486	378
	485	377
	485	376
	485	375
	485	374
	485	373
	485	372
	486	371
	486	370
	487	370
	487	369
	488	369
	490	369
	491	369
	492	370
	493	370
	494	371
	495	371
	495	372
	496	372
	496	373
	496	374
	497	374
	497	375
	497	376
	496	377
	496	378
	496	379
	495	380
	494	380
	494	381
	493	381
	493	382
	492	382
	492	383
	491	383
	490	383
	490	384
	489	384
	488	384
.PEN_UP
.PEN_DOWN
	507	369
	506	369
	506	370
	506	371
	506	372
	507	372
	507	373
	507	374
	508	375
	508	376
	508	377
	508	378
	508	379
	508	380
	509	380
	509	381
	509	382
	509	383
	510	383
	511	383
	511	382
	512	381
	512	380
	512	379
	512	378
	513	378
	513	377
	513	376
	514	376
	515	376
	516	377
	517	377
	517	378
	518	378
	518	379
	519	379
	519	380
	519	381
	519	382
	520	382
	520	383
	520	384
	520	385
	521	385
	521	384
	522	384
	522	383
	522	382
	522	381
	523	380
	523	379
	523	378
	523	377
	523	376
	523	375
	524	375
	524	374
	524	373
	524	372
	524	371
	525	371
	525	370
	525	369
.PEN_UP
.PEN_DOWN
	564	384
	565	385
	564	385
	564	384
	564	383
	564	382
	565	381
	565	380
	565	378
	565	377
	565	376
	565	375
	565	374
	565	373
	565	372
	565	371
	565	370
	564	370
	564	369
	563	369
	562	369
	561	369
	560	369
	559	369
	559	370
	558	370
	558	371
.PEN_UP
.PEN_DOWN
	555	386
	556	386
	557	385
	558	385
	559	385
	560	385
	561	385
	562	385
	563	385
	564	385
	565	385
	566	385
	567	385
	568	386
	569	386
	570	386
	571	386
	572	387
	573	387
	574	387
	574	388
	574	387
.PEN_UP
.PEN_DOWN
	574	366
	574	365
	575	365
	575	366
	575	367
	576	368
	576	369
	576	370
	577	372
	577	373
	578	374
	578	375
	579	376
	579	377
	580	378
	580	379
	580	380
	581	380
	581	382
	582	383
	582	384
	583	385
	583	386
	584	386
	585	387
	586	387
	586	386
	587	385
	588	384
	588	383
	588	382
	588	381
	588	380
	588	379
	589	378
	589	377
	589	376
	590	375
	590	374
	590	373
	590	372
	590	371
	591	371
	591	370
	592	370
	592	371
.PEN_UP
.PEN_DOWN
	579	378
	580	378
	581	377
	582	377
	583	377
	584	376
	585	376
	586	376
	587	376
.PEN_UP
.PEN_DOWN
	603	383
	603	382
	603	381
	603	380
	602	379
	602	378
	602	377
	602	376
	602	375
	602	374
	602	373
	602	372
	602	371
.PEN_UP
.PEN_DOWN
	601	385
	602	386
	603	386
	603	387
	604	387
	605	387
	606	387
	607	387
	608	387
	609	387
	610	386
	610	385
	610	384
	609	383
	609	382
	609	381
	608	380
	607	379
	607	378
	606	378
	605	378
	604	378
	603	378
	602	378
	602	379
.PEN_UP
.PEN_DOWN
	616	369
	616	370
	616	371
	617	372
	617	373
	618	374
	618	375
	618	376
	619	377
	619	378
	620	379
	620	380
	621	380
	621	381
	621	382
	622	382
	622	383
	623	384
	624	384
	624	385
	624	384
	625	384
	625	383
	625	382
	625	381
	625	380
	625	379
	626	378
	626	377
	626	376
	626	375
	627	374
	627	373
	627	372
	627	371
	628	371
	628	370
	628	369
	629	369
	629	368
	629	369
	630	369
	630	370
.PEN_UP
.PEN_DOWN
	619	377
	619	376
	620	376
	621	376
	622	376
	623	376
	624	376
.PEN_UP
.PEN_DOWN
	636	383
	636	382
	636	381
	636	380
	636	379
	636	378
	636	377
	636	376
	636	375
	636	374
	636	373
	636	372
	637	372
	637	371
	637	370
.PEN_UP
.PEN_DOWN
	636	383
	636	382
	637	382
	637	381
	637	380
	638	380
	638	379
	639	378
	639	377
	639	376
	640	375
	641	374
	642	373
	642	372
	643	372
	643	371
	644	370
	644	369
	645	369
	646	369
	647	369
	647	370
	648	370
	648	371
	648	372
	648	373
	648	374
	648	375
	648	376
	648	377
	648	378
	648	379
	648	380
	648	381
	648	382
	648	383
	648	384
	648	385
	648	386
	648	387
	649	387
.PEN_UP
