
.WRITER_ID BeckyHammaker
.STYLE PRINTED
.PEN_DOWN
	147	381
	147	382
	146	382
	146	383
	145	383
	144	383
	143	383
	143	382
	142	382
	142	381
	141	380
	140	379
	140	378
	140	377
	140	376
	140	375
	140	374
	140	373
	140	372
	141	371
	142	370
	142	369
	143	369
	144	369
	144	368
	145	368
	146	368
	146	369
	147	369
	148	369
	148	370
	149	370
	149	371
	150	372
	151	373
	151	374
	151	375
	151	376
	152	376
	152	377
	152	378
	152	379
	152	380
	151	381
	151	382
	150	383
	149	384
	148	385
	147	385
	146	385
	145	385
	144	385
.PEN_UP
.PEN_DOWN
	159	382
	159	381
	159	380
	159	379
	159	378
	159	377
	159	376
	160	376
	160	375
	160	374
	160	373
	160	372
	160	371
.PEN_UP
.PEN_DOWN
	180	392
	180	391
	180	390
	180	389
	179	388
	179	387
	179	386
	178	386
	178	385
	177	384
	177	383
	177	382
	176	381
	176	380
	175	379
	175	378
	175	377
	174	376
	174	375
	174	374
	173	372
	173	371
	173	370
.PEN_UP
.PEN_DOWN
	182	385
	183	385
	184	385
	185	385
	186	385
	187	385
	188	385
	189	385
	189	384
	189	383
	189	382
	189	381
	189	380
	189	379
	188	379
	188	378
	188	377
	187	376
	186	375
	186	374
	185	374
	185	373
	185	372
	184	372
	184	371
	185	371
	186	371
	187	371
	188	371
	189	371
	190	371
	191	371
	192	371
	193	371
	194	371
	195	371
.PEN_UP
.PEN_DOWN
	198	385
	199	385
	200	385
	201	385
	202	385
	203	385
	204	385
	205	385
	206	385
	207	385
	207	384
	208	384
	208	383
	208	382
	208	381
	208	380
	207	380
	207	379
	207	378
	206	378
	205	378
	205	377
	204	377
	205	377
	206	377
	207	377
	207	378
	208	378
	209	378
	210	378
	210	377
	211	377
	212	377
	213	376
	214	376
	214	375
	215	375
	215	374
	215	373
	216	372
	216	371
	215	370
	215	369
	214	369
	214	368
	213	368
	213	367
	211	367
	210	367
	209	367
	208	367
	207	367
	206	368
	205	368
	204	368
	204	369
	203	369
	203	370
	202	370
.PEN_UP
.PEN_DOWN
	229	391
	230	391
	230	390
	230	389
	229	388
	229	387
	229	386
	228	385
	228	384
	227	383
	227	382
	227	381
	227	380
	226	379
	226	378
	226	377
	226	376
	225	375
	225	374
	225	373
	225	372
	225	371
.PEN_UP
.PEN_DOWN
	236	386
	236	385
	236	384
	235	384
	235	383
	235	382
	235	381
	235	380
	236	379
	236	378
	237	378
	237	377
	238	377
	239	377
	240	377
	240	376
	241	376
	242	377
.PEN_UP
.PEN_DOWN
	241	386
	241	385
	241	384
	241	383
	241	382
	241	381
	241	380
	241	379
	241	378
	241	376
	241	375
	241	374
	241	373
	241	372
	241	371
	241	370
	241	369
	241	368
	241	367
.PEN_UP
.PEN_DOWN
	255	385
	255	384
	256	384
	257	384
	258	384
	259	384
	260	384
	261	384
	261	385
	262	385
	263	385
.PEN_UP
.PEN_DOWN
	254	383
	254	382
	254	381
	254	380
	254	379
	254	378
	254	377
	254	376
	255	376
	255	377
	256	377
	257	377
	257	378
	258	378
	259	378
	260	378
	261	378
	262	377
	263	377
	263	376
	264	376
	264	375
	264	374
	264	373
	264	372
	264	371
	263	370
	263	369
	262	369
	261	368
	260	368
	259	368
	259	367
	258	367
	257	367
	257	368
	256	368
.PEN_UP
.PEN_DOWN
	290	394
	291	394
	291	393
	291	392
	291	391
	290	390
	290	389
.PEN_UP
.PEN_DOWN
	304	381
	304	380
	304	379
	304	378
	304	377
	304	376
	304	375
	304	374
	304	373
	305	373
.PEN_UP
.PEN_DOWN
	304	393
	304	392
	304	391
.PEN_UP
.PEN_DOWN
	319	387
	318	386
	317	386
	316	385
	315	385
	314	385
	314	384
	313	384
	313	383
	312	383
	313	383
	314	383
	315	383
	316	383
	317	383
	318	383
	319	383
	320	383
	320	382
	321	382
	322	381
	323	381
	323	380
	324	380
	325	379
	325	378
	326	377
	326	376
	325	376
	325	375
	324	374
	323	373
	322	373
	321	373
	320	373
	319	373
	318	373
	317	374
	316	374
	315	374
	315	375
.PEN_UP
.PEN_DOWN
	338	397
	338	396
	339	396
	339	395
	339	394
	339	393
	340	393
	340	392
	340	391
	341	390
	341	389
	341	388
	342	387
	342	384
	342	383
	342	382
	342	381
	342	380
	343	380
	343	379
	343	378
	343	377
	343	376
	343	375
	343	376
	343	377
	344	378
	344	379
	344	380
	345	381
	346	382
	347	383
	348	383
	349	383
	350	383
	351	383
	351	382
	352	382
	352	381
	352	380
	353	380
	353	379
	353	378
	353	377
	353	376
	353	375
	352	374
	352	373
	351	373
	351	372
	350	372
	349	372
	348	372
	347	372
	346	373
	345	373
	344	373
	344	374
	343	375
	342	376
	342	377
.PEN_UP
.PEN_DOWN
	358	377
	359	377
	360	378
	361	378
	361	379
	362	379
	363	379
	363	380
	364	380
	364	381
	363	381
	363	382
	362	382
	361	382
	360	382
	360	381
	359	381
	358	380
	358	379
	358	378
	358	377
	358	376
	359	376
	359	375
	360	375
	360	374
	361	373
	362	373
	363	373
	364	372
	365	372
	366	372
	367	373
.PEN_UP
.PEN_DOWN
	373	371
	374	371
	374	372
	373	372
	373	373
	373	374
	373	375
	372	376
	372	377
	372	378
	372	380
	371	380
	371	381
	371	382
	370	383
	370	384
	370	385
	370	386
	370	387
	371	387
	371	388
	372	388
	372	389
	373	389
	374	389
	375	389
	376	389
	377	390
	378	390
	379	390
	380	390
.PEN_UP
.PEN_DOWN
	372	379
	373	378
	374	378
	375	378
	376	378
	376	377
	377	377
	378	377
	379	377
.PEN_UP
.PEN_DOWN
	383	376
	383	375
	382	375
	382	374
	381	374
	381	373
	381	372
	381	371
	382	370
	382	369
	383	369
	383	368
	384	367
	385	367
	386	367
	387	367
	388	368
	388	369
	389	369
	389	370
	390	371
	390	372
	390	373
	390	374
	390	375
	389	376
	388	376
	387	377
	386	377
	385	377
	384	377
.PEN_UP
.PEN_DOWN
	394	376
	394	375
	395	374
	395	373
	396	372
	396	371
	396	370
	396	369
	396	368
	396	367
	396	366
	396	367
	397	367
	397	368
	397	369
	397	370
	397	371
	397	372
	397	373
	397	374
	397	375
	397	376
	398	376
	399	377
	400	377
	401	377
	402	377
	403	377
.PEN_UP
.PEN_DOWN
	408	373
	409	373
	410	373
	411	374
	411	375
	412	375
	412	376
	413	377
	413	378
	413	379
	412	379
	411	379
	410	379
	410	378
	409	378
	409	377
	408	377
	408	376
	407	376
	407	375
	407	374
	407	373
	407	372
	407	371
	408	371
	408	370
	409	370
	410	369
	411	369
	412	369
	413	369
	414	369
	415	369
	416	369
	417	369
	418	369
	418	370
	419	370
.PEN_UP
.PEN_DOWN
	421	397
	422	397
	422	396
	423	396
	423	395
	423	394
	423	393
	422	391
	422	390
	422	389
	422	388
	423	388
	423	387
.PEN_UP
.PEN_DOWN
	462	393
	462	392
	461	392
	461	391
	461	390
	460	390
	459	389
	459	388
	458	388
	458	387
	458	386
	457	386
	457	385
	456	385
	456	384
	456	383
	456	382
	456	381
	456	380
	456	379
	457	378
	458	377
	459	376
	460	376
	461	376
	462	376
	463	376
	464	376
	465	376
	466	377
	467	378
	467	379
	468	379
	468	380
	468	381
	468	382
	468	383
	467	383
	467	384
	466	384
	465	384
	465	383
	464	383
	463	383
	462	383
	462	382
	461	382
	461	381
	460	381
	460	380
	459	380
	459	379
	459	378
.PEN_UP
.PEN_DOWN
	485	394
	486	394
	486	393
	485	392
	485	391
	485	390
	484	389
	484	388
	483	387
	483	386
	483	385
	483	384
	482	383
	481	381
	481	380
	480	380
	480	379
	480	378
	480	377
	480	376
	480	375
.PEN_UP
.PEN_DOWN
	492	387
	492	386
	493	386
	494	386
	495	386
	496	386
	497	386
	498	386
	499	386
	501	386
	502	386
	503	386
	503	385
	502	385
	502	384
	502	383
	502	382
	502	381
	501	381
	501	380
	501	379
	500	379
	500	378
	500	377
	500	376
	499	375
	499	374
	500	374
	500	373
	501	373
.PEN_UP
.PEN_DOWN
	513	399
	514	399
	514	398
	513	397
	513	396
	513	395
	513	394
	513	393
	513	392
	513	390
	512	389
	512	388
	512	385
	511	384
	511	383
	511	382
	511	381
	510	380
	510	379
	510	378
	510	377
	510	376
	510	375
	511	375
	512	376
.PEN_UP
.PEN_DOWN
	528	391
	527	391
	526	391
	525	391
	524	390
	523	390
	522	390
	521	389
	520	389
	519	388
	518	388
	518	387
	518	386
	518	385
	519	385
	519	384
	520	383
	520	382
	521	382
	522	382
	522	381
	524	381
	525	380
	526	380
	527	380
	527	381
	528	381
	528	382
	529	382
	529	383
	530	384
	530	385
	530	386
	530	387
	530	388
	530	389
	530	390
	530	391
	529	391
	529	392
	528	393
	527	393
	526	393
	526	392
	525	392
.PEN_UP
.PEN_DOWN
	523	382
	523	381
	522	381
	522	380
	521	380
	521	379
	521	378
	521	377
	521	376
	522	376
	522	375
	523	374
	524	374
	524	373
	525	373
	526	373
	527	373
	528	373
	529	374
	530	374
	530	375
	531	376
	531	377
	532	377
	532	378
	532	379
	532	380
	532	381
	531	382
	531	383
	530	384
.PEN_UP
.PEN_DOWN
	543	392
	542	392
	541	392
	540	392
	538	392
	537	391
	536	391
	536	390
	535	390
	535	389
	535	388
	535	387
	535	386
	536	386
	536	385
	537	385
	537	384
	538	384
	539	384
	540	384
	541	384
	541	385
	542	385
	542	386
	543	386
	543	387
	543	388
	544	388
	544	389
	544	390
	545	390
	545	391
	545	390
	545	389
	545	388
	545	387
	545	386
	545	385
	545	384
	545	383
	545	382
	545	381
	545	379
	545	378
	546	377
	546	376
	546	375
	547	375
	547	374
	548	374
	548	373
	549	373
.PEN_UP
