
.WRITER_ID BeckyHammaker
.STYLE PRINTED
.PEN_DOWN
	148	397
	148	398
	148	399
	146	399
	145	399
	144	399
	143	399
	142	399
	141	399
	141	398
	140	398
	139	398
	138	397
	137	397
	137	396
	138	395
	138	394
	138	393
	139	392
	139	391
	139	390
	139	389
	139	388
	139	387
	139	386
	139	385
	139	384
	139	383
	139	382
	139	381
	139	380
	139	379
	139	378
	140	378
	141	378
	141	377
	142	377
	143	377
	144	376
	145	376
	146	376
	147	376
	148	376
	148	377
	149	377
	150	377
.PEN_UP
.PEN_DOWN
	153	395
	154	396
	153	396
	153	395
	152	394
	152	393
	151	393
	151	392
	151	391
	150	390
	150	389
	150	388
	150	387
	150	386
	151	385
	151	384
	151	383
	151	382
	152	382
	152	381
	152	380
	153	380
	154	379
	154	378
	155	378
	155	377
	155	378
.PEN_UP
.PEN_DOWN
	160	395
	160	394
	161	394
	161	393
	161	392
	160	391
	160	390
	160	389
	160	388
	160	387
	160	386
	160	385
	161	384
	161	383
	162	383
	162	382
	163	382
	164	382
	165	382
	166	382
	167	382
	168	382
	168	383
	168	384
	168	385
	167	385
	166	385
	165	385
	164	385
	163	385
	162	385
	162	386
	162	387
.PEN_UP
.PEN_DOWN
	168	398
	169	398
	170	398
	171	398
	172	398
	173	397
	174	397
	174	396
	175	395
	176	395
	176	394
	177	393
	177	392
	177	391
	178	390
	178	389
	178	388
	178	387
	178	386
	178	385
	178	384
	178	383
	178	382
	178	381
	177	380
	177	379
	176	379
	176	378
	176	379
.PEN_UP
.PEN_DOWN
	192	398
	191	398
	191	397
	191	396
	190	396
	190	395
	190	394
	189	394
	189	393
	189	392
	188	392
	188	391
	188	390
	188	389
	188	388
	188	387
	188	386
	188	385
	189	385
	189	384
	190	383
	191	382
	191	381
	192	381
	192	380
	193	380
	194	380
	194	379
.PEN_UP
.PEN_DOWN
	194	392
	195	392
	196	392
	197	392
	198	392
	199	392
	200	392
	201	392
	202	392
	203	392
	204	392
	205	392
	206	392
	207	392
	207	391
	207	390
	207	389
	207	388
	207	387
	207	386
	207	385
	207	384
	207	383
	207	382
	208	381
.PEN_UP
.PEN_DOWN
	210	401
	210	400
	211	400
	211	399
	212	399
	213	399
	214	399
	214	398
	215	398
	216	398
	216	397
	217	397
	217	396
	218	396
	218	395
	218	394
	218	393
	218	392
	218	391
	218	390
	218	389
	218	388
	218	387
	218	386
	218	385
	218	384
	217	383
	217	382
	217	381
	216	381
	216	380
	216	379
	215	379
.PEN_UP
.PEN_DOWN
	231	400
	231	399
	230	398
	230	397
	229	396
	229	395
	228	395
	228	394
	228	393
	228	392
	228	391
	227	390
	227	389
	227	388
	228	388
	228	387
	228	386
	228	385
	229	384
	229	383
	230	383
	230	382
	231	382
	231	381
	232	381
	233	381
	233	380
.PEN_UP
.PEN_DOWN
	238	394
	237	394
	237	393
	237	392
	236	392
	236	391
	236	390
	236	389
	237	388
	238	387
	239	387
	240	387
	241	387
	242	388
	243	389
	243	390
	243	391
	243	392
	243	393
	243	394
	242	394
	241	394
	241	395
	240	395
	239	395
	239	396
	238	396
.PEN_UP
.PEN_DOWN
	238	387
	238	386
	238	385
	238	384
	238	383
	238	382
	238	381
	239	381
	239	380
	240	380
	241	380
	242	379
	243	379
	244	379
	244	380
	245	380
	245	381
	246	381
	246	382
	246	383
	246	384
	246	385
	246	386
	245	386
	245	387
	244	387
	244	388
	243	389
	242	389
.PEN_UP
.PEN_DOWN
	250	400
	251	400
	252	400
	252	399
	253	399
	253	398
	254	398
	254	397
	255	396
	255	395
	255	394
	256	393
	256	392
	256	391
	256	390
	256	389
	256	388
	256	387
	256	386
	256	385
	256	384
	255	383
	255	382
	254	380
	254	379
	253	379
	253	378
	252	378
	252	377
.PEN_UP
.PEN_DOWN
	270	398
	271	398
	271	397
	270	397
	270	396
	270	395
	269	395
	269	394
	268	393
	268	392
	267	391
	266	391
	266	390
	266	389
	266	388
	265	387
	265	386
	265	385
	265	384
	265	383
	266	382
	266	381
	266	380
	267	380
	267	379
	267	378
	268	378
	268	377
	269	377
	269	376
	270	376
	271	376
	271	377
	272	377
.PEN_UP
.PEN_DOWN
	285	388
	285	389
	285	390
	284	390
	283	390
	282	390
	281	390
	280	389
	279	389
	278	389
	278	388
	277	387
	277	386
	278	385
	279	385
	280	385
	281	385
	282	385
	283	385
	284	385
	284	386
	285	386
	285	387
	285	388
	286	388
	286	389
	286	388
	286	387
	286	386
	286	385
	287	385
	287	384
	287	383
	287	382
	287	381
	287	380
	287	379
	287	378
	288	378
	288	377
	288	376
	289	376
.PEN_UP
.PEN_DOWN
	292	399
	292	398
	293	398
	294	397
	294	396
	295	396
	296	395
	297	395
	297	394
	298	394
	298	393
	298	392
	299	392
	299	391
	299	390
	299	389
	299	388
	299	387
	298	386
	298	385
	298	384
	298	383
	297	383
	297	382
	297	381
	297	380
	296	380
	296	379
	295	378
	295	377
	295	376
	294	376
	294	375
.PEN_UP
.PEN_DOWN
	312	394
	312	393
	312	392
	311	392
	311	391
	310	390
	310	389
	309	389
	309	388
	308	387
	308	385
	307	385
	307	384
	307	383
	307	382
	306	382
	306	381
	306	380
	306	379
	306	378
	307	377
	307	376
	308	376
	308	375
	309	374
	310	373
	310	372
	311	372
	312	372
	312	373
	313	373
.PEN_UP
.PEN_DOWN
	322	384
	321	384
	320	384
	320	383
	319	383
	319	382
	319	381
	318	381
	318	380
	318	379
	318	378
	318	377
	319	376
	320	375
	320	374
	321	374
	322	374
	323	374
	324	374
	325	374
	326	375
	326	376
	327	376
	327	377
	327	378
	327	379
	327	380
	327	381
	327	382
	327	383
	326	383
	326	384
	325	385
	324	385
	323	386
	322	386
	321	386
.PEN_UP
.PEN_DOWN
	331	395
	332	395
	332	394
	333	394
	333	393
	334	393
	335	392
	335	391
	336	391
	336	390
	337	390
	337	389
	338	388
	338	387
	338	386
	338	385
	338	384
	338	383
	338	382
	338	381
	338	380
	338	379
	338	378
	338	377
	338	376
	338	375
	337	374
	337	373
	336	372
	335	372
.PEN_UP
.PEN_DOWN
	339	398
	340	398
	341	397
	342	397
	343	397
	343	396
	344	396
	345	396
	346	396
	347	396
	347	395
	348	395
	348	396
	348	395
	349	395
	349	394
	349	393
	349	392
	350	392
	350	391
	350	390
	350	389
	350	388
	350	387
	350	386
	350	385
	350	384
	350	383
	350	382
	350	381
	350	380
	350	379
	351	379
	351	378
	351	377
	350	377
	350	376
	349	376
	349	375
	348	375
	347	374
	346	373
	345	372
	344	372
	344	371
.PEN_UP
