
.WRITER_ID IanFelix
.STYLE PRINTED
.PEN_DOWN
	81	341
	81	340
	80	340
	79	340
	79	341
	78	341
	77	341
	76	342
	75	342
	74	342
	73	342
	72	341
	71	340
	70	339
	69	338
	69	337
	68	336
	68	335
	68	334
	68	332
	68	331
	68	330
	68	329
	69	328
	70	327
	71	327
	73	327
	74	328
	75	328
	76	328
	77	329
	78	330
	79	331
	80	332
	80	333
	81	333
	81	334
	81	335
	81	336
	82	336
	82	337
	82	338
	81	338
	81	339
	80	339
	80	338
	80	337
	79	336
	79	335
	79	334
	79	333
	80	332
	80	331
	81	330
	82	329
	83	328
	84	327
	85	327
	86	326
	87	326
	88	326
	89	326
.PEN_UP
.PEN_DOWN
	121	341
	120	341
	120	342
	119	342
	119	343
	118	343
	117	343
	116	343
	115	343
	114	342
	113	342
	112	342
	112	341
	111	341
	111	340
	110	340
	110	339
	109	339
	108	338
	108	337
	107	337
	107	336
	107	335
	107	334
	107	333
	107	332
	107	331
	108	330
	109	330
	110	330
	111	330
	112	330
	113	331
	114	332
	115	332
	115	333
	116	334
	117	335
	118	336
	118	337
	119	338
	119	339
	119	340
	119	341
	119	340
	119	339
	118	338
	118	337
	118	336
	118	335
	118	334
	118	333
	118	332
	118	331
	118	330
	118	329
	118	328
	118	327
	118	326
	118	325
	118	324
	118	323
	118	322
	118	321
	118	320
	118	319
	118	318
	118	317
	118	316
	118	315
	118	314
	118	313
	118	312
	118	311
	118	310
	118	309
	119	309
	119	310
	119	311
	119	312
	120	312
	120	313
	120	312
.PEN_UP
.PEN_DOWN
	120	312
	121	312
	122	313
	123	314
	123	315
	123	316
	124	316
	124	317
	124	318
	125	318
	125	319
	126	319
.PEN_UP
.PEN_DOWN
	132	342
	131	342
	131	341
	131	340
	131	339
	131	338
	131	337
	131	336
	132	335
	132	334
	132	333
	133	333
	133	332
	134	331
	135	331
	135	330
	136	330
	137	330
	138	330
	139	330
	140	330
	141	330
	141	331
	142	331
	143	331
	143	332
	144	333
	145	334
	145	335
	146	335
	146	336
	147	337
	147	338
	148	339
	148	340
	148	341
	148	342
	148	343
	147	343
	147	342
	147	341
	147	340
	147	339
	147	338
	147	337
	148	337
	148	336
	148	335
	149	334
	149	333
	149	332
	150	331
	150	330
	151	329
.PEN_UP
.PEN_DOWN
	158	343
	159	343
	160	342
	160	341
	160	340
	160	339
	160	338
	160	337
	160	336
	160	335
	160	334
	160	333
	160	332
.PEN_UP
.PEN_DOWN
	158	352
	159	352
	159	351
	159	350
	160	350
.PEN_UP
.PEN_DOWN
	177	343
	177	342
	178	341
	178	340
	178	339
	178	338
	178	337
	178	338
	178	339
	178	340
	177	340
	177	341
	177	342
	177	343
	176	343
	175	343
	174	342
	174	341
	173	341
	173	340
	172	339
	171	338
	171	337
	170	337
	170	336
	170	335
	170	334
	170	333
	170	332
	170	331
	171	331
	171	330
	172	330
	173	329
	174	329
	175	329
	178	329
	179	329
	180	329
	181	329
	182	329
	183	329
	184	329
	185	329
.PEN_UP
.PEN_DOWN
	189	351
	189	350
	190	350
	190	349
	190	348
	191	348
	191	347
	191	346
	192	346
	192	345
	192	343
	192	342
	193	341
	193	340
	193	339
	193	338
	193	337
	193	336
	194	335
	194	334
	194	333
.PEN_UP
.PEN_DOWN
	205	342
	205	341
	204	341
	203	341
	203	340
	202	339
	201	339
	200	339
	200	338
	199	338
	198	337
	197	336
	196	336
	195	335
	194	335
	194	334
	193	334
	193	333
	194	333
	195	333
	196	333
	197	333
	198	333
	199	333
	199	332
	200	332
	201	332
	201	331
	202	331
	203	331
	203	330
	204	330
	205	329
	206	329
	207	329
	208	328
	209	328
.PEN_UP
.PEN_DOWN
	239	352
	239	351
	239	350
	239	349
	239	348
	239	347
	239	346
	239	344
	239	343
	239	342
	239	341
	239	339
	239	338
	239	336
	239	335
	239	334
	239	333
	239	332
	239	331
	239	330
	240	329
.PEN_UP
.PEN_DOWN
	237	343
	238	343
	239	343
	240	343
	241	343
	243	343
	244	343
	245	343
	245	342
	246	342
	247	341
	247	340
	248	339
	248	338
	249	337
	249	336
	250	334
	250	333
	250	332
	250	331
	250	330
	249	330
	249	329
	248	327
	247	327
	246	327
	246	326
	245	326
	244	326
	243	326
	242	326
	241	326
	240	326
	239	327
	238	327
	237	327
.PEN_UP
.PEN_DOWN
	256	336
	256	335
	257	335
	257	334
	258	334
	258	333
	258	332
	259	331
	259	330
	260	329
	260	328
	260	327
	261	327
	260	328
	260	329
	259	329
	259	330
	258	331
	258	332
	257	332
	257	333
	257	334
	257	335
	257	336
	258	337
	259	338
	261	339
	262	340
	263	342
	264	343
	266	343
	267	344
	268	344
	269	344
	270	344
.PEN_UP
.PEN_DOWN
	278	341
	277	340
	277	339
	276	339
	276	338
	276	337
	276	336
	276	335
	276	334
	276	333
	277	332
	277	331
	278	330
	279	329
	281	329
	282	329
	283	329
	283	330
	284	330
	285	330
	286	330
	287	331
	288	331
	288	332
	289	333
	290	334
	291	335
	291	336
	291	337
	291	338
	291	339
	290	340
	290	341
	289	342
	288	343
	287	343
	287	344
	286	344
	285	344
	284	344
	283	343
	282	343
	282	342
.PEN_UP
.PEN_DOWN
	297	341
	297	342
	297	341
	298	341
	298	340
	298	339
	298	338
	299	337
	299	336
	299	335
	299	334
	300	334
	301	333
	301	332
	302	332
	303	332
	304	332
	304	333
	305	333
	306	334
	307	335
	307	336
	308	336
	308	337
	308	338
	308	339
	308	338
	308	337
	308	336
	308	335
	308	334
	309	333
	309	332
	310	331
	311	331
	312	331
	313	331
	314	331
	315	331
	316	332
	317	332
	318	333
	319	333
	320	334
	321	335
	322	335
	322	336
	323	337
	323	338
	323	339
	323	340
	323	341
	323	342
	322	343
	322	344
	321	344
	321	345
	320	346
	319	346
	319	345
.PEN_UP
.PEN_DOWN
	332	344
	332	343
	332	342
	332	341
	333	341
	333	340
	333	339
	334	339
	334	338
	334	337
	334	335
	335	335
	335	334
	335	333
	335	332
	335	331
	335	330
	336	329
	336	330
	336	331
	336	332
	336	333
	336	334
	336	335
	337	336
	337	337
	337	338
	338	339
	338	340
	338	341
	339	341
	339	342
	340	343
	341	343
	341	344
	343	345
	343	346
	344	346
	345	346
	346	345
	346	344
	346	343
	346	342
	346	341
	347	339
	347	338
	347	337
	347	336
	348	335
	348	334
	348	333
	348	332
	349	331
	349	330
	350	329
	351	329
.PEN_UP
.PEN_DOWN
	378	340
	379	340
	379	341
	380	341
	380	342
	380	343
	381	343
	381	345
	382	346
	382	347
	382	348
	383	349
	383	350
	383	351
	384	352
	384	353
	384	354
	384	355
	383	357
	383	359
	381	359
	380	359
	380	358
	379	358
	378	356
	378	355
	378	354
	377	352
	377	350
	377	348
	377	347
	377	345
	377	343
	377	341
	377	340
	377	339
	377	336
	378	335
	378	334
	378	333
	379	333
	379	332
	379	331
	380	331
	380	330
	381	330
.PEN_UP
.PEN_DOWN
	368	339
	369	339
	370	339
	371	339
	372	339
	375	340
	376	340
	378	340
	379	340
	380	340
	382	341
	383	341
	385	341
	386	342
	388	342
	389	342
	390	342
	392	342
	393	342
	394	342
	395	342
.PEN_UP
.PEN_DOWN
	403	341
	402	341
	401	341
	400	340
	399	339
	398	338
	398	337
	398	336
	397	335
	397	334
	397	333
	398	332
	398	331
	399	331
	400	330
	401	330
	402	330
	404	330
	405	330
	406	330
	409	331
	409	332
	411	332
	412	333
	412	334
	413	335
	413	336
	414	337
	414	338
	414	339
	414	340
	413	341
	412	342
	411	343
	410	343
	409	344
	408	345
	407	345
	406	346
	405	346
	404	346
	403	346
	402	346
.PEN_UP
.PEN_DOWN
	431	346
	431	345
	430	344
	429	343
	429	342
	428	342
	427	341
	427	340
	426	339
	425	339
	425	338
	424	337
	423	336
	422	335
	421	334
	420	334
	419	333
	418	333
	417	332
	417	331
	416	331
	416	330
.PEN_UP
.PEN_DOWN
	420	346
	421	346
	421	345
	421	344
	422	343
	422	342
	422	341
	423	341
	423	340
	423	339
	424	339
	424	338
	425	337
	426	336
	426	335
	427	335
	428	334
	429	333
	430	332
	431	332
	431	331
.PEN_UP
.PEN_DOWN
	461	339
	462	339
	462	338
	462	337
	462	336
	462	335
	462	334
	462	333
	462	331
	462	330
	462	329
	462	328
	462	327
	462	326
	462	325
	461	324
	461	323
	460	322
	459	321
	458	321
	457	321
	456	321
	455	321
	454	321
	453	321
	452	321
.PEN_UP
.PEN_DOWN
	461	352
	461	353
	460	352
	460	351
	460	350
	461	349
.PEN_UP
.PEN_DOWN
	471	342
	472	342
	472	341
	472	340
	472	339
	472	338
	472	337
	473	337
	473	336
	473	335
	474	334
	476	333
	477	333
	478	332
	479	332
	480	332
	481	332
	482	333
	483	333
	484	333
	484	334
	485	334
	487	336
	488	337
	488	338
	488	339
	489	339
	489	340
	489	341
	489	342
	488	342
	488	343
	487	343
	486	343
	486	342
	485	341
	485	340
	485	339
	485	338
	485	337
	486	335
	486	334
	487	334
	487	333
	488	333
	489	332
	490	332
	491	331
	492	331
	493	331
	494	331
.PEN_UP
.PEN_DOWN
	499	343
	499	342
	499	341
	499	340
	500	339
	500	338
	500	337
	501	335
	501	334
	502	334
	502	332
	502	331
	503	330
	504	330
	505	331
	505	332
	505	333
	506	334
	506	335
	507	336
	507	338
	507	339
	508	340
	508	341
	508	342
	509	342
	509	341
	509	339
	509	338
	509	336
	509	335
	509	333
	509	332
	510	332
	510	331
	510	330
	511	329
	511	330
	512	330
	512	331
	513	332
	513	333
	514	334
	514	335
	515	337
	515	338
	516	340
	517	341
	517	342
	518	342
	518	341
	518	340
	519	339
	519	338
	519	335
	519	334
	520	333
	520	332
	521	332
	521	331
	522	330
	522	329
	523	329
	523	328
	524	327
	525	326
	526	326
.PEN_UP
.PEN_DOWN
	535	336
	535	335
	535	334
	536	333
	536	332
	536	331
	536	330
	536	329
	536	327
	536	326
	536	325
	536	324
	536	323
	536	321
	536	319
	537	318
	537	316
	537	315
	538	315
.PEN_UP
.PEN_DOWN
	531	340
	532	341
	533	342
	534	343
	535	343
	536	344
	537	345
	538	345
	539	345
	540	345
	541	345
	542	344
	543	343
	544	342
	545	341
	545	340
	545	339
	546	338
	546	337
	546	336
	546	335
	546	334
	545	334
	544	333
	543	333
	542	333
	541	333
	540	333
	538	333
	537	332
	535	332
	534	332
.PEN_UP
.PEN_DOWN
	570	346
	569	346
	569	345
	568	345
	567	345
	566	344
	565	344
	564	344
	563	343
	562	343
	561	343
	560	342
	559	342
	558	341
	557	341
	557	340
	556	340
	556	339
	557	339
	558	339
	559	339
	562	339
	563	339
	564	339
	565	339
	566	338
	567	338
	568	337
	569	336
	569	335
	569	334
	569	333
	569	332
	569	331
	568	331
	568	330
	567	330
	566	330
	565	330
	564	329
	563	329
	562	329
	561	329
	560	329
	559	329
	558	329
	557	329
	555	329
	554	330
.PEN_UP
