
.WRITER_ID IanFelix
.STYLE PRINTED
.PEN_DOWN
	70	358
	70	357
	69	357
	69	358
	68	358
	67	357
	66	357
	65	357
	64	356
	63	355
	62	355
	62	354
	61	354
	61	353
	60	352
	59	352
	59	351
	59	350
	58	349
	58	348
	58	347
	59	346
	59	345
	60	345
	60	344
	61	343
	62	343
	63	343
	64	342
	65	342
	66	342
	67	342
	67	343
	68	343
	70	345
	71	346
	72	347
	72	348
	72	349
	73	349
	73	350
	73	351
	74	352
	74	353
	75	354
	75	355
	75	356
	75	357
	74	357
	74	358
	73	358
	73	359
	72	359
	72	358
	72	357
	72	356
	72	355
	72	354
	73	354
	73	353
	73	352
	73	351
	74	351
	74	350
	74	349
	75	348
	76	348
	76	347
	77	346
	77	345
	78	343
	78	342
	79	341
.PEN_UP
.PEN_DOWN
	91	366
	92	366
	92	365
	92	364
	92	363
	92	362
	92	361
	92	360
	92	359
	92	358
	92	357
	92	356
	92	355
	92	354
	92	353
	92	352
	92	351
	92	350
	92	349
	92	348
	93	348
	93	347
	93	346
	93	345
	93	344
	93	343
	93	342
	93	341
	93	340
	93	339
	93	338
	93	337
	94	337
.PEN_UP
.PEN_DOWN
	91	352
	92	352
	93	352
	93	353
	94	353
	95	353
	95	354
	96	354
	97	354
	98	354
	98	353
	99	353
	99	352
	100	352
	100	351
	101	351
	101	350
	102	350
	102	349
	103	348
	103	347
	104	347
	104	346
	104	345
	104	344
	104	343
	103	343
	103	342
	103	341
	102	341
	102	340
	101	340
	100	339
	99	339
	98	339
	97	339
	95	338
	95	337
	94	337
	93	336
	92	335
	91	335
	92	335
.PEN_UP
.PEN_DOWN
	119	355
	119	354
	120	354
	120	353
	120	352
	120	351
	120	350
	120	349
	121	349
	121	348
	121	346
	121	345
	121	344
	121	343
	121	344
	121	345
	121	346
	121	347
	121	348
	121	349
	121	350
	121	351
	121	352
	120	352
	120	353
	119	353
	119	354
	118	354
	118	355
	117	355
	116	356
	115	356
	114	356
	113	355
	113	354
	112	353
	111	352
	111	351
	110	350
	110	349
	110	348
	110	347
	110	346
	110	345
	110	344
	110	343
	110	342
	111	341
	111	340
	111	339
	112	339
	112	338
	113	337
	114	337
	115	336
	116	335
	117	335
	118	335
	118	334
	119	334
	120	334
	121	334
	123	334
	124	334
	125	335
	126	335
	127	336
	128	336
	129	337
	130	337
	131	338
	132	338
	133	338
	133	339
.PEN_UP
.PEN_DOWN
	149	365
	150	364
	150	363
	150	362
	150	361
	151	360
	151	359
	151	358
	151	356
	151	355
	151	354
	151	353
	151	352
	151	351
	151	350
	151	349
	151	348
	151	347
	151	345
	151	343
	151	342
	151	340
	151	339
	151	338
	151	337
	151	336
	152	336
	152	335
	152	334
	152	335
	152	336
	152	337
	152	338
	152	339
	152	340
	152	341
	151	342
	151	343
	151	344
	151	345
	150	346
	150	347
	150	348
	149	349
	149	350
	148	351
	147	351
	147	352
	146	352
	145	352
	144	352
	143	351
	143	350
	142	350
	142	349
	141	349
	141	348
	141	347
	141	345
	141	344
	141	343
	141	342
	141	341
	142	341
	142	340
	143	340
	144	339
	144	338
	145	338
	145	337
	146	337
	147	337
	148	337
	149	337
	150	338
	152	338
	153	339
	155	340
	156	340
	157	341
.PEN_UP
.PEN_DOWN
	177	344
	178	345
	178	346
	178	347
	178	348
	178	349
	178	350
	178	351
	177	351
	177	352
	176	353
	175	353
	174	353
	173	353
	172	353
	171	353
	171	352
	170	352
	169	352
	169	351
	168	351
	167	350
	167	349
	166	349
	166	348
	165	348
	165	347
	164	347
	164	346
	164	345
	164	344
	164	343
	164	342
	164	341
	164	340
	165	339
	166	339
	166	338
	167	337
	168	337
	169	336
	170	336
	172	335
	173	335
	174	335
	175	334
	176	334
	177	334
	178	334
	179	334
	181	334
	182	334
	183	335
	184	336
	185	336
	186	337
	187	338
	188	338
	188	339
	189	339
	189	340
	188	340
.PEN_UP
.PEN_DOWN
	202	345
	203	345
	203	344
	204	344
	205	344
	205	345
	206	345
	207	346
	208	346
	209	347
	209	348
	210	349
	211	350
	211	351
	212	352
	212	353
	212	354
	213	354
	213	356
	213	357
	213	358
	213	359
	212	359
	212	360
	211	361
	210	361
	209	361
	208	362
	207	362
	206	362
	205	362
	204	362
	204	361
	203	361
	202	360
	201	359
	201	358
	200	357
	200	355
	199	354
	199	353
	199	352
	198	351
	198	350
	198	349
	198	348
	198	347
	198	346
	198	345
	199	343
	199	342
	199	341
	200	340
	200	339
	200	338
	200	337
	201	336
	201	335
	201	334
	201	333
	201	332
	202	332
.PEN_UP
.PEN_DOWN
	190	347
	190	346
	190	345
	191	345
	192	345
	193	345
	194	345
	195	346
	196	346
	198	347
	199	347
	200	347
	203	348
	205	348
	206	348
	207	348
	208	348
	210	348
	211	348
	212	349
	213	349
	214	349
	215	348
	216	348
	217	347
.PEN_UP
.PEN_DOWN
	235	346
	235	347
	234	347
	234	348
	233	348
	232	348
	231	348
	230	348
	229	348
	228	348
	227	348
	227	347
	226	347
	225	346
	224	345
	223	344
	222	343
	221	342
	220	341
	220	340
	220	339
	219	339
	219	338
	219	337
	219	336
	220	335
	220	334
	221	334
	222	333
	223	332
	224	332
	225	332
	226	332
	227	332
	228	332
	229	332
	230	333
	231	333
	231	334
	232	335
	233	336
	234	337
	234	338
	234	339
	234	340
	234	341
	234	342
	234	343
	233	343
	232	343
	232	342
	232	341
	232	340
	232	339
	232	338
	232	337
	233	336
	233	335
	233	334
	233	333
	233	332
	233	331
	232	330
	232	329
	232	328
	232	327
	232	326
	231	325
	231	324
	231	323
	231	322
	230	321
	229	321
	228	320
	228	319
	227	319
	226	319
	225	319
	224	319
	223	319
	222	319
	221	319
	220	319
	219	320
	217	320
	216	320
	216	321
	215	321
	214	321
.PEN_UP
.PEN_DOWN
	244	361
	244	360
	244	359
	244	358
	243	357
	243	356
	243	355
	243	354
	243	352
	243	351
	243	350
	243	349
	243	348
	244	347
	244	346
	244	345
	244	343
	244	342
	244	341
	244	339
	244	337
	244	336
	243	334
	243	333
	243	332
	243	331
	243	330
	244	330
	244	329
	244	330
	243	330
	243	331
	243	332
	243	333
	244	333
	244	334
	244	335
	244	336
	245	337
	245	339
	246	339
	246	340
	246	341
	247	342
	247	343
	248	343
	248	344
	249	344
	250	344
	251	344
	252	344
	253	344
	253	343
	254	342
	254	341
	254	340
	255	339
	255	337
	256	337
	256	336
	256	335
	256	334
	256	333
	256	332
	256	330
	256	329
	256	328
	256	327
	257	327
	257	326
.PEN_UP
.PEN_DOWN
	268	343
	268	342
	268	341
	268	340
	268	339
	268	338
	268	337
	268	336
	268	335
	269	334
	269	333
	269	332
	269	331
	269	330
	270	330
	270	329
	271	329
.PEN_UP
.PEN_DOWN
	268	353
	269	353
	270	353
.PEN_UP
.PEN_DOWN
	288	340
	288	339
	288	338
	288	337
	288	336
	288	335
	288	334
	288	333
	288	332
	288	331
	289	330
	289	329
	289	328
	289	327
	289	326
	289	325
	289	324
	289	323
	288	322
	288	321
	288	320
	287	320
	287	319
	287	318
	286	318
	286	317
	285	316
	285	315
	284	315
	284	314
	283	314
	282	314
	281	314
	280	314
	280	315
	279	315
	279	316
	278	316
	277	316
	277	317
	276	318
	275	318
	275	319
	274	319
	274	320
.PEN_UP
.PEN_DOWN
	289	347
	289	348
.PEN_UP
.PEN_DOWN
	299	365
	299	364
	300	363
	300	362
	300	361
	301	360
	301	359
	301	358
	301	357
	301	355
	301	353
	301	351
	301	346
	301	343
	301	340
	301	338
	301	335
	301	333
	301	331
	301	330
	302	329
	302	327
	303	327
	303	326
	304	325
.PEN_UP
.PEN_DOWN
	316	350
	316	349
	315	349
	314	348
	313	347
	312	347
	310	345
	310	344
	309	343
	308	343
	307	342
	306	342
	305	341
	304	340
	304	339
	303	339
	302	338
	301	336
	301	335
	301	334
	302	334
	303	333
	304	333
	306	333
	307	333
	308	333
	309	332
	310	332
	310	331
	311	330
	312	330
	313	329
	314	329
	315	329
	316	329
	317	329
	318	329
	319	329
	320	329
	321	329
	322	329
	323	329
	324	329
.PEN_UP
.PEN_DOWN
	333	353
	333	352
	333	351
	334	350
	334	349
	334	348
	334	347
	335	346
	335	345
	335	344
	335	343
	335	342
	335	340
	335	339
	335	337
	335	334
	335	332
	335	331
	335	330
	335	329
	335	328
	336	328
.PEN_UP
.PEN_DOWN
	352	343
	352	342
	352	339
	353	339
	353	337
	353	336
	353	335
	353	334
	353	332
	353	331
	353	330
	353	329
	353	328
	353	327
	354	328
	354	329
	354	330
	354	331
	355	332
	355	334
	355	336
	355	337
	356	338
	356	339
	356	340
	356	341
	357	342
	357	343
	358	343
	358	344
	359	344
	360	343
	360	342
	361	341
	361	340
	361	339
	361	338
	361	337
	361	336
	362	335
	362	334
	363	334
	364	335
	364	336
	365	337
	365	338
	365	339
	366	340
	366	341
	366	342
	367	342
	368	342
	369	341
	370	340
	370	339
	370	338
	371	337
	371	335
	372	334
	373	333
	373	332
	374	332
	375	331
.PEN_UP
.PEN_DOWN
	381	348
	381	347
	381	346
	381	345
	382	344
	382	343
	382	342
	382	341
	382	340
	383	339
	383	338
	383	337
	384	336
	384	333
	384	332
	384	331
	385	330
	385	329
	385	328
	385	327
	386	327
	386	328
	387	329
	387	330
	387	331
	387	332
	388	334
	388	335
	388	336
	389	339
	389	340
	390	341
	390	342
	391	342
	392	343
	393	343
	393	342
	394	342
	395	341
	395	340
	396	339
	397	338
	397	337
	397	336
	397	335
	398	334
	399	332
	400	331
	401	330
.PEN_UP
.PEN_DOWN
	419	348
	418	348
	418	347
	417	347
	417	346
	416	346
	416	345
	416	344
	415	343
	415	342
	415	341
	414	340
	414	339
	414	338
	414	337
	414	336
	414	335
	414	334
	414	333
	414	332
	415	331
	415	330
	416	330
	417	329
	418	329
	419	329
	420	329
	422	330
	423	330
	424	331
	425	331
	426	332
	426	333
	427	333
	427	334
	428	334
	428	335
	428	336
	428	337
	428	338
	428	339
	428	340
	428	341
	427	342
	426	343
	426	344
	425	344
	424	345
	423	347
	422	347
	421	348
	420	349
	419	349
	419	348
.PEN_UP
.PEN_DOWN
	443	343
	443	342
	444	341
	444	340
	444	339
	445	339
	445	338
	445	336
	445	334
	445	333
	445	332
	445	330
	445	329
	445	327
	444	325
	444	323
	444	322
	444	321
	444	320
	444	318
	444	317
	445	316
.PEN_UP
.PEN_DOWN
	441	346
	442	345
	443	345
	444	345
	445	345
	446	346
	447	346
	448	346
	449	346
	450	346
	451	345
	451	344
	453	344
	453	343
	454	343
	454	342
	455	341
	455	340
	455	339
	456	338
	456	337
	456	336
	456	335
	456	334
	455	333
	454	332
	454	331
	452	331
	451	331
	450	330
	449	330
	448	330
	446	330
	445	330
	444	330
.PEN_UP
.PEN_DOWN
	474	344
	473	345
	472	345
	471	345
	471	346
	470	346
	469	346
	468	346
	467	346
	466	345
	465	345
	465	344
	464	343
	464	342
	463	342
	463	340
	462	339
	462	338
	462	337
	462	336
	462	335
	462	334
	463	334
	465	334
	466	334
	467	334
	468	335
	469	335
	470	336
	471	337
	472	337
	472	338
	473	339
	473	340
	474	341
	474	342
	474	343
	474	344
	474	343
	474	342
	473	341
	473	340
	473	339
	473	338
	473	337
	473	336
	473	335
	473	334
	473	333
	473	332
	473	331
	474	330
	474	329
	474	328
	474	327
	474	326
.PEN_UP
.PEN_DOWN
	476	325
	476	326
	477	327
	477	328
	478	328
	478	329
	479	330
	480	332
	480	333
	481	333
	481	334
	482	334
	482	335
.PEN_UP
.PEN_DOWN
	489	344
	489	343
	489	342
	489	341
	490	340
	490	339
	490	337
	491	337
	491	336
	492	335
	492	334
	493	334
	493	335
	493	336
	493	337
	493	338
	492	338
	492	339
	491	340
	491	341
	491	342
	491	343
	491	344
	492	345
	492	346
	493	347
	494	349
	495	350
	496	351
	496	352
	497	352
	498	352
	499	352
	500	352
	501	352
.PEN_UP
.PEN_DOWN
	523	352
	522	352
	521	352
	520	352
	519	351
	518	351
	517	350
	516	350
	515	349
	514	349
	513	348
	512	347
	511	347
	510	346
	509	346
	509	345
	510	345
	511	345
	512	345
	513	345
	514	346
	515	346
	516	346
	517	346
	518	346
	519	346
	520	346
	521	345
	522	345
	523	344
	523	343
	524	343
	525	342
	525	341
	526	340
	527	339
	527	338
	527	337
	527	336
	527	335
	527	334
	526	334
	525	333
	524	333
	523	333
	522	333
	522	332
	521	332
	519	332
	518	332
	517	332
	516	332
	515	332
	513	332
	514	333
.PEN_UP
.PEN_DOWN
	544	361
	545	361
	545	360
	545	359
	545	358
	545	357
	545	356
	545	355
	545	354
	545	352
	545	351
	545	348
	545	347
	545	345
	545	344
	545	343
	545	342
	545	340
	546	339
	546	338
	546	337
	546	336
	547	336
.PEN_UP
.PEN_DOWN
	536	352
	536	351
	536	352
	537	352
	538	352
	540	352
	542	352
	543	352
	544	352
	546	352
	548	353
	549	353
	551	353
	552	353
	553	354
	554	354
	556	354
	557	354
	558	354
	559	354
	559	353
	560	353
	560	352
.PEN_UP
.PEN_DOWN
	565	347
	565	346
	565	345
	565	344
	564	343
	564	342
	564	341
	564	340
	564	339
	564	338
	564	337
	565	335
	565	334
	566	334
	566	333
	566	332
	567	332
	567	331
	568	331
	569	331
	570	331
	572	331
	573	331
	574	331
	575	332
	576	332
	576	333
	577	333
	578	334
	579	334
	579	335
	580	336
	580	337
	581	338
	581	339
	582	339
	582	340
	583	341
	583	342
	583	343
	583	344
	583	345
	583	346
	583	347
	583	348
	583	349
	582	349
	582	348
	582	347
	582	346
	582	345
	583	345
	583	344
	583	343
	583	342
	583	340
	583	339
	584	338
	584	337
	584	336
	585	336
	585	335
	585	334
	586	334
	586	333
	587	333
	588	332
	589	332
	589	331
	590	331
	591	331
	592	330
.PEN_UP
.PEN_DOWN
	600	348
	600	347
	601	346
	602	345
	602	344
	602	343
	602	342
	603	341
	603	340
	603	339
	604	339
	604	337
	604	335
	605	334
	605	333
	605	332
	606	332
	606	331
	606	330
	607	330
	607	329
	608	329
	608	328
	609	328
	609	329
	610	329
	609	329
	609	330
	609	331
	609	332
	610	332
	610	333
	611	333
	611	334
	612	335
	612	336
	613	338
	614	339
	614	340
	615	341
	616	342
	617	343
	617	344
	618	345
	619	345
	619	346
	619	347
	620	347
	620	348
	621	348
.PEN_UP
.PEN_DOWN
	628	347
	629	347
	629	346
	629	345
	629	344
	629	343
	629	342
	630	341
	630	340
	630	339
	630	338
	630	337
	631	335
	631	334
	632	334
	632	333
	633	333
	634	333
	635	333
	636	334
	638	335
	638	336
	639	337
	639	338
	640	339
	641	340
	641	341
	642	342
	642	343
	642	344
	643	345
	643	346
	642	346
	642	345
	642	344
	642	343
	642	342
	642	340
	642	339
	642	338
	642	337
	643	336
	644	335
	645	334
	646	334
	647	334
	648	334
	649	334
	650	333
	651	333
	652	333
	653	334
	654	334
	655	334
	655	335
	656	336
	656	337
	657	338
	657	339
	657	341
	658	343
	658	344
	658	346
	658	347
	658	349
	658	351
	657	352
	657	353
	657	354
	657	355
	657	356
	656	357
.PEN_UP
.PEN_DOWN
	689	353
	688	353
	688	352
	688	351
	687	351
	687	350
	686	349
	685	348
	684	347
	683	346
	682	344
	681	343
	680	342
	679	341
	678	340
	677	339
	676	338
	675	336
	674	335
	671	333
	670	332
	670	331
.PEN_UP
.PEN_DOWN
	673	353
	674	353
	674	352
	674	350
	674	349
	675	348
	675	347
	675	346
	676	345
	676	344
	677	343
	678	342
	679	341
	680	340
	680	339
	682	337
	683	336
	683	335
	684	334
	685	334
	686	333
	687	332
	688	332
.PEN_UP
.PEN_DOWN
	720	348
	719	347
	719	346
	718	345
	717	344
	717	343
	716	342
	716	341
	715	339
	714	338
	712	336
	711	334
	710	333
	709	332
	708	330
	706	329
	705	328
	704	327
	703	325
	702	325
	701	324
	700	323
	699	322
	698	321
.PEN_UP
.PEN_DOWN
	705	350
	705	349
	706	349
	706	348
	706	347
	707	346
	707	345
	707	344
	707	343
	708	343
	708	341
	708	340
	709	339
	709	337
	710	336
	710	335
	711	334
	712	333
	713	332
.PEN_UP
.PEN_DOWN
	730	351
	731	351
	732	351
	733	351
	734	351
	735	351
	736	351
	737	351
	738	351
	739	351
	741	351
	742	351
	743	350
	744	350
	745	349
	745	348
	746	348
	747	348
	747	347
	747	346
	746	345
	745	345
	745	344
	743	343
	742	342
	741	341
	740	340
	739	340
	738	339
	737	338
	736	337
	735	336
	733	335
	732	334
	731	333
	730	332
	730	331
	729	330
	729	329
	728	329
	728	328
	728	327
	728	326
	728	325
	729	325
	730	325
	731	326
	732	326
	733	327
	734	327
	735	327
	736	327
	738	327
	739	327
	741	327
	742	328
	743	328
	744	328
	745	328
	746	328
	747	328
	748	328
	749	328
	750	328
.PEN_UP
