
.WRITER_ID DavidSinger
.STYLE PRINTED
.PEN_DOWN
	187	376
	186	376
	185	376
	184	374
	184	372
	185	369
	188	369
	189	369
	191	372
	192	375
	191	376
	189	378
	186	378
.PEN_UP
.PEN_DOWN
	202	384
	199	385
	198	385
	197	381
	197	378
	198	375
	201	371
	201	367
	201	366
	199	363
	197	361
	195	361
	194	363
	193	365
.PEN_UP
.PEN_DOWN
	193	371
	193	372
	194	372
	198	373
	199	374
	202	374
.PEN_UP
.PEN_DOWN
	226	385
	226	386
	226	383
	225	377
	225	374
	225	370
	225	367
	225	366
.PEN_UP
.PEN_DOWN
	221	375
	222	375
	222	376
	225	377
	227	378
	228	378
	229	378
.PEN_UP
.PEN_DOWN
	237	386
	236	388
	235	386
	233	379
	233	373
	233	372
	233	371
	235	373
	236	375
	238	376
	239	376
	240	374
	241	371
	242	369
	242	368
.PEN_UP
.PEN_DOWN
	252	372
	250	373
	250	372
	249	372
	250	371
	251	371
	254	372
	256	374
	256	375
	254	377
	251	376
	249	375
	247	371
	248	369
	250	368
	255	368
.PEN_UP
.PEN_DOWN
	287	384
	286	386
	286	385
	286	379
	286	377
	286	373
	286	370
	286	369
.PEN_UP
.PEN_DOWN
	294	373
	293	374
	292	371
	292	369
	293	368
	294	366
	296	367
	297	367
.PEN_UP
.PEN_DOWN
	297	377
	294	378
	294	379
.PEN_UP
.PEN_DOWN
	308	383
	307	386
	306	383
	306	378
	305	373
	305	372
	305	368
	306	367
	307	367
	309	368
	310	369
.PEN_UP
.PEN_DOWN
	305	376
	304	377
	305	377
	307	378
	308	379
	310	379
.PEN_UP
.PEN_DOWN
	317	384
	316	385
	314	382
	313	377
	313	375
	313	370
	313	367
	314	367
	316	366
	319	367
	319	368
.PEN_UP
.PEN_DOWN
	315	374
	314	375
	314	376
	315	377
	317	377
	319	377
.PEN_UP
.PEN_DOWN
	327	385
	326	386
	326	384
	326	381
	325	375
	325	371
	325	368
	324	365
.PEN_UP
.PEN_DOWN
	329	370
	328	370
	327	370
	327	369
	330	369
	331	370
	334	371
	335	373
	335	374
	334	375
	331	374
	329	373
	328	369
	329	366
	331	365
	336	365
	342	367
.PEN_UP
.PEN_DOWN
	372	384
	371	386
	371	387
	370	386
	369	381
	369	375
	369	373
	370	370
	372	368
	373	368
	374	370
	374	374
	374	376
	374	377
	376	377
	378	377
.PEN_UP
.PEN_DOWN
	385	376
	384	376
	383	376
	381	375
	381	374
	380	372
	381	370
	384	370
	386	371
	386	372
	387	374
	385	376
	384	376
	382	376
.PEN_UP
.PEN_DOWN
	393	376
	392	377
	393	377
	395	376
	397	374
	397	372
	394	370
	392	370
	392	371
.PEN_UP
.PEN_DOWN
	403	376
	401	376
	399	376
	398	373
	398	372
	398	371
	402	371
.PEN_UP
.PEN_DOWN
	430	385
	429	385
	429	386
	428	383
	427	378
	426	372
	425	370
	425	367
	427	368
	430	372
	431	374
	434	376
	434	375
	433	371
	433	369
	434	368
.PEN_UP
.PEN_DOWN
	439	373
	438	373
	439	372
	441	372
	442	372
	444	373
	446	374
	446	375
	445	377
	444	377
	441	376
	440	375
	438	372
	438	369
	439	368
	444	368
	448	369
	451	370
.PEN_UP
