
.WRITER_ID DavidSinger
.STYLE PRINTED
.PEN_DOWN
	160	382
	160	384
	159	384
	158	381
	156	374
	156	372
	157	369
	158	368
	161	367
	162	368
	163	369
	162	372
	161	373
	160	373
	161	373
	165	374
	167	374
.PEN_UP
.PEN_DOWN
	175	375
	174	375
	172	375
	171	373
	171	370
	171	369
	174	369
	177	370
	179	372
	179	374
	177	376
	176	376
	172	375
.PEN_UP
.PEN_DOWN
	183	374
	182	375
	183	375
	184	375
	187	374
	187	371
	187	370
	185	369
	182	368
	183	369
.PEN_UP
.PEN_DOWN
	195	375
	192	375
	191	375
	190	373
	191	371
	195	370
	202	371
.PEN_UP
.PEN_DOWN
	230	370
	227	370
	229	371
	232	373
	233	375
	238	376
	240	376
	241	375
	240	372
	238	370
	236	369
	233	369
	232	370
	232	371
.PEN_UP
.PEN_DOWN
	252	375
	250	375
	248	374
	246	372
	246	371
	248	371
	249	372
	252	374
	252	372
	253	369
	254	369
	256	369
.PEN_UP
.PEN_DOWN
	259	375
	259	374
	259	373
	260	372
	262	371
	264	372
.PEN_UP
.PEN_DOWN
	265	379
	262	382
	261	382
.PEN_UP
.PEN_DOWN
	281	373
	279	375
	277	375
	275	375
	272	374
	271	371
	271	370
	272	368
	275	369
	276	370
	279	375
	281	380
	282	384
	282	386
	281	385
	280	379
	280	376
	282	371
	287	366
.PEN_UP
.PEN_DOWN
	306	364
	305	365
	305	363
	303	360
	301	358
.PEN_UP
.PEN_DOWN
	325	384
	325	385
	325	384
	325	383
	325	381
.PEN_UP
.PEN_DOWN
	329	383
	329	384
	329	382
	329	380
.PEN_UP
.PEN_DOWN
	346	380
	346	382
	346	380
	345	375
	344	373
	343	371
	343	370
.PEN_UP
.PEN_DOWN
	356	382
	355	383
	354	382
	352	377
	351	375
	350	373
	350	370
	350	369
	352	369
	355	369
	356	370
	358	372
.PEN_UP
.PEN_DOWN
	353	376
	352	378
	354	378
	355	379
	357	379
.PEN_UP
.PEN_DOWN
	366	384
	365	386
	364	384
	363	383
	363	381
	363	376
.PEN_UP
.PEN_DOWN
	370	370
	370	369
	372	371
	373	371
	375	373
	378	374
	379	374
	380	373
	380	371
	380	369
	377	367
	374	367
	373	367
	372	370
.PEN_UP
.PEN_DOWN
	409	373
	409	374
	408	373
	407	372
	406	369
	406	368
	407	368
	408	369
	410	372
	414	376
	415	376
	415	373
	414	372
	414	370
	414	369
.PEN_UP
.PEN_DOWN
	422	374
	421	374
	419	372
	419	371
	418	369
	419	368
	421	368
	423	368
	426	372
	426	373
	426	375
	423	376
	422	376
	421	374
.PEN_UP
.PEN_DOWN
	461	376
	459	376
	458	375
	455	373
	455	371
	454	368
	454	367
	455	367
	456	368
	458	371
	459	373
	460	375
	461	375
	461	370
	461	367
	459	361
	456	357
	452	356
	449	358
	450	362
	451	364
	453	366
.PEN_UP
.PEN_DOWN
	472	373
	471	374
	470	375
	468	374
	468	372
	469	370
	471	371
	473	371
	474	373
	474	375
	473	375
	471	375
	470	374
.PEN_UP
.PEN_DOWN
	483	374
	483	375
	481	375
	480	374
	480	372
	480	371
	482	369
	483	369
	485	370
	488	372
	488	373
	487	374
	486	375
	483	375
	482	375
	481	374
.PEN_UP
.PEN_DOWN
	497	373
	497	374
	496	374
	495	375
	494	374
	492	373
	491	372
	491	371
	491	369
	492	369
	493	369
	496	371
	497	374
	498	377
	501	383
	503	386
	501	386
	499	380
	498	377
	498	373
	500	369
	500	367
.PEN_UP
.PEN_DOWN
	510	371
	508	372
	507	372
	505	372
	506	373
.PEN_UP
