
.WRITER_ID DavidSinger
.STYLE PRINTED
.PEN_DOWN
	161	387
	160	389
	160	388
	160	382
	159	377
	159	376
	159	374
.PEN_UP
.PEN_DOWN
	158	386
	157	388
	158	390
	162	392
	164	392
	169	391
	171	388
	168	384
	166	383
	159	381
	155	382
	156	382
.PEN_UP
.PEN_DOWN
	169	371
	167	373
	168	373
	169	373
	172	373
	174	374
	174	375
	173	377
	171	377
	168	376
	167	375
	166	372
	170	371
	172	370
	178	370
.PEN_UP
.PEN_DOWN
	185	374
	182	373
	182	372
	182	370
	182	369
	183	371
	184	374
	186	375
	187	375
	189	375
.PEN_UP
.PEN_DOWN
	202	388
	201	388
	199	383
	198	380
	197	374
	197	370
	197	369
	198	369
	202	372
	203	374
	204	375
	204	374
	204	373
	205	371
	206	368
.PEN_UP
.PEN_DOWN
	219	374
	218	376
	215	376
	213	376
	211	375
	211	374
	211	371
	211	370
	213	369
	215	370
	217	371
	217	372
	217	373
	217	371
	218	370
	220	368
.PEN_UP
.PEN_DOWN
	228	374
	227	374
	227	372
	226	370
	225	364
	225	360
	225	358
	225	357
	224	358
	224	360
	225	366
	228	374
	229	375
	231	375
	231	373
	231	372
	231	368
.PEN_UP
.PEN_DOWN
	239	369
	237	369
	237	368
	240	370
	241	372
	244	374
	247	375
	248	375
	248	374
	248	371
	248	370
	245	368
	244	368
	243	369
	243	370
.PEN_UP
.PEN_DOWN
	291	379
	290	382
	289	383
	289	381
	288	374
	287	372
	286	368
	285	366
.PEN_UP
.PEN_DOWN
	285	374
	285	375
	287	376
	290	376
	291	376
.PEN_UP
.PEN_DOWN
	299	385
	300	386
	301	385
	299	380
	299	377
	296	373
	296	370
	296	369
	298	372
	301	374
	302	374
	302	371
	302	370
	302	367
.PEN_UP
.PEN_DOWN
	310	373
	309	373
	309	372
	312	371
	315	371
	316	372
	317	373
	317	375
	315	376
	312	376
	309	374
	309	373
	309	371
	312	368
	315	368
	320	368
.PEN_UP
.PEN_DOWN
	358	374
	357	375
	356	375
	355	376
	353	376
	349	375
	348	374
	347	373
	347	371
	348	371
	350	371
	352	371
	355	373
	355	374
	356	374
	356	372
	357	367
	357	359
	357	357
	355	354
	351	353
	349	354
	347	356
	346	357
	347	360
	352	360
.PEN_UP
.PEN_DOWN
	365	384
	366	387
	366	389
	366	388
	365	383
	364	377
	364	373
	364	370
	364	368
.PEN_UP
.PEN_DOWN
	378	374
	378	375
	376	376
	375	376
	374	376
	372	375
	370	374
	370	372
	370	371
	371	370
	373	371
	375	372
	375	373
	375	374
	375	373
	375	372
	375	369
	377	368
	379	368
.PEN_UP
.PEN_DOWN
	384	371
	383	370
	382	370
	382	369
	384	369
	386	371
	387	372
	391	374
	393	374
	395	374
	395	372
	395	370
	393	369
	391	369
	388	369
	388	370
.PEN_UP
.PEN_DOWN
	393	368
	394	368
	396	368
	398	369
	399	370
	401	371
	401	373
	404	375
	405	375
	406	375
	406	374
	407	372
	407	371
	405	369
	402	369
	401	370
	401	371
.PEN_UP
.PEN_DOWN
	436	367
	435	368
	435	366
	435	364
	434	359
	433	355
	433	354
	433	355
	433	359
	434	363
	437	370
	440	374
	441	375
	442	375
	442	372
	442	370
	442	367
	442	366
.PEN_UP
.PEN_DOWN
	453	387
	452	387
	451	383
	450	377
	449	375
	449	372
	449	369
.PEN_UP
.PEN_DOWN
	461	374
	461	375
	460	375
	458	374
	456	373
	456	371
	456	370
	458	370
	459	371
	462	373
	462	374
	462	373
	462	371
	462	370
	463	368
	464	368
	466	368
.PEN_UP
.PEN_DOWN
	476	388
	477	388
	476	384
	475	381
	474	375
	474	371
	474	370
	474	368
.PEN_UP
.PEN_DOWN
	473	376
	472	378
	473	379
	478	381
	481	381
	482	381
.PEN_UP
.PEN_DOWN
	483	372
	482	373
	482	372
	486	372
	487	372
	489	373
	490	375
	489	376
	488	376
	485	376
	483	376
	481	373
	481	369
	482	368
	485	366
	488	366
	489	367
	492	369
.PEN_UP
.PEN_DOWN
	494	372
	494	371
	493	371
	494	370
	496	371
	499	373
	501	375
	503	375
	504	375
	505	374
	505	373
	503	372
	501	371
	500	371
	498	372
	498	374
.PEN_UP
.PEN_DOWN
	543	373
	543	374
	543	372
	543	371
	543	369
	544	368
	545	368
	547	370
	549	371
	550	371
	551	371
	551	368
	553	366
	554	366
	555	366
	557	367
	559	368
	560	370
	560	373
	559	376
.PEN_UP
.PEN_DOWN
	567	372
	568	373
	569	373
	570	373
	573	374
	574	374
	575	375
	574	377
	572	377
	569	377
	566	375
	565	372
	565	370
	568	368
	573	368
	575	368
.PEN_UP
.PEN_DOWN
	584	374
	583	372
	583	370
	582	370
	582	373
	583	375
	583	376
	585	379
	587	380
	588	380
	590	380
.PEN_UP
.PEN_DOWN
	594	375
	594	374
	597	374
	599	374
	600	375
	602	376
	602	378
	601	379
	599	380
	596	379
	594	377
	593	374
	593	372
	595	370
	601	368
	603	368
	607	369
.PEN_UP
