
.WRITER_ID DavidSinger
.STYLE PRINTED
.PEN_DOWN
	185	387
	185	388
	184	387
	182	381
	182	378
	182	374
	182	372
	183	370
	185	370
	187	371
	188	372
	189	373
.PEN_UP
.PEN_DOWN
	184	376
	182	378
	183	378
	185	379
	188	379
.PEN_UP
.PEN_DOWN
	197	385
	196	385
	195	382
	193	375
	193	373
	193	371
	194	370
	196	371
	198	373
	200	375
	200	373
	200	371
	201	367
.PEN_UP
.PEN_DOWN
	208	372
	207	372
	207	371
	210	372
	211	372
	215	374
	215	375
	215	376
	213	377
	210	375
	208	374
	207	371
	207	368
	209	367
	214	367
.PEN_UP
.PEN_DOWN
	238	381
	238	382
	238	381
	238	376
	238	372
	237	371
	236	368
	236	367
.PEN_UP
.PEN_DOWN
	242	372
	242	373
	241	373
	242	373
	244	372
	245	373
	247	374
	247	375
	246	376
	243	376
	241	375
	239	372
	240	369
	241	368
	244	367
	249	368
	251	368
.PEN_UP
.PEN_DOWN
	255	374
	256	372
	256	369
	257	368
	257	367
	258	367
	258	368
	260	371
	261	374
	261	375
	262	376
.PEN_UP
.PEN_DOWN
	263	373
	264	372
	264	373
	265	373
	266	374
	266	375
	264	375
	262	375
	261	374
	260	371
	261	369
	262	368
	265	367
	268	367
.PEN_UP
.PEN_DOWN
	275	371
	275	370
	276	368
	276	367
	276	366
	277	367
	277	370
	277	372
	279	374
	281	374
	282	375
	284	375
.PEN_UP
.PEN_DOWN
	324	373
	322	375
	322	373
	321	371
	320	366
	320	364
	321	364
	322	364
	327	367
	329	368
	331	369
	332	368
	332	367
	332	365
	334	365
	335	365
	336	366
	336	368
	336	372
	336	373
	335	374
.PEN_UP
.PEN_DOWN
	345	388
	345	389
	343	386
	343	383
	341	378
	340	373
	340	372
	340	370
	341	370
	342	371
	344	374
	346	375
	347	375
	347	373
	347	372
	347	369
	347	367
.PEN_UP
.PEN_DOWN
	354	371
	353	371
	353	370
	355	370
	356	370
	357	370
	358	372
	359	373
	359	375
	358	375
	357	375
	353	373
	353	371
	352	369
	355	367
	356	367
	358	367
	361	367
.PEN_UP
.PEN_DOWN
	365	372
	364	373
	364	371
	364	369
	364	367
	364	368
	365	370
	368	373
	369	374
	371	375
	372	375
	372	374
	372	371
	371	368
	371	367
.PEN_UP
.PEN_DOWN
	407	381
	407	382
	405	377
	404	375
	403	371
	404	369
	404	368
	406	368
	410	370
	411	370
	413	371
.PEN_UP
.PEN_DOWN
	405	374
	405	375
	406	375
	409	375
	410	375
	413	376
.PEN_UP
.PEN_DOWN
	419	384
	419	385
	418	384
	417	381
	417	378
	416	373
	416	372
	416	371
	417	371
	419	373
	421	375
	422	374
	422	373
	422	371
	422	368
.PEN_UP
.PEN_DOWN
	428	371
	427	371
	428	370
	431	370
	432	370
	434	371
	435	373
	434	374
	433	374
	429	374
	427	372
	426	370
	427	368
	432	367
	433	367
	436	367
.PEN_UP
.PEN_DOWN
	441	372
	441	369
	441	367
	440	366
	440	365
	440	367
	441	368
	442	372
	444	374
	445	374
	446	375
.PEN_UP
.PEN_DOWN
	451	372
	450	373
	451	372
	454	372
	457	372
	458	373
	458	374
	458	375
	457	375
	454	375
	451	374
	451	373
	451	370
	454	367
	456	367
	459	368
.PEN_UP
.PEN_DOWN
	468	386
	466	384
	465	382
.PEN_UP
.PEN_DOWN
	478	368
	478	367
	478	366
	480	365
	480	366
	483	368
	487	370
	488	371
	490	371
	492	369
	491	368
	490	366
	488	365
	485	366
	484	367
.PEN_UP
.PEN_DOWN
	515	375
	515	374
	514	373
	513	371
	513	370
	516	373
	517	374
	520	375
	521	376
	521	375
	521	373
	520	370
.PEN_UP
.PEN_DOWN
	532	373
	531	373
	530	372
	530	370
	530	369
	532	368
	533	368
	537	370
	537	371
	539	374
	539	375
	538	375
	535	376
	532	375
	531	374
.PEN_UP
