
.WRITER_ID DavidSinger
.STYLE PRINTED
.PEN_DOWN
	181	379
	181	376
	181	374
	181	372
	183	372
	184	372
	185	373
	186	373
	186	372
	187	371
	190	370
	192	370
	193	370
	195	372
	195	375
	195	377
	194	378
.PEN_UP
.PEN_DOWN
	207	374
	206	376
	206	377
	205	377
	203	375
	201	373
	201	371
	201	369
	201	368
	203	369
	205	371
	206	372
	206	374
	206	373
	207	369
	209	368
.PEN_UP
.PEN_DOWN
	221	372
	219	373
	219	372
	219	369
	220	369
	221	370
	224	374
	225	375
	227	376
	227	373
	227	371
	228	369
.PEN_UP
.PEN_DOWN
	242	386
	242	387
	240	384
	239	379
	239	375
	239	373
	240	371
	241	370
	242	369
	243	370
	243	371
.PEN_UP
.PEN_DOWN
	239	378
	240	379
	243	379
	245	379
.PEN_UP
.PEN_DOWN
	249	371
	250	370
	253	371
	257	372
	256	374
	253	374
	252	374
	249	373
	249	370
	251	368
	252	367
	256	367
.PEN_UP
.PEN_DOWN
	266	372
	265	373
	264	373
	261	372
	261	371
	261	369
	261	368
	262	368
	264	368
	267	371
	267	373
	269	378
	270	385
	270	387
	269	385
	267	378
	267	375
	269	370
	271	366
.PEN_UP
.PEN_DOWN
	309	369
	309	367
	308	362
	307	357
	307	355
	306	354
	306	356
	306	361
	307	367
	310	373
	312	374
	313	374
	314	372
	314	371
	313	368
	313	367
.PEN_UP
.PEN_DOWN
	320	375
	320	376
	319	376
	319	375
	319	374
	318	372
	318	369
	318	368
	319	368
	321	368
	322	369
	324	369
.PEN_UP
.PEN_DOWN
	320	382
	319	384
.PEN_UP
.PEN_DOWN
	331	374
	330	374
	329	372
	328	369
	328	368
	328	367
	329	367
	330	369
	331	370
	333	373
	335	374
	335	371
	335	368
	335	367
.PEN_UP
.PEN_DOWN
	346	388
	346	389
	346	387
	345	383
	345	378
	344	375
	344	374
	344	373
	344	374
	345	375
	348	377
	351	378
	352	378
	354	378
	353	377
	352	375
	349	374
	348	372
	348	371
	351	370
	354	369
.PEN_UP
.PEN_DOWN
	384	374
	383	374
	382	373
	382	370
	383	368
	385	368
	386	369
	389	371
	390	372
	392	374
	393	374
	393	373
	394	369
	394	363
	394	360
	392	357
	388	355
	386	356
	384	358
	383	362
	384	364
	386	365
.PEN_UP
.PEN_DOWN
	402	374
	401	374
	400	374
	399	372
	399	371
	400	369
	402	368
	405	369
	406	372
	406	373
	405	374
	403	375
	401	375
.PEN_UP
.PEN_DOWN
	411	374
	410	373
	410	371
	411	369
	412	369
	415	370
	417	372
	418	372
	418	373
	418	372
	419	371
.PEN_UP
.PEN_DOWN
	447	374
	447	373
	448	373
	449	374
	452	376
	455	378
	457	378
	458	378
	459	375
	458	371
	456	369
	455	368
	453	369
.PEN_UP
.PEN_DOWN
	461	383
	462	386
	463	386
	463	384
	463	381
	461	375
	460	371
	460	369
	461	369
	465	373
	466	374
	467	375
	467	374
	467	372
	467	371
	466	368
.PEN_UP
.PEN_DOWN
	476	372
	475	374
	474	374
	473	373
	472	371
	472	369
	473	368
	476	367
	477	367
	479	369
	479	372
	478	372
	475	374
	473	374
.PEN_UP
.PEN_DOWN
	483	372
	481	373
	481	372
	481	370
	482	369
	483	369
	485	370
	487	371
	487	372
	488	371
	488	370
	488	368
	489	368
	491	367
.PEN_UP
.PEN_DOWN
	493	381
	492	383
	493	384
	492	380
	492	377
	491	373
	491	370
	491	368
	491	367
.PEN_UP
.PEN_DOWN
	502	373
	502	374
	501	375
	500	375
	499	374
	497	373
	497	372
	497	369
	498	369
	499	368
	500	368
	501	369
	502	370
	502	375
	502	377
	503	381
	503	384
	503	385
	504	384
	504	383
	503	378
	503	373
	503	370
	504	369
.PEN_UP
.PEN_DOWN
	510	373
	509	372
	509	370
	509	369
	509	368
	509	369
	511	371
	513	373
	514	374
	516	375
	516	374
	516	373
	516	371
.PEN_UP
.PEN_DOWN
	526	382
	527	384
	527	385
	527	386
	528	386
	528	385
	527	385
	527	384
	527	383
	526	380
.PEN_UP
.PEN_DOWN
	537	383
	536	383
	534	381
	533	380
	532	377
	532	373
	532	372
	533	371
	534	371
	536	371
	537	372
	538	373
.PEN_UP
.PEN_DOWN
	532	375
	534	375
	535	376
	538	376
.PEN_UP
.PEN_DOWN
	571	373
	570	374
	570	375
	568	375
	566	375
	565	374
	564	371
	564	368
	565	367
	569	366
	573	368
	574	369
	573	373
	571	375
	568	376
	566	377
.PEN_UP
.PEN_DOWN
	586	384
	585	385
	584	385
	583	386
	581	385
	580	384
	579	380
	579	376
	580	374
	580	369
	579	367
	579	366
	576	364
	573	365
	573	366
	573	367
.PEN_UP
.PEN_DOWN
	575	373
	576	374
	577	374
	580	374
	582	374
.PEN_UP
