
.WRITER_ID DavidSinger
.STYLE PRINTED
.PEN_DOWN
	180	384
	180	385
	178	383
	178	381
	176	374
	176	370
	177	368
	179	366
	181	365
	182	366
	185	368
.PEN_UP
.PEN_DOWN
	179	374
	179	375
	182	376
	185	376
.PEN_UP
.PEN_DOWN
	189	386
	189	388
	189	385
	188	382
	188	376
	188	372
	188	370
	189	370
	191	373
	192	374
	193	372
	193	370
	193	367
	194	366
.PEN_UP
.PEN_DOWN
	207	372
	207	373
	206	373
	205	372
	205	371
	204	368
	204	367
	205	367
	207	367
	209	369
	210	370
	210	373
	209	374
	207	374
	204	373
	203	371
.PEN_UP
.PEN_DOWN
	216	374
	215	374
	215	373
	215	372
	215	369
	216	367
	217	366
	220	367
	222	368
	223	371
	223	373
	223	375
	222	375
.PEN_UP
.PEN_DOWN
	236	374
	235	375
	234	375
	232	375
	231	373
	230	371
	230	370
	231	370
	232	371
	234	372
	236	373
	236	372
	237	368
	237	366
	236	361
	235	360
	232	357
	229	357
	229	360
	229	363
.PEN_UP
.PEN_DOWN
	245	386
	244	385
	244	383
	242	376
	242	373
	242	372
	243	372
	244	373
	245	374
	247	374
	247	373
	247	372
	247	370
	248	368
.PEN_UP
.PEN_DOWN
	259	384
	258	385
	258	384
	256	380
	254	376
	254	373
	254	370
	255	368
	256	368
	259	369
	261	370
.PEN_UP
.PEN_DOWN
	257	376
	257	377
	259	378
	260	378
	263	379
.PEN_UP
.PEN_DOWN
	291	384
	290	385
	290	382
	289	376
	288	372
	288	370
	288	369
	289	371
	290	373
	292	374
	293	374
	293	373
	293	370
	293	368
.PEN_UP
.PEN_DOWN
	301	372
	300	372
	300	371
	301	371
	302	371
	305	372
	306	373
	306	374
	306	376
	304	376
	303	376
	299	373
	298	369
	299	369
	302	368
	307	368
.PEN_UP
.PEN_DOWN
	340	376
	340	377
	339	377
	338	377
	336	376
	335	375
	335	372
	335	369
	336	368
	338	368
	340	369
.PEN_UP
.PEN_DOWN
	347	373
	347	374
	346	374
	345	372
	344	371
	344	369
	345	368
	347	367
	349	369
	350	369
	351	372
	351	374
	350	374
	347	375
	345	374
.PEN_UP
.PEN_DOWN
	353	373
	353	372
	353	371
	353	369
	356	368
	357	368
	359	369
	360	371
	360	372
	360	374
	360	375
.PEN_UP
.PEN_DOWN
	366	385
	365	387
	365	381
	365	378
	365	373
	365	371
	365	370
	366	369
.PEN_UP
.PEN_DOWN
	376	372
	376	373
	376	374
	376	375
	374	375
	373	374
	370	372
	370	370
	370	369
	371	368
	373	369
	374	370
	377	374
	378	379
	378	383
	378	385
	377	384
	376	381
	376	376
	378	371
	379	369
	382	367
.PEN_UP
.PEN_DOWN
	412	370
	410	370
	411	371
	412	371
	414	374
	417	376
	418	377
	420	377
	421	375
	421	374
	420	372
	417	369
	415	369
	415	371
.PEN_UP
.PEN_DOWN
	422	372
	423	372
	426	372
	428	372
	431	374
	431	375
	431	376
	429	376
	426	375
	425	374
	424	371
	425	369
	426	369
	431	369
	434	369
.PEN_UP
.PEN_DOWN
	437	372
	436	372
	437	371
	438	371
	442	372
	442	374
	442	375
	442	376
	438	376
	437	375
	435	373
	435	370
	437	369
	441	368
	446	369
.PEN_UP
.PEN_DOWN
	474	375
	473	376
	472	376
	470	376
	468	376
	466	375
	466	374
	466	371
	467	370
	471	369
	474	370
	475	372
	475	373
	475	374
	474	374
	474	373
	474	371
	476	368
	476	367
	479	367
.PEN_UP
.PEN_DOWN
	484	376
	484	375
	484	372
	484	369
	484	368
	484	369
	484	371
	486	375
	489	377
	490	376
	490	372
	490	371
	491	368
.PEN_UP
