
.WRITER_ID DavidSinger
.STYLE PRINTED
.PEN_DOWN
	182	387
	182	388
	180	388
	178	388
	174	388
	171	387
	170	386
	170	384
	174	382
	176	379
	178	376
	178	375
	176	373
	168	372
	166	372
	163	373
	163	374
	168	374
.PEN_UP
.PEN_DOWN
	179	375
	178	375
	179	375
	182	375
	186	375
	187	375
	188	377
	186	378
	183	378
	181	377
	180	376
	181	373
	184	372
	185	371
	189	371
.PEN_UP
.PEN_DOWN
	195	373
	194	374
	195	373
	196	373
	198	373
	201	373
	201	374
	202	375
	201	377
	197	377
	195	375
	195	374
	195	372
	199	370
	201	370
	204	370
.PEN_UP
.PEN_DOWN
	209	384
	209	385
	209	386
	213	386
	216	387
	218	386
	218	385
	218	383
	216	380
	214	379
	213	377
	212	376
	213	375
.PEN_UP
.PEN_DOWN
	215	369
	214	368
	214	367
.PEN_UP
.PEN_DOWN
	226	391
	226	392
	226	393
	226	392
	226	391
	226	389
	226	388
.PEN_UP
.PEN_DOWN
	230	391
	228	392
	228	391
	228	390
.PEN_UP
.PEN_DOWN
	248	369
	247	369
	248	370
	250	371
	254	374
	258	376
	260	377
	262	377
	262	375
	261	373
	258	370
	255	369
	254	370
	255	371
.PEN_UP
.PEN_DOWN
	274	374
	274	375
	274	376
	271	376
	270	376
	267	375
	266	372
	267	371
	269	370
	273	370
	275	370
.PEN_UP
.PEN_DOWN
	281	374
	282	372
	282	371
	281	370
	280	371
	280	372
	281	373
	282	375
	283	375
	285	376
.PEN_UP
.PEN_DOWN
	292	372
	293	372
	294	372
	297	372
	299	373
	300	374
	300	375
	298	375
	296	375
	294	374
	293	373
	294	371
	295	371
	299	370
	302	371
.PEN_UP
.PEN_DOWN
	307	372
	306	373
	307	372
	309	372
	310	373
	312	374
	312	375
	311	375
	307	375
	306	374
	305	373
	306	370
	307	370
	309	369
	313	369
.PEN_UP
.PEN_DOWN
	326	373
	327	373
	328	373
	328	374
	327	374
	325	374
	322	373
	321	373
	321	371
	321	370
	325	368
	330	367
	332	368
.PEN_UP
.PEN_DOWN
	340	386
	340	387
	340	388
	338	384
	338	381
	336	376
	335	374
	335	373
	336	373
	339	374
	339	376
	341	376
	341	375
	342	373
	342	371
	342	370
.PEN_UP
.PEN_DOWN
	349	374
	350	374
	352	374
	353	374
	355	374
	356	375
	355	377
	354	377
	351	377
	348	375
	348	373
	348	372
	349	371
	353	370
	356	370
.PEN_UP
.PEN_DOWN
	369	379
	368	379
	367	379
	363	379
	361	377
	360	375
	360	374
	360	373
	364	374
	367	377
	369	378
	371	386
	370	389
	368	388
	367	381
	367	377
	368	372
	372	368
.PEN_UP
.PEN_DOWN
	407	379
	407	381
	407	382
	406	382
	405	379
	402	375
	402	373
	402	370
	403	368
	405	368
	407	369
	409	371
.PEN_UP
.PEN_DOWN
	401	377
	402	377
	406	377
	408	378
.PEN_UP
.PEN_DOWN
	421	386
	420	387
	418	384
	417	381
	415	376
	415	373
	416	372
	418	375
	421	376
	421	375
	421	374
	421	373
	421	370
	421	368
.PEN_UP
.PEN_DOWN
	430	372
	429	373
	430	373
	433	373
	434	373
	437	374
	437	375
	437	376
	436	377
	432	376
	430	375
	429	372
	430	369
	432	368
	438	368
.PEN_UP
.PEN_DOWN
	466	387
	466	388
	465	386
	463	379
	462	376
	461	373
	461	372
	462	373
	464	375
	466	378
	467	378
	468	375
	468	373
	469	371
.PEN_UP
.PEN_DOWN
	480	374
	478	375
	477	375
	475	373
	474	372
	475	369
	477	368
	478	368
	482	370
	483	372
	483	373
	481	374
	478	375
	476	375
	476	374
.PEN_UP
.PEN_DOWN
	489	376
	490	376
	490	375
	489	373
	489	372
	489	370
	488	369
	488	370
	489	371
	490	374
	492	377
	494	377
	494	375
	494	373
	494	372
	497	374
	498	375
	499	375
	499	373
	499	372
	499	370
.PEN_UP
.PEN_DOWN
	510	374
	509	374
	509	372
	510	371
	511	371
	513	371
	514	372
	515	374
	515	376
	515	377
.PEN_UP
.PEN_DOWN
	521	376
	521	374
	521	372
	521	371
	521	370
	521	371
	522	372
	522	374
	525	376
	526	376
	527	376
	527	374
	527	371
	527	370
.PEN_UP
.PEN_DOWN
	537	375
	537	376
	537	377
	535	377
	532	376
	531	374
	531	373
	533	370
	538	369
	539	369
	542	369
.PEN_UP
.PEN_DOWN
	549	374
	548	375
	547	375
	546	373
	546	372
	547	370
	548	369
	550	370
	553	372
	554	374
	554	375
	554	376
.PEN_UP
.PEN_DOWN
	567	387
	566	388
	566	389
	566	388
	566	384
	564	376
	563	374
	562	371
	562	369
.PEN_UP
.PEN_DOWN
	571	375
	570	375
	570	373
	570	371
	571	371
	572	371
	574	373
	575	375
	575	374
	576	371
	577	369
	579	368
.PEN_UP
.PEN_DOWN
	585	373
	584	373
	583	372
	584	372
	585	371
	588	373
	590	373
	592	375
	595	376
	596	376
	597	375
	597	373
	596	372
	592	371
	591	371
	588	372
	588	374
.PEN_UP
.PEN_DOWN
	611	373
	609	374
	609	373
.PEN_UP
.PEN_DOWN
	632	386
	632	385
	631	383
	631	382
	631	381
	631	380
.PEN_UP
.PEN_DOWN
	635	385
	635	383
	634	381
	634	380
.PEN_UP
.PEN_DOWN
	647	377
	647	376
	647	373
	647	372
	646	369
	645	368
	645	370
	645	374
	646	376
	647	379
	648	381
	649	381
	650	379
	652	375
	654	372
	654	371
	654	370
.PEN_UP
.PEN_DOWN
	659	382
	658	384
	656	381
	655	376
	655	374
	654	372
	654	370
.PEN_UP
.PEN_DOWN
	666	374
	665	374
	663	373
	663	372
	663	370
	664	369
	665	369
	669	370
	671	371
	671	373
	670	375
	666	375
	665	375
	663	374
.PEN_UP
