
.WRITER_ID DavidSinger
.STYLE PRINTED
.PEN_DOWN
	140	384
	139	386
	139	385
	138	376
	138	374
	137	371
	138	370
	140	373
	142	375
	143	375
	144	374
	144	372
	145	370
.PEN_UP
.PEN_DOWN
	153	372
	151	373
	151	372
	153	372
	155	372
	156	372
	158	374
	156	374
	152	374
	150	371
	150	370
	152	368
	157	367
	160	367
.PEN_UP
.PEN_DOWN
	186	370
	186	369
	186	368
	186	369
	188	370
	191	372
	194	373
	195	373
	196	372
	195	369
	193	368
	190	366
	188	366
	188	367
	188	368
.PEN_UP
.PEN_DOWN
	199	370
	199	369
	200	368
	202	368
	204	370
	204	371
	204	373
	202	375
	200	375
	198	375
	197	374
	198	374
.PEN_UP
.PEN_DOWN
	209	373
	208	373
	207	372
	207	370
	207	369
	209	369
	210	369
	212	371
	212	373
	212	374
	210	375
	207	374
	207	373
.PEN_UP
.PEN_DOWN
	222	372
	220	373
	220	372
	219	371
	218	368
	219	370
	220	374
	221	375
	223	375
	224	375
	224	373
	224	371
.PEN_UP
.PEN_DOWN
	253	381
	251	380
	248	376
	247	374
	246	370
	248	368
	249	368
	252	368
	255	370
	257	371
.PEN_UP
.PEN_DOWN
	249	374
	250	375
	253	376
	256	376
.PEN_UP
.PEN_DOWN
	266	372
	264	372
	264	373
	263	373
	261	371
	261	370
	261	369
	263	369
	264	369
	266	370
	267	372
	265	374
	264	374
	261	373
.PEN_UP
.PEN_DOWN
	273	371
	272	372
	270	371
	270	369
	270	367
	272	366
	273	366
	277	368
	278	369
	278	371
	276	372
	273	373
	272	373
.PEN_UP
.PEN_DOWN
	287	384
	287	385
	286	383
	286	379
	285	374
	284	373
	284	370
	284	372
	285	375
	287	377
	289	378
	292	378
	292	377
	291	374
	289	372
	288	372
	289	370
	291	370
	292	369
	294	369
.PEN_UP
.PEN_DOWN
	323	372
	322	373
	324	373
	327	373
	329	374
	328	376
	328	377
	324	377
	321	376
	321	375
	320	372
	321	369
	323	368
	326	368
	327	368
	330	371
.PEN_UP
.PEN_DOWN
	333	372
	332	374
	332	373
	332	372
	333	370
	334	368
	335	368
	336	369
	337	372
	338	373
	339	375
	339	376
.PEN_UP
.PEN_DOWN
	342	372
	341	373
	342	374
	343	373
	344	373
	346	374
	347	375
	346	376
	344	376
	342	375
	341	373
	341	371
	343	369
	344	368
	348	369
	351	370
.PEN_UP
.PEN_DOWN
	354	371
	354	372
	355	372
	356	371
	356	368
	355	366
	355	368
	355	369
	356	372
	358	374
	359	374
	361	374
.PEN_UP
.PEN_DOWN
	367	373
	367	374
	366	374
	365	374
	365	372
	365	371
	366	370
	368	370
	369	370
	371	372
	373	374
	374	374
	375	373
	376	370
	376	367
	374	363
	373	361
	370	360
	367	361
	366	364
	366	365
	368	367
.PEN_UP
.PEN_DOWN
	410	375
	409	375
	407	374
	406	372
	406	371
	408	369
	411	370
	412	370
	413	373
	412	375
	411	376
	409	376
	408	374
.PEN_UP
.PEN_DOWN
	422	370
	422	369
	422	364
	421	360
	421	358
	420	357
	420	358
	421	363
	424	370
	425	372
	427	374
	427	373
	427	371
	426	369
	426	367
.PEN_UP
.PEN_DOWN
	434	370
	434	369
	433	366
	432	362
	432	361
	432	360
	432	364
	434	369
	435	372
	438	375
	438	374
	438	371
	437	367
.PEN_UP
.PEN_DOWN
	445	372
	444	372
	443	371
	443	370
	443	369
	444	368
	446	368
	448	369
	449	371
	449	373
	448	374
	443	374
	441	374
	441	373
.PEN_UP
.PEN_DOWN
	452	372
	453	372
	453	371
	453	369
	453	368
	453	367
	453	368
	453	370
	454	372
	456	373
	457	374
	459	374
.PEN_UP
.PEN_DOWN
	467	385
	467	388
	467	387
	466	380
	465	378
	464	373
	464	370
	465	369
	466	369
	469	370
	472	372
.PEN_UP
.PEN_DOWN
	463	376
	463	377
	466	378
	470	378
	471	379
	473	378
.PEN_UP
.PEN_DOWN
	474	373
	474	374
	474	373
	475	372
	476	370
	477	370
	478	370
	480	372
	481	374
	481	375
	481	376
	480	375
.PEN_UP
.PEN_DOWN
	486	374
	485	373
	485	371
	485	370
	486	370
	487	373
	488	374
	490	376
	491	377
	491	376
	491	375
	491	373
	491	371
.PEN_UP
.PEN_DOWN
	499	374
	498	373
	498	372
	498	370
	498	369
	499	368
	500	368
.PEN_UP
.PEN_DOWN
	500	384
	499	382
	499	381
	500	381
.PEN_UP
.PEN_DOWN
	513	386
	512	387
	511	386
	509	383
	507	378
	507	376
	507	373
	508	371
	509	370
	511	370
	512	371
	513	373
.PEN_UP
.PEN_DOWN
	507	376
	507	377
	508	377
	511	378
	513	379
	514	379
.PEN_UP
.PEN_DOWN
	518	374
	517	373
	518	371
	518	370
	519	370
	521	371
	523	373
	524	373
	525	373
	527	370
	527	368
	527	363
	525	359
	523	358
	519	358
	518	359
	517	362
	518	365
	520	366
.PEN_UP
