
.WRITER_ID DavidSinger
.STYLE PRINTED
.PEN_DOWN
	164	373
	162	373
	163	373
	164	373
	167	373
	169	375
	170	375
	170	377
	168	378
	167	378
	165	376
	163	372
	163	370
	165	368
	169	367
	170	367
	174	368
.PEN_UP
.PEN_DOWN
	179	373
	179	372
	178	370
	178	368
	180	369
	181	371
	182	372
	183	373
	183	371
	184	369
	185	367
.PEN_UP
.PEN_DOWN
	196	375
	195	375
	195	376
	192	374
	192	373
	191	371
	192	371
	193	371
	194	373
	195	374
	195	373
	195	370
	196	367
	196	359
	196	355
	195	353
	193	352
	191	353
	190	355
	190	358
	192	361
.PEN_UP
.PEN_DOWN
	208	375
	205	374
	203	373
	202	370
	203	368
	204	368
	207	369
	209	371
	210	373
	210	370
	212	367
.PEN_UP
.PEN_DOWN
	230	373
	227	375
	225	375
	222	373
	221	372
	221	371
	222	371
	224	373
	225	373
	226	373
	227	370
	228	364
	228	360
	227	356
	224	354
	222	353
	219	354
	218	357
	218	359
	222	364
	223	365
.PEN_UP
.PEN_DOWN
	233	370
	233	371
	234	371
	236	371
	239	372
	240	372
	241	374
	239	375
	237	375
	234	374
	232	373
	232	372
	235	369
	241	369
	243	369
.PEN_UP
.PEN_DOWN
	261	372
	261	373
	260	373
	259	373
	256	373
	251	372
	250	372
	250	371
	250	369
	253	368
	254	368
	257	370
	259	374
	260	376
	260	382
	259	386
	258	383
	258	381
	258	375
	262	371
	264	369
.PEN_UP
.PEN_DOWN
	296	373
	296	374
	296	373
	296	371
	296	369
	296	368
	298	368
	301	370
	303	371
	304	372
.PEN_UP
.PEN_DOWN
	297	382
	295	384
	295	385
	295	384
.PEN_UP
.PEN_DOWN
	308	374
	307	372
	307	370
	307	369
	308	370
	309	371
	312	374
	313	375
	313	372
	313	369
	314	368
.PEN_UP
.PEN_DOWN
	340	382
	339	384
	339	385
	339	383
	338	381
	337	375
	337	371
	337	370
	337	369
	338	368
.PEN_UP
.PEN_DOWN
	334	377
	334	378
	335	378
	336	378
	338	379
	341	379
	342	379
.PEN_UP
.PEN_DOWN
	346	384
	346	385
	346	384
	346	380
	344	374
	344	372
	344	370
	344	371
	346	372
	348	374
	349	374
	349	373
	349	371
	349	369
	350	368
.PEN_UP
.PEN_DOWN
	358	372
	357	372
	357	371
	357	370
	360	370
	361	370
	362	372
	363	374
	363	375
	361	375
	357	373
	357	372
	357	370
	358	368
	360	367
	364	368
	368	368
.PEN_UP
.PEN_DOWN
	381	389
	381	388
	381	384
	381	379
	381	376
	381	373
.PEN_UP
.PEN_DOWN
	383	387
	383	388
	387	389
	390	389
	395	387
	395	384
	395	383
	389	380
	386	380
	381	380
	379	380
	382	379
.PEN_UP
.PEN_DOWN
	400	385
	400	386
	400	385
	399	382
	397	378
	395	373
	395	372
	396	370
	398	369
	400	369
	402	369
.PEN_UP
.PEN_DOWN
	412	374
	411	375
	410	376
	409	376
	407	376
	407	375
	405	372
	405	371
	407	371
	410	373
	411	374
	412	375
	412	373
	415	371
	417	370
.PEN_UP
.PEN_DOWN
	432	377
	431	378
	432	378
	434	378
	437	376
	438	374
	438	373
	437	371
	433	369
	432	369
	431	368
	433	367
	434	366
	438	364
	440	361
	440	358
	438	356
	434	356
	430	357
	427	358
	427	360
.PEN_UP
.PEN_DOWN
	448	377
	446	378
	444	378
	442	376
	441	374
	441	372
	443	372
	447	374
	448	374
	448	372
	450	370
.PEN_UP
.PEN_DOWN
	472	377
	471	377
	471	378
	469	378
	469	377
	467	376
	466	374
	466	373
	468	372
	470	371
	471	372
	472	373
	472	375
	471	376
	468	377
.PEN_UP
.PEN_DOWN
	498	389
	497	390
	494	389
	492	389
	490	387
	489	384
	491	381
	493	377
	494	372
	494	370
	491	367
	487	366
	484	366
	482	367
	481	368
.PEN_UP
.PEN_DOWN
	480	376
	480	378
	481	378
	483	378
	491	378
	496	378
	497	378
.PEN_UP
