
.WRITER_ID DavidSinger
.STYLE PRINTED
.PEN_DOWN
	149	381
	149	383
	150	385
	150	386
	150	385
	148	381
	148	377
	147	372
	148	369
	149	369
	151	368
	155	370
	156	371
.PEN_UP
.PEN_DOWN
	151	377
	149	377
	150	379
	152	379
	155	380
.PEN_UP
.PEN_DOWN
	167	383
	167	384
	165	381
	164	375
	164	371
	164	370
	165	369
	167	370
	168	372
	172	375
	173	375
	172	372
	173	369
	173	367
.PEN_UP
.PEN_DOWN
	178	371
	179	370
	182	370
	183	370
	186	372
	186	374
	185	375
	183	375
	181	374
	180	373
	180	370
	182	368
	184	368
	190	368
.PEN_UP
.PEN_DOWN
	215	373
	214	374
	213	373
	213	372
	213	370
	215	368
	216	368
	218	368
	220	370
	221	372
.PEN_UP
.PEN_DOWN
	216	379
	215	380
	216	380
.PEN_UP
.PEN_DOWN
	229	375
	228	375
	226	374
	225	374
	223	371
	223	369
	224	367
	227	366
	231	366
	233	366
.PEN_UP
.PEN_DOWN
	241	371
	239	370
	239	368
	240	366
	241	366
	244	366
	245	368
	246	369
	245	371
	243	372
	241	372
	240	372
.PEN_UP
.PEN_DOWN
	251	372
	250	373
	250	372
	249	369
	249	368
	249	367
	250	368
	251	371
	254	374
	255	374
	256	373
	256	372
	255	369
	255	366
.PEN_UP
.PEN_DOWN
	265	371
	264	373
	263	372
	263	369
	263	368
	264	367
	266	367
	266	368
	269	370
	269	373
	269	374
	267	374
	264	374
.PEN_UP
.PEN_DOWN
	284	374
	283	375
	282	375
	279	372
	278	371
	278	369
	278	368
	279	368
	280	368
	281	369
	282	371
	282	372
	283	369
	284	368
	284	362
	284	357
	283	356
	280	354
	277	355
	276	355
	276	358
	277	361
	278	361
.PEN_UP
.PEN_DOWN
	293	371
	293	372
	292	370
	292	369
	292	368
	292	369
	293	371
	293	374
	294	374
	297	375
	300	375
.PEN_UP
.PEN_DOWN
	310	374
	309	375
	308	375
	306	375
	305	373
	305	372
	305	370
	307	369
	308	370
	309	371
	310	372
	310	373
	310	372
	311	370
	312	369
.PEN_UP
.PEN_DOWN
	322	368
	322	370
	322	365
	322	363
	321	359
	321	358
	322	361
	323	364
	326	371
	328	373
	328	370
	327	369
	327	366
	327	365
.PEN_UP
.PEN_DOWN
	334	384
	334	385
	334	384
	333	379
	333	375
	333	374
	333	373
	334	374
	336	375
	338	376
	338	375
	338	373
	339	371
.PEN_UP
.PEN_DOWN
	369	374
	369	376
	369	375
	368	373
	368	368
	368	367
	369	367
	372	368
	373	370
	376	372
	376	373
	376	372
	377	371
	378	369
	380	368
	382	369
	382	370
	383	373
	383	375
	383	376
.PEN_UP
.PEN_DOWN
	393	372
	393	373
	392	373
	390	371
	390	368
	391	367
	393	367
	397	368
	397	369
	397	372
	396	374
	395	374
	393	374
.PEN_UP
.PEN_DOWN
	408	372
	407	374
	408	374
	408	373
	408	372
	407	369
	407	368
	407	371
	407	372
	408	374
	410	376
	411	376
	414	377
	417	376
.PEN_UP
.PEN_DOWN
	418	384
	418	387
	419	386
	419	384
	419	378
	419	373
	418	372
	418	371
	418	372
	420	374
	421	376
	423	379
	427	379
	428	379
	428	378
	426	376
	424	375
	422	374
	422	373
	422	372
	425	371
	428	370
.PEN_UP
.PEN_DOWN
	433	373
	434	373
	437	373
	439	374
	439	375
	437	376
	436	376
	434	375
	432	373
	432	371
	433	369
	436	368
	439	368
	441	368
.PEN_UP
.PEN_DOWN
	449	373
	450	374
	450	375
	448	375
	446	375
	445	375
	444	373
	444	371
	445	369
	446	369
	447	370
	448	371
	451	375
	452	378
	453	384
	453	387
	452	385
	451	380
	451	374
	451	372
	453	369
	454	368
.PEN_UP
.PEN_DOWN
	460	369
	460	370
	460	369
	460	370
.PEN_UP
.PEN_DOWN
	497	377
	496	378
	496	377
	495	374
	495	372
	495	371
	494	371
	494	374
	494	379
	494	382
	494	385
	495	387
	496	388
	497	388
	500	387
	504	386
	505	386
	505	385
.PEN_UP
.PEN_DOWN
	497	380
	496	380
	496	379
	498	378
	500	378
	503	378
	503	377
.PEN_UP
.PEN_DOWN
	493	374
	494	372
	497	372
	499	372
	502	372
	504	372
.PEN_UP
.PEN_DOWN
	507	374
	507	375
	508	374
	508	373
	508	370
	509	368
	509	369
	511	372
	512	374
	513	376
	514	378
.PEN_UP
.PEN_DOWN
	520	373
	521	372
	524	372
	525	372
	528	373
	528	374
	528	375
	526	376
	523	376
	521	375
	520	373
	520	371
	521	370
	525	369
	529	369
	530	369
.PEN_UP
.PEN_DOWN
	535	372
	535	373
	534	373
	534	369
	533	369
	533	368
	534	369
	535	372
	537	374
	538	374
	539	373
	539	370
	539	367
.PEN_UP
.PEN_DOWN
	566	374
	565	375
	565	376
	564	376
	561	376
	560	375
	559	375
	559	373
	559	372
	560	372
	561	372
	563	373
	565	375
	565	373
	565	372
	567	370
	571	369
.PEN_UP
