
.WRITER_ID DavidSinger
.STYLE PRINTED
.PEN_DOWN
	152	377
	152	378
	152	377
	152	372
	153	369
	153	366
	155	365
	156	365
	159	368
	161	372
	162	372
	163	369
	164	367
	166	369
	167	373
	167	374
	167	377
.PEN_UP
.PEN_DOWN
	178	371
	178	373
	178	374
	176	375
	174	374
	172	372
	171	369
	171	368
	171	367
	174	368
	176	371
	176	372
	177	368
	177	367
	180	366
	184	367
	185	367
.PEN_UP
.PEN_DOWN
	192	368
	191	367
	192	368
	195	371
	198	373
	201	373
	203	373
	204	371
	203	370
	201	367
	196	366
	195	366
	193	369
	194	369
.PEN_UP
.PEN_DOWN
	231	377
	230	377
	228	373
	227	371
	228	371
	230	371
	232	373
	233	373
	234	373
	234	371
	235	368
	237	367
	239	367
	240	369
	242	371
	242	373
	241	376
.PEN_UP
.PEN_DOWN
	252	387
	251	384
	250	381
	248	375
	248	372
	248	371
	249	371
	252	373
	253	374
	254	375
	254	374
	254	373
	254	369
	255	368
.PEN_UP
.PEN_DOWN
	264	373
	264	374
	263	374
	262	373
	262	370
	263	368
	264	368
	266	369
	266	370
	268	373
.PEN_UP
.PEN_DOWN
	264	381
	263	382
	262	382
.PEN_UP
.PEN_DOWN
	283	386
	283	389
	282	388
	279	381
	278	378
	277	373
	277	370
	278	369
	279	369
	282	370
	283	371
.PEN_UP
.PEN_DOWN
	285	372
	286	371
	290	371
	291	372
	293	373
	293	375
	292	376
	290	376
	287	375
	287	373
	286	371
	288	369
	291	368
	294	368
.PEN_UP
.PEN_DOWN
	322	383
	321	384
	320	381
	319	378
	317	373
	317	370
	317	369
	319	372
	321	373
	323	375
	324	375
	324	373
	324	370
	324	368
	325	367
.PEN_UP
.PEN_DOWN
	332	372
	333	371
	336	370
	338	371
	340	371
	341	373
	340	374
	338	375
	335	374
	332	371
	332	370
	334	368
	339	368
	342	368
.PEN_UP
.PEN_DOWN
	368	375
	367	375
	366	375
	366	374
	367	372
	369	372
	370	372
	371	372
	372	372
	373	370
	375	368
	376	367
	378	366
	380	366
	381	366
	382	368
	382	372
	382	374
	382	376
	382	377
.PEN_UP
.PEN_DOWN
	396	373
	396	375
	394	375
	391	372
	389	371
	389	369
	390	369
	393	371
	395	373
	395	371
	395	369
	397	368
	401	368
.PEN_UP
.PEN_DOWN
	405	370
	404	370
	404	369
	405	368
	406	368
	407	368
	411	371
	414	373
	415	373
	416	373
	416	371
	416	369
	414	368
	412	367
	411	368
	410	370
.PEN_UP
.PEN_DOWN
	441	381
	441	383
	441	384
	442	384
	441	383
	438	377
	437	373
	437	372
	438	370
	441	369
	442	370
	445	372
.PEN_UP
.PEN_DOWN
	439	377
	441	377
	444	377
.PEN_UP
.PEN_DOWN
	454	388
	453	387
	452	385
	451	380
	450	374
	450	372
	449	371
	450	371
	453	374
	454	376
	456	377
	456	376
	456	374
	456	372
	456	371
	456	369
	457	369
.PEN_UP
.PEN_DOWN
	464	374
	463	372
	464	370
	466	369
	467	370
	469	372
	470	375
	470	374
	470	373
.PEN_UP
.PEN_DOWN
	482	372
	480	373
	480	372
	480	370
	480	369
	483	371
	484	372
	486	374
	489	375
	490	375
	491	373
	490	370
	489	369
	484	369
	482	370
.PEN_UP
