
.WRITER_ID DavidSinger
.STYLE PRINTED
.PEN_DOWN
	161	384
	160	383
	157	376
	155	372
	155	369
	156	366
	158	366
	160	366
	163	368
	164	370
	166	372
.PEN_UP
.PEN_DOWN
	157	374
	155	375
	156	375
	157	376
	160	376
	163	377
.PEN_UP
.PEN_DOWN
	171	383
	170	382
	170	380
	169	374
	169	368
	169	367
	169	366
	172	366
	173	369
	176	371
	176	368
	176	367
.PEN_UP
.PEN_DOWN
	189	372
	189	373
	188	374
	187	374
	184	372
	183	371
	183	369
	184	368
	186	368
	188	370
	189	371
	189	370
	190	368
	191	367
	192	367
.PEN_UP
.PEN_DOWN
	199	380
	199	383
	198	383
	198	382
	195	376
	194	374
	194	370
	196	367
	196	366
	199	366
	201	367
	202	368
.PEN_UP
.PEN_DOWN
	194	375
	193	376
	195	377
	196	377
	198	378
.PEN_UP
.PEN_DOWN
	213	364
	213	365
	213	364
	212	363
	211	360
.PEN_UP
.PEN_DOWN
	238	373
	238	374
	237	375
	235	375
	233	375
	232	374
	230	373
	230	371
	231	370
	233	369
	235	369
	236	370
	237	372
	237	374
	238	374
	238	372
	238	370
	239	367
	242	366
	243	366
.PEN_UP
.PEN_DOWN
	247	374
	247	372
	246	369
	247	370
	248	373
	249	374
	251	376
	252	376
	252	375
	252	372
	252	369
	253	369
	253	367
.PEN_UP
.PEN_DOWN
	259	373
	258	373
	258	371
	259	369
	261	369
	263	371
	264	372
	265	374
	266	374
	267	370
	267	366
	267	363
	267	358
	265	357
	264	357
	261	358
	261	362
	261	363
	263	364
.PEN_UP
.PEN_DOWN
	274	373
	273	373
	272	373
	272	371
	273	369
	273	367
	274	367
	275	368
	277	369
	278	370
	278	371
	279	370
	279	368
	280	366
	282	366
	283	366
	284	368
	285	371
	285	372
	285	374
	285	375
.PEN_UP
.PEN_DOWN
	298	373
	297	374
	296	374
	294	373
	293	372
	291	371
	291	368
	292	368
	294	369
	295	370
	295	372
	295	371
	296	368
	297	367
	299	367
	300	367
.PEN_UP
.PEN_DOWN
	308	372
	308	373
	307	373
	306	371
	306	370
	306	368
	308	368
	309	369
	311	371
	312	372
	313	373
	314	373
	315	370
	316	368
	316	363
	316	358
	315	357
	312	357
	308	357
	307	359
	307	362
	307	364
	308	365
.PEN_UP
.PEN_DOWN
	323	370
	322	370
	321	370
	322	370
.PEN_UP
.PEN_DOWN
	363	388
	363	387
	363	383
	362	380
	362	376
	362	373
.PEN_UP
.PEN_DOWN
	369	383
	371	384
	374	384
	375	384
	376	383
	372	382
	370	381
	368	381
	368	379
	369	379
	371	377
	374	375
	375	374
	375	373
.PEN_UP
.PEN_DOWN
	387	373
	384	374
	382	373
	382	370
	382	369
	383	368
	385	368
	386	369
	388	370
.PEN_UP
.PEN_DOWN
	386	380
	384	381
	384	382
	384	381
.PEN_UP
.PEN_DOWN
	398	374
	398	375
	397	373
	397	370
	397	368
	397	369
	398	371
	401	374
	402	376
	403	375
	403	373
	402	371
	402	369
.PEN_UP
.PEN_DOWN
	418	374
	418	375
	418	376
	414	375
	411	373
	409	373
	408	370
	411	368
	413	367
	417	367
.PEN_UP
.PEN_DOWN
	423	372
	422	372
	423	371
	425	371
	427	371
	430	372
	430	373
	430	375
	427	375
	425	374
	424	373
	423	370
	425	369
	429	368
	433	368
.PEN_UP
.PEN_DOWN
	445	374
	443	375
	442	373
	442	372
	442	371
	443	372
	444	372
	445	373
	446	373
	446	372
	448	369
	449	367
	450	367
	452	367
	454	368
	455	370
	456	373
	455	375
	455	376
.PEN_UP
.PEN_DOWN
	463	375
	463	373
	463	370
	463	368
	463	369
	464	369
.PEN_UP
.PEN_DOWN
	461	380
	461	381
	461	382
	461	383
.PEN_UP
.PEN_DOWN
	471	374
	470	374
	469	372
	468	368
	469	371
	471	372
	472	374
	473	374
	473	371
	473	370
	473	367
	474	366
.PEN_UP
.PEN_DOWN
	489	371
	489	373
	488	375
	487	375
	486	375
	483	373
	482	372
	481	369
	482	367
	484	367
	487	370
	489	373
	491	379
	493	387
	493	388
	493	389
	492	386
	491	380
	492	373
	493	370
	496	367
.PEN_UP
.PEN_DOWN
	524	374
	523	375
	522	375
	520	375
	519	374
	519	373
	519	370
	522	369
	524	369
	527	369
	528	371
	528	373
	525	376
	523	376
	521	376
.PEN_UP
.PEN_DOWN
	543	383
	543	385
	542	386
	541	386
	538	384
	537	383
	535	380
	536	376
	537	374
	538	369
	538	366
	537	364
	533	362
	531	362
	530	362
	529	363
	530	365
.PEN_UP
.PEN_DOWN
	530	374
	530	375
	531	375
	533	374
	535	374
	536	374
	538	375
	540	375
.PEN_UP
.PEN_DOWN
	549	386
	549	387
	549	388
	548	386
	547	384
	544	379
	543	375
	543	373
	543	370
	545	369
	546	369
	549	371
	549	372
.PEN_UP
.PEN_DOWN
	545	380
	546	380
	547	380
	550	380
	551	381
.PEN_UP
.PEN_DOWN
	554	372
	553	372
	554	372
	556	372
	558	372
	559	374
	559	375
	558	376
	556	376
	555	375
	552	373
	552	370
	553	369
	555	368
	558	367
.PEN_UP
.PEN_DOWN
	565	373
	564	373
	563	373
	563	371
	563	370
	563	369
	565	370
	567	372
	567	373
	570	375
	570	374
	571	372
	571	368
	571	367
	572	366
.PEN_UP
.PEN_DOWN
	593	372
	592	372
	592	371
	592	368
	593	368
	594	368
	595	371
	597	373
	599	375
	603	376
	604	376
	605	375
	605	372
	605	371
	602	370
	599	370
	599	371
.PEN_UP
.PEN_DOWN
	615	374
	613	375
	612	373
	612	370
	613	369
	614	368
	616	369
	616	370
	617	373
	617	375
	618	376
.PEN_UP
.PEN_DOWN
	623	372
	622	371
	622	370
	623	369
	624	369
	625	369
	627	372
	628	374
	629	374
	632	374
	633	374
	633	373
	632	371
	628	370
	627	370
	625	370
	626	371
.PEN_UP
.PEN_DOWN
	638	371
	638	370
	638	369
	638	366
	637	362
	636	360
	636	359
	635	360
	636	364
	639	372
	640	374
	643	375
	644	375
	644	374
	643	371
	642	369
.PEN_UP
.PEN_DOWN
	648	372
	648	373
	648	372
	650	372
	652	372
	653	373
	654	375
	654	376
	653	377
	650	376
	649	375
	648	372
	649	369
	651	368
	654	368
.PEN_UP
.PEN_DOWN
	667	375
	668	375
	668	376
	666	376
	663	375
	662	375
	661	373
	662	371
	663	370
	665	369
	668	369
.PEN_UP
.PEN_DOWN
	680	384
	679	383
	678	381
	676	377
	675	373
	675	371
	676	370
	677	370
	680	370
	683	372
	684	372
.PEN_UP
.PEN_DOWN
	678	375
	677	377
	676	378
	679	379
	680	379
	682	379
.PEN_UP
.PEN_DOWN
	688	372
	688	373
	687	373
	688	373
	689	372
	690	372
	691	373
	691	375
	689	375
	687	375
	686	374
	686	372
	686	370
	687	368
	689	368
	693	368
.PEN_UP
.PEN_DOWN
	704	371
	703	372
	703	373
	703	374
	701	374
	699	374
	698	372
	697	372
	697	369
	698	368
	701	369
	704	371
	705	373
	707	378
	708	385
	708	386
	707	385
	706	381
	706	375
	706	369
	707	365
.PEN_UP
