
.WRITER_ID DavidSinger
.STYLE PRINTED
.PEN_DOWN
	144	379
	143	381
	143	380
	143	377
	143	373
	143	370
	143	368
	143	366
.PEN_UP
.PEN_DOWN
	140	381
	139	383
	141	384
	145	385
	149	384
	153	383
	154	381
	153	377
	148	374
	146	373
	141	371
	139	371
	138	371
.PEN_UP
.PEN_DOWN
	161	378
	161	379
	161	377
	161	376
	161	372
	161	369
	161	368
	160	367
.PEN_UP
.PEN_DOWN
	170	377
	168	377
	169	377
	171	377
	173	378
	177	378
	181	378
	181	377
	180	375
	174	372
	170	370
	169	369
	170	368
	172	368
	176	369
	179	369
	180	369
.PEN_UP
.PEN_DOWN
	184	377
	183	377
	188	377
	191	378
	193	378
	194	377
	193	376
	191	375
	187	373
	184	370
	185	369
	188	369
	190	369
	193	370
	195	370
.PEN_UP
.PEN_DOWN
	198	378
	198	379
	198	377
	199	375
	199	374
	200	373
	201	374
	202	375
	205	377
	206	378
	207	380
.PEN_UP
.PEN_DOWN
	202	372
	199	372
	199	370
	199	369
	199	367
	199	364
.PEN_UP
.PEN_DOWN
	232	374
	232	372
	232	370
	232	368
	233	368
	236	371
	237	372
	242	377
	245	381
	245	382
	246	383
.PEN_UP
.PEN_DOWN
	239	373
	240	372
	243	371
	244	369
	246	368
.PEN_UP
.PEN_DOWN
	256	380
	255	383
	254	377
	253	373
	253	372
	253	370
	255	369
	256	369
	259	369
	262	370
.PEN_UP
.PEN_DOWN
	270	375
	270	376
	269	373
	270	372
	271	369
	273	368
	275	368
	277	371
	278	374
	279	376
	279	379
	278	380
.PEN_UP
.PEN_DOWN
	289	377
	289	375
	288	371
	288	370
	288	368
	287	367
	287	369
	287	373
	287	375
	288	378
	289	378
	291	377
	292	375
	294	373
	296	371
	297	370
.PEN_UP
.PEN_DOWN
	298	380
	297	380
	297	379
	296	376
	296	374
	296	371
.PEN_UP
.PEN_DOWN
	305	375
	305	376
	305	375
	305	373
	305	372
	305	370
	305	372
	307	374
	308	377
	309	378
	312	380
	313	382
.PEN_UP
.PEN_DOWN
	309	377
	309	376
	310	373
	313	371
	314	370
	315	369
	316	369
.PEN_UP
.PEN_DOWN
	329	379
	329	380
	329	379
	328	377
	327	374
	327	372
	327	369
	327	370
	327	373
	327	375
	327	378
	327	381
	327	382
	328	384
	331	384
	332	384
	335	384
	338	384
.PEN_UP
.PEN_DOWN
	329	377
	328	378
	329	378
	329	377
	332	377
	334	377
	335	377
.PEN_UP
.PEN_DOWN
	328	373
	326	372
	325	371
	326	371
	330	370
	332	370
	335	370
	339	370
.PEN_UP
.PEN_DOWN
	350	382
	350	380
	350	376
	350	373
	350	372
	350	371
.PEN_UP
.PEN_DOWN
	350	384
	351	385
	353	386
	357	386
	359	386
	359	384
	359	381
	356	378
	354	377
	352	375
	353	374
	355	373
	359	371
	362	370
.PEN_UP
.PEN_DOWN
	384	380
	383	382
	382	383
	381	383
	378	383
	375	383
	374	382
	375	381
	379	379
	379	377
	380	375
	378	373
	375	373
	371	372
	369	372
	368	373
	369	373
.PEN_UP
.PEN_DOWN
	411	382
	410	382
	409	382
	410	383
	413	384
	414	384
	417	384
	418	385
	418	384
	417	384
	414	382
	409	379
	408	378
	405	376
	405	375
	405	374
	406	374
	408	374
	413	374
	415	374
.PEN_UP
.PEN_DOWN
	424	380
	424	382
	423	382
	423	381
	423	379
	423	375
	423	373
	423	371
	423	369
.PEN_UP
.PEN_DOWN
	442	383
	442	384
	440	384
	437	382
	436	380
	433	377
	433	373
	434	372
	436	370
	439	370
	439	371
	439	373
	438	374
	437	375
	436	375
	437	375
	440	375
	443	375
	444	375
.PEN_UP
.PEN_DOWN
	450	381
	449	382
	448	382
	447	382
	446	382
	445	382
	445	381
	446	382
	447	382
	453	383
	458	383
	460	383
	462	383
	460	381
	454	378
	452	377
	449	375
	448	373
	450	373
	453	373
	455	373
	457	373
	457	374
	458	374
.PEN_UP
.PEN_DOWN
	465	377
	464	376
	463	375
	461	373
	461	371
	460	371
	461	372
	462	374
	464	377
	467	381
	469	382
	470	382
	470	380
	470	378
	468	373
	467	370
	467	369
	467	367
.PEN_UP
.PEN_DOWN
	464	374
	463	374
	463	375
	464	375
	465	375
	468	376
.PEN_UP
.PEN_DOWN
	485	381
	484	383
	482	384
	479	383
	478	380
	475	377
	475	374
	475	372
	477	370
	479	370
	480	371
	480	373
	479	374
	479	375
	478	375
	480	375
	484	375
	486	375
.PEN_UP
.PEN_DOWN
	498	380
	497	381
	495	381
	493	381
	491	379
	489	376
	489	374
	489	372
	492	370
	494	369
	494	371
	492	372
	490	373
	491	373
	492	373
	496	373
	499	374
.PEN_UP
.PEN_DOWN
	507	379
	506	379
	506	376
	506	373
	506	372
	505	373
	505	375
	505	377
	505	382
	506	383
	508	385
	511	386
	514	386
	515	386
	516	385
.PEN_UP
.PEN_DOWN
	508	377
	506	377
	507	377
	510	377
	512	378
	515	378
.PEN_UP
.PEN_DOWN
	508	375
	505	373
	505	372
	507	371
	510	370
	514	371
	516	371
.PEN_UP
.PEN_DOWN
	525	381
	524	381
	524	380
	524	377
	524	375
	524	374
	524	372
.PEN_UP
.PEN_DOWN
	524	383
	525	383
	528	383
	530	382
	534	379
	534	375
	533	373
	529	371
	521	370
	520	369
	519	370
	519	369
	522	369
.PEN_UP
.PEN_DOWN
	534	368
	536	367
	536	366
	536	364
	534	363
	533	362
	532	362
	531	363
	532	366
.PEN_UP
.PEN_DOWN
	536	381
	535	382
.PEN_UP
.PEN_DOWN
	558	370
	557	371
	557	369
	556	367
	556	366
	556	367
	554	370
	554	372
	554	379
	556	384
	558	386
	559	387
	560	386
	559	385
	556	380
	551	376
	550	375
	549	373
	549	372
	553	372
	554	372
	557	373
.PEN_UP
.PEN_DOWN
	561	381
	562	378
	564	374
	564	373
	565	372
	566	372
	567	373
	567	375
	568	376
	569	376
	569	375
	570	373
	571	371
	572	371
	572	372
	574	376
	575	379
	576	380
.PEN_UP
.PEN_DOWN
	581	380
	580	379
	579	376
	579	373
	578	373
	579	375
	580	378
	581	381
	584	384
	585	384
	585	379
	584	375
	583	373
	583	370
	583	369
.PEN_UP
.PEN_DOWN
	578	376
	578	377
	581	377
	582	377
	584	377
.PEN_UP
.PEN_DOWN
	589	378
	589	379
	589	378
	590	375
	590	372
	591	370
	591	372
	591	375
	592	376
	593	379
	594	380
.PEN_UP
.PEN_DOWN
	601	378
	600	376
	600	373
	600	372
	600	371
	600	372
	600	374
	600	379
	600	381
	600	383
	602	385
	603	385
	606	385
	608	384
	609	383
.PEN_UP
.PEN_DOWN
	602	376
	600	376
	601	376
	602	376
	605	376
	607	376
.PEN_UP
.PEN_DOWN
	603	373
	598	372
	598	371
	598	370
	601	369
	603	369
	606	370
	608	370
.PEN_UP
.PEN_DOWN
	615	379
	614	380
	614	379
	614	376
	614	375
	614	374
	613	372
.PEN_UP
.PEN_DOWN
	616	382
	615	383
	616	383
	617	382
	620	379
	622	376
	622	374
	620	371
	617	369
	614	369
	612	368
	611	369
	613	368
.PEN_UP
.PEN_DOWN
	627	370
	627	368
	627	366
	625	364
	624	364
	623	365
	621	366
.PEN_UP
.PEN_DOWN
	624	377
	623	379
	623	380
.PEN_UP
.PEN_DOWN
	639	371
	640	370
	641	368
	641	366
	641	365
	641	366
	640	371
	640	374
	641	380
	644	384
	646	385
	647	385
	647	384
	642	380
	639	378
	635	376
	634	374
	634	373
	635	373
	639	373
	642	373
.PEN_UP
.PEN_DOWN
	653	381
	653	380
	653	376
	654	373
	654	372
	655	372
	658	373
	659	375
	660	376
	661	374
	661	373
	661	372
	662	372
	662	374
	664	378
	665	380
	666	380
.PEN_UP
.PEN_DOWN
	670	377
	669	378
	669	376
	669	375
	669	372
	671	375
	671	376
	674	381
	676	383
	677	383
	677	380
	675	375
	674	374
	674	371
.PEN_UP
.PEN_DOWN
	670	376
	669	377
	670	377
	672	375
	673	375
	675	375
	677	374
.PEN_UP
.PEN_DOWN
	680	381
	679	382
	679	381
	681	379
	682	377
	684	375
	685	373
.PEN_UP
.PEN_DOWN
	689	380
	688	382
	686	381
	685	379
	682	376
	679	373
	677	372
.PEN_UP
.PEN_DOWN
	696	377
	696	378
	695	377
	695	376
	695	375
	695	374
	695	375
	695	377
	695	379
	695	383
	696	384
	698	385
	699	385
	701	385
.PEN_UP
.PEN_DOWN
	696	380
	697	379
	698	379
	700	379
	701	379
.PEN_UP
.PEN_DOWN
	694	375
	693	373
	695	373
	699	373
	700	373
	703	374
.PEN_UP
.PEN_DOWN
	710	379
	710	380
	710	381
	710	380
	711	377
	711	375
	711	374
	711	372
.PEN_UP
.PEN_DOWN
	711	381
	710	382
	710	383
	713	383
	714	383
	717	380
	719	377
	718	375
	716	372
	712	371
	710	371
	707	371
	706	371
.PEN_UP
.PEN_DOWN
	727	389
	727	390
	727	389
	727	388
	726	384
	726	380
	726	379
	726	377
.PEN_UP
.PEN_DOWN
	726	370
	725	369
	724	369
	725	368
.PEN_UP
