
.WRITER_ID DavidSinger
.STYLE PRINTED
.PEN_DOWN
	169	376
	168	379
	167	378
	167	376
	166	372
	166	371
	166	372
	167	375
	170	381
	173	386
	174	387
	175	386
	175	381
	175	379
	173	374
	172	372
	172	371
.PEN_UP
.PEN_DOWN
	167	375
	165	376
	166	376
	169	377
	173	377
	174	377
.PEN_UP
.PEN_DOWN
	181	383
	181	385
	180	384
	178	378
	177	374
	177	373
	177	370
	180	369
	182	369
	184	370
.PEN_UP
.PEN_DOWN
	192	373
	192	374
	192	373
	191	371
	191	368
	190	368
	190	370
	189	372
	189	375
	190	377
	191	377
	193	377
	195	377
.PEN_UP
.PEN_DOWN
	201	375
	200	375
	199	373
	199	371
	199	370
	200	369
	201	369
	201	370
	202	371
.PEN_UP
.PEN_DOWN
	200	382
	200	383
	199	383
.PEN_UP
.PEN_DOWN
	218	376
	216	376
	214	376
	213	376
	210	374
	210	372
	210	371
	211	371
	212	372
	213	372
	215	374
	216	374
	217	374
	217	371
	217	365
	216	362
	215	359
	212	357
	210	357
	208	360
	207	364
	208	365
.PEN_UP
.PEN_DOWN
	226	384
	225	384
	225	382
	223	377
	223	375
	223	373
	223	372
	225	374
	226	374
	226	372
	226	371
	227	369
.PEN_UP
.PEN_DOWN
	239	382
	238	383
	237	381
	236	379
	234	375
	233	371
	233	369
	234	368
	236	368
	239	369
	239	370
.PEN_UP
.PEN_DOWN
	235	375
	234	376
	235	376
	237	377
	239	377
.PEN_UP
.PEN_DOWN
	248	384
	248	385
	248	386
	251	387
	252	387
	256	386
	258	385
	258	384
	256	382
	252	380
	251	379
	250	377
.PEN_UP
.PEN_DOWN
	249	369
	248	368
	249	368
.PEN_UP
.PEN_DOWN
	267	388
	266	388
	266	387
	265	385
	265	384
.PEN_UP
.PEN_DOWN
	270	389
	270	390
	269	387
	268	385
.PEN_UP
.PEN_DOWN
	312	389
	312	390
	312	389
	312	386
	313	386
.PEN_UP
.PEN_DOWN
	316	389
	316	390
	316	388
	316	387
	316	385
.PEN_UP
.PEN_DOWN
	328	385
	328	384
	326	381
	326	377
	326	375
	326	374
	326	376
	327	379
	330	384
	331	385
	332	385
	333	381
	333	377
	333	375
	332	372
	331	371
.PEN_UP
.PEN_DOWN
	326	377
	327	378
	330	378
	331	378
	334	379
.PEN_UP
.PEN_DOWN
	346	388
	345	389
	345	390
	344	388
	344	385
	343	377
	343	374
	343	373
	343	371
.PEN_UP
.PEN_DOWN
	351	376
	351	375
	350	373
	350	371
	350	369
	350	371
	350	374
	352	375
	355	377
	358	377
.PEN_UP
.PEN_DOWN
	365	376
	364	376
	364	375
	363	373
	363	371
	363	370
	365	370
	367	371
	368	372
.PEN_UP
.PEN_DOWN
	366	383
	364	384
	363	384
.PEN_UP
.PEN_DOWN
	385	378
	383	378
	381	377
	379	375
	379	374
	379	373
	380	373
	381	373
	382	375
	384	376
	386	374
	387	370
	387	367
	386	363
	382	359
	381	359
	378	359
	377	363
	378	364
	380	366
.PEN_UP
.PEN_DOWN
	397	385
	398	388
	397	385
	395	378
	394	376
	394	372
	394	371
	395	371
	397	374
	399	375
	400	375
	400	374
	401	373
	402	370
.PEN_UP
.PEN_DOWN
	414	385
	413	387
	412	385
	409	379
	408	375
	408	372
	410	369
	411	369
	414	370
	417	372
.PEN_UP
.PEN_DOWN
	410	378
	409	379
	410	378
	415	379
	417	379
.PEN_UP
.PEN_DOWN
	428	370
	426	370
	425	370
.PEN_UP
.PEN_DOWN
	449	388
	448	389
	448	387
	449	384
	449	383
	452	381
	454	383
	455	384
	458	387
	459	389
	459	390
.PEN_UP
.PEN_DOWN
	454	381
	451	377
	449	375
	447	373
	446	370
	446	369
.PEN_UP
.PEN_DOWN
	466	373
	465	373
	465	372
	469	372
	470	373
	473	374
	473	375
	473	376
	470	376
	468	376
	464	373
	463	370
	463	368
	465	367
	472	367
.PEN_UP
.PEN_DOWN
	484	375
	483	375
	481	376
	479	376
	478	375
	478	372
	478	371
	478	369
	480	369
	482	371
	483	372
	484	372
	485	371
	487	369
	489	369
.PEN_UP
.PEN_DOWN
	509	389
	508	389
	507	388
	505	380
	504	377
	503	373
	503	371
	504	374
	507	378
	509	376
	509	373
	509	372
	509	371
.PEN_UP
.PEN_DOWN
	519	369
	519	368
	520	365
	519	363
	519	362
	517	361
	516	362
.PEN_UP
.PEN_DOWN
	538	375
	538	376
	537	376
	537	375
	537	374
	537	373
	538	372
	540	372
	542	374
	543	375
	547	377
	549	377
	550	377
	550	375
	549	373
	546	372
	545	372
	543	373
	542	374
.PEN_UP
.PEN_DOWN
	555	375
	554	373
	554	371
	555	370
	556	370
	558	372
	558	373
	559	376
	559	377
.PEN_UP
.PEN_DOWN
	568	375
	567	373
	567	371
	567	370
	567	368
	567	370
	568	372
	569	376
	570	378
	571	378
	573	377
.PEN_UP
.PEN_DOWN
	577	375
	577	374
	579	374
	580	374
	582	375
	583	376
	583	377
	582	378
	579	378
	577	377
	575	374
	575	371
	576	370
	579	369
	582	369
	583	369
.PEN_UP
.PEN_DOWN
	595	369
	596	368
	596	366
	594	364
.PEN_UP
.PEN_DOWN
	609	387
	607	388
	607	386
	607	385
	609	384
	610	384
.PEN_UP
.PEN_DOWN
	613	388
	613	387
	613	385
	613	384
	614	383
.PEN_UP
.PEN_DOWN
	632	370
	631	371
	631	372
	633	372
	635	374
	639	376
	641	377
	643	377
	645	375
	644	372
	644	371
	641	370
	638	370
	637	371
	637	372
.PEN_UP
.PEN_DOWN
	655	375
	653	376
	652	376
	651	376
	649	375
	648	373
	648	372
	650	372
	652	373
	653	375
	654	375
	653	375
	654	373
	655	370
	656	370
.PEN_UP
.PEN_DOWN
	664	374
	663	373
	663	372
	663	371
	664	370
	665	370
	666	370
	667	371
.PEN_UP
.PEN_DOWN
	666	382
	664	383
.PEN_UP
.PEN_DOWN
	683	373
	681	374
	680	375
	678	375
	675	373
	675	372
	674	369
	674	368
	676	368
	679	371
	680	373
	683	378
	684	383
	684	384
	682	379
	682	375
	684	370
	686	368
.PEN_UP
