
.WRITER_ID DavidSinger
.STYLE PRINTED
.PEN_DOWN
	172	382
	172	383
	172	384
	172	383
	169	378
	167	373
	167	369
	168	368
	168	366
	173	367
	174	368
	176	370
.PEN_UP
.PEN_DOWN
	170	375
	168	375
	168	376
	169	376
	172	376
	173	375
.PEN_UP
.PEN_DOWN
	187	387
	187	388
	186	385
	185	382
	184	375
	183	371
	183	369
	184	369
	185	369
	186	371
	189	374
	190	373
	190	371
	191	369
.PEN_UP
.PEN_DOWN
	206	372
	205	373
	204	374
	203	374
	199	373
	198	373
	197	371
	197	368
	199	368
	202	370
	203	371
	203	369
	204	368
	205	366
.PEN_UP
.PEN_DOWN
	219	383
	219	384
	219	385
	218	384
	218	383
	216	378
	213	374
	213	372
	213	368
	214	367
	215	367
	219	368
	221	370
	222	370
.PEN_UP
.PEN_DOWN
	214	376
	212	377
	212	378
	214	378
	216	379
	219	379
.PEN_UP
.PEN_DOWN
	254	378
	254	381
	255	382
	256	382
	255	382
	255	381
	252	377
	250	373
	250	371
	251	369
	252	368
	253	368
	256	369
	258	370
.PEN_UP
.PEN_DOWN
	250	375
	250	376
	251	376
	252	377
	255	377
	258	377
.PEN_UP
.PEN_DOWN
	267	384
	266	381
	265	379
	263	375
	262	371
	262	370
	263	371
	265	372
	267	374
	268	374
	269	372
	269	371
	268	368
	268	367
	270	365
.PEN_UP
.PEN_DOWN
	278	370
	277	370
	277	371
	278	371
	279	371
	281	371
	284	372
	284	373
	284	374
	284	375
	281	376
	278	375
	277	374
	276	371
	277	368
	278	367
	281	367
	285	367
.PEN_UP
.PEN_DOWN
	291	372
	290	370
	290	369
	290	367
	290	366
	290	367
	290	369
	291	372
	291	374
	293	375
	295	375
.PEN_UP
.PEN_DOWN
	297	372
	296	373
	297	372
	299	371
	301	371
	302	372
	304	373
	304	375
	304	376
	302	376
	300	376
	299	375
	298	372
	298	369
	299	368
	302	366
	305	366
	307	366
.PEN_UP
.PEN_DOWN
	327	372
	327	373
	326	373
	326	371
	326	369
	327	367
	329	367
	330	367
	332	368
	333	369
	335	369
	336	369
	336	367
	337	366
	338	365
	341	366
	343	368
	343	372
	342	373
	342	375
	341	375
.PEN_UP
.PEN_DOWN
	354	372
	353	373
	353	374
	352	374
	350	373
	349	372
	348	370
	348	367
	349	367
	351	367
	352	369
	353	371
	353	372
	354	370
	355	368
	355	367
	358	366
	361	367
.PEN_UP
.PEN_DOWN
	363	371
	363	370
	363	369
	364	369
	365	370
	366	370
	369	373
	372	374
	373	375
	375	375
	376	373
	376	372
	376	370
	374	368
	372	368
	369	369
	367	370
.PEN_UP
.PEN_DOWN
	398	372
	398	371
	398	370
	399	370
	400	370
	401	370
	403	372
	406	374
	410	376
	411	376
	413	376
	413	375
	412	373
	409	371
	407	370
	405	370
	404	371
	405	372
.PEN_UP
.PEN_DOWN
	420	373
	419	374
	418	374
	417	373
	416	371
	416	368
	417	367
	419	367
	422	368
	424	369
	424	371
	423	374
	421	375
	418	375
	416	375
	415	374
.PEN_UP
.PEN_DOWN
	430	373
	430	374
	429	373
	429	372
	429	371
	429	370
	431	372
	434	375
	435	375
	436	375
	436	373
	436	372
	436	370
	438	372
	439	373
	443	375
	443	374
	443	373
	442	370
	441	368
.PEN_UP
.PEN_DOWN
	449	374
	448	373
	449	372
	450	372
	451	372
	453	372
	454	373
	455	374
	455	376
	454	376
	452	376
	449	374
	449	373
	449	371
	453	369
	455	369
	459	369
.PEN_UP
.PEN_DOWN
	469	384
	469	385
	468	385
	467	383
	465	381
	463	375
	463	372
	463	371
	464	369
	467	369
	468	369
	471	370
	473	373
.PEN_UP
.PEN_DOWN
	462	376
	462	377
	463	377
	466	378
	468	378
	469	379
.PEN_UP
.PEN_DOWN
	484	384
	483	385
	482	382
	482	379
	480	375
	480	372
	481	372
	482	373
	484	373
	486	374
	486	371
	486	370
	486	369
.PEN_UP
.PEN_DOWN
	495	375
	494	375
	493	372
	493	369
	493	368
	495	366
	497	366
	498	367
	500	369
.PEN_UP
.PEN_DOWN
	495	380
	495	381
.PEN_UP
.PEN_DOWN
	504	375
	504	374
	504	372
	503	370
	503	369
	502	369
	503	369
	503	370
	506	373
	508	374
	509	375
	509	373
	509	372
	509	370
	509	369
.PEN_UP
.PEN_DOWN
	522	375
	521	375
	520	375
	517	373
	516	371
	516	370
	517	370
	519	370
	521	371
	523	372
	523	371
	523	369
	523	364
	522	361
	520	357
	518	356
	515	356
	515	357
	515	360
	516	364
.PEN_UP
.PEN_DOWN
	534	369
	533	370
	533	371
	533	369
	533	367
	533	366
.PEN_UP
.PEN_DOWN
	557	373
	556	373
	556	372
	556	371
	557	371
	558	371
	560	373
	564	376
	566	377
	568	377
	569	375
	568	375
	567	372
	563	371
	561	371
	560	371
	560	372
.PEN_UP
.PEN_DOWN
	576	373
	575	374
	574	373
	574	372
	573	370
	574	370
	576	369
	578	370
	579	371
	579	373
	576	375
	573	375
	572	375
.PEN_UP
.PEN_DOWN
	587	377
	588	377
	588	374
	588	372
	588	371
	588	372
	589	374
	592	376
	593	377
	593	375
	593	374
	593	372
	594	373
	596	374
	597	375
	599	376
	599	375
	599	372
	598	370
	598	369
.PEN_UP
.PEN_DOWN
	608	373
	607	374
	608	374
	609	373
	611	373
	612	374
	613	375
	613	376
	612	377
	610	377
	607	375
	606	374
	606	371
	607	370
	611	368
	617	368
.PEN_UP
.PEN_DOWN
	628	374
	628	375
	628	376
	627	376
	627	375
	626	373
	626	371
	626	370
	627	369
	629	370
	630	370
	633	372
	634	373
	635	372
	635	371
	636	370
	638	370
	640	371
	641	372
	641	375
	640	377
	639	377
	639	378
	639	376
.PEN_UP
.PEN_DOWN
	650	387
	651	388
	651	387
	650	384
	649	379
	648	375
	648	373
	648	372
	650	374
	652	376
	653	376
	654	376
	654	373
	654	372
	654	371
	654	370
.PEN_UP
.PEN_DOWN
	661	373
	660	373
	662	373
	662	372
	665	372
	667	373
	667	375
	667	376
	665	376
	661	376
	659	374
	658	373
	658	370
	661	369
	662	368
	667	368
.PEN_UP
.PEN_DOWN
	671	373
	671	374
	672	373
	672	372
	672	371
	672	369
	672	370
	672	373
	673	374
	675	376
	676	377
	678	377
	679	376
.PEN_UP
.PEN_DOWN
	680	374
	681	374
	683	374
	685	374
	686	374
	686	375
	686	376
	685	377
	682	377
	682	376
	680	374
	680	372
	680	371
	683	370
	687	370
	688	371
.PEN_UP
.PEN_DOWN
	695	369
	695	370
	696	370
	697	369
	698	368
	698	366
	697	364
	695	364
.PEN_UP
