
.WRITER_ID DavidSinger
.STYLE PRINTED
.PEN_DOWN
	170	383
	170	380
	170	378
	170	374
	170	372
	169	372
.PEN_UP
.PEN_DOWN
	158	382
	163	383
	170	384
	174	385
	180	386
.PEN_UP
.PEN_DOWN
	183	377
	183	376
	183	375
	183	371
	183	369
	185	370
	187	373
	188	375
	189	375
	189	373
	190	370
	191	370
	193	371
	194	374
	194	375
	195	377
.PEN_UP
.PEN_DOWN
	204	374
	202	374
	201	374
	200	373
	200	371
	201	370
	204	369
	205	370
	206	372
	206	374
	205	375
	203	375
	200	374
.PEN_UP
.PEN_DOWN
	227	383
	226	383
	224	384
	219	384
	218	383
	217	381
	218	377
	220	374
	223	370
	224	366
	223	365
	218	362
	213	362
	211	363
	210	366
.PEN_UP
.PEN_DOWN
	216	371
	215	373
	218	374
	222	374
	223	375
	224	375
.PEN_UP
.PEN_DOWN
	235	384
	235	385
	235	386
	233	384
	232	382
	230	376
	230	372
	231	370
	232	369
	234	369
	236	370
	238	372
	239	373
.PEN_UP
.PEN_DOWN
	244	373
	242	374
	242	373
	241	372
	242	370
	244	369
	245	370
	247	371
	248	373
	248	374
	245	375
	242	375
	241	374
.PEN_UP
.PEN_DOWN
	253	374
	252	375
	252	374
	252	373
	253	371
	254	370
	256	370
	256	371
	257	373
	258	373
	258	372
	259	370
	261	369
	263	369
	265	372
	265	373
	265	375
	265	376
.PEN_UP
.PEN_DOWN
	270	374
	272	373
	273	373
	275	374
	275	375
	275	377
	274	378
	273	378
	270	377
	267	374
	267	373
	269	370
	273	370
	276	370
	277	370
.PEN_UP
.PEN_DOWN
	282	373
	281	374
	281	373
	281	371
	281	370
	281	371
	281	373
	282	375
	283	376
	286	377
	288	377
.PEN_UP
.PEN_DOWN
	316	383
	314	385
	314	383
	314	380
	313	375
	312	371
	312	370
	312	369
	314	371
	316	373
	318	375
	319	375
	319	371
	320	370
	320	368
.PEN_UP
.PEN_DOWN
	329	375
	328	376
	327	377
	326	377
	323	375
	322	374
	322	372
	322	371
	325	371
	326	372
	327	373
	328	373
	329	372
	330	371
	333	370
.PEN_UP
.PEN_DOWN
	344	373
	343	375
	343	376
	342	376
	339	376
	337	375
	335	373
	335	371
	336	370
	338	370
	341	371
	341	373
	343	379
	343	386
	343	389
	343	391
	343	389
	342	386
	342	379
	346	372
	347	370
.PEN_UP
.PEN_DOWN
	381	369
	380	370
	380	368
	378	364
	377	360
	376	358
	376	360
	377	364
	379	370
	381	377
	382	378
	384	379
	385	376
	385	374
	385	370
.PEN_UP
.PEN_DOWN
	393	374
	391	374
	391	372
	390	370
	391	368
	393	368
	396	369
	398	371
	398	372
	398	375
	395	376
	394	376
	392	376
.PEN_UP
.PEN_DOWN
	402	370
	401	370
	402	370
	404	371
	408	374
	410	375
	412	376
	414	375
	413	373
	410	372
	408	371
	406	372
	406	373
.PEN_UP
.PEN_DOWN
	414	371
	415	371
	418	372
	420	372
	422	373
	422	375
	421	376
	418	375
	417	374
	416	372
	418	370
	419	370
	423	370
	427	370
.PEN_UP
.PEN_DOWN
	436	375
	435	376
	434	376
	432	376
	430	375
	429	373
	429	372
	430	371
	432	371
	434	372
	436	375
	437	381
	439	387
	439	388
	438	388
	437	382
	437	379
	438	374
	439	372
.PEN_UP
.PEN_DOWN
	479	375
	480	376
	479	376
	476	376
	475	376
	473	375
	472	373
	473	371
	474	371
	477	372
	479	374
	480	375
	480	372
	480	371
	480	369
	482	369
.PEN_UP
.PEN_DOWN
	489	389
	489	385
	489	382
	487	375
	487	372
	487	370
	487	368
.PEN_UP
.PEN_DOWN
	498	375
	496	375
	495	373
	495	371
	495	370
	497	370
	500	370
	500	371
	502	373
	501	376
	500	377
	497	377
	494	377
	493	377
.PEN_UP
.PEN_DOWN
	506	376
	506	377
	505	376
	505	374
	504	373
	505	373
	506	374
	508	376
	511	377
	511	376
	511	373
	511	372
	511	370
.PEN_UP
.PEN_DOWN
	521	377
	520	377
	518	377
	517	374
	517	373
	517	372
	518	372
	519	373
	521	374
	522	375
	524	374
	524	372
	523	366
	522	364
	519	361
	516	361
	515	363
	515	364
	516	368
	518	369
.PEN_UP
.PEN_DOWN
	528	372
	530	373
	534	375
	535	376
	538	377
	540	378
	541	376
	540	374
	539	372
	537	372
	536	372
	536	373
	536	375
.PEN_UP
.PEN_DOWN
	551	378
	550	378
	550	377
	549	376
	549	373
	549	372
	550	372
	553	373
	555	374
.PEN_UP
.PEN_DOWN
	552	385
	552	386
.PEN_UP
.PEN_DOWN
	570	374
	571	374
	570	374
	570	375
	568	375
	567	375
	565	375
	562	373
	562	370
	564	369
	568	371
	570	373
	572	376
	573	379
	575	387
	575	391
	573	387
	572	384
	571	378
	571	373
	572	372
	573	370
.PEN_UP
.PEN_DOWN
	576	375
	576	374
	577	374
	580	374
	582	375
	583	375
	582	377
	581	378
	578	378
	575	375
	574	372
	575	371
	580	369
	586	369
.PEN_UP
.PEN_DOWN
	614	376
	614	377
	613	378
	611	378
	610	378
	607	375
	606	373
	608	371
	611	372
	612	373
	614	374
	614	375
	614	373
	616	371
	618	369
	622	369
.PEN_UP
