
.WRITER_ID DavidSinger
.STYLE PRINTED
.PEN_DOWN
	167	377
	167	376
	166	375
	166	372
	166	370
	166	369
	169	369
	170	369
	171	371
.PEN_UP
.PEN_DOWN
	169	382
	169	383
	168	383
.PEN_UP
.PEN_DOWN
	179	375
	177	372
	176	370
	174	368
	174	367
	174	368
	177	370
	178	373
	182	374
	182	373
	182	371
	183	367
.PEN_UP
.PEN_DOWN
	229	376
	230	379
	230	381
	228	380
	224	378
	221	374
	221	371
	223	366
	225	362
	225	360
	225	357
	223	355
	222	355
	217	356
	216	358
.PEN_UP
.PEN_DOWN
	218	368
	218	369
	219	370
	221	371
	224	371
	228	371
	228	372
.PEN_UP
.PEN_DOWN
	237	372
	237	373
	237	370
	237	369
	237	366
	236	367
	237	370
	238	373
	240	374
	241	374
.PEN_UP
.PEN_DOWN
	252	372
	250	374
	249	374
	247	372
	247	370
	247	368
	249	368
	250	368
	253	370
	254	372
	254	373
	252	375
	249	375
	248	374
.PEN_UP
.PEN_DOWN
	260	373
	260	374
	259	374
	259	373
	258	370
	258	369
	258	368
	260	371
	261	372
	263	375
	264	375
	265	374
	265	373
	264	371
	264	368
.PEN_UP
.PEN_DOWN
	276	383
	276	385
	275	383
	272	378
	271	376
	271	372
	272	369
	273	369
	275	369
	278	372
	279	372
.PEN_UP
.PEN_DOWN
	275	376
	273	377
	273	378
	274	378
	277	379
.PEN_UP
.PEN_DOWN
	318	381
	317	381
	314	380
	311	376
	311	375
	311	373
	313	373
	319	375
	320	376
	321	380
	317	382
	316	382
.PEN_UP
.PEN_DOWN
	338	391
	335	393
	333	393
	331	393
	328	392
	326	387
	326	385
	328	379
	331	375
	332	372
	331	368
	330	366
	326	365
	321	365
	320	365
.PEN_UP
.PEN_DOWN
	323	377
	322	378
	325	378
	329	379
	331	379
.PEN_UP
.PEN_DOWN
	360	386
	360	388
	360	385
	359	379
	358	374
	357	372
	357	371
	359	372
	363	376
	364	376
	365	376
	365	373
	365	371
	365	370
	365	368
.PEN_UP
.PEN_DOWN
	377	373
	376	373
	375	373
	374	370
	373	369
	375	368
	376	368
	377	369
	379	369
.PEN_UP
.PEN_DOWN
	375	383
	375	384
	374	384
.PEN_UP
.PEN_DOWN
	389	372
	387	372
	386	371
	387	371
	391	372
	392	373
	396	374
	398	375
	400	375
	400	373
	399	371
	395	370
	394	370
	392	371
.PEN_UP
.PEN_DOWN
	439	371
	440	371
	442	371
	445	372
	445	373
	445	374
	445	376
	443	376
	441	376
	437	374
	437	371
	437	369
	439	368
	442	367
	448	368
	450	369
.PEN_UP
.PEN_DOWN
	456	373
	454	374
	453	373
	452	371
	453	369
	455	369
	457	369
	459	371
	460	372
	461	373
	461	370
	461	365
	460	363
	459	360
	454	358
	452	359
	452	360
	451	363
.PEN_UP
.PEN_DOWN
	469	372
	469	373
	470	372
	471	371
	473	371
	474	371
	476	372
	476	374
	475	375
	473	376
	472	375
	470	374
	470	372
	470	370
	472	369
	476	369
	478	369
.PEN_UP
.PEN_DOWN
	483	370
	482	370
	483	370
	485	371
	486	371
	488	373
	491	374
	492	374
	493	374
	493	373
	492	371
	490	371
	489	371
	488	371
.PEN_UP
.PEN_DOWN
	506	370
	503	370
	502	370
	502	371
.PEN_UP
