
.WRITER_ID DavidSinger
.STYLE PRINTED
.PEN_DOWN
	192	371
	191	371
	190	366
	188	361
	188	359
	188	357
	188	360
	191	369
	192	373
	195	376
	196	377
	196	376
	196	374
	196	372
.PEN_UP
.PEN_DOWN
	205	376
	204	377
	204	376
	204	375
	204	374
	203	372
	203	370
	203	368
	204	367
	206	368
	208	369
.PEN_UP
.PEN_DOWN
	203	383
	201	384
	202	384
.PEN_UP
.PEN_DOWN
	215	374
	214	373
	213	370
	213	368
	215	371
	217	373
	219	374
	220	374
	220	372
	220	369
	220	368
.PEN_UP
.PEN_DOWN
	232	389
	231	385
	230	383
	229	378
	229	376
	230	376
	233	378
	235	379
	238	379
	240	380
	240	379
	239	378
	235	376
	234	375
	233	374
	234	373
	236	372
	239	372
.PEN_UP
.PEN_DOWN
	251	368
	251	366
	249	363
.PEN_UP
.PEN_DOWN
	285	376
	285	377
	285	374
	286	372
	286	370
	288	370
	290	371
	291	372
.PEN_UP
.PEN_DOWN
	288	384
	286	386
	285	387
.PEN_UP
.PEN_DOWN
	292	371
	292	370
	295	372
	296	373
	299	375
	303	376
	304	374
	304	373
	304	371
	301	369
	300	369
	298	370
	299	372
.PEN_UP
.PEN_DOWN
	327	382
	327	384
	328	384
	327	378
	327	374
	327	372
	327	369
	329	369
	330	369
.PEN_UP
.PEN_DOWN
	323	375
	323	376
	324	376
	328	376
	331	377
	332	377
.PEN_UP
.PEN_DOWN
	341	386
	341	384
	341	380
	340	375
	339	372
	339	371
	340	373
	342	375
	343	375
	343	373
	343	371
	343	369
.PEN_UP
.PEN_DOWN
	350	372
	349	372
	351	372
	353	372
	356	373
	357	373
	357	374
	357	375
	355	376
	352	375
	351	374
	350	372
	351	370
	352	369
	356	369
	359	369
.PEN_UP
.PEN_DOWN
	365	373
	365	372
	364	370
	364	369
	364	368
	364	370
	364	372
	366	374
	367	375
	368	376
	370	375
.PEN_UP
.PEN_DOWN
	373	373
	373	374
	373	373
	374	373
	375	373
	377	374
	378	375
	378	376
	377	376
	374	376
	372	374
	372	373
	372	370
	374	368
	376	368
	380	368
.PEN_UP
.PEN_DOWN
	387	386
	387	387
	388	388
	389	388
	393	388
	395	387
	395	386
	395	383
	392	380
	391	379
	389	377
.PEN_UP
.PEN_DOWN
	390	372
	389	371
	388	371
.PEN_UP
.PEN_DOWN
	425	383
	425	384
	424	383
	424	381
	423	376
	422	374
	422	370
	422	368
.PEN_UP
.PEN_DOWN
	437	380
	436	382
	434	382
	430	381
	429	379
	429	376
	429	373
	430	371
	432	368
	432	366
	431	364
	430	364
	427	364
	425	364
.PEN_UP
.PEN_DOWN
	426	371
	426	372
	430	372
	431	372
	435	373
.PEN_UP
.PEN_DOWN
	465	375
	464	375
	464	373
	464	371
	464	370
	465	369
	467	370
	468	371
	470	373
	473	375
	474	375
	475	373
	475	369
	475	365
	473	361
	470	358
	468	358
	466	358
	465	360
	465	361
	466	363
.PEN_UP
.PEN_DOWN
	484	370
	484	373
	483	373
	482	373
	481	370
	481	368
	481	367
	483	367
	485	368
	487	369
	487	371
	487	373
	486	373
	483	373
	481	373
.PEN_UP
.PEN_DOWN
	495	371
	494	373
	493	372
	493	369
	494	369
	498	368
	501	369
	502	370
	504	373
	504	375
	503	376
.PEN_UP
