
.WRITER_ID DavidSinger
.STYLE PRINTED
.PEN_DOWN
	162	380
	161	380
	160	379
	159	376
	159	375
	160	373
	161	371
	164	372
	166	374
.PEN_UP
.PEN_DOWN
	163	385
	161	385
	161	386
.PEN_UP
.PEN_DOWN
	174	372
	172	374
	170	372
	169	370
	169	369
	169	368
	170	369
	173	370
	176	373
	177	374
	177	372
	178	369
	178	368
.PEN_UP
.PEN_DOWN
	204	378
	204	381
	204	382
	204	381
	203	377
	203	375
	201	370
	201	368
	204	372
	205	373
	206	374
	207	373
	207	370
	207	369
	208	368
	209	367
	210	367
.PEN_UP
.PEN_DOWN
	216	370
	215	372
	214	372
	214	369
	213	367
	213	366
	215	366
	216	367
	217	367
.PEN_UP
.PEN_DOWN
	215	378
	213	380
.PEN_UP
.PEN_DOWN
	223	371
	222	370
	223	369
	225	369
	226	370
	229	372
	231	373
	234	373
	236	372
	236	371
	235	368
	232	368
	231	368
	228	370
.PEN_UP
.PEN_DOWN
	267	374
	266	375
	264	374
	262	371
	262	370
	262	368
	264	366
	266	366
	270	368
	274	371
	274	373
	273	375
	269	376
	267	376
	265	376
	265	374
.PEN_UP
.PEN_DOWN
	278	374
	277	374
	276	373
	276	370
	277	370
	279	369
	282	369
	282	370
	285	372
	285	373
	285	372
	286	371
	287	371
	289	372
	291	373
	292	374
	292	376
	292	377
	290	378
	291	377
.PEN_UP
.PEN_DOWN
	297	375
	296	376
	296	375
	295	373
	295	372
	295	371
	296	372
	298	374
	300	376
	302	377
	303	377
	303	376
	303	373
	303	371
	303	370
	303	369
	304	369
.PEN_UP
.PEN_DOWN
	337	372
	337	371
	335	367
	334	364
	333	360
	333	357
	332	358
	332	360
	333	366
	336	372
	338	374
	342	376
	342	375
	341	372
	341	370
	341	369
.PEN_UP
.PEN_DOWN
	351	377
	350	376
	349	375
	348	373
	348	371
	348	370
	349	370
	352	371
	355	373
.PEN_UP
.PEN_DOWN
	349	383
	348	383
.PEN_UP
.PEN_DOWN
	369	373
	369	374
	368	374
	366	374
	364	374
	362	373
	361	371
	362	370
	363	369
	368	369
	371	369
.PEN_UP
.PEN_DOWN
	381	385
	380	386
	379	384
	377	381
	376	379
	375	374
	375	372
	375	371
	377	370
	379	370
	379	371
.PEN_UP
.PEN_DOWN
	374	375
	373	376
	374	377
	376	377
	380	378
	382	379
.PEN_UP
.PEN_DOWN
	385	375
	384	374
	383	371
	384	370
	385	369
	388	370
	390	371
	391	373
	392	375
	392	376
	391	377
.PEN_UP
.PEN_DOWN
	399	373
	399	374
	399	372
	399	371
	399	369
	399	368
	399	369
	399	370
	400	373
	400	375
	402	377
	404	378
	406	378
.PEN_UP
.PEN_DOWN
	407	373
	408	373
	410	373
	413	374
	414	375
	414	376
	411	378
	410	378
	407	377
	406	374
	406	373
	408	370
	411	369
	414	369
.PEN_UP
.PEN_DOWN
	420	370
	420	371
	421	372
	422	373
	423	374
	425	377
	427	377
	429	377
	432	375
	433	373
	431	371
	426	370
	424	371
	423	372
	424	373
.PEN_UP
.PEN_DOWN
	441	369
	441	370
	443	370
.PEN_UP
.PEN_DOWN
	467	382
	467	380
	466	376
	465	372
	465	369
	464	367
	463	365
.PEN_UP
.PEN_DOWN
	479	383
	478	384
	477	384
	474	382
	471	376
	470	373
	470	372
	471	369
	474	369
	476	370
	479	372
.PEN_UP
.PEN_DOWN
	471	376
	471	377
	473	376
	477	376
	481	375
.PEN_UP
