
.WRITER_ID DavidSinger
.STYLE PRINTED
.PEN_DOWN
	172	383
	171	384
	170	384
	168	384
	165	380
	165	376
	165	374
	168	371
	171	371
	173	372
	175	374
	176	380
	175	382
	172	385
	169	385
	168	385
.PEN_UP
.PEN_DOWN
	168	374
	170	372
	170	371
	172	369
	173	368
.PEN_UP
.PEN_DOWN
	182	373
	183	371
	185	368
	185	367
	186	368
	188	370
	188	372
	189	375
	188	376
.PEN_UP
.PEN_DOWN
	196	372
	195	373
	194	372
	195	371
	196	370
	199	370
	201	372
	202	373
	203	375
	203	376
	201	376
	198	375
	195	373
	195	372
	197	370
	201	369
	203	369
.PEN_UP
.PEN_DOWN
	208	370
	209	370
	211	370
	212	371
	214	373
	217	374
	219	374
	220	374
	221	372
	220	370
	219	369
	216	368
	214	369
	214	370
.PEN_UP
.PEN_DOWN
	229	385
	228	387
	227	384
	225	379
	225	376
	225	372
	226	369
	226	368
	229	368
	232	370
.PEN_UP
.PEN_DOWN
	225	375
	224	376
	227	377
	229	378
.PEN_UP
.PEN_DOWN
	237	371
	236	371
	236	370
	236	369
.PEN_UP
.PEN_DOWN
	239	380
	237	381
	236	381
.PEN_UP
.PEN_DOWN
	250	373
	250	374
	249	374
	249	372
	248	369
	249	368
	251	368
	254	370
	256	371
	256	374
	254	375
	251	375
	248	374
.PEN_UP
.PEN_DOWN
	263	372
	262	373
	262	372
	261	369
	261	368
	262	371
	265	374
	266	375
	268	375
	268	374
	269	373
	269	370
.PEN_UP
.PEN_DOWN
	278	386
	277	387
	277	388
	278	388
	283	387
	284	386
	285	384
	284	381
	282	379
	279	378
.PEN_UP
.PEN_DOWN
	282	370
	280	369
	282	370
.PEN_UP
.PEN_DOWN
	316	377
	315	377
	314	377
	311	374
	311	371
	311	369
	314	367
	317	367
	319	368
	322	371
	323	375
	323	377
	322	381
	320	383
	319	383
.PEN_UP
.PEN_DOWN
	314	375
	315	372
	317	369
	318	368
	319	366
	320	365
.PEN_UP
.PEN_DOWN
	328	371
	328	370
	327	368
	327	367
	329	365
	331	365
	332	366
	333	368
	333	371
	333	372
	332	373
.PEN_UP
.PEN_DOWN
	343	372
	342	372
	342	371
	344	371
	347	372
	348	373
	348	374
	347	375
	344	375
	343	375
	340	373
	340	370
	341	369
	343	367
	345	367
.PEN_UP
.PEN_DOWN
	358	369
	357	369
	358	368
	360	369
	361	370
	363	372
	365	372
	367	373
	368	372
	368	370
	366	368
	364	366
	362	366
	361	367
	361	369
	364	369
.PEN_UP
.PEN_DOWN
	376	384
	375	384
	374	382
	370	376
	370	372
	371	370
	373	367
	375	367
	377	367
	379	369
.PEN_UP
.PEN_DOWN
	375	375
	375	376
	374	377
	375	377
	377	378
	379	378
.PEN_UP
.PEN_DOWN
	383	383
	383	384
	384	384
	387	385
	388	385
	391	386
	393	385
	392	382
	391	381
	388	378
	387	376
.PEN_UP
.PEN_DOWN
	389	368
	388	368
	387	367
	388	367
.PEN_UP
.PEN_DOWN
	421	375
	420	375
	419	371
	420	370
	421	368
	424	367
	426	367
	429	369
	431	373
	431	376
	430	380
	428	383
	425	383
	424	382
.PEN_UP
.PEN_DOWN
	423	373
	423	374
	424	371
	424	370
	425	368
	426	366
.PEN_UP
.PEN_DOWN
	434	371
	433	372
	433	371
	433	368
	434	367
	436	367
	438	368
	439	369
	439	372
	438	374
	438	375
.PEN_UP
.PEN_DOWN
	443	372
	443	371
	445	370
	447	370
	449	372
	451	373
	451	374
	449	375
	447	375
	446	375
	444	373
	444	370
	444	369
	448	369
	452	369
	453	369
.PEN_UP
.PEN_DOWN
	458	373
	458	371
	458	370
	458	368
	458	369
	458	372
	459	373
	459	375
	461	375
	462	375
.PEN_UP
.PEN_DOWN
	472	374
	470	374
	469	373
	469	370
	470	370
	471	370
	474	370
	475	371
	477	374
	478	375
	478	376
	479	375
	480	372
	480	369
	479	362
	478	358
	477	357
	475	357
	471	360
	471	362
	471	364
.PEN_UP
.PEN_DOWN
	484	387
	484	388
	486	388
	488	386
	489	385
	489	382
	488	379
	488	378
.PEN_UP
.PEN_DOWN
	487	370
	486	369
	487	369
.PEN_UP
.PEN_DOWN
	511	381
	510	382
	509	382
	508	382
	508	381
	506	377
	506	373
	506	372
	508	371
	513	371
	514	373
	517	376
	517	379
	516	381
	514	383
	512	384
	512	383
.PEN_UP
.PEN_DOWN
	509	377
	509	376
	512	373
	513	371
	513	370
	514	368
.PEN_UP
.PEN_DOWN
	519	374
	518	375
	517	374
	517	373
	518	371
	519	371
	521	371
	522	373
	523	375
	523	376
	523	377
.PEN_UP
.PEN_DOWN
	532	375
	531	375
	530	376
	529	376
	528	375
	527	373
	527	372
	527	370
	529	370
	530	370
	531	372
	531	374
	532	375
	532	374
	532	373
	532	372
	533	369
	534	368
.PEN_UP
.PEN_DOWN
	539	374
	538	374
	538	372
	538	370
	537	370
	538	370
	540	373
	543	376
	544	376
	544	373
	544	372
	544	370
.PEN_UP
.PEN_DOWN
	555	375
	555	376
	554	376
	553	376
	552	375
	551	372
	551	371
	552	369
	554	370
	556	373
	557	375
	558	381
	559	386
	559	387
	559	386
	558	384
	557	377
	557	373
	558	371
	559	368
.PEN_UP
.PEN_DOWN
	568	376
	567	377
	565	377
	564	377
	562	375
	563	372
	564	371
	566	371
	569	372
	570	372
	570	373
	570	371
	570	370
	571	369
.PEN_UP
.PEN_DOWN
	577	374
	577	370
	577	369
	577	371
	577	373
	578	375
	580	376
	582	376
.PEN_UP
.PEN_DOWN
	585	373
	585	374
	585	371
	586	370
	587	369
	588	369
	589	371
	591	373
	593	374
	595	374
	596	373
	597	370
	597	367
	596	362
	594	359
	592	359
	589	359
	588	361
	588	363
	590	365
.PEN_UP
.PEN_DOWN
	603	379
	603	380
	603	382
	605	383
	607	383
	609	383
	612	382
	612	379
	609	377
	607	375
.PEN_UP
.PEN_DOWN
	608	366
	606	365
.PEN_UP
.PEN_DOWN
	641	379
	639	379
	637	379
	635	375
	635	374
	635	371
	636	369
	640	368
	644	369
	646	369
	648	374
	648	377
	647	379
	644	382
	642	383
	642	382
.PEN_UP
.PEN_DOWN
	640	374
	639	375
	640	375
	640	374
	642	371
	643	367
	643	366
	643	365
.PEN_UP
.PEN_DOWN
	650	371
	649	372
	649	370
	651	368
	653	367
	654	369
	655	370
	655	372
	654	374
.PEN_UP
.PEN_DOWN
	658	373
	658	372
	658	369
	659	368
	660	367
	661	367
	662	368
	664	369
.PEN_UP
.PEN_DOWN
	661	377
	659	379
	659	380
.PEN_UP
.PEN_DOWN
	670	381
	670	383
	671	384
	672	386
	670	382
	670	379
	669	376
	668	373
	668	371
	669	370
	672	370
	675	371
.PEN_UP
.PEN_DOWN
	670	376
	670	377
	673	378
	674	378
	675	379
.PEN_UP
.PEN_DOWN
	683	388
	683	387
	682	383
.PEN_UP
.PEN_DOWN
	684	373
	682	373
	682	372
.PEN_UP
