
.WRITER_ID JeffJohnson
.STYLE PRINTED
.PEN_DOWN
	149	463
	149	464
	148	464
	147	465
	146	465
	144	465
	143	465
	140	462
	140	460
	140	459
	143	458
	150	456
	150	455
	151	454
	149	453
	147	453
	146	455
	146	457
	148	462
	149	464
	149	465
.PEN_UP
.PEN_DOWN
	159	467
	160	467
	159	467
.PEN_UP
.PEN_DOWN
	159	462
	160	460
	160	459
	160	460
.PEN_UP
.PEN_DOWN
	173	467
	173	466
	173	464
	172	463
	171	461
	171	460
	170	459
	174	460
	176	460
	179	460
	181	460
	181	459
.PEN_UP
.PEN_DOWN
	175	470
	175	468
	175	467
	176	464
	177	461
	177	458
	177	455
	179	454
.PEN_UP
.PEN_DOWN
	195	468
	194	469
	195	468
	197	467
	197	465
	197	463
	197	459
	196	462
	195	463
	193	465
	191	465
	189	464
	188	463
	189	463
	193	463
	195	464
	198	465
.PEN_UP
.PEN_DOWN
	212	472
	212	473
	212	472
	212	471
	212	470
	210	469
	208	467
	207	466
	207	465
	209	464
	211	464
	216	464
	218	464
	219	464
.PEN_UP
.PEN_DOWN
	213	473
	213	472
	214	469
	215	467
	215	462
	215	458
	216	457
.PEN_UP
.PEN_DOWN
	227	462
	227	461
	226	462
	226	464
.PEN_UP
.PEN_DOWN
	226	472
	226	471
.PEN_UP
.PEN_DOWN
	233	468
	233	469
	233	470
	235	471
	236	471
	238	471
	241	471
	242	471
	242	470
	241	467
	238	465
	237	464
	236	461
	236	460
	238	460
	243	461
	245	461
.PEN_UP
.PEN_DOWN
	257	472
	256	473
	256	472
	257	470
	257	469
	259	465
	259	461
	260	460
	260	461
	258	463
	255	467
	253	467
	251	467
	250	467
	250	466
	250	465
	251	465
	254	465
	255	465
	257	465
	260	467
	261	467
	262	467
.PEN_UP
.PEN_DOWN
	268	472
	267	473
	267	474
	267	475
	269	475
	270	476
	272	476
	274	476
	276	476
	277	475
	277	473
	275	471
	273	468
	272	466
	271	465
	271	464
	272	463
	276	463
	279	462
	280	462
.PEN_UP
.PEN_DOWN
	288	465
	287	465
.PEN_UP
.PEN_DOWN
	287	479
	287	478
	287	477
	287	478
.PEN_UP
.PEN_DOWN
	299	480
	299	478
	300	475
	300	470
	300	467
	301	465
.PEN_UP
.PEN_DOWN
	310	481
	310	480
	310	479
.PEN_UP
.PEN_DOWN
	311	469
	311	468
	312	468
	313	467
	314	465
	315	464
	315	461
	314	459
	313	458
	312	457
	310	457
	310	458
.PEN_UP
.PEN_DOWN
	324	480
	323	480
	324	480
	325	479
	327	479
	331	478
	333	477
	336	476
	338	476
	338	475
	337	475
	336	474
	334	473
	333	472
	331	470
	328	469
	328	468
.PEN_UP
.PEN_DOWN
	354	476
	356	477
	356	478
	356	480
	355	480
	353	479
	350	477
	349	475
	349	474
	351	474
	354	475
	360	475
	361	475
	361	472
	358	469
	356	468
	352	467
	351	467
	351	468
.PEN_UP
.PEN_DOWN
	366	476
	367	474
	367	471
	367	467
	367	466
	367	465
	367	467
.PEN_UP
.PEN_DOWN
	366	486
	367	485
	367	486
	367	488
.PEN_UP
.PEN_DOWN
	374	469
	375	469
	375	468
	375	469
	375	470
	375	472
	376	475
	377	476
	377	477
	378	477
	379	477
	381	477
	382	474
	383	473
	383	470
	383	471
	384	472
	385	474
	386	477
	387	477
	388	477
	389	476
	390	473
	390	472
	390	469
.PEN_UP
.PEN_DOWN
	401	480
	400	481
	400	480
	400	479
	400	477
	399	473
	399	471
	399	470
	400	471
.PEN_UP
.PEN_DOWN
	401	490
	399	491
.PEN_UP
.PEN_DOWN
	411	489
	410	486
	411	482
	411	481
	410	475
	410	473
	411	473
.PEN_UP
.PEN_DOWN
	424	474
	424	475
	424	478
	424	479
	422	480
	420	480
	418	480
	417	477
	416	475
	416	473
	417	472
	418	473
	421	474
	422	477
	423	477
	424	475
	425	473
	425	472
	426	471
	427	471
.PEN_UP
.PEN_DOWN
	432	478
	432	475
	433	475
	433	473
	434	472
	433	472
	432	473
	432	474
	433	475
	434	476
	436	477
	439	477
.PEN_UP
.PEN_DOWN
	449	488
	448	488
	448	489
	447	489
	448	490
	450	489
	453	489
	454	488
	456	487
	456	486
	455	486
	454	484
	453	483
	452	482
	452	481
	452	479
	452	478
	452	477
	453	477
.PEN_UP
.PEN_DOWN
	451	466
	451	465
.PEN_UP
