
.WRITER_ID JeffJohnson
.STYLE PRINTED
.PEN_DOWN
	149	470
	149	467
	150	464
	150	462
	150	458
	150	456
	150	455
.PEN_UP
.PEN_DOWN
	156	465
	151	464
	149	464
	143	462
	141	462
.PEN_UP
.PEN_DOWN
	160	463
	161	463
	162	464
	163	463
	164	463
	166	461
	166	458
	166	457
	164	455
	160	455
	159	456
	158	458
	158	461
	159	462
	161	463
	164	463
.PEN_UP
.PEN_DOWN
	189	460
	189	461
	189	463
	189	464
	189	465
	187	465
	184	464
	183	463
	180	459
	180	456
	181	456
	183	456
	186	459
	188	462
	189	461
	190	458
	191	455
	192	454
.PEN_UP
.PEN_DOWN
	195	461
	198	458
	199	457
	199	458
	197	460
	197	462
	198	463
	201	465
	204	466
.PEN_UP
.PEN_DOWN
	210	464
	211	461
	212	459
	212	460
	211	462
	211	464
	211	465
	212	465
	216	467
.PEN_UP
.PEN_DOWN
	228	465
	227	466
	225	466
	224	466
	221	462
	221	460
	221	459
	223	459
	226	462
	227	463
	227	465
	228	465
	228	464
	229	461
	230	459
	231	459
.PEN_UP
.PEN_DOWN
	237	464
	237	463
	238	460
	239	458
	239	460
	240	461
	240	464
	241	466
	242	466
	244	467
	246	467
	247	466
	248	465
	249	463
	249	461
	249	460
.PEN_UP
.PEN_DOWN
	266	463
	264	463
	264	464
	263	465
	262	466
	260	467
	258	468
	257	468
	256	466
	256	464
	257	464
	259	463
	262	465
	263	465
	264	467
	264	466
	264	464
	264	463
	265	460
	267	457
	267	456
	267	453
	264	451
	262	451
	258	451
	256	452
.PEN_UP
.PEN_DOWN
	271	461
	272	462
	274	464
	276	467
	277	468
	276	469
	275	468
	274	467
	273	465
	273	463
	273	462
	275	461
	278	461
	280	461
	282	460
.PEN_UP
.PEN_DOWN
	305	475
	305	473
	305	472
	305	469
	306	465
	307	462
	307	461
.PEN_UP
.PEN_DOWN
	311	470
	311	471
	309	470
	307	470
	303	469
	298	469
	297	468
.PEN_UP
.PEN_DOWN
	312	477
	312	476
	312	474
	313	469
	313	466
	313	463
	313	462
	314	462
	314	463
	315	465
	316	468
	317	468
	319	466
	320	465
	321	464
	321	463
	321	462
.PEN_UP
.PEN_DOWN
	325	466
	326	466
	327	466
	328	467
	330	469
	331	470
	331	471
	331	472
	329	472
	327	470
	327	468
	327	466
	329	465
	330	465
	333	465
	336	464
.PEN_UP
.PEN_DOWN
	347	467
	347	466
	347	463
	347	459
	348	458
	348	457
	348	458
	348	462
	348	466
	348	470
	348	471
	349	472
	351	473
	354	472
	357	471
	358	470
	358	468
	357	467
	355	466
	351	464
	350	464
.PEN_UP
.PEN_DOWN
	362	472
	362	471
	363	469
	363	467
	363	465
	363	464
.PEN_UP
.PEN_DOWN
	364	480
	363	480
.PEN_UP
.PEN_DOWN
	377	473
	376	473
	376	474
	375	474
	373	473
	372	471
	372	469
	372	467
	375	466
	377	466
	379	466
	381	467
.PEN_UP
.PEN_DOWN
	385	483
	385	479
	386	478
	386	474
	386	469
	387	467
.PEN_UP
.PEN_DOWN
	391	478
	388	478
	386	478
	383	477
	380	476
	379	476
	378	475
	379	475
.PEN_UP
.PEN_DOWN
	391	475
	392	473
	391	469
	391	468
	392	468
	395	470
	397	472
	398	475
	399	475
.PEN_UP
.PEN_DOWN
	405	473
	405	472
	405	471
	405	470
	406	471
	407	475
	408	476
	410	477
	411	478
.PEN_UP
.PEN_DOWN
	416	470
	418	471
	420	473
	422	473
	423	476
	423	477
	423	478
	423	479
	421	479
	420	478
	420	477
	420	473
	421	472
	423	470
	425	469
	427	468
	430	468
.PEN_UP
.PEN_DOWN
	434	469
	434	468
	434	467
	434	466
	433	464
	432	463
.PEN_UP
.PEN_DOWN
	455	476
	454	478
	453	479
	452	480
	450	480
	447	477
	447	476
	446	472
	447	471
	448	471
	450	472
	452	474
	452	475
	453	476
	453	475
	454	473
	454	472
	455	471
	456	470
.PEN_UP
.PEN_DOWN
	462	477
	462	474
	462	472
	462	471
	462	472
	462	475
	463	476
	464	477
	465	478
	466	478
	467	478
	468	477
	468	476
	469	473
	469	472
	470	472
.PEN_UP
.PEN_DOWN
	485	488
	485	486
	485	482
	485	477
	484	475
	484	472
	484	473
	484	474
	484	478
	484	479
	482	481
	478	480
	478	479
	475	477
	475	474
	476	473
	478	472
	481	472
	482	472
.PEN_UP
