
.WRITER_ID JeffJohnson
.STYLE PRINTED
.PEN_DOWN
	185	486
	185	487
	185	488
	183	488
	181	488
	177	486
	174	484
	174	483
	174	482
	176	482
	178	482
	185	482
	188	482
	188	480
	188	478
	185	476
	182	475
	178	475
	174	475
.PEN_UP
.PEN_DOWN
	195	486
	194	486
	194	485
	192	482
	190	480
	190	477
	190	475
	194	477
	197	479
	201	484
	202	488
	201	488
	196	488
	191	487
.PEN_UP
.PEN_DOWN
	207	487
	207	486
	207	485
	207	483
	207	479
	207	478
	207	479
	207	481
	208	485
	208	486
	208	487
	209	489
	210	490
	211	490
	211	489
	212	489
	212	488
	213	488
	213	487
	213	486
	214	485
	214	484
	216	482
	216	481
	218	480
	218	479
	219	479
	219	481
	220	483
	220	484
	220	486
	220	488
	221	489
	221	491
	221	492
.PEN_UP
.PEN_DOWN
	239	489
	239	490
	239	492
	238	494
	237	495
	236	495
	233	494
	233	493
	231	491
	230	487
	229	483
	231	480
	232	479
	234	479
	238	481
	240	481
	242	483
	243	484
	243	485
	242	485
	241	486
	240	486
	237	486
	234	486
	233	485
	232	485
.PEN_UP
.PEN_DOWN
	258	483
	257	483
	257	486
	257	489
	257	491
	257	493
	258	494
	259	494
	263	493
	267	491
	268	490
	270	486
	270	481
	270	480
	268	482
	268	483
	266	485
	263	486
	261	486
	259	486
.PEN_UP
.PEN_DOWN
	279	489
	278	488
	278	486
	278	484
	278	483
	278	482
	278	485
	277	487
	277	490
	277	492
	277	494
	279	495
	282	495
	283	494
	284	493
	284	492
	284	490
	280	489
	279	488
	278	488
	277	488
	278	488
	279	488
	283	489
	284	489
	288	487
	288	485
	288	484
	286	482
	282	482
	279	482
	278	482
	278	483
.PEN_UP
.PEN_DOWN
	300	491
	300	492
	300	493
	299	494
	298	494
	298	493
	296	490
	294	486
	294	484
	296	483
	300	485
	302	487
	304	491
	304	493
	303	493
	298	492
	294	491
	293	491
	296	491
.PEN_UP
.PEN_DOWN
	309	491
	309	492
	309	487
	309	485
	310	483
	311	483
	313	485
	317	490
	318	493
	318	494
	317	495
	316	495
	315	494
	316	494
.PEN_UP
.PEN_DOWN
	328	491
	328	490
	328	489
	328	486
	329	482
	329	481
	329	480
	329	481
.PEN_UP
.PEN_DOWN
	337	491
	336	492
	335	492
	333	492
	328	492
	324	492
	323	492
	322	492
.PEN_UP
.PEN_DOWN
	353	492
	353	491
	353	490
	353	488
	354	484
	354	483
.PEN_UP
.PEN_DOWN
	361	493
	360	493
	358	494
	352	494
	349	493
	346	492
	344	492
.PEN_UP
.PEN_DOWN
	367	493
	367	492
	368	487
	368	483
	368	482
	368	483
.PEN_UP
.PEN_DOWN
	374	494
	375	492
	375	490
	376	487
	377	484
	378	483
	379	483
	380	486
	380	488
	379	488
	374	489
	370	489
	369	489
	367	489
.PEN_UP
.PEN_DOWN
	389	491
	389	489
	389	487
	389	486
	388	484
	390	483
	391	483
	396	483
	400	483
	401	482
	402	482
.PEN_UP
.PEN_DOWN
	402	489
	401	490
	400	490
	398	490
	396	490
	392	490
.PEN_UP
.PEN_DOWN
	399	495
	397	495
	393	494
	391	494
	389	494
	387	494
.PEN_UP
.PEN_DOWN
	428	493
	428	494
	427	496
	426	497
	422	497
	421	497
	417	493
	414	489
	414	488
	416	484
	420	484
	422	484
	425	485
	427	486
	428	486
	428	487
	429	487
	430	488
	430	489
	428	489
	427	490
	423	490
	421	489
.PEN_UP
.PEN_DOWN
	438	494
	437	494
	437	491
	437	488
	437	487
	437	486
	437	488
	437	489
	437	492
	437	495
	438	495
	439	497
	440	497
	441	497
	442	497
	444	497
	444	495
	445	495
	445	493
	444	492
	440	491
	439	490
	438	490
	438	489
	440	488
	441	487
	445	486
	446	484
.PEN_UP
.PEN_DOWN
	450	493
	450	492
	450	490
	451	487
	451	485
	452	485
.PEN_UP
.PEN_DOWN
	463	496
	463	497
	462	497
	460	496
	458	495
	457	494
	457	492
	460	492
	462	492
	465	491
	465	490
	465	489
	463	487
	460	486
	458	486
	457	487
	458	488
.PEN_UP
.PEN_DOWN
	469	496
	469	493
	469	490
	469	488
	469	487
	470	487
	471	487
	474	487
	477	486
	478	486
.PEN_UP
.PEN_DOWN
	479	493
	480	492
	481	491
	482	489
	484	489
	486	488
	487	488
	488	487
.PEN_UP
.PEN_DOWN
	492	495
	491	494
	491	493
	490	491
	487	486
	487	484
	485	480
	485	479
.PEN_UP
.PEN_DOWN
	506	495
	506	494
	506	491
	506	487
	506	483
	507	482
	509	485
	512	489
	513	491
	513	493
	514	494
	513	494
.PEN_UP
.PEN_DOWN
	524	494
	523	494
	523	493
	523	492
	523	489
	523	486
	523	485
	524	485
.PEN_UP
.PEN_DOWN
	532	495
	532	494
	532	490
	534	486
	534	485
	535	484
.PEN_UP
.PEN_DOWN
	542	495
	541	495
	538	493
	536	493
	534	492
	532	492
	533	491
	536	490
	538	489
	539	488
	541	487
	542	486
	542	485
	543	485
.PEN_UP
.PEN_DOWN
	548	493
	548	491
	548	488
	549	486
	549	484
.PEN_UP
.PEN_DOWN
	556	493
	556	491
	556	488
	556	486
	556	487
	556	488
	556	490
	555	492
	555	493
	556	493
	556	492
	556	493
	556	492
	557	492
	557	491
	558	491
	558	490
	559	489
	562	487
	562	486
	564	484
	565	483
	566	484
	566	485
	566	486
	566	489
	565	493
	564	495
	564	496
	563	496
.PEN_UP
.PEN_DOWN
	581	488
	580	490
	581	492
	580	493
	580	494
	579	495
	577	494
	576	493
	574	490
	573	486
	574	485
	577	484
	580	484
	583	485
	585	486
	586	488
	586	489
	585	489
	584	490
	581	490
	580	489
	579	489
.PEN_UP
