
.WRITER_ID JeffJohnson
.STYLE PRINTED
.PEN_DOWN
	148	465
	148	463
	149	459
	149	457
	150	453
	150	452
.PEN_UP
.PEN_DOWN
	158	468
	157	468
	154	467
	150	467
	145	466
	142	465
	139	464
.PEN_UP
.PEN_DOWN
	156	461
	155	461
	156	458
	156	457
	156	455
	156	453
	157	453
	158	454
	159	455
	160	457
	161	458
	160	457
	160	456
	162	454
	164	455
	165	456
	168	459
	169	461
	169	462
.PEN_UP
.PEN_DOWN
	172	462
	170	460
	170	458
	171	455
	172	455
	174	456
	176	460
	177	464
	176	464
	174	464
.PEN_UP
.PEN_DOWN
	188	470
	189	471
	188	474
	188	475
	186	475
	184	474
	183	472
	183	467
	185	462
	186	458
	188	456
.PEN_UP
.PEN_DOWN
	192	466
	191	466
	190	466
	186	465
	181	464
	180	463
	179	463
.PEN_UP
.PEN_DOWN
	194	473
	194	470
	195	467
	195	464
	196	460
	197	458
	199	458
.PEN_UP
.PEN_DOWN
	205	465
	205	466
	205	465
	204	464
	203	460
	203	458
	205	457
	208	459
	209	462
	210	465
	210	466
	208	467
	205	467
	204	466
.PEN_UP
.PEN_DOWN
	213	465
	212	465
	212	463
	212	461
	213	459
	214	458
	215	458
	217	459
	218	461
	218	462
	218	464
	218	463
	219	460
	220	460
	222	460
	225	462
	227	464
	227	466
	226	467
.PEN_UP
.PEN_DOWN
	232	463
	233	463
	233	464
	234	464
	235	465
	235	466
	235	468
	234	469
	233	469
	232	468
	232	467
	232	466
	234	463
	236	462
	237	462
.PEN_UP
.PEN_DOWN
	244	465
	244	464
	244	463
	244	462
	245	462
	246	462
	247	464
	248	465
	249	466
	251	467
.PEN_UP
.PEN_DOWN
	272	477
	271	475
	271	473
	271	470
	271	466
	270	461
	270	460
	270	461
	271	464
	271	465
	272	466
	274	467
	275	467
	277	465
	279	462
	279	461
	280	459
.PEN_UP
.PEN_DOWN
	285	465
	286	465
	287	466
	287	468
	287	469
	286	468
	283	465
	283	464
	283	462
	284	462
	286	464
	286	465
	287	465
	288	462
	289	460
	289	459
	290	459
.PEN_UP
.PEN_DOWN
	298	480
	299	478
	300	477
	300	475
	301	471
	301	467
	301	465
	302	464
	302	465
	302	466
	300	468
	299	468
	297	468
	295	467
	294	467
	293	465
	294	463
	295	463
	296	462
	299	463
	301	463
.PEN_UP
.PEN_DOWN
	315	466
	315	462
	315	460
	315	456
	315	453
	315	454
	315	458
	315	461
	315	466
	316	469
	317	470
	318	471
	320	471
	322	471
	323	471
	326	469
	326	468
	326	467
	323	465
	322	465
	320	464
	319	464
.PEN_UP
.PEN_DOWN
	332	471
	332	472
	333	472
	332	471
	330	467
	330	466
	330	465
	330	464
	331	464
	335	466
	337	469
	337	470
	336	471
	335	471
	333	471
.PEN_UP
.PEN_DOWN
	343	475
	343	476
	342	475
	341	475
	341	474
	339	474
	339	472
	339	471
	341	470
	342	470
	345	469
	346	468
	346	467
	345	465
	342	464
	341	464
	339	464
	338	464
.PEN_UP
.PEN_DOWN
	346	467
	347	466
	348	467
	350	468
	353	469
	353	470
	354	471
	354	472
	353	472
	351	472
	350	471
	350	470
	351	468
	354	465
	355	465
	359	465
.PEN_UP
.PEN_DOWN
	366	485
	366	482
	366	480
	366	475
	366	471
	367	469
	367	466
	368	466
	367	470
	366	473
	366	474
	362	476
	360	474
	359	473
	358	470
	359	467
	360	466
	361	465
	364	466
	365	466
.PEN_UP
.PEN_DOWN
	387	470
	387	473
	386	475
	383	475
	381	472
	381	470
	381	466
	383	466
	385	466
	387	469
	387	470
	387	469
	387	468
	387	466
	388	465
.PEN_UP
.PEN_DOWN
	399	484
	398	483
	398	479
	398	475
	398	472
	397	468
	398	466
.PEN_UP
.PEN_DOWN
	405	473
	406	473
	407	473
	407	474
	407	475
	407	472
	406	470
	406	469
	406	468
	407	468
	410	470
	411	472
	412	474
	411	475
	410	475
	407	475
.PEN_UP
.PEN_DOWN
	415	471
	414	471
	414	469
	414	468
	414	470
	415	473
	416	474
	418	475
	419	476
	420	476
	421	475
	422	474
	422	473
	423	470
	424	469
.PEN_UP
.PEN_DOWN
	428	472
	430	473
	430	474
	431	475
	430	476
	428	475
	427	474
	427	473
	428	472
	429	472
	430	472
	431	472
	432	471
	434	469
	434	468
	434	465
	434	462
	432	459
	429	457
	427	457
	425	459
.PEN_UP
.PEN_DOWN
	440	480
	438	479
	437	478
	436	477
	439	476
	442	475
	444	474
	445	473
	444	471
	443	470
	439	469
	438	469
.PEN_UP
.PEN_DOWN
	449	478
	450	475
	450	473
	450	470
	450	468
.PEN_UP
.PEN_DOWN
	449	486
	449	487
.PEN_UP
.PEN_DOWN
	465	488
	464	487
	465	484
	465	482
	465	478
	464	473
	464	471
	464	476
	464	478
	462	480
	458	480
	457	479
	456	477
	456	474
	457	472
	461	471
	464	471
	465	471
.PEN_UP
.PEN_DOWN
	468	475
	470	475
	471	476
	473	477
	474	479
	475	480
	475	481
	475	482
	473	482
	473	481
	472	479
	472	476
	473	474
	475	472
	477	470
	480	470
.PEN_UP
.PEN_DOWN
	502	479
	502	480
	502	482
	501	483
	498	483
	497	482
	494	479
	493	475
	493	474
	495	474
	498	475
	499	476
	501	478
	501	479
	501	478
	501	475
	503	473
	504	473
.PEN_UP
