
.WRITER_ID JeffJohnson
.STYLE PRINTED
.PEN_DOWN
	142	468
	141	468
	141	467
	141	466
	141	465
	141	462
	142	460
	142	461
	143	462
.PEN_UP
.PEN_DOWN
	140	468
	139	468
	139	469
	139	470
	139	469
	140	469
	141	469
	143	469
	146	468
	148	467
	149	467
	150	464
	149	463
	148	461
	145	459
	142	458
	142	457
	142	458
.PEN_UP
.PEN_DOWN
	154	469
	154	468
	154	466
	154	465
	154	463
	154	460
	154	459
	155	459
	156	459
.PEN_UP
.PEN_DOWN
	160	468
	159	469
	160	469
	162	469
	165	469
	166	469
	167	469
	168	469
	168	468
	167	468
	165	466
	164	465
	163	464
	161	462
	161	461
	161	460
	162	460
	164	460
	167	461
	168	461
	170	461
	171	460
.PEN_UP
.PEN_DOWN
	171	468
	171	469
	170	469
	171	469
	173	469
	175	469
	177	469
	179	469
	179	468
	178	467
	177	466
	175	465
	174	464
	173	463
	173	462
	174	462
	175	462
	176	462
	179	461
	181	461
	182	460
.PEN_UP
.PEN_DOWN
	188	472
	188	473
	188	472
	188	473
	188	472
	189	471
	189	470
	191	468
	192	466
	193	466
	193	465
.PEN_UP
.PEN_DOWN
	199	475
	198	474
	198	473
	197	470
	196	467
	196	466
	194	462
	194	459
	193	458
	193	457
	192	457
	192	458
	193	458
.PEN_UP
.PEN_DOWN
	210	477
	210	475
	210	474
	211	469
	211	466
	212	465
	212	464
	213	464
.PEN_UP
.PEN_DOWN
	220	478
	220	477
	220	476
	218	475
	216	473
	215	472
	213	472
	213	471
	213	470
	214	469
	216	468
	218	468
	219	467
	220	466
	221	465
	221	464
	221	465
.PEN_UP
.PEN_DOWN
	224	477
	224	476
	224	475
	224	472
	224	469
	225	468
	225	467
	225	466
	226	466
	229	467
	232	467
	233	467
	233	466
.PEN_UP
.PEN_DOWN
	235	475
	234	476
	235	475
	235	473
	235	470
	235	468
	236	467
	238	467
	239	468
	242	472
	244	476
	244	477
	244	479
	243	479
	242	479
	241	479
.PEN_UP
.PEN_DOWN
	250	468
	250	469
	250	471
	250	474
	250	477
	250	478
	250	480
	251	479
	252	476
	253	475
	254	471
	256	469
	256	468
	257	468
	258	469
	259	472
	260	473
	260	476
	260	479
	260	480
	259	481
.PEN_UP
.PEN_DOWN
	265	484
	265	482
	266	479
	266	477
	266	474
	267	470
	267	469
	267	468
	267	469
.PEN_UP
.PEN_DOWN
	274	482
	273	481
	271	479
	269	478
	268	477
	267	476
	268	475
	270	475
	271	473
	273	471
	274	470
	274	469
	275	469
	275	468
.PEN_UP
.PEN_DOWN
	281	480
	281	478
	281	475
	281	474
	281	471
	282	470
	285	470
	290	471
	291	471
	293	471
.PEN_UP
.PEN_DOWN
	292	477
	291	477
	288	477
	287	477
	285	477
	283	477
	282	477
.PEN_UP
.PEN_DOWN
	292	483
	291	484
	289	484
	288	484
	286	484
	283	483
	282	483
	281	483
	280	482
.PEN_UP
.PEN_DOWN
	296	482
	296	481
	297	480
	297	478
	297	474
	298	473
	298	471
	298	472
	298	474
	299	477
	299	478
	299	480
	299	481
	299	482
	300	483
	301	483
	302	484
	304	483
	305	482
	305	480
	303	479
	301	478
	300	477
	299	477
	301	476
	302	475
	305	473
	307	472
	307	471
	307	470
.PEN_UP
.PEN_DOWN
	316	484
	316	485
	315	484
	313	484
	311	482
	310	481
	310	480
	311	480
	314	480
	317	479
	319	479
	320	477
	320	475
	320	473
	318	471
	315	471
	314	471
	312	471
	311	471
.PEN_UP
.PEN_DOWN
	334	485
	333	485
	332	486
	333	486
	333	485
	335	485
	336	485
	338	484
	339	484
	339	483
	339	482
	338	481
	337	480
	335	477
	333	475
	333	474
	332	473
	331	472
	332	472
	333	471
	335	471
	338	471
	340	472
	342	472
	344	472
	344	471
.PEN_UP
.PEN_DOWN
	349	484
	348	484
	348	483
	348	482
	349	480
	349	478
	349	476
	349	474
	350	473
	351	473
.PEN_UP
.PEN_DOWN
	363	481
	363	482
	363	484
	364	484
	364	486
	364	487
	363	488
	361	488
	360	487
	359	486
	358	485
	358	482
	357	477
	357	475
	358	474
	360	473
	361	473
	363	475
	367	477
	368	479
	368	480
	367	480
	366	480
	363	480
	362	480
	360	480
	361	480
.PEN_UP
.PEN_DOWN
	372	485
	372	486
	371	486
	372	486
	374	486
	376	486
	379	486
	381	486
	381	485
	381	484
	379	482
	378	481
	376	479
	375	477
	374	475
	374	474
	374	473
	375	473
	377	473
	380	474
	383	475
	384	474
	385	474
	385	473
	386	473
.PEN_UP
.PEN_DOWN
	390	472
	389	473
	389	474
	389	477
	389	480
	389	482
	390	483
	390	484
	390	485
	392	484
	393	484
	395	484
	397	483
	398	481
	398	479
	398	477
	398	476
	398	473
	398	472
	399	473
	399	474
	398	476
	397	477
	397	478
	396	478
	394	478
	391	478
	390	478
	389	478
	388	478
.PEN_UP
.PEN_DOWN
	411	480
	411	481
	411	483
	411	485
	411	486
	410	486
	409	487
	408	487
	406	486
	405	484
	405	481
	405	477
	405	475
	405	474
	407	474
	410	474
	413	475
	414	475
	415	475
	415	476
	415	477
	416	477
	416	478
	415	478
	411	478
	410	478
	408	478
	407	478
.PEN_UP
.PEN_DOWN
	431	482
	431	483
	431	485
	431	486
	431	488
	430	488
	428	489
	426	488
	424	486
	423	484
	423	481
	423	478
	423	477
	425	476
	428	475
	431	476
	434	477
	436	479
	436	480
	437	480
	436	481
	435	482
	434	481
	433	481
	432	481
	429	480
	428	480
.PEN_UP
.PEN_DOWN
	442	484
	441	484
	440	482
	440	480
	440	477
	442	476
	443	476
	445	476
	450	476
	451	475
	452	475
.PEN_UP
.PEN_DOWN
	450	482
	449	483
	448	483
	445	482
	443	482
	440	481
	439	481
	438	481
.PEN_UP
.PEN_DOWN
	448	486
	447	486
	446	486
	445	486
	444	486
	442	486
	440	486
.PEN_UP
.PEN_DOWN
	456	486
	455	486
	455	485
	455	482
	455	479
	455	477
	455	478
.PEN_UP
.PEN_DOWN
	453	488
	454	489
	456	489
	458	488
	459	488
	462	487
	463	486
	464	485
	464	483
	463	480
	461	477
	458	475
	456	475
	454	475
	453	475
.PEN_UP
.PEN_DOWN
	472	488
	472	487
.PEN_UP
.PEN_DOWN
	471	476
	470	477
	470	478
	471	477
	472	477
	473	475
	473	473
	473	472
	472	470
	471	469
.PEN_UP
.PEN_DOWN
	489	485
	490	485
	490	483
	490	479
	490	477
	491	474
	491	473
	491	474
	491	477
	489	480
	488	481
	486	481
	484	481
	484	480
	486	480
	488	480
	492	480
	493	480
	494	480
	493	480
.PEN_UP
.PEN_DOWN
	506	486
	506	483
	505	478
	505	476
	505	473
	506	473
	507	474
	510	477
	511	480
	511	481
	510	482
	510	481
	511	480
	512	479
	512	477
	513	475
	514	475
	517	478
	518	480
	520	483
	521	485
	521	486
	521	488
	519	488
.PEN_UP
.PEN_DOWN
	524	472
	523	472
	523	473
	523	475
	524	476
	525	479
	526	483
	526	485
	527	486
	528	487
	528	488
	529	487
	530	487
	531	484
	531	481
	532	479
	532	473
	532	471
	532	470
	531	471
	532	472
	532	473
	533	476
	533	477
	532	477
	532	478
	531	478
	530	478
	529	478
	526	478
	525	478
	524	479
.PEN_UP
.PEN_DOWN
	539	486
	538	486
	539	484
	539	481
	539	478
	540	476
	540	474
	541	473
	542	475
	543	478
	544	479
	544	482
	545	485
	545	486
.PEN_UP
.PEN_DOWN
	549	486
	549	484
	549	483
	549	481
	549	480
	549	477
	549	475
	550	475
	551	475
	554	475
	557	475
	559	475
	560	475
	561	474
	560	474
.PEN_UP
.PEN_DOWN
	560	481
	561	481
	560	481
	557	480
	553	480
	552	480
	551	480
.PEN_UP
.PEN_DOWN
	559	486
	556	486
	553	486
	552	486
	550	486
	549	486
.PEN_UP
.PEN_DOWN
	569	489
	568	489
	568	487
	568	484
	568	482
	568	479
.PEN_UP
.PEN_DOWN
	567	489
	567	490
	566	491
	567	491
	568	491
	571	490
	572	489
	575	488
	575	487
	575	484
	574	482
	573	481
	571	479
	569	479
	568	479
	567	478
.PEN_UP
.PEN_DOWN
	587	487
	586	487
	586	488
.PEN_UP
.PEN_DOWN
	585	480
	586	479
	586	477
	586	474
	586	473
	584	471
	581	470
.PEN_UP
.PEN_DOWN
	601	487
	601	485
	602	484
	602	481
	602	479
	602	480
	601	482
	599	484
	598	486
	596	486
	596	485
	598	485
	600	485
	603	485
	605	484
.PEN_UP
.PEN_DOWN
	614	486
	614	485
	614	484
	614	480
	614	476
	614	475
	617	477
	618	479
	618	482
	618	483
	617	481
	617	479
	618	478
	621	478
	622	478
	625	480
	627	483
	627	484
	627	488
	625	488
	625	489
.PEN_UP
.PEN_DOWN
	633	476
	632	477
	632	479
	632	482
	632	483
	632	484
	632	487
	633	488
	635	488
	636	489
	638	488
	638	486
	639	484
	639	481
	639	478
	639	477
	639	476
	640	477
	640	478
	640	479
	640	480
	640	481
	639	481
	638	481
	636	481
	633	481
	632	481
	631	482
.PEN_UP
.PEN_DOWN
	648	487
	649	486
	651	484
	651	482
	655	478
	657	475
	658	475
	658	473
	659	474
.PEN_UP
.PEN_DOWN
	660	487
	659	487
	658	486
	657	484
	655	481
	653	478
	651	475
	651	474
.PEN_UP
.PEN_DOWN
	665	480
	665	481
	665	482
	664	482
	664	481
	664	478
	664	477
	664	475
	665	474
	666	474
	669	474
	672	475
	673	475
	674	475
	675	473
.PEN_UP
.PEN_DOWN
	676	479
	675	479
	672	480
	668	480
	667	480
	665	479
.PEN_UP
.PEN_DOWN
	675	485
	674	485
	673	485
	670	485
	668	486
	666	485
	665	485
	665	484
.PEN_UP
.PEN_DOWN
	684	481
	683	481
	684	479
	684	477
	684	474
	683	471
	683	473
	683	474
.PEN_UP
.PEN_DOWN
	682	484
	681	484
	682	484
	682	485
	683	485
	685	484
	687	483
	690	482
	693	479
	693	477
	693	475
	692	473
	689	471
	686	470
	685	469
	683	469
	682	469
.PEN_UP
.PEN_DOWN
	709	480
	708	480
	708	477
	708	476
	707	471
	707	468
.PEN_UP
.PEN_DOWN
	707	456
	706	455
	706	456
.PEN_UP
