
.WRITER_ID JeffJohnson
.STYLE PRINTED
.PEN_DOWN
	151	463
	151	460
	151	459
	150	456
	148	452
	148	451
	149	450
	154	451
	159	451
	160	451
	162	451
.PEN_UP
.PEN_DOWN
	171	457
	171	458
	171	460
	171	462
	171	463
	170	463
	170	462
	169	461
	168	457
	168	453
	168	451
	169	451
	171	453
	174	456
	174	458
	174	459
	172	460
	170	460
	169	460
	169	459
.PEN_UP
.PEN_DOWN
	187	459
	186	460
	186	461
	186	462
	183	463
	182	463
	180	462
	178	457
	178	456
	179	454
	182	455
	184	456
	186	458
	186	460
	186	461
	186	460
	187	457
	188	455
	189	454
	190	454
.PEN_UP
.PEN_DOWN
	193	461
	193	460
	194	458
	195	456
	195	454
	195	456
	196	458
	197	460
	198	460
	199	461
	201	461
	202	461
	204	460
	205	459
	205	458
	205	456
	205	455
	206	454
.PEN_UP
.PEN_DOWN
	226	472
	226	473
	227	475
	226	476
	225	475
	223	473
	223	471
	223	468
	225	467
	227	469
	229	471
	229	472
	229	473
	228	473
	226	472
.PEN_UP
.PEN_DOWN
	240	481
	240	480
	238	475
	235	468
	234	464
	231	458
	230	455
.PEN_UP
.PEN_DOWN
	239	462
	238	462
	237	459
	237	458
	237	456
	238	456
	240	458
	241	460
	241	462
	239	462
	238	462
	236	462
.PEN_UP
.PEN_DOWN
	249	481
	249	480
	249	479
	249	478
	248	477
.PEN_UP
.PEN_DOWN
	256	471
	255	471
	253	470
	252	468
	252	467
	253	467
	256	466
	258	465
	258	463
	257	462
	256	462
	254	462
.PEN_UP
.PEN_DOWN
	279	466
	279	468
	280	469
	280	471
	278	472
	276	473
	274	472
	272	468
	272	465
	272	464
	276	465
	278	467
	279	468
	280	469
	279	469
	279	468
	279	466
	280	464
	281	462
	283	462
.PEN_UP
.PEN_DOWN
	287	469
	287	468
	287	467
	288	466
	288	464
	289	463
	289	462
	290	462
	289	462
	289	465
	290	467
	291	468
	292	468
	294	468
.PEN_UP
.PEN_DOWN
	302	465
	301	466
	302	466
	304	467
	305	469
	306	470
	306	472
	304	472
	303	472
	302	471
	302	468
	302	465
	303	464
	306	463
	309	464
	310	464
.PEN_UP
.PEN_DOWN
	333	482
	332	483
	332	482
	332	481
	332	477
	333	470
	334	468
	334	466
	334	468
	333	472
	332	474
	329	475
	327	476
	326	474
	325	471
	325	467
	326	466
	329	465
	331	465
	332	466
.PEN_UP
.PEN_DOWN
	344	473
	344	474
	344	475
	344	476
	344	477
	344	476
	343	476
	342	475
	341	472
	341	471
	340	468
	340	467
	340	466
	342	467
	346	469
	347	470
	348	472
	348	473
	348	474
	345	476
	343	477
	342	477
	341	477
.PEN_UP
.PEN_DOWN
	353	476
	352	477
	352	476
	352	475
	352	472
	352	468
	353	466
	354	466
	356	467
	358	470
	358	471
	358	472
	358	473
	357	472
	357	471
	357	470
	359	468
	360	468
	361	468
	364	469
	366	473
	367	474
	367	476
	366	477
	365	477
.PEN_UP
.PEN_DOWN
	373	475
	373	474
	373	473
	373	471
	373	470
	373	468
	373	467
	373	466
	374	467
	374	468
	375	472
	375	473
	375	476
	377	476
	378	476
	379	476
	380	475
	381	473
	381	471
	381	469
	382	468
	382	467
.PEN_UP
.PEN_DOWN
	397	489
	396	489
	396	487
	396	485
	396	479
	396	476
.PEN_UP
.PEN_DOWN
	398	464
	397	464
.PEN_UP
.PEN_DOWN
	409	491
	409	489
	409	488
	409	486
	410	484
.PEN_UP
.PEN_DOWN
	410	473
	410	472
	410	473
.PEN_UP
.PEN_DOWN
	420	494
	420	492
	420	491
	420	490
	420	488
.PEN_UP
.PEN_DOWN
	423	472
	422	472
	421	472
.PEN_UP
