
.WRITER_ID JeffJohnson
.STYLE PRINTED
.PEN_DOWN
	148	461
	147	463
	146	458
	146	456
	146	450
	146	445
	145	445
	144	448
	144	455
	144	457
	145	460
	146	462
	146	463
	148	464
	150	464
	152	464
	154	464
	156	463
	156	462
	156	460
	155	458
	151	455
	149	453
	147	453
	148	454
.PEN_UP
.PEN_DOWN
	156	448
	158	449
	159	449
	162	452
	163	455
	163	457
	163	458
	161	459
	158	458
	157	457
	156	453
	157	449
	158	448
	163	448
	167	451
.PEN_UP
.PEN_DOWN
	169	452
	169	451
	170	451
	170	450
	170	451
	169	452
	170	454
	173	457
	174	457
	176	457
.PEN_UP
.PEN_DOWN
	183	466
	182	466
	183	464
	184	459
	185	457
	186	453
	187	451
	187	452
	187	455
	188	456
	189	457
	191	458
	192	458
	194	456
	195	453
	196	450
	197	448
	197	447
	197	448
.PEN_UP
.PEN_DOWN
	204	453
	205	454
	206	455
	207	457
	208	460
	208	461
	206	462
	204	462
	203	461
	200	456
	200	453
	202	453
	204	455
	205	456
	206	457
	206	458
	207	457
	207	455
	208	452
	208	451
	209	451
.PEN_UP
.PEN_DOWN
	216	452
	217	448
	217	445
	217	443
	218	441
	217	444
	216	451
	216	453
	216	457
	216	459
	217	460
	218	461
	221	461
	224	461
	225	459
	224	456
	224	453
	221	451
	219	451
	218	451
.PEN_UP
.PEN_DOWN
	229	459
	230	462
	231	464
	230	464
	229	463
	228	462
	228	461
	229	461
	232	460
	234	459
	235	459
	235	457
	233	455
	232	454
	230	455
.PEN_UP
.PEN_DOWN
	257	472
	257	471
	259	465
	261	460
	261	458
	262	457
	262	458
.PEN_UP
.PEN_DOWN
	268	467
	267	466
	261	466
	258	465
	254	465
	251	464
.PEN_UP
.PEN_DOWN
	269	473
	269	472
	269	469
	269	467
	269	463
	270	458
	270	457
	270	458
	271	460
	271	462
	272	464
	273	464
	274	464
	275	463
	276	461
	277	459
	278	459
	279	459
.PEN_UP
.PEN_DOWN
	286	460
	285	460
	286	460
	287	461
	288	462
	289	464
	290	465
	290	466
	291	467
	288	467
	287	467
	285	466
	285	462
	286	461
	288	459
	291	459
	296	459
.PEN_UP
.PEN_DOWN
	318	458
	318	459
	317	462
	317	463
	315	465
	313	465
	311	463
	310	461
	310	459
	311	459
	315	460
	317	461
	318	463
	319	463
	318	461
	319	459
	319	458
	321	455
	323	451
	323	449
	321	447
	314	447
	312	447
	310	447
	311	448
.PEN_UP
.PEN_DOWN
	325	475
	325	474
	326	472
	327	469
	328	463
	328	458
	328	457
	329	457
.PEN_UP
.PEN_DOWN
	338	463
	339	464
	340	465
	341	468
	340	469
	339	469
	336	468
	334	465
	333	463
	334	461
	336	461
	337	462
	340	465
	340	466
	341	466
	341	464
	342	461
	343	459
.PEN_UP
.PEN_DOWN
	353	471
	354	471
	354	472
	351	471
	350	470
	348	468
	348	467
	350	466
	353	466
	355	466
	357	465
	356	462
	354	461
	351	460
	350	459
.PEN_UP
.PEN_DOWN
	362	470
	361	471
	362	471
	361	471
	360	470
	361	469
	363	468
	365	467
	366	467
	367	465
	367	464
	366	461
	364	460
	362	460
	361	461
.PEN_UP
.PEN_DOWN
	383	464
	384	460
	385	457
	385	451
	385	447
	385	446
	384	447
	384	451
	384	454
	384	461
	386	465
	386	467
	388	468
	389	468
	390	468
	394	467
	394	465
	394	464
	392	460
	390	459
	389	458
	390	459
.PEN_UP
.PEN_DOWN
	400	473
	399	474
	399	471
	400	469
	401	465
	402	460
	402	459
	403	459
.PEN_UP
.PEN_DOWN
	411	465
	412	465
	413	467
	412	467
	411	467
	407	464
	406	461
	407	461
	410	463
	411	464
	413	465
	414	464
	414	463
	414	460
	415	459
	416	459
.PEN_UP
.PEN_DOWN
	423	480
	423	478
	424	473
	425	467
	425	464
	425	460
	426	460
	427	460
.PEN_UP
.PEN_DOWN
	432	473
	430	473
	427	473
	422	471
	418	470
	416	470
.PEN_UP
.PEN_DOWN
	434	466
	434	465
	437	466
	439	468
	440	469
	441	471
	441	473
	440	473
	438	472
	436	469
	436	468
	437	464
	440	463
	441	463
.PEN_UP
.PEN_DOWN
	450	473
	450	474
	448	474
	447	474
	445	472
	445	470
	447	469
	450	469
	453	468
	455	467
	453	465
	449	463
	448	463
	447	463
.PEN_UP
.PEN_DOWN
	471	472
	470	470
	468	465
	468	464
	469	462
	471	462
	472	464
	475	466
	475	467
	475	466
	475	465
	476	464
	480	465
	482	466
	483	469
	485	473
	485	475
	483	477
	482	478
.PEN_UP
.PEN_DOWN
	490	463
	489	464
	490	465
	491	467
	493	469
	493	470
	493	471
	493	472
	490	472
	488	469
	488	466
	489	465
	493	465
	498	466
.PEN_UP
.PEN_DOWN
	502	469
	502	468
	502	467
	503	465
	503	466
	505	469
	509	472
	510	472
	513	473
.PEN_UP
.PEN_DOWN
	515	466
	516	467
	518	467
	519	468
	521	470
	521	471
	521	472
	520	473
	519	473
	518	472
	517	469
	518	466
	520	465
	522	464
	527	465
.PEN_UP
