
.WRITER_ID JeffJohnson
.STYLE PRINTED
.PEN_DOWN
	147	463
	146	463
	146	461
	146	457
	146	453
	147	450
	147	449
	149	450
	151	454
	152	456
	152	458
	152	457
	152	455
	152	452
	153	452
	154	452
	159	456
	160	458
	161	462
	161	464
	159	464
	157	464
.PEN_UP
.PEN_DOWN
	169	460
	169	461
	169	462
	169	463
	167	463
	166	462
	164	459
	163	456
	163	455
	165	455
	167	456
	168	457
	169	460
	169	457
	169	455
	169	452
	170	452
.PEN_UP
.PEN_DOWN
	178	463
	179	463
	179	465
	180	465
	179	465
	178	465
	177	465
	176	463
	175	463
	176	462
	180	462
	181	462
	184	461
	184	459
	183	457
	181	455
	178	454
	177	455
.PEN_UP
.PEN_DOWN
	201	463
	200	465
	201	464
	201	463
	201	462
	200	458
	200	454
	200	453
	201	452
	202	453
	203	453
	205	458
	205	461
	205	460
	205	458
	206	456
	207	456
	209	456
	211	457
	213	458
	215	461
	216	464
	216	465
	215	466
.PEN_UP
.PEN_DOWN
	221	477
	220	474
	220	471
	220	467
	221	462
	221	459
	221	460
	222	462
	222	464
	223	465
	223	466
	224	466
	226	466
	227	465
	227	463
	228	460
	228	459
	229	459
.PEN_UP
.PEN_DOWN
	238	468
	238	465
	239	463
	239	459
	239	457
	240	457
.PEN_UP
.PEN_DOWN
	236	477
	235	477
	236	478
.PEN_UP
.PEN_DOWN
	250	478
	249	475
	249	473
	249	466
	250	464
	250	459
	251	459
.PEN_UP
.PEN_DOWN
	255	466
	255	464
	256	464
	257	464
	258	465
	259	466
	260	467
	261	468
	262	470
	261	471
	259	470
	258	466
	259	463
	260	462
	262	462
	265	462
.PEN_UP
.PEN_DOWN
	285	482
	284	482
	285	478
	285	476
	285	471
	285	468
	285	464
	285	465
	285	466
	287	470
	287	471
	288	471
	289	471
	290	470
	291	467
	292	464
	292	461
	293	462
.PEN_UP
.PEN_DOWN
	297	466
	297	465
	298	465
	298	466
	299	466
	300	468
	301	468
	302	470
	302	473
	302	474
	300	474
	298	473
	298	471
	297	466
	298	464
	299	463
	302	463
.PEN_UP
.PEN_DOWN
	313	473
	313	474
	313	472
	314	469
	314	464
	314	463
	316	461
	318	462
	319	464
	320	466
	320	467
	320	466
	320	464
	321	463
	323	463
	326	466
	328	469
	328	470
	328	472
	327	473
.PEN_UP
.PEN_DOWN
	336	469
	336	470
	336	473
	335	474
	334	475
	332	475
	331	473
	329	469
	328	466
	329	466
	330	465
	333	467
	334	469
	335	471
	335	468
	336	465
	337	464
	338	464
.PEN_UP
.PEN_DOWN
	344	475
	344	476
	346	475
	344	475
	342	473
	341	473
	340	472
	341	471
	343	471
	347	471
	349	469
	350	468
	350	466
	349	465
	346	464
	343	464
	342	464
.PEN_UP
.PEN_DOWN
	365	483
	365	481
	366	479
	367	475
	367	472
	368	467
	368	466
	369	466
.PEN_UP
.PEN_DOWN
	378	478
	376	478
	371	478
	367	478
	361	477
	358	475
	357	475
.PEN_UP
.PEN_DOWN
	378	483
	378	481
	378	479
	378	474
	378	470
	379	468
	380	471
	380	472
	380	475
	381	475
	383	473
	384	471
	385	469
	386	467
	386	468
.PEN_UP
.PEN_DOWN
	389	476
	389	475
	389	473
	390	470
	390	468
	390	467
	391	467
	392	468
	395	471
	396	473
	396	475
	395	475
	394	475
.PEN_UP
.PEN_DOWN
	404	479
	404	480
	403	480
	401	479
	400	478
	400	477
	401	476
	402	476
	405	475
	407	474
	407	473
	407	472
	405	469
	402	468
	401	468
	400	468
.PEN_UP
