
.WRITER_ID JeffJohnson
.STYLE PRINTED
.PEN_DOWN
	160	461
	159	461
	159	460
	159	457
	159	453
	159	450
	158	447
	158	448
.PEN_UP
.PEN_DOWN
	167	463
	167	464
	166	464
	163	464
	157	464
	152	463
	151	463
.PEN_UP
.PEN_DOWN
	168	463
	167	463
	168	462
	168	460
	167	455
	167	453
	167	450
	168	451
.PEN_UP
.PEN_DOWN
	173	461
	173	458
	173	456
	173	453
	173	450
	174	452
	175	453
	176	455
	176	456
	174	456
	171	456
	169	456
	165	456
	164	455
.PEN_UP
.PEN_DOWN
	179	461
	178	461
	178	460
	178	458
	178	456
	179	454
	179	452
	180	452
	182	452
	186	452
	188	452
	190	452
.PEN_UP
.PEN_DOWN
	189	457
	188	457
	186	458
	182	458
	180	458
	177	457
.PEN_UP
.PEN_DOWN
	187	463
	186	463
	184	463
	180	463
	179	463
.PEN_UP
.PEN_DOWN
	202	465
	201	464
	201	462
	201	459
	202	455
	202	453
	203	453
	205	453
	210	453
	212	454
	214	454
.PEN_UP
.PEN_DOWN
	213	460
	212	461
	210	461
	205	460
	203	460
	201	460
.PEN_UP
.PEN_DOWN
	210	465
	209	465
	206	465
	204	465
	201	465
	200	465
.PEN_UP
.PEN_DOWN
	220	464
	219	464
	220	463
	220	462
	222	460
	225	456
	226	455
	228	453
	229	454
.PEN_UP
.PEN_DOWN
	228	466
	228	465
	227	464
	226	463
	223	459
	220	454
	219	453
.PEN_UP
.PEN_DOWN
	240	462
	239	464
	239	465
	238	467
	237	469
	237	470
	236	469
	235	468
	234	466
	233	461
	233	456
	233	455
	235	455
	240	460
	242	462
	244	467
	243	469
	241	469
	237	467
	234	466
	233	466
.PEN_UP
.PEN_DOWN
	237	463
	237	461
	238	460
	240	458
	242	456
	243	456
	244	455
.PEN_UP
.PEN_DOWN
	251	464
	251	466
	251	467
	251	462
	251	460
	253	456
	256	456
	258	458
	260	462
	261	466
	261	468
	259	469
.PEN_UP
.PEN_DOWN
	266	468
	266	467
	267	465
	267	463
	267	458
	268	457
.PEN_UP
.PEN_DOWN
	278	468
	278	469
	277	469
	275	468
	272	466
	271	466
	271	465
	273	464
	274	464
	278	464
	281	463
	281	462
	281	460
	278	457
	277	457
	275	457
	274	457
.PEN_UP
.PEN_DOWN
	288	468
	287	467
	288	466
	288	463
	288	461
	288	458
	289	458
	290	460
.PEN_UP
.PEN_DOWN
	297	472
	298	470
	299	468
	300	466
	300	465
	300	462
	300	461
.PEN_UP
.PEN_DOWN
	307	474
	306	474
	301	475
	293	474
	291	474
	287	474
.PEN_UP
.PEN_DOWN
	307	471
	307	469
	307	465
	307	464
	307	462
	308	461
	308	460
	311	460
	315	461
	317	461
	319	462
.PEN_UP
.PEN_DOWN
	321	467
	320	467
	317	467
	315	467
	312	467
	309	467
.PEN_UP
.PEN_DOWN
	316	475
	316	474
	315	474
	312	473
	308	473
	307	473
	306	473
.PEN_UP
.PEN_DOWN
	335	474
	335	471
	335	469
	335	464
	336	462
	336	464
	336	466
	335	472
	334	477
	334	478
	334	479
	337	479
	343	479
	345	479
	345	477
	345	475
	343	472
	339	471
	336	470
.PEN_UP
.PEN_DOWN
	347	464
	347	465
	347	468
	347	471
	347	473
	347	474
	348	475
	352	475
	355	474
	356	472
	358	468
	359	465
	359	464
	358	464
	357	465
	356	467
	356	468
	352	469
	349	469
	348	468
	347	468
.PEN_UP
.PEN_DOWN
	365	474
	365	473
	365	470
	365	467
	365	464
	365	463
	365	464
.PEN_UP
.PEN_DOWN
	374	472
	374	471
	374	469
	374	467
	374	465
	373	465
	373	467
	374	468
	374	471
	374	473
	375	472
	376	471
	378	470
	380	468
	382	467
	383	466
	383	465
	383	466
	384	468
	384	469
	384	473
	384	475
.PEN_UP
.PEN_DOWN
	395	475
	395	474
	396	472
	397	470
	397	469
	397	466
.PEN_UP
.PEN_DOWN
	403	480
	403	479
	401	479
	399	479
	394	478
	390	478
	389	478
	389	477
.PEN_UP
.PEN_DOWN
	411	477
	410	476
	410	475
	411	471
	411	468
.PEN_UP
.PEN_DOWN
	419	477
	419	473
	419	470
	419	469
	419	470
	418	472
	418	474
	419	477
	419	480
	420	480
	422	475
	423	473
	425	470
	427	469
	428	471
	428	473
	428	477
	428	480
.PEN_UP
.PEN_DOWN
	446	477
	446	478
	446	479
	446	480
	446	481
	444	482
	442	481
	440	478
	437	474
	437	472
	438	470
	443	470
	446	471
	451	473
	452	473
	452	474
	452	475
	449	476
	445	475
	444	475
	443	475
	444	475
.PEN_UP
.PEN_DOWN
	470	480
	469	481
	469	480
	469	478
	468	472
	468	469
	468	468
	471	468
	475	471
	476	472
	477	474
	477	475
	477	473
	477	471
	478	471
	481	471
	483	473
	486	475
	486	477
	484	479
	482	480
.PEN_UP
.PEN_DOWN
	489	470
	489	471
	488	471
	488	473
	489	475
	489	476
	490	478
	491	479
	491	480
	493	480
	495	477
	496	476
	496	472
	497	470
	497	472
	495	473
	492	474
	488	474
	486	474
.PEN_UP
.PEN_DOWN
	505	478
	505	480
	503	479
	502	479
	502	478
	502	477
	503	476
	507	475
	510	475
	511	473
	510	472
	509	472
	505	471
	503	471
	502	471
.PEN_UP
.PEN_DOWN
	524	484
	524	483
	525	481
	525	477
	525	474
	525	473
	524	473
	523	475
	523	477
	522	482
	522	485
	523	487
	523	488
	524	489
	526	489
	528	489
	531	488
	532	487
	532	485
	530	482
	529	481
	527	480
	525	480
	524	480
	525	480
	526	479
	528	477
	530	475
	531	474
	532	471
.PEN_UP
.PEN_DOWN
	541	480
	541	481
	541	480
	541	478
	540	475
	541	474
	541	473
	543	475
	544	476
	546	479
	547	482
	547	483
	546	484
.PEN_UP
.PEN_DOWN
	556	487
	556	488
	556	487
	556	485
	556	484
	556	480
	556	476
.PEN_UP
.PEN_DOWN
	565	477
	565	479
	564	481
	563	482
	563	484
	563	487
	564	486
	564	485
	566	482
	568	479
	569	478
	570	477
	571	477
	572	477
	575	481
	575	483
	575	485
	574	488
	573	489
	572	489
	571	489
.PEN_UP
.PEN_DOWN
	580	486
	580	485
	581	483
	581	482
	582	479
	584	478
	585	478
	587	477
	590	478
	591	478
.PEN_UP
.PEN_DOWN
	594	482
	593	483
	593	484
	592	484
	590	485
	587	485
	585	484
	583	484
.PEN_UP
.PEN_DOWN
	592	489
	591	489
	590	489
	587	489
	584	489
	582	489
	582	488
.PEN_UP
.PEN_DOWN
	604	485
	605	482
	606	479
	606	478
	605	481
.PEN_UP
.PEN_DOWN
	602	489
	601	489
	601	490
	602	490
	603	490
	604	490
	608	489
	610	488
	612	485
	613	484
	613	480
	611	477
	609	476
	605	476
	602	476
.PEN_UP
