
.WRITER_ID JeffJohnson
.STYLE PRINTED
.PEN_DOWN
	176	472
	176	470
	176	468
	176	465
	175	461
.PEN_UP
.PEN_DOWN
	183	474
	180	474
	174	475
	172	475
	170	474
.PEN_UP
.PEN_DOWN
	191	473
	191	472
	191	470
	191	467
	191	464
	191	463
.PEN_UP
.PEN_DOWN
	198	475
	198	473
	198	471
	198	467
	199	465
	199	467
	199	469
	198	471
	195	471
	191	470
	190	470
	190	469
.PEN_UP
.PEN_DOWN
	207	473
	207	472
	206	469
	206	466
	206	464
	207	463
	212	464
	214	465
	216	465
.PEN_UP
.PEN_DOWN
	216	471
	215	471
	214	471
	212	470
	208	469
	207	469
.PEN_UP
.PEN_DOWN
	213	474
	214	474
	211	474
	208	473
	207	473
	208	474
.PEN_UP
.PEN_DOWN
	244	477
	243	477
	242	477
	240	475
	238	475
	235	474
	235	472
	236	471
	240	471
	244	471
	246	470
	246	469
	245	467
	240	466
	239	465
	237	465
	238	466
.PEN_UP
.PEN_DOWN
	252	473
	251	473
	251	471
	251	469
	252	467
	255	467
	256	467
	258	470
	259	473
	259	474
	258	475
.PEN_UP
.PEN_DOWN
	268	466
	267	466
	267	467
	267	469
	267	472
	267	474
	267	476
	267	477
	267	476
	269	473
	270	471
	272	470
	273	469
	273	470
	275	471
	275	474
	275	480
	274	482
.PEN_UP
.PEN_DOWN
	294	479
	293	480
	293	481
	291	481
	290	480
	289	478
	289	477
	289	473
	291	471
	293	471
	298	471
	300	473
.PEN_UP
.PEN_DOWN
	302	471
	302	474
	302	476
	302	477
	302	479
	302	481
	303	482
	305	482
	307	481
	309	481
	310	478
	312	475
	313	472
	313	471
	313	472
	313	474
	312	474
	311	475
	307	475
	306	475
	304	475
	303	474
.PEN_UP
.PEN_DOWN
	319	477
	320	476
	320	474
	320	472
	320	470
	321	470
	323	471
	327	474
	328	476
	328	478
	326	479
	324	479
.PEN_UP
.PEN_DOWN
	336	481
	335	483
	334	483
	332	482
	332	481
	332	480
	333	479
	333	478
	336	478
	339	477
	340	476
	341	474
	340	473
	336	472
	335	472
	332	472
.PEN_UP
.PEN_DOWN
	346	482
	345	482
	346	480
	346	479
	346	477
	346	473
	348	473
	350	473
	353	473
	357	474
	358	474
.PEN_UP
.PEN_DOWN
	357	479
	355	479
	354	480
	352	479
	348	479
	347	479
	346	479
.PEN_UP
.PEN_DOWN
	354	482
	354	483
	352	483
	351	483
	348	483
	346	483
	346	481
.PEN_UP
.PEN_DOWN
	366	483
	366	481
	366	479
	366	476
	366	475
	367	475
	367	476
	367	481
.PEN_UP
.PEN_DOWN
	365	486
	366	486
	368	486
	370	485
	372	484
	374	483
	375	480
	375	478
	372	474
	368	473
	367	473
.PEN_UP
.PEN_DOWN
	394	475
	393	476
	393	477
	393	481
	393	484
	393	488
	393	490
	393	491
	394	491
	397	490
	399	489
	402	486
	404	482
	404	480
	404	479
	404	480
	402	482
	399	483
	398	483
	395	484
	394	483
.PEN_UP
.PEN_DOWN
	420	487
	420	485
	421	481
	421	478
	421	477
.PEN_UP
.PEN_DOWN
	433	489
	433	490
	431	490
	426	490
	424	490
	420	489
	419	488
.PEN_UP
.PEN_DOWN
	431	485
	429	484
	427	484
	422	484
	419	484
	418	484
	419	484
.PEN_UP
.PEN_DOWN
	438	488
	437	488
	436	484
	436	482
	436	479
	436	478
	436	479
	436	482
	437	486
	437	487
	437	489
	438	490
	439	490
	441	490
	443	489
	444	489
	444	488
	443	487
	442	485
	439	483
	438	482
	437	481
	438	480
	439	478
	441	478
	444	476
	445	476
.PEN_UP
.PEN_DOWN
	451	477
	451	478
	451	482
	451	483
	451	486
	452	488
	452	489
	453	490
	455	490
	456	489
	458	486
	459	482
	460	480
	460	477
	460	479
	460	481
	460	482
	456	483
	452	481
	451	481
.PEN_UP
.PEN_DOWN
	472	485
	471	487
	472	488
	472	489
	472	491
	472	492
	471	492
	469	491
	468	490
	466	484
	466	478
	466	477
	467	476
	471	477
	474	480
	476	482
	477	483
	476	483
	471	482
	468	482
	466	482
	465	482
	468	482
.PEN_UP
.PEN_DOWN
	483	477
	482	478
	482	480
	482	483
	482	484
	482	486
	483	490
	484	490
	486	488
	490	484
	490	483
	491	480
	491	481
	491	483
	491	485
	492	488
	493	490
	494	491
	495	491
	497	491
	498	489
	499	484
	499	483
	499	480
	499	479
.PEN_UP
.PEN_DOWN
	503	489
	504	486
	504	485
	505	483
	506	481
	507	480
	510	480
	515	480
	516	481
	518	481
.PEN_UP
.PEN_DOWN
	516	487
	514	488
	513	488
	512	488
	508	487
	507	487
	505	486
.PEN_UP
.PEN_DOWN
	514	492
	513	492
	511	492
	507	492
	504	491
	503	491
.PEN_UP
.PEN_DOWN
	527	492
	527	490
	527	488
	527	483
	527	480
	527	479
	526	481
	526	484
	526	487
	527	490
	527	492
	528	491
	528	490
	530	487
	532	484
	534	483
	535	481
	536	481
	536	482
	536	484
	536	487
	537	490
	537	491
	537	492
.PEN_UP
.PEN_DOWN
	553	493
	553	494
	553	493
	554	491
	554	490
	554	485
	553	483
.PEN_UP
.PEN_DOWN
	559	494
	559	495
	558	496
	557	497
	553	497
	549	496
	548	496
	547	495
.PEN_UP
