
.WRITER_ID JeffJohnson
.STYLE PRINTED
.PEN_DOWN
	147	467
	146	466
	146	465
	147	462
	148	456
	148	454
	148	450
.PEN_UP
.PEN_DOWN
	155	461
	154	461
	149	461
	145	461
	141	460
	139	460
.PEN_UP
.PEN_DOWN
	157	466
	157	465
	158	464
	158	462
	158	456
	159	453
	159	454
	159	455
	161	458
	162	460
	163	460
	165	459
	167	457
	167	455
	167	453
	168	453
.PEN_UP
.PEN_DOWN
	176	459
	177	460
	177	462
	177	465
	176	465
	174	464
	171	461
	170	459
	170	456
	171	455
	172	456
	175	459
	176	462
	177	462
	177	460
	179	458
	179	456
	181	455
.PEN_UP
.PEN_DOWN
	185	470
	186	468
	186	467
	188	464
	189	461
	189	457
	189	455
	190	455
	190	457
.PEN_UP
.PEN_DOWN
	195	464
	195	465
	194	465
	192	465
	186	466
	183	465
	182	465
.PEN_UP
.PEN_DOWN
	212	466
	212	465
	211	462
	211	459
	211	455
	211	454
	212	454
	216	457
	218	461
	219	462
	218	461
	218	459
	219	456
	222	456
	224	457
	227	461
	229	467
	229	469
	229	471
	226	470
.PEN_UP
.PEN_DOWN
	239	465
	238	467
	235	468
	234	468
	232	467
	232	466
	231	462
	233	459
	234	459
	238	460
	239	463
	239	465
	239	466
	238	466
	238	464
	240	459
	241	458
	242	457
.PEN_UP
.PEN_DOWN
	249	469
	249	470
	247	469
	246	468
	244	467
	244	465
	245	465
	247	465
	250	465
	254	465
	255	464
	255	462
	254	461
	251	458
	249	458
.PEN_UP
.PEN_DOWN
	273	476
	272	476
	272	473
	273	470
	274	469
	274	465
	273	461
	273	460
	273	461
	273	463
	273	464
	274	466
	275	467
	276	467
	279	467
	281	466
	282	465
	283	462
	283	460
	282	459
	277	458
	275	458
	274	458
	273	458
.PEN_UP
.PEN_DOWN
	286	461
	287	461
	288	462
	290	464
	291	466
	292	467
	292	468
	291	468
	289	468
	288	466
	288	462
	288	461
	290	459
	295	459
	297	460
.PEN_UP
.PEN_DOWN
	300	475
	300	474
	301	472
	302	469
	304	464
	305	462
	306	460
	307	460
.PEN_UP
.PEN_DOWN
	308	471
	307	470
	303	469
	298	469
	297	469
	294	469
.PEN_UP
.PEN_DOWN
	315	476
	316	476
	316	474
	317	473
	318	469
	319	464
	320	462
	321	461
.PEN_UP
.PEN_DOWN
	324	471
	325	471
	326	472
	325	472
	324	472
	319	472
	316	471
	314	471
	313	471
.PEN_UP
.PEN_DOWN
	329	466
	330	466
	332	467
	333	469
	333	470
	333	471
	333	472
	332	472
	330	471
	330	468
	330	466
	331	464
	336	464
	338	464
	342	464
.PEN_UP
.PEN_DOWN
	344	468
	344	467
	344	466
	344	467
	345	468
	348	471
	350	473
	351	473
.PEN_UP
.PEN_DOWN
	372	479
	372	478
	372	476
	373	473
	373	468
	374	467
	374	466
	375	466
.PEN_UP
.PEN_DOWN
	383	473
	382	474
	380	475
	375	474
	373	474
	368	473
	365	472
.PEN_UP
.PEN_DOWN
	384	479
	384	478
	383	476
	383	474
	383	469
	384	465
	384	464
	385	464
	386	467
	388	470
	389	470
	390	469
	392	468
	392	467
	393	465
	394	464
.PEN_UP
.PEN_DOWN
	400	469
	401	470
	403	471
	402	472
	400	473
	398	472
	395	469
	395	468
	395	467
	400	468
	401	469
	403	470
	404	468
	404	465
	405	465
.PEN_UP
.PEN_DOWN
	409	471
	409	469
	409	466
	410	466
	410	465
	410	466
	411	467
	412	470
	412	471
	413	473
	416	473
	417	473
	420	473
	421	471
	421	468
	421	467
	421	465
	422	465
	423	465
.PEN_UP
.PEN_DOWN
	444	460
	444	461
	445	462
	446	465
	446	468
	446	471
	447	471
	449	471
	451	470
	453	468
	454	464
	454	463
	454	462
	454	463
	454	464
	454	466
	455	468
	456	470
	457	471
	459	471
	463	468
	463	466
	464	462
	464	459
.PEN_UP
.PEN_DOWN
	474	468
	475	468
	476	468
	476	470
	476	472
	476	473
	475	473
	472	471
	471	470
	469	467
	470	466
	472	466
	475	468
	476	469
	477	468
	478	467
	478	463
	479	462
.PEN_UP
.PEN_DOWN
	488	469
	489	469
	490	470
	490	471
	490	472
	489	472
	485	471
	484	471
	483	468
	483	467
	484	467
	485	467
	488	467
	489	467
	491	467
	492	467
	493	465
	493	463
	493	459
	492	457
	488	453
	486	452
	485	452
	483	456
.PEN_UP
.PEN_DOWN
	503	470
	503	467
	503	465
	503	464
	503	463
.PEN_UP
.PEN_DOWN
	502	480
	502	479
.PEN_UP
.PEN_DOWN
	517	470
	517	471
	517	473
	516	473
	515	473
	513	472
	512	470
	512	466
	514	464
	519	463
	522	463
	526	464
.PEN_UP
.PEN_DOWN
	539	466
	538	465
	537	465
	536	466
.PEN_UP
