
.WRITER_ID JeffJohnson
.STYLE PRINTED
.PEN_DOWN
	146	462
	145	460
	145	456
	146	454
	146	450
	146	451
	146	455
	145	456
	144	458
	143	460
	142	461
	142	463
	142	464
	142	465
	143	465
	144	466
	146	466
	148	466
	150	466
	151	465
	152	463
	151	461
	149	459
	146	457
	144	456
.PEN_UP
.PEN_DOWN
	160	464
	160	463
	160	460
	160	457
.PEN_UP
.PEN_DOWN
	158	473
	158	472
.PEN_UP
.PEN_DOWN
	169	464
	169	462
	169	460
	169	457
	169	458
	168	461
	168	464
	169	464
	170	466
	171	467
	173	466
	173	465
	174	464
	175	460
	175	458
	175	457
.PEN_UP
.PEN_DOWN
	180	475
	181	473
	181	472
	182	469
	183	466
	183	464
	184	461
.PEN_UP
.PEN_DOWN
	189	472
	189	473
	190	473
	189	471
	186	469
	185	468
	183	467
	182	466
	183	466
	185	466
	187	465
	189	465
	190	462
.PEN_UP
.PEN_DOWN
	196	462
	196	461
	197	459
	196	455
	195	454
.PEN_UP
.PEN_DOWN
	215	469
	215	466
	215	465
	215	463
	215	461
	216	461
.PEN_UP
.PEN_DOWN
	215	485
	215	484
.PEN_UP
.PEN_DOWN
	226	471
	225	471
	224	471
	223	471
	221	469
	220	468
	223	468
	227	468
	227	466
	226	464
	225	462
	222	461
.PEN_UP
.PEN_DOWN
	248	478
	248	476
	249	472
	249	469
	249	464
	250	458
.PEN_UP
.PEN_DOWN
	258	469
	255	470
	252	469
	250	469
	246	467
	242	467
.PEN_UP
.PEN_DOWN
	259	477
	259	476
	259	474
	260	469
	260	467
	260	462
	260	460
	260	462
	260	463
	261	465
	262	467
	264	467
	265	467
	266	466
	267	464
	268	461
	268	460
	268	459
	269	459
.PEN_UP
.PEN_DOWN
	273	462
	272	463
	273	463
	274	463
	274	464
	277	466
	279	468
	279	469
	279	470
	278	470
	276	468
	275	466
	275	464
	276	460
	277	459
	280	459
.PEN_UP
.PEN_DOWN
	288	467
	287	466
	288	464
	288	462
	288	461
	288	463
	289	464
	289	465
	291	466
	293	468
	294	468
.PEN_UP
.PEN_DOWN
	301	462
	301	463
	302	464
	303	465
	303	466
	303	467
	304	469
	303	469
	302	468
	301	467
	301	465
	301	463
	301	462
	303	460
	305	460
	307	460
	310	460
.PEN_UP
.PEN_DOWN
	311	482
	311	483
	311	484
	312	485
	313	485
	314	485
	317	485
	320	484
	320	483
	321	482
	320	480
	319	479
	318	477
	317	474
	317	473
	317	471
	317	469
.PEN_UP
.PEN_DOWN
	317	456
	317	455
	318	455
	318	454
	318	455
.PEN_UP
.PEN_DOWN
	336	483
	335	484
	336	484
	336	482
	336	480
	336	475
	336	467
	336	465
	336	463
	337	463
.PEN_UP
.PEN_DOWN
	355	473
	355	474
	355	477
	355	478
	354	480
	353	480
	351	479
	351	478
	351	475
	351	470
	352	468
	353	465
	356	463
	356	462
.PEN_UP
.PEN_DOWN
	358	470
	356	470
	353	470
	351	470
	350	469
.PEN_UP
.PEN_DOWN
	371	472
	371	471
	371	470
	372	468
	372	466
	373	464
	375	464
	376	465
	379	468
	379	470
	379	468
	380	467
	382	464
	383	461
	383	459
	383	455
	380	453
	379	453
	378	453
.PEN_UP
.PEN_DOWN
	392	469
	391	471
	391	472
	390	472
	389	471
	387	467
	387	464
	387	463
	390	464
	394	467
	394	468
	395	471
	394	472
.PEN_UP
.PEN_DOWN
	398	471
	398	470
	398	469
	398	467
	399	465
	400	465
	401	466
	403	468
	404	471
	404	469
	406	468
	407	467
	408	465
	408	464
	408	463
	409	462
.PEN_UP
