
.WRITER_ID JeffJohnson
.STYLE PRINTED
.PEN_DOWN
	172	468
	172	467
	173	465
	174	461
	174	460
	175	457
	176	456
	177	458
	178	459
	179	462
	180	466
	181	470
	181	471
	181	472
.PEN_UP
.PEN_DOWN
	189	470
	189	469
	189	468
	189	466
	189	463
	189	460
	190	459
	190	458
	193	459
	195	459
	198	460
.PEN_UP
.PEN_DOWN
	196	467
	195	467
	193	467
	192	467
	190	466
	189	466
.PEN_UP
.PEN_DOWN
	196	471
	195	471
	194	471
	191	471
	189	471
	189	472
.PEN_UP
.PEN_DOWN
	208	470
	206	470
	207	470
	207	468
	209	466
	211	463
	212	460
	212	459
	213	460
.PEN_UP
.PEN_DOWN
	214	471
	213	472
	213	471
	212	471
	210	468
	207	464
	207	463
	207	461
.PEN_UP
.PEN_DOWN
	223	473
	223	472
	223	471
	223	470
	223	466
	223	464
	223	462
	224	461
	224	462
	225	463
.PEN_UP
.PEN_DOWN
	235	462
	234	463
	234	466
	234	469
	234	471
	234	472
	235	471
	235	470
	237	467
	239	464
	240	463
	241	463
	242	464
	242	465
	243	469
	243	471
	243	472
	242	473
.PEN_UP
.PEN_DOWN
	261	472
	261	473
	261	474
	261	475
	259	475
	258	475
	257	475
	255	472
	255	468
	256	466
	258	465
	261	466
	263	467
	265	468
	266	469
	267	470
	267	471
	267	470
	267	471
	266	471
	263	471
	261	471
	260	471
	259	470
.PEN_UP
.PEN_DOWN
	288	475
	288	474
	288	473
	288	471
	288	467
	288	466
	289	468
.PEN_UP
.PEN_DOWN
	286	475
	286	476
	286	477
	286	478
	287	478
	289	478
	293	478
	295	477
	297	475
	298	474
	298	472
	297	471
	293	469
	292	468
	288	467
	287	467
	288	467
.PEN_UP
.PEN_DOWN
	307	469
	306	470
	306	471
	306	473
	306	474
	307	476
	307	478
	307	479
	309	480
	310	481
	311	480
	312	479
	313	476
	313	474
	314	470
	314	467
	314	468
	314	469
	314	472
	314	473
	314	474
	313	474
	312	473
	311	473
	309	474
	308	474
	306	473
	305	473
.PEN_UP
.PEN_DOWN
	325	480
	325	481
	325	480
	325	479
	325	476
	326	472
	326	471
	327	470
	328	473
.PEN_UP
.PEN_DOWN
	338	483
	336	483
	335	482
	330	481
	328	480
	327	480
.PEN_UP
.PEN_DOWN
	334	478
	333	478
	329	478
	327	477
	326	477
	325	476
	326	476
.PEN_UP
.PEN_DOWN
	348	480
	347	481
	347	480
	347	479
	347	477
	348	474
	349	472
	349	471
.PEN_UP
.PEN_DOWN
	354	483
	351	483
	349	483
	346	482
	343	482
.PEN_UP
.PEN_DOWN
	380	485
	380	484
	380	482
	381	480
	381	478
	381	476
	378	475
	377	475
	371	475
	369	475
.PEN_UP
.PEN_DOWN
	388	486
	388	484
	388	483
	388	480
	389	476
	389	475
	390	475
.PEN_UP
.PEN_DOWN
	398	476
	397	477
	397	478
	398	481
	398	483
	398	484
	397	486
	398	486
	399	484
	402	482
	403	481
	404	479
	405	479
	405	481
	406	483
	407	487
	408	488
	409	489
	411	490
	412	489
	415	486
	417	483
	417	481
	418	480
.PEN_UP
