
.WRITER_ID JeffJohnson
.STYLE PRINTED
.PEN_DOWN
	147	454
	148	456
	148	460
	149	463
	149	467
	149	469
	150	469
	151	469
	152	467
	154	464
	154	461
	156	457
	156	454
	156	456
	156	458
	155	460
	153	461
	150	461
	148	460
.PEN_UP
.PEN_DOWN
	180	467
	179	467
	176	466
	174	465
	173	464
	177	463
	181	463
	183	463
	184	461
	183	459
	182	458
	178	456
	175	456
	174	456
.PEN_UP
.PEN_DOWN
	184	454
	184	456
	184	458
	184	460
	184	462
	184	463
	185	463
	188	462
	189	461
	191	459
	191	457
	190	458
	190	459
	189	462
	189	464
	191	465
	192	465
	193	465
	196	463
	198	460
	198	458
	198	457
.PEN_UP
.PEN_DOWN
	208	460
	208	462
	208	464
	208	465
	207	465
	204	465
	202	464
	201	462
	201	458
	203	458
	206	461
	206	462
	208	463
	208	462
	208	460
	209	457
	209	456
.PEN_UP
.PEN_DOWN
	214	473
	214	471
	215	467
	216	464
	218	459
	218	457
.PEN_UP
.PEN_DOWN
	221	474
	221	473
	222	470
	223	467
	224	465
	224	461
	225	459
	227	459
.PEN_UP
.PEN_DOWN
	239	455
	238	453
	238	450
	238	448
	238	447
.PEN_UP
.PEN_DOWN
	255	459
	255	460
	255	461
	255	462
	254	464
	252	463
	251	463
	249	459
	249	457
	252	458
	254	460
	255	461
	256	461
	256	460
	256	459
	257	457
	259	453
	260	451
	259	448
	257	446
	255	446
	252	447
.PEN_UP
.PEN_DOWN
	264	462
	264	461
	265	458
	265	456
	265	455
	266	455
	266	456
	266	458
	266	460
	267	462
	269	462
.PEN_UP
.PEN_DOWN
	275	457
	274	457
	275	457
	277	459
	279	462
	280	463
	280	464
	280	465
	279	465
	277	464
	276	464
	276	460
	277	457
	278	457
	281	456
	285	457
	286	457
.PEN_UP
.PEN_DOWN
	288	459
	288	460
	289	461
	291	463
	291	464
	291	466
	289	466
	288	464
	288	461
	289	460
	291	458
	294	457
	296	457
	298	457
.PEN_UP
.PEN_DOWN
	300	464
	299	463
	300	462
	300	459
	301	456
	301	455
	301	457
	301	459
	302	461
	303	463
	304	463
	306	463
	307	463
	308	461
	309	459
	309	458
	309	456
.PEN_UP
.PEN_DOWN
	328	459
	328	460
	329	463
	329	464
	329	467
	328	467
	327	467
	324	464
	324	460
	324	458
	326	457
	328	458
	330	459
	330	461
	330	462
	331	461
	332	457
	333	456
	335	456
.PEN_UP
.PEN_DOWN
	338	464
	338	463
	338	460
	338	457
	339	455
	339	456
	339	458
	340	459
	340	462
	342	464
	342	465
	343	465
	345	464
	346	463
	347	460
	348	457
	348	454
	348	453
.PEN_UP
.PEN_DOWN
	365	476
	364	477
	364	476
	364	474
	364	469
	363	464
	363	461
	362	459
	362	460
	362	462
	362	465
	361	466
	360	466
	358	466
	356	465
	356	463
	356	462
	358	460
	360	460
	363	460
	365	461
.PEN_UP
.PEN_DOWN
	391	478
	391	476
	391	473
	390	468
	389	463
	389	462
	388	460
	388	461
	389	462
	391	466
	392	467
	394	468
	395	468
	398	466
	398	464
	399	461
	399	458
	398	458
.PEN_UP
.PEN_DOWN
	408	468
	408	466
	408	463
	408	460
.PEN_UP
.PEN_DOWN
	409	477
	407	477
	407	478
.PEN_UP
.PEN_DOWN
	430	481
	430	478
	430	476
	429	471
	428	465
	427	464
	427	463
	427	464
	428	466
	428	468
	428	470
	427	473
	425	473
	424	472
	422	469
	422	466
	424	464
	427	464
	428	464
	430	464
.PEN_UP
.PEN_DOWN
	438	469
	439	469
	441	471
	443	472
	444	474
	444	475
	443	475
	441	475
	440	474
	439	471
	438	470
	438	467
	439	465
	441	465
	444	466
	448	466
.PEN_UP
.PEN_DOWN
	453	473
	452	472
	450	469
	450	466
	451	466
	456	469
	458	471
	459	472
	458	473
	455	473
	452	473
	450	473
.PEN_UP
.PEN_DOWN
	461	473
	460	472
	460	471
	460	469
	460	467
	461	467
	463	467
	466	470
	467	471
	467	473
	467	474
	466	475
.PEN_UP
.PEN_DOWN
	475	476
	474	476
	473	475
	472	475
	471	474
	471	473
	472	473
	474	472
	476	472
	478	471
	478	470
	479	468
	478	467
	477	466
	474	466
	471	466
	470	467
.PEN_UP
.PEN_DOWN
	486	483
	486	484
	485	484
	485	483
	486	483
	486	482
	485	480
	485	475
	485	472
	485	469
	485	468
.PEN_UP
.PEN_DOWN
	491	475
	491	474
	491	472
	492	469
	492	468
	493	467
	494	467
	498	469
	499	471
	499	472
	499	471
	499	470
	500	468
	500	467
	501	465
	501	461
	500	459
	498	457
	495	456
	494	456
	493	455
.PEN_UP
