
.WRITER_ID JeffJohnson
.STYLE PRINTED
.PEN_DOWN
	156	470
	156	471
	155	471
	153	471
	151	469
	150	469
	150	468
	150	467
	151	467
	153	466
	158	465
	160	465
	161	463
	161	461
	160	460
	157	458
	154	458
	152	458
	150	458
	149	458
	148	459
.PEN_UP
.PEN_DOWN
	162	459
	163	459
	165	460
	165	461
	167	462
	168	464
	168	465
	167	466
	166	466
	165	466
	164	465
	163	462
	164	461
	166	460
	171	459
	172	459
	174	460
.PEN_UP
.PEN_DOWN
	176	461
	176	462
	177	463
	178	464
	179	464
	180	466
	181	467
	181	468
	179	468
	178	468
	177	467
	175	466
	175	463
	175	462
	176	461
	180	460
	181	460
	184	460
.PEN_UP
.PEN_DOWN
	187	475
	187	476
	188	477
	190	477
	191	478
	194	477
	195	477
	196	477
	196	476
	196	475
	196	473
	194	471
	194	470
	193	469
	193	468
	193	467
	194	467
.PEN_UP
.PEN_DOWN
	194	457
	194	455
	194	454
	194	455
.PEN_UP
.PEN_DOWN
	204	479
	204	477
	204	473
	204	472
	204	471
.PEN_UP
.PEN_DOWN
	208	479
	208	480
	208	479
	208	478
	209	475
	209	474
	208	472
.PEN_UP
.PEN_DOWN
	231	469
	230	468
	227	467
	226	466
	225	466
	225	465
	227	464
	231	464
	236	463
	237	462
	237	461
	236	459
	234	457
	230	456
	227	456
	225	456
	225	457
.PEN_UP
.PEN_DOWN
	242	467
	241	467
	239	465
	238	464
	238	462
	239	459
	241	457
	243	457
	248	457
.PEN_UP
.PEN_DOWN
	251	462
	250	462
	250	460
	251	458
	251	457
	251	458
	251	460
	251	462
	251	463
	252	464
	254	464
	257	465
	259	465
	261	466
.PEN_UP
.PEN_DOWN
	266	461
	267	460
	269	461
	270	463
	271	465
	270	466
	269	466
	268	466
	268	465
	268	462
	268	460
	271	459
	274	459
	277	459
.PEN_UP
.PEN_DOWN
	280	462
	279	463
	280	463
	280	464
	281	465
	282	465
	283	466
	283	467
	282	468
	281	468
	280	467
	280	465
	280	463
	280	462
	282	460
	285	460
	287	460
	289	460
.PEN_UP
.PEN_DOWN
	298	467
	297	467
	295	467
	295	466
	294	466
	294	464
	295	462
	296	461
	300	459
	304	459
	305	460
.PEN_UP
.PEN_DOWN
	306	473
	306	472
	307	469
	309	465
	310	461
	310	460
	311	459
	311	460
	311	462
	311	464
	312	465
	314	464
	317	463
	318	462
	319	460
	320	460
.PEN_UP
.PEN_DOWN
	327	463
	328	463
	328	464
	330	466
	331	467
	331	468
	330	467
	330	466
	329	466
	329	465
	329	464
	330	463
	331	463
	333	462
	334	463
	336	463
	338	463
	339	464
.PEN_UP
.PEN_DOWN
	348	475
	349	473
	349	472
	349	469
	350	465
	350	463
	350	462
	351	462
	351	464
	351	465
	350	466
	347	466
	346	465
	345	464
	344	463
	344	462
	344	461
	347	460
	348	460
	350	460
.PEN_UP
.PEN_DOWN
	375	476
	376	472
	376	470
	378	466
	378	462
	379	461
.PEN_UP
.PEN_DOWN
	383	470
	382	470
	380	470
	378	470
	374	470
	370	469
	369	468
.PEN_UP
.PEN_DOWN
	386	476
	386	475
	386	474
	387	472
	387	469
	387	465
	387	464
	388	466
	388	467
	389	469
	390	469
	390	470
	392	469
	394	468
	395	466
	395	465
	396	464
.PEN_UP
.PEN_DOWN
	398	467
	399	467
	400	468
	401	469
	402	470
	402	471
	403	473
	403	474
	402	474
	401	474
	401	473
	401	470
	401	468
	403	466
	405	465
	408	466
.PEN_UP
.PEN_DOWN
	430	479
	430	478
	430	476
	431	470
	431	468
	431	466
	431	467
	433	469
	433	470
	434	472
	435	472
	436	472
	438	471
	439	470
	439	469
	439	467
	440	466
	440	465
.PEN_UP
.PEN_DOWN
	447	469
	447	470
	448	471
	448	474
	447	473
	447	472
	445	469
	444	466
	444	465
	447	467
	448	468
	451	471
	451	473
	449	473
	448	473
	446	473
	444	473
.PEN_UP
.PEN_DOWN
	455	465
	455	467
	455	469
	455	470
	455	471
	456	472
	457	473
	459	473
	461	473
	462	472
	463	469
	463	467
	464	468
	465	470
	466	471
	468	473
	469	473
	470	474
	471	474
	472	472
	473	471
	474	469
	474	467
	474	466
	475	466
.PEN_UP
.PEN_DOWN
	483	474
	482	474
	482	472
	482	471
	483	468
	484	468
	486	468
	488	469
	490	471
	490	473
	491	475
.PEN_UP
.PEN_DOWN
	496	467
	495	467
	495	468
	495	469
	495	471
	496	473
	496	474
	497	475
	498	475
	498	476
	501	476
	503	475
	503	474
	505	471
	505	469
	505	468
	505	467
.PEN_UP
.PEN_DOWN
	520	473
	519	473
	519	474
	519	475
	518	475
	516	475
	515	474
	514	471
	514	469
	515	468
	517	467
	521	467
	523	467
.PEN_UP
.PEN_DOWN
	526	472
	526	471
	526	470
	526	468
	526	467
	527	467
	531	468
	534	471
	534	472
	534	473
	533	473
.PEN_UP
.PEN_DOWN
	540	482
	540	479
	541	474
	541	473
	541	470
	541	468
.PEN_UP
.PEN_DOWN
	547	473
	547	472
	547	469
	548	468
	549	467
	550	467
	553	469
	554	470
	555	472
	555	473
.PEN_UP
.PEN_DOWN
	564	476
	563	476
	562	476
	561	475
	560	475
	560	474
	561	473
	563	473
	567	472
	568	471
	568	469
	567	467
	566	466
	564	465
	562	465
.PEN_UP
.PEN_DOWN
	579	465
	577	466
.PEN_UP
.PEN_DOWN
	594	489
	593	489
	593	487
	593	486
	593	484
	593	481
.PEN_UP
.PEN_DOWN
	599	490
	599	487
	598	485
	598	484
	598	483
.PEN_UP
.PEN_DOWN
	605	465
	605	466
	605	470
	605	475
	605	477
	605	478
	605	480
	605	479
	606	478
	606	477
	607	474
	609	469
	610	468
	611	467
	613	467
	615	469
	616	470
	617	473
	617	476
	616	477
	615	479
.PEN_UP
.PEN_DOWN
	625	474
	625	475
	625	476
	625	477
	624	476
	622	474
	620	471
	620	468
	621	467
	623	467
	626	470
	628	472
	630	475
	630	476
	629	476
	624	475
.PEN_UP
