
.WRITER_ID JeffJohnson
.STYLE PRINTED
.PEN_DOWN
	150	458
	150	454
	152	450
	152	447
.PEN_UP
.PEN_DOWN
	159	455
	156	455
	151	454
	149	453
	144	452
.PEN_UP
.PEN_DOWN
	162	454
	163	454
	166	453
	167	452
	168	450
	167	448
	165	448
	161	447
	158	449
	158	451
	160	452
.PEN_UP
.PEN_DOWN
	172	454
	172	456
	172	455
	173	455
	176	453
	177	453
	177	450
	176	448
	174	448
	171	448
	168	450
	168	451
	168	452
	170	454
.PEN_UP
.PEN_DOWN
	181	462
	181	460
	182	458
	183	455
	183	451
	183	450
	184	450
.PEN_UP
.PEN_DOWN
	189	462
	189	463
	188	462
	186	460
	184	458
	182	456
	182	455
	182	454
	184	454
	188	453
	190	453
	192	452
	194	451
.PEN_UP
.PEN_DOWN
	215	454
	215	455
	215	456
	215	457
	215	459
	215	460
	213	460
	211	459
	210	457
	209	455
	210	452
	212	452
	213	452
	215	454
	216	455
	216	456
	217	454
	218	453
	219	450
	220	449
	221	450
.PEN_UP
.PEN_DOWN
	224	466
	224	465
	225	462
	225	460
	226	455
	226	451
	227	452
.PEN_UP
.PEN_DOWN
	232	467
	232	466
	232	465
	233	463
	233	461
	234	457
	235	453
	235	450
	236	450
.PEN_UP
.PEN_DOWN
	255	462
	256	461
	256	460
	257	458
	257	455
	258	451
.PEN_UP
.PEN_DOWN
	268	460
	266	460
	264	460
	258	459
	255	458
	251	457
	249	456
.PEN_UP
.PEN_DOWN
	269	464
	269	465
	269	463
	269	458
	269	456
	269	451
	269	450
	270	450
	270	451
	271	454
	271	457
	272	457
	274	456
	276	453
	276	452
	277	450
.PEN_UP
.PEN_DOWN
	281	458
	282	460
	282	461
	282	462
	282	463
	282	461
	281	460
	279	456
	279	453
	279	452
	280	452
	282	454
	285	460
	285	462
	282	460
	280	459
.PEN_UP
.PEN_DOWN
	290	464
	291	465
	290	464
	289	463
	288	461
	287	461
	287	460
	289	460
	292	459
	294	459
	297	458
	298	456
	298	454
	295	452
	291	452
	289	452
	288	452
.PEN_UP
.PEN_DOWN
	299	457
	300	458
	303	459
	304	460
	306	460
	307	463
	307	464
	305	463
	304	462
	303	461
	302	458
	304	455
	306	455
	309	454
	313	453
	315	453
.PEN_UP
.PEN_DOWN
	335	456
	334	456
	334	454
	334	449
	334	448
	334	444
	334	443
	334	445
	334	449
	334	453
	334	458
	335	461
	336	461
	336	462
	339	462
	340	461
	343	459
	344	457
	344	456
	342	454
	337	452
	336	451
	335	451
.PEN_UP
.PEN_DOWN
	350	463
	350	462
	351	457
	351	456
	351	453
.PEN_UP
.PEN_DOWN
	349	473
	349	472
	349	471
.PEN_UP
.PEN_DOWN
	363	460
	363	461
	363	462
	362	462
	361	461
	360	460
	360	458
	361	454
	363	452
	364	452
	369	453
.PEN_UP
.PEN_DOWN
	371	467
	371	466
	371	465
	373	462
	373	460
	374	456
	375	454
.PEN_UP
.PEN_DOWN
	380	463
	379	463
	378	464
	374	464
	372	464
	369	463
	368	462
.PEN_UP
.PEN_DOWN
	381	462
	381	461
	381	459
	380	458
	380	455
	380	454
	381	454
	384	456
	386	458
	387	461
	387	462
.PEN_UP
.PEN_DOWN
	391	460
	392	458
	393	456
	393	455
	393	456
	393	458
	395	462
	397	464
	399	464
.PEN_UP
.PEN_DOWN
	403	459
	404	460
	405	461
	407	462
	408	463
	408	464
	408	465
	407	466
	406	465
	406	464
	406	460
	406	457
	408	456
	410	454
	413	454
.PEN_UP
.PEN_DOWN
	419	466
	420	467
	418	466
	416	465
	416	464
	417	463
	418	462
	419	462
	422	461
	424	461
	425	460
	424	458
	422	455
	421	454
	418	454
.PEN_UP
.PEN_DOWN
	447	466
	447	467
	446	467
	445	466
	443	462
	442	460
	442	457
	444	457
	446	458
	449	462
	451	463
	451	465
	449	466
	448	466
.PEN_UP
.PEN_DOWN
	460	471
	461	471
	461	473
	461	475
	459	473
	458	470
	458	466
	459	462
	460	460
	462	457
.PEN_UP
.PEN_DOWN
	464	466
	462	466
	459	466
	455	465
	454	465
.PEN_UP
