
.WRITER_ID JeffJohnson
.STYLE PRINTED
.PEN_DOWN
	147	459
	147	457
	147	453
	147	452
	147	450
	147	449
.PEN_UP
.PEN_DOWN
	146	466
	147	466
.PEN_UP
.PEN_DOWN
	157	457
	157	454
	157	451
	157	450
	157	451
	157	455
	158	458
	158	459
	158	460
	159	460
	160	460
	162	460
	164	459
	164	458
	165	456
	165	455
	165	453
	165	450
	165	449
	167	450
.PEN_UP
.PEN_DOWN
	184	468
	185	466
	186	463
	186	456
	186	454
	186	453
	186	454
	186	456
	187	458
	187	459
	188	462
	189	462
	191	462
	192	461
	194	459
	194	457
	194	454
	194	452
.PEN_UP
.PEN_DOWN
	204	462
	203	461
	203	458
	203	457
	203	454
	203	452
.PEN_UP
.PEN_DOWN
	204	470
	202	471
	202	470
.PEN_UP
.PEN_DOWN
	217	464
	216	464
	216	465
	213	464
	212	463
	212	462
	214	461
	216	461
	220	461
	223	459
	223	458
	221	456
	219	454
	216	454
	215	455
.PEN_UP
.PEN_DOWN
	239	465
	240	464
	241	463
	243	460
	243	459
	243	455
	240	454
	238	454
	234	457
	233	460
	233	462
	235	464
	238	466
	240	466
.PEN_UP
.PEN_DOWN
	246	465
	247	465
	247	464
	247	460
	247	457
	248	453
	249	452
	251	455
	251	460
	252	461
	252	460
	252	457
	253	455
	254	455
	257	457
	258	458
	259	462
	259	464
.PEN_UP
.PEN_DOWN
	265	462
	265	459
	266	456
	266	454
	266	455
	266	456
	266	460
	266	463
	267	464
	268	465
	269	465
	270	464
	272	463
	273	460
	273	459
	273	457
.PEN_UP
.PEN_DOWN
	294	455
	294	453
	295	447
	295	446
	295	443
	295	446
	295	451
	295	454
	296	460
	297	463
	298	464
	299	465
	301	465
	302	464
	305	463
	305	462
	305	460
	303	457
	299	454
	298	453
	297	453
.PEN_UP
.PEN_DOWN
	313	463
	312	464
	312	463
	312	461
	312	459
	312	455
	313	454
	313	455
.PEN_UP
.PEN_DOWN
	312	476
	312	475
	313	474
.PEN_UP
.PEN_DOWN
	329	463
	329	464
	329	465
	328	465
	326	465
	325	463
	324	459
	324	456
	325	455
	328	455
	333	457
.PEN_UP
.PEN_DOWN
	340	471
	340	470
	340	467
	340	465
	340	460
	341	457
.PEN_UP
.PEN_DOWN
	347	466
	346	467
	345	467
	342	467
	340	467
	337	466
	335	466
.PEN_UP
.PEN_DOWN
	348	467
	348	466
	348	465
	348	464
	348	463
	348	461
	348	460
	350	460
	353	461
	357	465
	357	466
	357	467
	357	466
.PEN_UP
.PEN_DOWN
	364	465
	364	464
	364	463
	365	460
	365	461
	366	463
	366	466
	366	467
	366	468
	367	469
	369	469
.PEN_UP
.PEN_DOWN
	378	464
	378	465
	379	465
	381	467
	383	469
	383	471
	382	472
	381	472
	380	471
	379	469
	379	467
	380	465
	382	462
	384	462
.PEN_UP
.PEN_DOWN
	397	474
	397	475
	397	474
	396	474
	394	472
	394	471
	394	470
	394	469
	395	469
	396	468
	400	468
	401	467
	401	466
	400	465
	397	463
	396	463
	393	463
.PEN_UP
.PEN_DOWN
	408	463
	408	462
.PEN_UP
.PEN_DOWN
	426	481
	425	481
	425	482
	425	480
	425	475
	425	473
	425	469
	425	467
	426	467
	426	468
.PEN_UP
.PEN_DOWN
	436	479
	436	480
	436	479
	437	478
	437	476
	437	472
	437	471
	437	469
.PEN_UP
.PEN_DOWN
	443	476
	442	476
	438	476
	437	476
	434	475
.PEN_UP
