
.WRITER_ID JeffJohnson
.STYLE PRINTED
.PEN_DOWN
	156	468
	157	466
	157	464
	157	461
	157	456
	157	455
	156	457
	155	461
	154	463
	154	467
	153	470
	153	471
	154	472
	155	473
	157	473
	158	473
	160	473
	162	473
	163	471
	164	470
	164	469
	162	467
	160	466
	159	466
	156	465
	157	465
.PEN_UP
.PEN_DOWN
	169	478
	169	477
	169	476
	169	472
	169	468
	169	466
	169	465
	170	465
	170	466
.PEN_UP
.PEN_DOWN
	173	469
	174	469
	175	470
	177	471
	178	473
	178	474
	177	475
	176	475
	175	474
	175	471
	175	470
	176	468
	179	467
	181	467
	184	467
.PEN_UP
.PEN_DOWN
	190	470
	190	472
	190	473
	190	475
	189	475
	187	475
	185	475
	184	473
	183	471
	184	470
	185	470
	187	470
	189	472
	189	473
	190	472
	190	471
	191	470
	193	467
	193	466
	194	466
.PEN_UP
.PEN_DOWN
	200	479
	200	480
	199	480
	198	480
	197	479
	196	477
	196	476
	196	475
	198	475
	202	475
	203	474
	205	473
	204	471
	203	470
	200	469
	199	469
.PEN_UP
.PEN_DOWN
	208	473
	209	473
	210	473
	211	474
	212	474
	213	476
	213	477
	213	478
	212	478
	211	478
	211	477
	210	476
	210	473
	211	472
	213	471
	216	471
	218	471
	220	472
.PEN_UP
.PEN_DOWN
	246	478
	245	479
	245	480
	244	481
	243	481
	242	481
	241	478
	241	476
	241	473
	243	471
	244	470
	249	470
	252	471
	253	471
.PEN_UP
.PEN_DOWN
	259	475
	260	477
	261	479
	261	480
	260	482
	258	482
	256	481
	255	478
	254	474
	254	473
	255	472
	258	474
	259	475
	260	476
	260	477
	261	476
	261	474
	263	472
	264	469
	264	468
	265	469
.PEN_UP
.PEN_DOWN
	269	485
	269	484
	270	481
	271	479
	272	473
	274	469
	274	468
	275	469
.PEN_UP
.PEN_DOWN
	278	487
	278	485
	279	483
	280	479
	282	474
	282	472
	283	469
	283	471
.PEN_UP
.PEN_DOWN
	306	489
	306	490
	305	490
	305	488
	305	486
	305	484
	305	480
	306	475
	306	473
	307	472
.PEN_UP
.PEN_DOWN
	324	490
	324	489
	323	488
	323	487
	322	483
	321	479
	321	477
	322	472
	323	471
	325	471
	328	471
	329	472
.PEN_UP
.PEN_DOWN
	331	482
	331	483
	332	484
	333	484
	335	484
	335	483
	336	482
	336	481
	335	479
	334	476
	334	475
	334	474
	335	473
	336	473
	339	473
	341	473
.PEN_UP
.PEN_DOWN
	345	484
	344	484
	344	485
	344	486
	345	486
	345	487
	346	487
	348	487
	348	486
	347	483
	347	482
	346	482
	346	481
	345	481
	346	481
	349	481
	350	481
	351	480
	352	478
	352	477
	351	474
	348	473
	347	473
	346	474
.PEN_UP
.PEN_DOWN
	356	486
	356	485
	356	484
	356	482
	356	481
	357	480
	358	480
	359	479
	362	479
	363	479
	364	479
.PEN_UP
.PEN_DOWN
	363	489
	363	488
	363	486
	363	483
	363	477
	363	475
	364	473
	365	474
.PEN_UP
.PEN_DOWN
	368	492
	368	493
	368	492
	368	491
	371	489
	373	487
	374	484
	375	482
	374	479
	373	476
	372	475
	371	473
.PEN_UP
.PEN_DOWN
	391	489
	391	490
	390	490
	389	490
	388	490
	386	490
	385	489
	385	488
	385	487
	385	485
	384	484
	384	483
	386	483
	389	483
	390	483
	391	482
	392	481
	392	480
	391	478
	389	477
	386	476
	385	476
.PEN_UP
.PEN_DOWN
	402	491
	401	491
	400	490
	400	489
	399	486
	399	485
	399	481
	399	478
	400	477
	401	477
	403	478
	404	479
	406	483
	406	484
	404	482
	403	482
	403	480
	403	477
	405	477
	405	478
.PEN_UP
.PEN_DOWN
	410	491
	411	491
	412	491
	413	491
	417	491
	418	491
	420	491
	420	490
	420	489
	420	488
	420	486
	419	484
	419	481
	419	479
	419	478
	419	477
.PEN_UP
.PEN_DOWN
	437	484
	436	486
	435	486
	432	485
	431	485
	429	484
.PEN_UP
.PEN_DOWN
	448	491
	448	492
	448	493
	447	494
	445	494
	443	493
	443	492
	442	490
	443	488
	445	487
	448	485
	449	483
	447	481
	445	481
	444	483
	445	487
	445	489
	447	492
	448	493
	449	495
	450	495
	449	494
.PEN_UP
.PEN_DOWN
	460	479
	460	481
	461	484
	462	488
	462	490
	461	493
	459	494
	456	494
	454	494
	452	492
	452	489
	453	488
	455	488
	459	488
	461	489
	462	490
.PEN_UP
.PEN_DOWN
	475	492
	474	493
	475	492
	476	491
	477	491
	479	489
	480	486
	480	484
	478	483
	475	483
	473	484
	472	486
	472	489
	472	490
	475	491
	477	492
.PEN_UP
.PEN_DOWN
	488	492
	486	492
	486	491
	486	488
	486	487
	487	483
	487	480
	488	480
.PEN_UP
.PEN_DOWN
	502	480
	502	481
	501	481
	500	481
.PEN_UP
