
.WRITER_ID JeffJohnson
.STYLE PRINTED
.PEN_DOWN
	144	472
	143	472
	143	471
	143	470
	143	467
	143	466
	143	463
	144	462
.PEN_UP
.PEN_DOWN
	142	452
	142	451
.PEN_UP
.PEN_DOWN
	161	465
	161	466
	161	467
	161	468
	160	469
	159	469
	158	469
	157	467
	156	466
	157	465
	158	465
	160	466
	160	467
	160	468
	159	468
	158	468
	158	467
	159	467
	160	467
	161	470
	161	471
	161	472
	159	473
	157	473
	155	472
	154	469
	154	468
	154	465
	157	462
	158	462
	161	462
	163	462
	163	463
.PEN_UP
.PEN_DOWN
	175	472
	174	471
	174	470
	174	467
	175	464
	176	463
	176	465
.PEN_UP
.PEN_DOWN
	178	473
	178	472
	178	471
	179	468
	180	465
	180	464
	181	464
.PEN_UP
.PEN_DOWN
	184	469
	183	468
	182	468
	179	467
	177	467
	174	467
	173	467
.PEN_UP
.PEN_DOWN
	181	471
	180	471
	178	471
	175	471
	173	470
	172	470
.PEN_UP
.PEN_DOWN
	198	474
	198	475
	198	476
	196	476
	194	475
	193	475
	192	474
	193	473
	196	473
	201	472
	202	472
	202	471
	199	468
	198	467
	195	466
	193	466
.PEN_UP
.PEN_DOWN
	194	481
	194	478
	195	474
	196	469
	197	465
	198	463
.PEN_UP
.PEN_DOWN
	216	475
	216	477
	216	478
	215	478
	214	477
	213	475
	212	472
	212	471
	213	471
	215	472
	219	476
	219	477
	219	478
	218	478
	216	477
.PEN_UP
.PEN_DOWN
	226	481
	224	477
	220	471
	219	469
	217	465
	216	464
.PEN_UP
.PEN_DOWN
	222	467
	222	468
	223	469
	223	470
	223	469
	221	466
	221	464
	221	463
	223	464
	225	467
	225	469
	225	471
.PEN_UP
.PEN_DOWN
	235	471
	234	471
	235	472
	236	474
	238	476
	239	477
	242	480
	243	481
	244	481
	244	479
	244	477
	245	474
	245	473
	245	471
	245	470
.PEN_UP
.PEN_DOWN
	260	479
	259	480
	260	478
	261	477
	261	475
	261	473
	262	471
	262	470
	261	472
	261	473
	259	477
	256	478
	255	478
	253	478
	253	477
	253	476
	255	477
	256	477
	259	479
	260	479
.PEN_UP
.PEN_DOWN
	271	485
	272	484
	274	484
	275	482
	277	479
	278	478
	279	476
	280	476
.PEN_UP
.PEN_DOWN
	278	489
	277	489
	277	487
	276	485
	275	481
	273	478
	272	474
	272	472
.PEN_UP
.PEN_DOWN
	281	481
	280	481
	279	481
	276	481
	273	481
	271	481
	270	481
.PEN_UP
.PEN_DOWN
	291	490
	290	489
	289	487
	289	485
	288	482
	288	479
	288	478
	290	476
	291	476
	292	476
.PEN_UP
.PEN_DOWN
	302	492
	303	492
	303	491
	304	491
	304	488
	305	487
	306	485
	306	482
	305	481
	304	478
	303	478
	302	477
.PEN_UP
.PEN_DOWN
	315	494
	315	493
	316	491
	317	489
	318	489
.PEN_UP
.PEN_DOWN
	322	474
	322	475
	322	476
	323	478
	324	479
	324	480
	325	481
	326	482
	327	482
	329	482
	329	481
	329	480
	330	479
	330	477
	330	476
	331	475
	332	475
	333	476
	334	476
	335	477
	336	479
	336	480
.PEN_UP
.PEN_DOWN
	349	484
	348	484
	347	484
	345	484
	343	484
.PEN_UP
.PEN_DOWN
	364	475
	364	476
	363	475
	362	475
	358	475
	354	475
	352	475
	351	475
	350	475
.PEN_UP
.PEN_DOWN
	373	485
	373	484
	373	483
	374	480
	375	477
	376	477
	377	477
.PEN_UP
.PEN_DOWN
	380	482
	379	482
	378	482
	378	483
	374	483
	371	483
	369	482
	368	482
.PEN_UP
.PEN_DOWN
	395	477
	393	479
	391	479
	389	479
	386	479
	384	479
.PEN_UP
.PEN_DOWN
	392	484
	389	484
	387	484
	385	484
.PEN_UP
.PEN_DOWN
	412	491
	412	492
	411	492
	408	492
	406	492
	404	492
	403	491
	403	490
	403	489
	403	488
	403	487
	403	485
	403	483
	403	481
	403	479
	403	477
	403	476
	403	475
	404	475
	406	476
	408	476
	410	476
	411	476
.PEN_UP
.PEN_DOWN
	417	490
	417	491
	418	491
	419	491
	421	491
	422	491
	423	491
	423	490
	423	489
	423	487
	423	486
	423	483
	423	481
	423	480
	423	479
	423	478
	422	478
	421	478
	418	477
	416	477
.PEN_UP
.PEN_DOWN
	438	498
	436	498
	434	496
	433	496
	432	494
	432	493
	432	492
	433	491
	434	490
	434	489
	434	488
	433	488
	433	487
	434	487
	434	486
	433	486
	433	485
	433	483
	434	482
	433	482
	433	481
	431	480
	430	479
	430	477
	432	475
	434	474
	435	473
	436	473
	436	472
.PEN_UP
.PEN_DOWN
	442	495
	442	496
	443	496
	444	496
	445	496
	445	495
	447	495
	447	493
	446	492
	445	490
	445	489
	444	488
	444	487
	444	486
	445	485
	446	485
	446	484
	445	484
	444	483
	443	483
	443	482
	444	481
	444	480
	444	478
	445	477
	445	476
	446	475
	446	474
	446	473
	445	472
	444	471
.PEN_UP
.PEN_DOWN
	460	492
	459	492
	460	492
	461	491
	462	489
	463	487
	466	483
	466	481
	468	478
	469	477
.PEN_UP
.PEN_DOWN
	476	476
	475	475
	475	473
	475	472
	475	471
	474	471
.PEN_UP
.PEN_DOWN
	490	492
	490	493
	489	493
	487	491
	485	488
	484	486
	483	483
	481	479
	481	478
.PEN_UP
.PEN_DOWN
	495	492
	495	493
	496	493
	498	492
	499	492
	500	492
	501	491
	502	490
	501	490
	501	488
	499	487
	498	487
	498	485
	498	484
	498	483
.PEN_UP
.PEN_DOWN
	495	473
	495	474
.PEN_UP
.PEN_DOWN
	514	496
	512	496
	512	495
	512	494
	512	493
	512	492
	512	490
.PEN_UP
.PEN_DOWN
	528	497
	528	494
	528	493
	528	491
	529	491
.PEN_UP
.PEN_DOWN
	532	497
	532	494
	533	492
.PEN_UP
.PEN_DOWN
	541	493
	541	492
	539	491
	538	490
	536	488
	534	486
	533	486
	533	485
	534	485
	534	484
	536	484
	538	482
	539	482
	541	480
	541	479
	542	479
.PEN_UP
.PEN_DOWN
	550	495
	549	495
	549	493
	550	492
	550	489
	550	484
	550	482
	550	479
	551	479
	551	480
.PEN_UP
.PEN_DOWN
	556	492
	557	491
	558	491
	560	490
	563	489
	564	489
	565	488
	564	487
	562	485
	561	484
	559	482
	558	481
	558	480
.PEN_UP
.PEN_DOWN
	571	494
	570	493
	571	493
	571	492
	571	491
.PEN_UP
.PEN_DOWN
	573	494
	573	493
	573	492
	574	491
.PEN_UP
.PEN_DOWN
	595	493
	594	494
	594	495
	594	494
.PEN_UP
.PEN_DOWN
	595	483
	596	483
	597	482
	597	480
	597	479
	597	476
	596	474
	595	474
	594	473
.PEN_UP
.PEN_DOWN
	610	494
	610	493
.PEN_UP
.PEN_DOWN
	610	490
	610	487
.PEN_UP
.PEN_DOWN
	622	491
	622	490
.PEN_UP
