
.WRITER_ID JeffJohnson
.STYLE PRINTED
.PEN_DOWN
	146	454
	145	455
	145	457
	145	461
	145	462
	145	464
	145	465
	146	465
	148	464
	150	463
	151	462
	154	460
	155	458
	155	457
	154	457
	153	459
	154	462
	156	464
	158	465
	159	466
	160	465
	161	463
	161	462
	161	459
	161	458
.PEN_UP
.PEN_DOWN
	168	464
	168	465
	170	464
	171	463
	173	461
	172	459
	171	458
	169	458
	167	460
	165	461
	166	462
	166	463
	168	464
.PEN_UP
.PEN_DOWN
	178	465
	178	463
	178	460
	178	459
	177	460
	177	462
	178	465
	178	466
	179	466
	180	467
	183	467
	184	466
	185	465
	186	463
	186	462
	186	461
.PEN_UP
.PEN_DOWN
	196	468
	197	468
	198	467
	199	467
	200	466
	202	463
	202	462
	201	460
	198	460
	195	461
	194	462
	193	464
	194	466
	195	467
	197	467
.PEN_UP
.PEN_DOWN
	211	469
	211	470
	209	470
	208	470
	207	470
	206	468
	206	466
	206	465
	208	463
	211	463
	213	463
	216	463
.PEN_UP
.PEN_DOWN
	218	477
	217	477
	218	474
	219	471
	219	469
	219	466
	220	466
	220	467
	221	469
	222	469
	223	470
	224	469
	225	468
	226	467
	227	465
.PEN_UP
.PEN_DOWN
	233	468
	233	466
	234	465
	234	464
	233	466
	233	468
	233	469
	234	470
	236	470
.PEN_UP
.PEN_DOWN
	245	470
	245	471
	245	472
	246	472
	247	472
	249	472
	250	471
	251	469
	251	467
	250	467
	248	465
	245	466
	244	468
	245	471
	245	472
	248	472
.PEN_UP
.PEN_DOWN
	256	465
	256	467
	256	468
	255	469
	256	471
	257	473
	258	474
	260	474
	262	474
	263	474
	264	471
	264	469
	264	468
	263	467
	262	468
	263	471
	264	473
	264	474
	266	475
	268	475
	269	474
	270	471
	271	468
	271	467
	271	466
.PEN_UP
.PEN_DOWN
	275	466
	276	466
	277	467
	279	468
	281	470
	282	471
	283	473
	284	475
	283	475
	282	476
	279	475
	279	474
	278	472
	279	470
	280	469
	281	469
	284	468
	285	468
	287	467
.PEN_UP
.PEN_DOWN
	307	479
	308	481
	308	484
	308	485
	307	486
	305	486
	304	485
	303	483
	303	477
	304	475
	306	470
	307	468
	308	467
.PEN_UP
.PEN_DOWN
	311	475
	309	475
	307	475
	304	474
	301	474
	300	474
	300	473
.PEN_UP
.PEN_DOWN
	314	472
	314	471
	315	470
	315	469
	316	469
	315	470
	315	471
	316	472
	317	474
	318	475
	319	476
.PEN_UP
.PEN_DOWN
	327	475
	327	476
	327	478
	326	476
	326	475
	326	471
	326	469
	327	470
	329	472
	331	475
	331	476
	328	477
	326	477
	325	477
.PEN_UP
.PEN_DOWN
	333	474
	333	473
	333	472
	334	473
	335	474
	336	477
	336	478
	339	479
	341	479
	342	479
	343	477
	343	475
	343	472
	343	471
	343	472
	344	473
	344	475
	345	477
	346	477
	347	477
	348	477
	350	476
	350	475
	351	474
	351	472
.PEN_UP
.PEN_DOWN
	374	479
	374	477
	373	474
	373	473
	372	472
	372	474
	372	475
	374	478
	375	480
	375	481
	377	481
	379	480
	380	480
	381	477
	381	474
	380	471
.PEN_UP
.PEN_DOWN
	388	480
	390	479
	392	476
	392	474
	391	472
	388	473
	386	475
	386	477
	386	479
	387	480
	388	480
.PEN_UP
.PEN_DOWN
	395	483
	395	481
	395	477
	395	475
	395	472
	396	472
	399	476
	400	477
	400	478
	400	477
	400	476
	400	474
	402	474
	404	475
	406	478
	408	480
	408	482
	407	484
.PEN_UP
.PEN_DOWN
	424	481
	423	482
	424	482
	424	481
	425	479
	426	476
	426	474
	426	472
	424	472
	422	473
	420	476
	419	480
	419	481
	420	482
	422	482
.PEN_UP
.PEN_DOWN
	430	481
	430	480
	431	479
	431	477
	431	476
	431	474
	431	475
	432	477
	433	480
	433	482
	435	483
	437	482
	438	481
	439	480
	439	477
	439	475
	439	474
.PEN_UP
.PEN_DOWN
	454	475
	453	473
	453	470
	453	468
	451	466
	451	467
.PEN_UP
.PEN_DOWN
	470	485
	470	488
	471	491
	472	494
	472	496
	472	497
	471	497
	470	497
	468	494
	467	489
	467	487
	467	481
	468	477
	468	476
	469	474
	469	475
.PEN_UP
.PEN_DOWN
	474	482
	473	483
	472	484
	468	483
	464	483
	463	482
	461	482
	460	482
.PEN_UP
.PEN_DOWN
	477	479
	477	478
	478	477
	478	476
	478	477
	478	478
	478	480
	479	482
	480	483
	481	483
.PEN_UP
.PEN_DOWN
	492	484
	492	482
	493	480
	493	478
	493	477
.PEN_UP
.PEN_DOWN
	490	495
	490	494
.PEN_UP
.PEN_DOWN
	503	479
	503	480
	504	480
	505	483
	506	486
	506	487
	505	487
	503	485
	502	482
	502	479
	503	479
	506	479
	510	479
.PEN_UP
.PEN_DOWN
	514	484
	514	483
	514	482
	514	480
	514	481
	515	482
	515	483
	518	486
	519	487
	520	487
	521	486
	522	483
	523	481
	523	479
.PEN_UP
.PEN_DOWN
	535	496
	534	496
	535	495
	535	493
	535	489
	535	488
	536	485
	536	484
	536	485
	536	486
	535	488
	533	489
	530	488
	529	488
	528	486
	527	484
	527	483
	528	482
	530	481
	535	482
	536	481
.PEN_UP
.PEN_DOWN
	545	480
	544	480
	545	480
.PEN_UP
