
.WRITER_ID JeffJohnson
.STYLE PRINTED
.PEN_DOWN
	145	469
	145	468
	145	467
	145	463
	145	460
	145	454
	145	453
.PEN_UP
.PEN_DOWN
	152	467
	153	465
	154	462
	154	458
	154	457
	154	455
	155	454
	155	455
	155	456
	155	457
	155	458
	155	459
	154	459
	153	459
	152	460
	150	460
	147	460
	146	460
	145	460
.PEN_UP
.PEN_DOWN
	161	458
	163	459
	164	460
	164	462
	164	463
	164	464
	163	464
	161	464
	160	463
	160	460
	160	457
	161	456
	165	455
	170	456
.PEN_UP
.PEN_DOWN
	185	463
	185	460
	186	457
	186	455
	188	452
	190	452
	191	453
	192	456
	193	459
	193	458
	193	457
	195	456
	198	457
	202	461
	203	463
	204	465
	203	467
	202	467
	200	467
	198	467
.PEN_UP
.PEN_DOWN
	210	464
	211	464
	211	465
	210	466
	208	467
	206	464
	205	463
	205	458
	205	457
	206	457
	210	459
	211	462
	211	463
	211	464
	211	463
	211	462
	211	459
	212	457
	213	457
.PEN_UP
.PEN_DOWN
	220	466
	220	467
	221	467
	219	467
	217	466
	216	465
	215	464
	216	463
	219	463
	223	463
	225	463
	226	462
	225	459
	224	458
	221	457
	220	458
.PEN_UP
.PEN_DOWN
	239	469
	239	468
	239	465
	239	462
	239	460
	241	460
	244	462
	245	464
	247	468
	247	471
	246	471
.PEN_UP
.PEN_DOWN
	255	468
	255	470
	255	471
	255	472
	253	471
	252	469
	251	469
	251	468
	252	468
	254	468
	258	469
	260	468
	259	465
	258	464
	255	462
	252	462
	251	462
.PEN_UP
.PEN_DOWN
	263	469
	262	470
	262	469
	262	468
	263	465
	264	463
	267	464
	268	466
	269	469
	269	472
	269	473
	268	473
.PEN_UP
.PEN_DOWN
	282	469
	281	471
	281	472
	280	473
	279	473
	277	473
	275	470
	275	469
	275	466
	276	465
	279	466
	280	467
	281	470
	281	469
	282	467
	284	465
	285	463
.PEN_UP
.PEN_DOWN
	292	480
	293	476
	293	474
	293	468
	293	466
	294	463
	295	463
	296	465
.PEN_UP
.PEN_DOWN
	302	484
	301	484
	302	482
	303	481
	304	475
	304	470
	305	467
	305	465
.PEN_UP
.PEN_DOWN
	314	474
	313	475
	313	473
	313	470
	313	468
	314	467
	316	467
	317	468
	319	471
	321	474
	322	474
	322	473
	323	471
	323	470
	324	467
	324	463
	323	461
	322	457
	319	455
	317	454
	316	454
.PEN_UP
.PEN_DOWN
	347	480
	346	480
	346	478
	346	475
	346	473
	345	469
	345	467
	345	468
	344	469
	344	471
	343	472
	341	473
	340	473
	338	472
	337	471
	336	468
	337	466
	338	466
	341	466
	344	466
	345	466
.PEN_UP
.PEN_DOWN
	358	476
	358	472
	357	469
	357	468
	357	467
.PEN_UP
.PEN_DOWN
	360	486
	359	486
	358	486
	358	485
.PEN_UP
.PEN_DOWN
	375	479
	375	480
	376	481
	375	481
	374	481
	373	480
	371	479
	370	478
	370	477
	371	477
	374	476
	378	475
	378	473
	377	472
	375	470
	372	469
	371	469
.PEN_UP
.PEN_DOWN
	395	477
	395	479
	394	479
	392	482
	390	482
	389	481
	387	479
	386	474
	386	473
	387	472
	391	473
	392	474
	393	476
	393	477
	394	476
	395	474
	395	473
	396	471
	398	471
.PEN_UP
.PEN_DOWN
	405	475
	405	474
	405	471
	405	468
	406	464
	406	461
	406	460
	405	460
	405	461
	405	465
	405	472
	405	474
	405	477
	405	480
	406	480
	407	481
	408	482
	411	482
	413	482
	414	481
	414	480
	414	478
	413	477
	409	475
	407	474
.PEN_UP
.PEN_DOWN
	422	478
	422	477
	422	475
	421	470
	420	468
	420	467
	420	468
	420	472
	420	473
	421	478
	421	480
	422	482
	423	483
	424	483
	425	483
	426	483
	429	481
	429	480
	429	479
	428	476
	425	475
	425	474
	424	474
.PEN_UP
.PEN_DOWN
	435	480
	435	481
	436	480
	437	480
	438	479
	439	478
	441	476
	440	473
	439	473
	436	472
	432	473
	431	474
	431	477
	432	478
	433	480
	435	481
	437	480
.PEN_UP
.PEN_DOWN
	446	480
	446	477
	446	474
	446	473
	445	471
	445	473
.PEN_UP
.PEN_DOWN
	446	490
	445	490
.PEN_UP
.PEN_DOWN
	459	482
	457	482
	457	480
	457	477
	457	476
	457	475
	457	476
	457	478
	459	481
	460	482
	461	483
	463	483
	464	483
	464	482
	465	480
	465	477
	464	475
	464	473
	465	474
.PEN_UP
.PEN_DOWN
	478	491
	478	490
	478	487
	478	485
	478	481
	479	476
	479	475
	480	475
.PEN_UP
.PEN_DOWN
	486	485
	485	486
	483	486
	478	485
	474	484
	473	484
	471	484
.PEN_UP
.PEN_DOWN
	486	477
	488	478
	491	479
	491	480
	492	482
	492	484
	491	484
	489	484
	487	482
	486	481
	486	478
	487	476
	489	475
	492	474
	496	474
.PEN_UP
.PEN_DOWN
	505	491
	505	488
	505	487
	506	484
	506	480
	506	478
	506	476
	506	477
	506	479
	504	482
	503	483
	501	483
	499	481
	499	478
	499	477
	501	475
	503	475
	504	475
	506	475
	507	475
.PEN_UP
.PEN_DOWN
	520	471
	519	471
	519	472
.PEN_UP
.PEN_DOWN
	539	491
	538	491
	538	490
	538	488
	538	483
	536	476
	536	474
	537	473
	539	475
.PEN_UP
.PEN_DOWN
	546	488
	547	484
	547	483
	547	479
	547	476
	547	475
	547	477
	547	479
	545	480
	542	481
	541	481
	539	481
.PEN_UP
.PEN_DOWN
	557	481
	556	483
	557	483
	557	484
	556	483
	555	481
	554	480
	553	475
	554	474
	555	474
	560	478
	561	482
	561	483
	560	484
	556	484
	554	484
	553	484
.PEN_UP
.PEN_DOWN
	570	483
	570	484
	569	484
	568	479
	568	474
	568	472
	568	471
	572	473
	573	475
	575	477
	575	479
	575	478
	574	475
	575	473
	576	473
	579	475
	584	479
	585	480
	585	483
	584	484
	581	483
.PEN_UP
.PEN_DOWN
	591	474
	590	474
	591	475
	593	476
	595	479
	595	481
	595	482
	594	483
	592	482
	591	481
	590	477
	592	474
	593	473
	597	473
	601	473
.PEN_UP
.PEN_DOWN
	605	479
	604	476
	605	472
	605	471
	607	473
	608	475
	610	481
	611	484
.PEN_UP
.PEN_DOWN
	615	476
	618	476
	618	477
	620	479
	621	481
	621	482
	620	482
	619	483
	617	482
	616	479
	616	476
	617	474
	620	473
	622	473
	625	473
.PEN_UP
.PEN_DOWN
	632	480
	631	480
	630	478
	630	474
	631	472
	631	473
	633	476
	636	479
	638	481
.PEN_UP
.PEN_DOWN
	647	475
	646	475
	646	474
	646	473
	646	472
	646	468
	644	464
	642	463
	641	462
.PEN_UP
