
.WRITER_ID JeffJohnson
.STYLE PRINTED
.PEN_DOWN
	154	467
	153	468
	151	468
	149	468
	148	467
	147	466
	146	465
	147	465
	150	464
	152	464
	155	463
	156	463
	156	461
	155	458
	154	458
	152	457
	149	457
	148	458
.PEN_UP
.PEN_DOWN
	165	466
	164	467
	164	468
	163	468
	162	467
	161	465
	160	463
	160	461
	161	460
	164	459
	169	460
	170	460
.PEN_UP
.PEN_DOWN
	173	463
	173	461
	174	460
	174	459
	174	460
	173	461
	173	462
	173	464
	174	465
	175	465
	179	465
	182	465
.PEN_UP
.PEN_DOWN
	184	462
	184	463
	186	464
	188	464
	189	465
	190	466
	190	467
	188	468
	186	466
	186	464
	186	463
	187	461
	189	460
	191	460
	196	460
.PEN_UP
.PEN_DOWN
	202	466
	202	467
	200	468
	198	468
	196	466
	195	465
	195	463
	195	462
	197	462
	200	463
	201	465
	201	466
	202	464
	204	462
	205	461
.PEN_UP
.PEN_DOWN
	212	460
	211	461
	211	462
	211	464
	211	465
	211	466
	211	467
	212	467
	215	468
	217	467
	218	467
	219	465
	219	463
	219	462
	219	460
	219	461
	220	462
	220	465
	220	467
	221	468
	222	468
	222	467
	224	466
	226	464
	227	462
	228	460
	229	459
.PEN_UP
.PEN_DOWN
	236	462
	236	463
	237	464
	238	465
	238	466
	237	467
	236	467
	236	466
	236	463
	236	462
	238	460
	242	460
	244	461
	247	461
.PEN_UP
.PEN_DOWN
	251	475
	251	474
	251	473
	251	469
	251	465
	252	462
	253	460
	253	463
	253	464
	251	467
	249	467
	248	467
	247	464
	247	460
	247	459
	249	458
	251	458
	253	459
.PEN_UP
.PEN_DOWN
	275	464
	275	465
	274	467
	272	467
	271	467
	270	465
	270	461
	270	460
	272	460
	274	461
	275	462
	275	463
	275	464
	275	462
	275	460
	278	458
	281	457
	282	458
.PEN_UP
.PEN_DOWN
	286	472
	286	468
	287	466
	288	463
	288	460
	289	460
.PEN_UP
.PEN_DOWN
	292	469
	290	469
	288	469
	286	469
	285	468
	283	468
.PEN_UP
.PEN_DOWN
	307	475
	307	472
	308	468
	309	466
	310	461
	310	458
	311	459
	311	463
	312	465
	312	466
	313	466
	315	464
	316	460
	316	458
	317	457
.PEN_UP
.PEN_DOWN
	323	465
	323	464
	323	461
	324	457
	325	455
	325	457
.PEN_UP
.PEN_DOWN
	323	477
	323	476
	323	475
.PEN_UP
.PEN_DOWN
	328	458
	328	459
	328	460
	328	462
	328	464
	329	464
	330	465
	332	465
	333	465
	335	463
	336	460
	336	458
	336	459
	336	461
	337	463
	337	466
	338	467
	339	467
	340	466
	342	464
	344	461
	344	460
	345	459
.PEN_UP
.PEN_DOWN
	360	458
	358	458
	357	457
	357	458
.PEN_UP
.PEN_DOWN
	368	482
	368	481
	367	477
	367	476
	367	473
	366	473
.PEN_UP
.PEN_DOWN
	373	481
	373	480
	372	477
	371	475
	371	473
.PEN_UP
.PEN_DOWN
	379	456
	379	458
	379	461
	378	463
	378	466
	378	469
	378	470
	379	470
	381	468
	381	466
	383	463
	385	460
	386	458
	386	457
	387	456
	387	457
	388	458
	388	459
	390	462
	391	465
	391	466
	390	469
	389	473
	388	475
	387	476
.PEN_UP
.PEN_DOWN
	399	466
	400	465
	402	464
	404	461
	404	458
	401	457
	399	457
	396	458
	395	461
	395	464
	395	465
	397	466
	399	467
	401	466
.PEN_UP
.PEN_DOWN
	418	460
	419	457
	419	454
	419	452
	418	453
	417	456
	417	457
	417	461
	417	463
	418	464
	418	465
	420	466
	421	466
	423	465
	426	464
	426	463
	425	462
	424	460
	422	459
	420	458
	420	459
.PEN_UP
.PEN_DOWN
	430	468
	430	467
	430	465
	430	464
	430	462
	430	460
	430	459
.PEN_UP
.PEN_DOWN
	432	473
	430	474
.PEN_UP
.PEN_DOWN
	439	464
	438	463
	438	460
	437	461
	437	464
	438	465
	438	467
	439	467
	439	468
	441	468
	442	469
	443	468
	443	467
	444	465
	444	464
	444	462
.PEN_UP
.PEN_DOWN
	449	476
	450	473
	451	469
	451	466
	452	463
	452	461
.PEN_UP
.PEN_DOWN
	457	472
	456	471
	455	470
	454	469
	452	468
	452	467
	454	466
	455	465
	457	465
	460	464
	461	464
.PEN_UP
.PEN_DOWN
	471	484
	472	482
	472	478
	471	473
	471	471
	471	470
.PEN_UP
.PEN_DOWN
	469	454
	469	452
	469	453
	469	454
.PEN_UP
