
.WRITER_ID JeffJohnson
.STYLE PRINTED
.PEN_DOWN
	155	456
	154	457
	154	458
	154	459
	153	460
	152	457
	151	454
	150	451
	152	450
	153	450
	158	453
	162	458
	162	459
	162	460
	159	460
	156	460
	154	459
	153	459
.PEN_UP
.PEN_DOWN
	166	466
	165	466
	165	465
	166	463
	166	460
	167	457
	168	454
	168	452
	169	452
.PEN_UP
.PEN_DOWN
	185	471
	185	472
	184	470
	182	465
	180	462
	177	456
	176	454
	175	449
	176	449
.PEN_UP
.PEN_DOWN
	189	463
	188	465
	190	466
	192	466
	193	464
	192	461
	190	457
	189	456
	189	455
	189	454
	192	454
	194	454
	196	454
	200	454
.PEN_UP
.PEN_DOWN
	202	466
	202	467
	201	467
	201	468
	201	469
	203	469
	206	469
	207	469
	207	467
	207	466
	205	464
	203	463
	204	463
	205	463
	207	464
	208	464
	210	463
	210	461
	210	460
	210	457
	207	456
	206	456
.PEN_UP
.PEN_DOWN
	223	474
	222	472
	218	465
	215	459
	214	456
	213	453
	214	452
.PEN_UP
.PEN_DOWN
	232	468
	231	470
	230	470
	229	468
	228	465
	227	463
	227	461
	226	460
	226	459
	228	459
	230	459
	234	459
	236	459
	237	459
.PEN_UP
.PEN_DOWN
	236	469
	236	468
	236	466
	236	465
	237	461
	237	457
	237	454
.PEN_UP
.PEN_DOWN
	254	470
	253	470
	251	470
	249	470
	247	469
	246	469
	246	468
	246	467
	246	466
	246	465
	246	464
	247	464
	248	463
	250	463
	252	463
	253	462
	254	460
	253	459
	253	458
	252	456
	249	455
	248	455
	246	455
	245	455
.PEN_UP
.PEN_DOWN
	275	477
	275	478
	276	477
	277	476
	279	474
	280	472
	281	472
.PEN_UP
.PEN_DOWN
	294	469
	294	468
	294	466
	294	462
	295	459
	295	458
	296	458
.PEN_UP
.PEN_DOWN
	292	477
	293	476
	293	477
.PEN_UP
.PEN_DOWN
	311	473
	311	474
	310	474
	307	473
	307	472
	305	470
	305	469
	306	468
	308	467
	310	467
	312	466
	312	464
	312	463
	311	461
	309	460
	307	460
.PEN_UP
.PEN_DOWN
	328	478
	328	477
	328	473
	329	472
	329	468
	329	466
	329	464
	329	465
	329	466
	330	467
	332	469
	333	469
	336	469
	338	469
	340	467
	339	465
	337	463
	336	462
	332	462
	329	462
	328	462
	328	463
.PEN_UP
.PEN_DOWN
	344	464
	344	465
	345	465
	346	466
	348	467
	349	470
	350	470
	350	471
	349	472
	348	471
	346	471
	346	469
	346	468
	346	465
	348	463
	349	462
	352	462
	355	462
.PEN_UP
.PEN_DOWN
	366	473
	366	475
	365	477
	365	478
	364	479
	362	479
	361	478
	361	477
	361	474
	363	471
	364	469
	366	466
	367	464
	368	463
.PEN_UP
.PEN_DOWN
	369	470
	368	470
	366	471
	363	470
	360	469
	359	469
.PEN_UP
.PEN_DOWN
	377	473
	377	474
	376	473
	375	472
	374	468
	374	466
	374	465
	376	466
	378	467
	381	470
	382	473
	381	474
	380	474
	377	473
	375	473
.PEN_UP
.PEN_DOWN
	385	471
	385	469
	386	468
	387	467
	388	466
	388	465
	388	466
	388	468
	388	470
	389	472
	391	473
	393	473
	395	473
.PEN_UP
.PEN_DOWN
	400	469
	401	469
	402	469
	402	470
	404	471
	406	473
	406	474
	405	475
	404	475
	402	474
	402	472
	402	468
	403	467
	407	467
	411	467
.PEN_UP
.PEN_DOWN
	424	487
	422	487
	422	485
	422	484
	422	483
	423	482
.PEN_UP
.PEN_DOWN
	450	483
	450	484
	450	485
	449	485
	448	483
	447	482
	446	478
	446	477
	444	474
	443	472
	443	470
	443	469
	444	469
	446	469
	451	471
	453	471
	454	473
	454	474
	453	474
	451	474
	449	473
	447	471
	447	470
	448	467
	451	467
	452	467
.PEN_UP
.PEN_DOWN
	468	488
	467	488
	467	487
	467	486
	465	482
	463	476
	463	473
	461	466
	460	464
	460	463
	462	466
.PEN_UP
.PEN_DOWN
	471	480
	471	481
	471	482
	472	482
	473	482
	475	482
	477	482
	478	482
	479	482
	479	481
	479	479
	479	476
	479	475
	478	470
	477	468
	477	467
	477	468
.PEN_UP
.PEN_DOWN
	494	486
	493	487
	492	486
	492	483
	489	477
	487	472
	486	470
	485	466
	485	464
.PEN_UP
.PEN_DOWN
	507	481
	507	482
	508	484
	507	485
	506	486
	504	485
	502	484
	502	482
	501	479
	502	476
	503	474
	507	472
	508	469
	508	468
	505	467
	502	470
	502	471
	502	474
	505	478
	506	479
	508	481
.PEN_UP
.PEN_DOWN
	519	468
	519	469
	521	469
	522	472
	523	474
	525	478
	525	483
	523	484
	520	485
	516	484
	514	482
	513	481
	514	479
	518	478
	520	478
	522	479
.PEN_UP
