
.WRITER_ID JeffJohnson
.STYLE PRINTED
.PEN_DOWN
	147	457
	147	458
	149	461
	149	462
	150	467
	151	470
	152	471
	152	472
	153	472
	154	470
	155	470
	156	467
	158	460
	158	457
	159	453
	159	452
	159	455
	159	459
	158	460
	156	462
	153	462
	152	461
	150	461
	149	461
.PEN_UP
.PEN_DOWN
	174	466
	175	467
	175	468
	175	469
	174	469
	172	469
	170	467
	169	463
	168	460
	168	456
	170	455
	172	456
	177	461
	180	466
	181	468
	180	469
	177	468
	175	467
.PEN_UP
.PEN_DOWN
	174	466
	174	463
	175	462
	178	460
	179	459
	179	458
	180	458
.PEN_UP
.PEN_DOWN
	187	466
	186	466
	186	464
	187	461
	188	458
	188	456
	190	457
	191	459
	194	464
	195	469
	194	469
.PEN_UP
.PEN_DOWN
	204	466
	204	465
	204	461
	204	457
	204	456
.PEN_UP
.PEN_DOWN
	203	475
	204	474
.PEN_UP
.PEN_DOWN
	219	471
	218	472
	216	471
	216	470
	215	466
	216	463
	217	461
	219	460
	222	460
.PEN_UP
.PEN_DOWN
	229	478
	229	477
	229	474
	229	469
	229	466
	229	462
	229	460
	230	460
.PEN_UP
.PEN_DOWN
	236	474
	235	474
	235	473
	234	473
	231	472
	229	471
	229	470
	229	469
	230	469
	231	468
	231	467
	232	466
	235	464
	237	463
	238	461
	239	461
.PEN_UP
.PEN_DOWN
	255	473
	255	471
	256	466
	256	463
	256	464
	255	468
	255	469
	254	472
	254	473
	254	474
	254	477
	255	480
	256	481
	257	482
	259	482
	261	481
	262	480
	262	477
	261	476
	259	475
	257	474
	258	474
	259	474
	262	474
	265	473
	266	472
	266	471
	265	467
	261	465
	259	465
	256	465
	255	466
.PEN_UP
.PEN_DOWN
	273	474
	272	475
	272	474
	273	472
	274	469
	274	468
	274	469
	273	469
	273	471
	273	473
	274	475
	276	476
	280	477
	282	477
	283	477
.PEN_UP
.PEN_DOWN
	289	476
	289	477
	289	476
	290	476
	292	474
	293	472
	294	472
	293	470
	289	469
	286	471
	285	473
	286	474
	286	475
	288	477
	289	477
.PEN_UP
.PEN_DOWN
	297	478
	297	477
	297	476
	297	473
	297	470
	298	467
	299	466
	300	467
	301	469
	302	471
	302	473
	303	474
	303	473
	303	472
	304	471
	305	471
	307	472
	308	475
	309	476
	309	478
	308	480
	308	481
.PEN_UP
.PEN_DOWN
	318	481
	318	479
	319	478
	319	475
	319	472
	319	473
	319	475
	319	478
	321	481
	322	481
	323	482
	324	482
	324	481
	325	480
	326	479
	326	477
	326	475
	327	474
	327	473
.PEN_UP
.PEN_DOWN
	342	486
	342	483
	343	481
	343	476
	343	472
	344	473
.PEN_UP
.PEN_DOWN
	356	490
	356	491
	354	490
	348	489
	346	489
	344	488
	344	486
.PEN_UP
.PEN_DOWN
	352	483
	351	482
	349	482
	346	482
	344	482
	343	482
.PEN_UP
.PEN_DOWN
	360	482
	360	483
	360	482
	362	480
	362	479
	364	477
	364	474
	364	473
	361	473
	357	474
	356	475
	355	477
	356	480
	357	481
	359	482
	361	482
.PEN_UP
.PEN_DOWN
	369	483
	370	482
	371	482
	373	479
	376	476
	377	475
	378	475
.PEN_UP
.PEN_DOWN
	377	486
	376	486
	376	485
	375	483
	373	481
	370	478
	370	477
.PEN_UP
.PEN_DOWN
	402	488
	401	489
	401	488
	402	485
	402	484
	403	480
	403	477
	403	475
	402	474
	397	473
	395	473
	392	473
	391	474
.PEN_UP
.PEN_DOWN
	408	480
	408	479
	408	478
	408	477
	408	474
	409	473
	410	473
	413	476
	415	479
	415	481
	415	482
.PEN_UP
.PEN_DOWN
	422	474
	421	475
	421	476
	421	477
	422	478
	422	480
	422	481
	423	482
	424	482
	424	481
	426	480
	428	477
	429	476
	430	476
	430	477
	430	478
	431	480
	432	482
	432	483
	433	483
	434	483
	436	482
	438	480
	438	478
	439	477
.PEN_UP
.PEN_DOWN
	451	482
	451	481
	451	480
	451	476
	451	474
	451	472
	451	473
	451	475
	450	480
	450	482
	450	484
	451	485
	451	486
	452	486
	454	486
	457	486
	458	485
	457	483
	454	481
	453	481
	452	480
.PEN_UP
.PEN_DOWN
	464	486
	464	487
	463	486
	463	485
	462	484
	462	483
	463	483
	463	482
	465	482
	466	480
	465	478
	465	477
.PEN_UP
