
.WRITER_ID JeffJohnson
.STYLE PRINTED
.PEN_DOWN
	155	461
	155	462
	155	464
	153	466
	153	467
	152	466
	152	465
	151	463
	151	462
	151	460
	153	460
	154	460
	154	461
	155	462
	155	463
	156	463
	156	464
	157	465
	157	467
	157	468
	157	470
	155	472
	154	472
	153	472
	152	472
	150	470
	149	466
	149	464
	149	461
	150	458
	151	456
	155	456
	159	457
	160	457
	161	457
.PEN_UP
.PEN_DOWN
	171	470
	171	469
	171	468
	171	464
	172	462
	172	459
	172	460
.PEN_UP
.PEN_DOWN
	178	469
	178	470
	179	470
	179	471
	180	471
	181	471
	182	471
	183	471
	184	471
	184	470
	184	468
	183	467
	181	464
	180	462
	180	461
	181	460
	183	460
	184	460
	186	460
	187	460
.PEN_UP
.PEN_DOWN
	192	472
	192	473
	191	473
.PEN_UP
.PEN_DOWN
	194	464
	193	464
	193	463
	192	463
	193	463
.PEN_UP
.PEN_DOWN
	198	473
	197	473
	198	473
	198	474
	199	475
	201	475
	204	475
	204	474
	203	473
	201	471
	199	471
	201	471
	204	470
	206	469
	206	468
	207	467
	206	464
	205	464
	203	463
	200	463
	199	463
.PEN_UP
.PEN_DOWN
	213	474
	212	474
	212	473
	212	472
	212	470
	212	469
	212	468
	213	468
	215	468
	216	468
	218	468
	219	468
.PEN_UP
.PEN_DOWN
	217	477
	217	478
	216	478
	216	477
	216	474
	216	472
	216	470
	217	466
	217	465
	217	464
.PEN_UP
.PEN_DOWN
	230	469
	229	468
	229	467
	229	468
.PEN_UP
.PEN_DOWN
	229	476
	228	476
.PEN_UP
.PEN_DOWN
	246	478
	245	478
	245	479
	244	479
	242	478
	240	477
	240	476
	240	475
	240	474
	239	474
	239	473
	240	473
	242	473
	243	473
	244	473
	247	472
	247	471
	247	470
	247	468
	246	467
	244	466
	242	465
	241	465
	240	466
	241	467
.PEN_UP
.PEN_DOWN
	254	479
	254	480
	254	479
	254	478
	254	476
	253	473
	253	471
	253	468
	253	466
	254	466
	256	467
	259	470
	261	472
	261	473
	260	473
	258	473
	257	471
	256	470
	257	468
	258	467
.PEN_UP
.PEN_DOWN
	278	470
	277	470
	275	469
	272	469
	271	468
	269	468
	269	467
	270	467
.PEN_UP
.PEN_DOWN
	296	480
	295	482
	295	481
	296	479
	297	477
	298	474
	299	472
	299	471
	297	468
	294	467
	292	467
	289	467
	288	467
	288	468
	288	467
.PEN_UP
.PEN_DOWN
	305	474
	305	475
	306	474
	306	473
	306	470
	306	469
	306	467
	307	467
	308	468
	311	470
	312	473
	311	474
	310	473
.PEN_UP
.PEN_DOWN
	323	472
	323	473
	324	474
	324	475
	323	476
	321	476
	319	475
	318	475
	318	473
	319	473
	321	473
	322	474
	323	474
	323	473
	324	473
	324	472
	325	470
	326	468
	326	467
	327	464
	327	463
	325	461
	322	461
	319	462
	318	462
	317	463
.PEN_UP
.PEN_DOWN
	334	475
	335	477
	334	477
	332	477
	330	476
	329	474
	330	474
	331	474
	332	474
	335	475
	335	476
	335	475
	336	475
	336	474
	336	473
	338	472
	338	471
	339	468
	339	466
	339	465
	335	463
	331	463
	330	463
.PEN_UP
.PEN_DOWN
	344	485
	344	484
	345	483
	346	481
	346	476
	347	475
	348	473
	348	474
.PEN_UP
.PEN_DOWN
	354	476
	354	477
	355	477
	355	478
	356	479
	357	481
	357	482
	355	482
	354	481
	353	479
	353	477
	354	475
	355	474
	357	474
	360	474
.PEN_UP
.PEN_DOWN
	365	477
	365	475
	366	474
	366	475
	366	476
	366	477
	366	478
	367	478
	368	479
	370	479
.PEN_UP
.PEN_DOWN
	379	484
	379	485
	377	484
	376	483
	374	482
	374	481
	376	481
	377	480
	379	480
	382	479
	382	478
	381	476
	379	475
	378	475
	376	475
.PEN_UP
.PEN_DOWN
	404	475
	403	475
	399	475
	395	475
	392	475
.PEN_UP
.PEN_DOWN
	422	476
	421	476
	416	476
	414	476
	412	476
.PEN_UP
.PEN_DOWN
	440	478
	440	479
	440	478
	439	475
	439	472
	439	471
	440	471
	442	471
	443	472
	445	474
	446	476
	445	476
	445	475
	445	473
	447	472
	448	472
	451	473
	452	474
	455	477
	455	479
	455	480
	454	481
	452	481
.PEN_UP
.PEN_DOWN
	465	480
	464	479
	464	478
	464	476
	464	473
	464	472
.PEN_UP
.PEN_DOWN
	463	488
	462	488
	462	489
.PEN_UP
.PEN_DOWN
	475	487
	474	487
	474	486
	474	483
	474	479
	475	475
	475	473
.PEN_UP
.PEN_DOWN
	482	490
	481	488
	482	486
	482	484
	482	480
	483	477
	483	476
	483	474
.PEN_UP
.PEN_DOWN
	506	474
	505	473
	502	473
	499	473
	498	473
	497	473
.PEN_UP
.PEN_DOWN
	514	475
	513	475
	510	473
	508	473
.PEN_UP
.PEN_DOWN
	535	490
	535	488
	535	484
	535	482
	534	476
	534	473
	534	475
	535	477
	533	479
	532	480
	530	480
	528	479
	528	478
	528	477
	528	475
	531	474
	533	473
	536	473
.PEN_UP
.PEN_DOWN
	545	478
	546	479
	548	481
	549	482
	549	483
	548	483
	547	482
	546	481
	545	479
	545	477
	546	476
	548	475
	552	475
.PEN_UP
.PEN_DOWN
	561	481
	562	482
	562	484
	562	486
	560	486
	558	485
	558	484
	558	482
	561	480
	563	479
	564	478
	563	477
	562	476
	560	475
	557	475
.PEN_UP
.PEN_DOWN
	572	485
	571	486
	570	485
	569	481
	569	480
	569	478
	573	477
	575	477
	577	477
.PEN_UP
.PEN_DOWN
	581	480
	582	481
	583	482
	585	483
	586	485
	586	486
	585	487
	584	487
	583	487
	581	485
	581	483
	582	481
	585	480
	587	480
.PEN_UP
.PEN_DOWN
	595	483
	594	483
	594	482
	594	481
	595	479
	595	478
	596	481
	596	482
	597	484
	598	485
	599	485
	601	485
	603	483
	604	480
	604	479
	604	478
.PEN_UP
.PEN_DOWN
	616	494
	616	492
	616	491
	616	488
	617	483
	617	481
	618	483
	618	486
	618	487
	615	489
	613	489
	612	488
	610	486
	611	483
	611	482
	613	481
	616	481
	617	481
.PEN_UP
.PEN_DOWN
	638	480
	639	480
	638	480
	636	481
	632	480
	631	480
	630	480
	630	479
.PEN_UP
.PEN_DOWN
	650	481
	651	481
.PEN_UP
