
.WRITER_ID JeffJohnson
.STYLE PRINTED
.PEN_DOWN
	159	472
	158	471
	158	466
	158	464
	158	458
	158	455
	158	453
	159	453
.PEN_UP
.PEN_DOWN
	173	468
	173	470
	173	471
	172	472
	171	473
	170	473
	168	471
	168	470
	167	465
	168	460
	169	458
	171	455
	171	454
.PEN_UP
.PEN_DOWN
	173	463
	172	463
	169	462
	166	461
	165	461
.PEN_UP
.PEN_DOWN
	185	455
	185	456
	185	460
	185	466
	184	468
	184	470
	184	472
	185	472
	186	472
	187	471
	190	467
	191	465
	193	461
	194	461
	194	463
	194	469
	194	470
	194	473
	194	474
	195	474
	196	474
	198	472
	198	471
	199	466
	200	465
	200	462
	201	460
.PEN_UP
.PEN_DOWN
	208	466
	208	464
	208	463
	209	462
	210	462
	211	462
	212	465
	212	466
	213	467
	213	465
	213	463
	213	462
	214	460
	215	456
	215	455
	215	452
	216	452
.PEN_UP
.PEN_DOWN
	226	460
	225	461
	225	462
	225	466
	225	470
	225	474
	225	477
	225	478
	225	477
	225	476
	227	473
	230	469
	231	467
	234	463
	235	462
	236	462
	236	463
	237	467
	238	470
	238	475
	237	481
	237	482
	236	483
.PEN_UP
.PEN_DOWN
	251	470
	251	472
	251	473
	250	473
	249	474
	247	474
	246	473
	244	470
	244	468
	244	465
	247	464
	248	465
	250	467
	251	470
	251	471
	251	472
	250	472
	249	472
	249	471
	249	470
	250	469
	251	468
	252	467
	253	466
	254	464
	254	463
.PEN_UP
.PEN_DOWN
	264	471
	264	468
	264	467
	264	465
	264	466
	264	469
	265	472
	265	473
	266	474
	267	474
	268	474
	270	474
	270	473
	271	470
	271	467
	271	466
	271	465
	271	467
	271	468
	272	472
	273	473
	274	474
	275	474
	276	473
	277	473
	278	470
	278	466
	278	464
	278	463
	278	462
	278	463
.PEN_UP
.PEN_DOWN
	286	471
	286	472
	287	472
	288	472
	289	473
	289	474
	290	475
	290	476
	289	476
	288	476
	287	476
	286	473
	286	470
	287	468
	288	466
	292	466
	294	466
	296	467
.PEN_UP
.PEN_DOWN
	315	476
	314	476
	313	476
	312	476
	309	476
	307	476
	305	476
.PEN_UP
.PEN_DOWN
	313	484
	311	485
	310	485
	309	484
	307	484
	306	484
	304	484
.PEN_UP
.PEN_DOWN
	324	494
	323	494
	323	493
	323	491
	323	488
	325	488
.PEN_UP
.PEN_DOWN
	327	495
	327	493
	327	491
	327	490
.PEN_UP
.PEN_DOWN
	336	491
	336	490
	338	488
	340	486
	342	483
	343	482
.PEN_UP
.PEN_DOWN
	349	497
	348	495
	348	494
	347	490
	345	483
	342	473
	341	471
	340	468
.PEN_UP
.PEN_DOWN
	354	479
	354	481
	354	482
	354	483
	353	483
	353	482
	351	480
	350	477
	349	474
	350	473
	355	476
	357	479
	358	481
	358	482
	356	482
	354	481
	352	481
	351	481
.PEN_UP
.PEN_DOWN
	360	482
	359	482
	359	481
	360	480
	360	478
	360	477
	362	475
	363	475
	364	476
	366	478
	366	481
	367	481
	367	482
	366	482
	366	481
	366	480
	366	479
	367	477
	368	476
	368	475
	368	474
	369	474
	369	475
.PEN_UP
.PEN_DOWN
	373	481
	373	479
	374	477
	374	476
	375	476
	375	477
	375	479
	376	481
	377	482
	378	483
	381	483
.PEN_UP
.PEN_DOWN
	396	491
	396	490
	396	488
	396	484
	397	479
	397	478
	398	478
.PEN_UP
.PEN_DOWN
	408	495
	408	497
	407	497
	404	496
	399	494
	398	494
	394	492
	394	491
.PEN_UP
.PEN_DOWN
	407	490
	405	490
	404	490
	401	490
	397	489
	396	489
	395	488
	395	487
.PEN_UP
.PEN_DOWN
	410	490
	410	488
	410	486
	410	485
	410	482
	410	484
	410	485
	410	487
	411	488
	412	489
	413	490
	414	490
	415	490
	415	489
	414	489
	415	488
.PEN_UP
.PEN_DOWN
	422	491
	421	492
	420	490
	420	487
	420	485
	420	483
.PEN_UP
.PEN_DOWN
	420	497
	419	497
.PEN_UP
.PEN_DOWN
	429	486
	429	487
	430	487
	431	488
	432	488
	433	489
	433	491
	433	492
	432	492
	431	492
	429	493
	429	491
	429	490
	429	488
	430	484
	433	483
	436	484
	437	484
.PEN_UP
.PEN_DOWN
	440	490
	439	490
	439	488
	441	484
	441	483
	441	484
	441	486
	442	488
	442	489
	442	490
	444	490
	446	489
	447	488
	448	487
	449	484
.PEN_UP
.PEN_DOWN
	454	499
	454	497
	455	496
	456	492
	458	488
	459	484
	460	484
	460	485
	460	486
	458	489
	457	490
	456	490
	454	490
	453	489
	453	487
	452	486
	453	484
	456	483
	457	483
	459	484
.PEN_UP
.PEN_DOWN
	469	485
	469	484
	469	480
	469	479
	468	476
	467	475
.PEN_UP
.PEN_DOWN
	478	496
	479	495
	479	493
	479	492
.PEN_UP
.PEN_DOWN
	481	496
	481	497
	481	496
	482	496
	482	495
	482	493
	482	492
.PEN_UP
