
.WRITER_ID JeffJohnson
.STYLE PRINTED
.PEN_DOWN
	160	465
	160	466
	160	468
	159	468
	158	468
	156	465
	153	456
	153	455
	153	454
	158	455
	163	458
	165	461
	167	465
	166	467
	165	468
	159	468
	154	466
.PEN_UP
.PEN_DOWN
	161	464
	161	463
	162	461
	164	458
	165	457
	167	456
	168	456
.PEN_UP
.PEN_DOWN
	180	464
	180	465
	180	466
	179	466
	179	464
	179	458
	180	456
	181	456
	185	459
	188	463
	188	465
	189	469
	185	471
	185	470
.PEN_UP
.PEN_DOWN
	196	468
	195	468
	195	467
	196	466
	196	462
	196	457
	196	455
	197	455
.PEN_UP
.PEN_DOWN
	209	468
	208	468
	206	469
	205	467
	203	465
	203	464
	204	460
	207	458
	210	458
	214	458
.PEN_UP
.PEN_DOWN
	215	469
	214	469
	215	469
	216	466
	218	462
	218	460
	219	458
	220	457
.PEN_UP
.PEN_DOWN
	227	473
	228	473
	228	471
	227	470
	222	467
	219	466
	218	465
	217	465
	219	465
	221	464
	222	464
	223	463
	224	463
	225	462
	227	461
	228	460
	231	458
	232	457
	233	457
.PEN_UP
.PEN_DOWN
	243	473
	243	472
	243	471
	242	465
	242	463
	243	460
	247	460
	250	461
	252	461
	254	461
.PEN_UP
.PEN_DOWN
	253	469
	253	468
	254	466
	256	464
	260	462
	261	461
	264	461
	265	461
.PEN_UP
.PEN_DOWN
	270	470
	269	470
	268	467
	266	464
	263	457
	263	454
	263	451
	263	450
.PEN_UP
.PEN_DOWN
	291	475
	291	474
	292	472
	292	471
	293	466
	294	462
	295	462
.PEN_UP
.PEN_DOWN
	305	479
	306	479
	304	479
	298	478
	296	477
	292	476
	291	476
	292	476
.PEN_UP
.PEN_DOWN
	307	474
	306	474
	303	474
	299	473
	294	473
	293	472
	293	471
.PEN_UP
.PEN_DOWN
	313	474
	313	473
	314	471
	315	470
	316	466
	314	465
	310	467
	308	469
	307	470
	307	472
	309	473
	311	474
	314	474
.PEN_UP
.PEN_DOWN
	323	473
	323	472
	323	471
	324	468
	324	465
	324	464
	324	466
	324	469
	323	472
	323	474
	323	476
	325	477
	328	477
	329	476
	330	476
	330	474
	329	473
	328	472
	327	471
	326	470
	326	469
	328	467
	329	467
	332	466
	333	465
.PEN_UP
.PEN_DOWN
	344	474
	344	475
	344	477
	344	478
	342	479
	341	479
	340	478
	339	477
	336	471
	336	467
	337	466
	340	465
	344	467
	347	467
	350	469
	351	471
	350	472
	347	473
	346	473
	343	473
	340	472
.PEN_UP
.PEN_DOWN
	358	476
	357	476
	357	477
	356	477
	357	476
	358	476
	360	473
	363	471
	363	468
	363	466
	360	466
	358	467
	354	470
	353	473
	355	475
	359	475
	360	475
.PEN_UP
.PEN_DOWN
	369	476
	368	476
	369	473
	369	470
	370	469
	370	466
	371	467
.PEN_UP
.PEN_DOWN
	376	479
	376	480
	373	481
	367	481
	365	481
	359	481
	358	480
.PEN_UP
.PEN_DOWN
	393	479
	394	477
	394	475
	394	472
	393	467
	393	466
	394	467
.PEN_UP
.PEN_DOWN
	400	481
	401	479
	401	476
	401	474
	401	471
	402	470
	403	469
	403	470
	403	471
	400	473
	398	473
	395	473
	393	472
.PEN_UP
.PEN_DOWN
	410	477
	410	478
	411	478
	412	477
	414	476
	416	473
	416	472
	416	470
	414	469
	410	470
	408	471
	406	473
	406	475
	408	476
	410	478
	413	478
.PEN_UP
.PEN_DOWN
	418	478
	419	477
	419	476
	419	473
	419	471
	419	470
	422	471
	423	472
	424	473
	424	475
	424	474
	424	473
	424	472
	425	470
	428	471
	430	471
	432	474
	433	477
	433	478
	430	481
	427	482
.PEN_UP
.PEN_DOWN
	457	482
	455	482
	455	481
	455	478
	454	475
	454	472
	454	471
	455	471
.PEN_UP
.PEN_DOWN
	464	486
	460	485
	456	485
	451	485
	446	484
	445	484
.PEN_UP
.PEN_DOWN
	464	482
	466	481
	467	479
	468	477
	468	474
	468	472
	467	472
	463	473
	461	476
	460	478
	460	481
	462	482
	464	482
.PEN_UP
.PEN_DOWN
	488	481
	487	479
	487	475
	487	473
	487	471
	489	470
	490	470
	492	472
	494	475
	494	476
	494	475
	494	473
	495	472
	498	472
	499	472
	502	474
	503	475
	503	479
	503	481
	503	483
	501	485
.PEN_UP
.PEN_DOWN
	510	473
	509	473
	509	475
	510	478
	510	479
	510	482
	511	483
	513	483
	514	482
	516	479
	518	476
	519	475
	518	476
	515	476
	513	476
	509	476
	508	476
.PEN_UP
.PEN_DOWN
	531	486
	530	486
	530	485
	530	484
	529	481
	529	476
	529	475
	529	473
	530	474
	534	474
	538	474
	540	474
	540	473
.PEN_UP
.PEN_DOWN
	545	485
	545	484
	546	482
	546	477
	547	475
	547	471
.PEN_UP
.PEN_DOWN
	552	485
	550	486
	549	486
	544	486
	540	485
	539	485
	538	484
.PEN_UP
.PEN_DOWN
	556	483
	557	484
	558	484
	559	484
	561	484
	563	484
	564	484
	565	483
	564	482
	564	481
	563	481
	562	480
	562	479
	561	478
	560	477
	559	474
	558	473
	557	473
	557	472
	558	472
	559	472
	560	472
	562	473
	567	473
	569	473
	571	473
.PEN_UP
