
.WRITER_ID JeffJohnson
.STYLE PRINTED
.PEN_DOWN
	143	465
	142	465
	142	464
	142	463
	142	459
	142	457
	142	456
	142	457
	141	459
	141	462
	141	464
	141	465
	141	467
	142	467
	143	468
	146	469
	147	469
	148	469
	149	467
	148	465
	145	463
	144	463
	145	463
	146	464
	147	464
	149	464
	150	463
	151	462
	151	459
	149	458
	147	456
	145	455
	143	455
	141	456
.PEN_UP
.PEN_DOWN
	161	467
	160	467
	161	465
	161	464
	161	463
	161	462
	160	464
	160	466
	161	467
	163	468
	164	468
	167	469
.PEN_UP
.PEN_DOWN
	173	467
	172	468
	173	468
	174	468
	176	467
	178	466
	179	465
	178	464
	176	462
	173	462
	171	462
	170	464
	170	465
	171	467
	172	467
	175	468
.PEN_UP
.PEN_DOWN
	187	474
	187	470
	189	466
	190	462
	191	462
.PEN_UP
.PEN_DOWN
	194	474
	195	475
	196	475
	195	474
	194	473
	191	471
	189	468
	192	467
	195	467
	198	467
	199	465
	199	464
.PEN_UP
.PEN_DOWN
	205	467
	206	467
	207	467
	208	469
	208	470
	208	472
	207	472
	206	473
	205	471
	204	470
	204	468
	205	465
	207	464
	209	464
	213	465
.PEN_UP
.PEN_DOWN
	215	469
	215	468
	216	467
	216	466
	216	467
	216	468
	217	469
	219	470
	221	471
	224	471
	225	470
	226	469
	227	467
	227	466
.PEN_UP
.PEN_DOWN
	251	464
	250	464
	250	466
	249	471
	249	474
	250	479
	250	482
	251	482
	253	482
	257	479
	259	477
	261	472
	261	468
	261	467
	259	468
	259	470
	259	475
	260	478
	260	480
	264	482
	267	482
	268	481
	270	476
	270	472
	270	469
	270	467
.PEN_UP
.PEN_DOWN
	276	475
	276	474
	277	474
	277	475
	277	476
	276	475
	275	471
	275	470
	275	468
	276	468
	277	469
	280	473
	281	476
	280	476
	279	476
	275	475
.PEN_UP
.PEN_DOWN
	285	475
	286	475
	286	476
	286	475
	285	474
	285	470
	285	468
	287	469
	291	473
	291	474
	292	476
	290	476
	288	475
	285	474
.PEN_UP
.PEN_DOWN
	296	475
	295	475
	296	474
	296	472
	297	471
	297	469
	297	470
	297	473
	298	474
	299	476
	300	477
	301	478
	303	477
	304	475
	305	473
	305	470
	305	468
	306	468
.PEN_UP
.PEN_DOWN
	312	479
	313	478
	312	477
	312	476
	312	475
	313	475
	314	475
	315	474
	316	472
	316	471
	315	469
	315	468
	314	468
.PEN_UP
.PEN_DOWN
	331	484
	331	483
	331	482
	331	481
	332	478
	333	476
	333	473
	333	471
.PEN_UP
.PEN_DOWN
	342	478
	341	479
	339	479
	335	480
	333	480
	330	479
	327	478
.PEN_UP
.PEN_DOWN
	344	484
	343	482
	343	479
	344	477
	344	474
	344	473
	345	475
	346	476
	347	476
	348	477
	350	476
	352	473
	353	471
.PEN_UP
.PEN_DOWN
	359	476
	359	477
	360	478
	362	479
	362	480
	361	481
	360	480
	358	477
	357	475
	358	475
	360	476
	361	478
	362	478
	362	477
	363	475
	363	474
	364	473
.PEN_UP
.PEN_DOWN
	371	488
	371	487
	373	483
	374	480
	375	478
	375	476
	375	474
.PEN_UP
.PEN_DOWN
	380	483
	380	484
	379	484
	379	485
	375	485
	371	485
	369	484
	366	484
.PEN_UP
.PEN_DOWN
	404	490
	404	487
	404	485
	404	482
	403	476
	403	475
	403	477
	403	479
	403	482
	401	484
	399	483
	397	482
	396	479
	396	476
	397	475
	400	475
	404	475
.PEN_UP
.PEN_DOWN
	415	483
	415	479
	416	475
	416	474
	416	475
.PEN_UP
.PEN_DOWN
	416	491
	414	492
.PEN_UP
.PEN_DOWN
	428	486
	427	486
	425	484
	423	484
	422	483
	422	482
	424	482
	427	481
	430	480
	431	480
	432	478
	430	477
	429	475
	425	475
.PEN_UP
.PEN_DOWN
	439	480
	439	482
	440	482
	440	484
	439	485
	439	486
	436	485
	435	484
	434	482
	434	479
	435	479
	438	480
	439	482
	439	483
	439	482
	439	480
	439	479
	441	477
	442	477
.PEN_UP
.PEN_DOWN
	453	488
	453	489
	452	489
	450	488
	447	487
	447	486
	446	485
	447	485
	448	485
	451	484
	453	484
	455	482
	454	481
	454	480
	451	478
	449	478
.PEN_UP
.PEN_DOWN
	461	495
	461	492
	461	489
	462	486
	462	484
	463	480
	464	478
.PEN_UP
.PEN_DOWN
	470	489
	469	490
	468	490
	467	489
	464	488
	460	487
	457	487
	454	487
.PEN_UP
.PEN_DOWN
	469	481
	469	482
	470	482
	472	483
	473	484
	474	485
	475	486
	474	486
	472	486
	471	485
	471	484
	471	482
	472	481
	474	480
.PEN_UP
.PEN_DOWN
	482	483
	482	482
	482	481
	482	480
	483	479
	483	480
	483	481
	484	483
	485	485
	486	486
	487	486
	490	486
.PEN_UP
.PEN_DOWN
	522	488
	519	488
	518	487
	516	486
	517	485
	520	484
	524	483
	527	482
	527	481
	526	479
	522	477
	520	477
	518	477
	517	479
.PEN_UP
.PEN_DOWN
	531	491
	531	490
	532	489
	533	488
	535	483
	537	479
	537	477
.PEN_UP
.PEN_DOWN
	542	486
	541	487
	537	487
	531	486
	528	486
	526	486
.PEN_UP
.PEN_DOWN
	544	481
	544	480
	544	479
	544	480
	545	483
	545	484
	545	485
	545	486
	547	486
.PEN_UP
.PEN_DOWN
	555	487
	556	484
	556	483
	556	482
	558	482
	560	482
	562	485
	562	487
	561	488
.PEN_UP
.PEN_DOWN
	571	490
	570	490
	569	488
	569	486
	570	483
	571	483
	573	483
	574	483
.PEN_UP
.PEN_DOWN
	581	493
	581	491
	581	489
	581	486
	581	482
	581	479
	582	477
.PEN_UP
.PEN_DOWN
	589	490
	589	491
	588	490
	586	489
	584	488
	582	487
	581	486
	582	485
	584	484
	586	483
	592	480
	593	479
.PEN_UP
.PEN_DOWN
	602	480
	603	480
.PEN_UP
