
.WRITER_ID JeffJohnson
.STYLE PRINTED
.PEN_DOWN
	148	463
	148	464
	148	463
	149	461
	149	457
	149	455
	149	449
	150	446
	150	445
.PEN_UP
.PEN_DOWN
	160	449
	161	450
	161	452
	160	453
	158	452
	156	450
	155	448
	155	447
	157	447
	159	448
	160	449
	160	447
	161	446
	162	445
	163	444
	164	444
.PEN_UP
.PEN_DOWN
	178	460
	180	458
	180	457
	181	454
	181	452
	182	449
.PEN_UP
.PEN_DOWN
	186	455
	186	456
	185	457
	181	458
	178	458
	174	458
	173	457
.PEN_UP
.PEN_DOWN
	198	467
	197	468
	197	467
	197	466
	197	463
	198	460
	198	454
	198	452
	199	455
	199	456
	199	457
	200	457
	202	457
	205	456
	206	456
	207	455
	206	453
	205	453
	202	452
	200	451
	199	451
	199	452
.PEN_UP
.PEN_DOWN
	212	469
	211	470
	212	469
	212	467
	212	464
	213	460
	214	457
	214	454
	215	453
	215	454
.PEN_UP
.PEN_DOWN
	234	470
	234	471
	233	471
	230	469
	227	466
	226	464
	224	462
	223	462
	224	462
	224	461
	225	460
	226	459
	228	458
	230	458
	232	457
	232	456
	233	456
.PEN_UP
.PEN_DOWN
	249	462
	248	463
	247	464
	244	464
	242	464
	240	464
	239	463
.PEN_UP
.PEN_DOWN
	251	470
	250	470
	248	471
	247	471
	243	470
	242	470
	241	470
.PEN_UP
.PEN_DOWN
	264	482
	263	482
	264	479
	264	478
	264	474
	264	469
	264	467
	265	463
	265	462
.PEN_UP
.PEN_DOWN
	279	467
	279	468
	278	470
	277	471
	276	471
	274	470
	273	468
	273	467
	273	464
	274	463
	275	463
	277	465
	278	467
	278	468
	278	469
	277	468
	277	467
	277	466
	278	465
	280	464
	281	463
	281	462
	282	462
.PEN_UP
.PEN_DOWN
	290	483
	289	484
	290	484
	290	482
	291	477
	291	475
	292	470
	293	466
	293	465
	293	464
	293	465
.PEN_UP
.PEN_DOWN
	310	473
	310	471
	311	468
	312	467
	312	466
	313	466
.PEN_UP
.PEN_DOWN
	316	472
	315	472
	311	472
	308	471
	307	471
	306	471
.PEN_UP
.PEN_DOWN
	323	485
	323	484
	324	482
	324	477
	325	475
	325	471
	326	467
	326	466
	326	465
	326	466
.PEN_UP
.PEN_DOWN
	333	484
	333	483
	333	481
	333	478
	334	475
	334	472
	334	471
	334	472
	335	473
	336	474
	338	474
	339	473
	340	473
	341	471
	342	470
	340	469
	337	468
	336	468
	333	468
	333	469
.PEN_UP
.PEN_DOWN
	345	484
	345	483
	346	481
	346	476
	347	475
	348	471
	349	467
.PEN_UP
