
.WRITER_ID PaulArnao
.STYLE PRINTED
.PEN_DOWN
	77	418
	77	419
	77	420
	77	421
	77	422
	77	423
	77	422
	78	421
	78	420
	78	418
	78	416
	79	414
	79	412
	80	409
	80	405
	81	403
	81	401
	82	399
	82	398
	83	396
	83	395
	83	394
	83	393
	84	392
	84	391
	84	390
.PEN_UP
.PEN_DOWN
	83	401
	82	401
	82	402
	81	402
	81	403
	81	404
	82	404
	83	404
	84	404
	85	405
	86	405
	88	405
	89	405
	90	405
	91	405
	92	405
	93	405
	95	405
	96	405
	97	405
.PEN_UP
.PEN_DOWN
	92	421
	92	422
	92	423
	92	424
	91	425
	90	426
	90	425
	90	423
	91	421
	91	419
	92	417
	92	415
	93	413
	94	408
	95	405
	95	403
	96	401
	96	399
	96	397
	97	395
	97	394
	98	392
	98	391
	98	390
	99	390
.PEN_UP
.PEN_DOWN
	107	401
	107	400
	108	400
	109	400
	110	400
	111	400
	112	400
	113	400
	114	400
	114	401
	115	401
	115	402
	115	403
	115	404
	115	405
	114	405
	113	405
	112	405
	111	405
	110	405
	109	404
	107	403
	106	403
	105	400
	105	398
	105	397
	105	395
	105	394
	105	393
	106	392
	107	392
	109	391
	110	391
	112	391
	113	391
	117	392
.PEN_UP
.PEN_DOWN
	137	383
	136	383
	136	382
	135	381
	135	380
	135	379
	135	378
	135	377
	135	376
	135	375
	135	374
	136	374
	136	373
	137	372
	138	372
	139	372
	140	372
	141	373
	142	373
	142	374
	143	375
	144	376
	144	377
	144	379
	144	380
	144	381
	144	382
	144	383
	143	382
	143	381
	143	380
	143	379
	144	378
	144	377
	145	376
	146	376
	148	375
	149	375
	150	376
	151	376
	151	377
	152	377
	152	378
	152	379
	152	380
	151	382
	151	383
	150	384
	150	385
	149	385
	149	386
	148	387
	148	388
	147	388
	147	389
.PEN_UP
.PEN_DOWN
	155	389
	155	390
	156	390
	157	391
	158	391
	159	391
	160	391
	160	390
	161	390
	162	390
	162	389
	162	388
	162	387
	162	386
	162	385
	161	385
	160	385
	159	385
	158	385
	158	384
	157	384
	157	383
	157	382
	156	381
	156	380
	156	379
	156	378
	156	377
	157	376
	158	375
	159	375
	160	375
	162	375
	162	376
	163	376
	164	377
	164	378
	165	379
	166	380
	166	381
	166	382
	166	383
	165	383
	164	383
	164	382
	164	381
	164	380
	164	379
	164	378
	164	377
	165	376
	166	376
.PEN_UP
.PEN_DOWN
	174	390
	173	390
	172	390
	171	390
	170	390
	170	389
	170	387
	171	387
	171	386
	172	385
	174	384
	175	383
	176	383
	176	382
	177	381
	178	381
	179	379
	179	378
	179	377
	178	376
	177	376
	176	376
	175	376
	174	376
	173	376
	172	376
.PEN_UP
.PEN_DOWN
	203	384
	203	385
	202	385
	202	386
	201	386
	200	386
	199	386
	199	385
	199	382
	199	381
	199	380
	200	379
	201	378
	201	377
	202	376
	203	376
	203	375
	204	375
	205	374
	207	374
	208	374
	208	375
	209	375
	209	376
	209	377
	209	378
	209	379
	209	381
	209	382
	209	383
	208	384
	208	385
	208	386
	208	385
.PEN_UP
.PEN_DOWN
	215	385
	216	385
	216	386
	216	387
	215	388
	214	388
	214	387
	214	386
	215	385
	215	384
	216	383
	217	383
	217	382
	218	382
	219	381
	220	380
	220	379
	220	378
	220	377
	219	377
	218	377
	217	376
	216	376
	215	376
.PEN_UP
.PEN_DOWN
	224	387
	224	386
	224	385
	225	384
	225	383
	226	382
	226	381
	227	381
	227	380
	228	379
	229	379
	230	378
	231	378
	232	378
	232	379
	233	380
	233	381
	233	382
	233	383
	233	385
	233	386
	232	387
	232	388
	232	389
	232	390
.PEN_UP
.PEN_DOWN
	237	388
	237	389
	238	389
	238	390
	239	391
	240	391
	241	391
	242	391
	243	390
	243	389
	244	388
	244	387
	244	386
	243	386
	242	386
	241	386
	240	386
	239	386
	239	385
	239	384
	238	383
	238	381
	239	380
	239	379
	240	379
	241	379
	242	379
	243	379
	244	379
	244	380
	245	380
	245	381
	245	382
	245	383
	245	382
	245	381
	245	380
	245	379
	246	379
	246	378
	247	377
	248	376
.PEN_UP
.PEN_DOWN
	252	401
	252	402
	252	401
	252	400
	252	399
	252	397
	252	396
	252	394
	252	393
	252	391
	252	389
	252	386
	252	385
	252	383
	253	381
	253	380
	254	378
	254	377
	254	376
	254	375
	255	374
	255	373
.PEN_UP
.PEN_DOWN
	257	402
	257	403
	257	404
	256	404
	256	403
	256	402
	257	399
	257	398
	257	396
	258	394
	258	393
	258	391
	258	389
	258	388
	258	386
	258	384
	259	382
	259	379
	259	378
	260	377
	260	376
	260	375
.PEN_UP
.PEN_DOWN
	266	386
	266	385
	267	385
	268	384
	269	384
	270	383
	271	383
	271	382
	272	382
	272	381
	273	381
	273	380
	274	380
.PEN_UP
.PEN_DOWN
	277	387
	277	386
	277	385
	277	383
	277	382
	277	381
	277	380
	277	379
	277	378
	277	377
	277	376
	276	375
	276	374
	276	373
.PEN_UP
.PEN_DOWN
	317	408
	318	408
	318	410
	318	411
	318	412
	318	413
	318	412
	318	411
	318	410
	318	408
	318	407
	318	405
	318	403
	318	399
	318	397
	318	394
	318	393
	318	391
	318	390
	318	388
	319	387
	319	386
	319	385
	320	384
	320	383
	320	384
	320	385
	320	386
	319	387
	319	388
	318	389
	318	390
	317	390
	316	391
	315	391
	314	390
	313	390
	313	389
	313	388
	313	387
	314	386
	315	385
	316	385
	317	385
	318	385
	319	385
	320	385
	322	385
	323	385
	324	386
.PEN_UP
.PEN_DOWN
	328	392
	328	391
	328	390
	327	389
	327	388
	327	387
	327	385
	328	384
	328	383
.PEN_UP
.PEN_DOWN
	330	394
	329	394
	328	394
	327	394
	327	393
	328	393
	329	393
	329	392
	331	392
	332	392
	334	392
	335	392
	337	392
.PEN_UP
.PEN_DOWN
	334	390
	333	390
	333	389
	333	388
	334	387
	334	386
	336	386
	336	385
	337	385
	338	385
	339	384
	340	384
	340	383
	341	383
	341	382
	341	381
	340	381
	339	380
	338	380
	337	380
	336	381
	335	381
.PEN_UP
.PEN_DOWN
	351	391
	351	392
	351	393
	352	394
	353	394
	354	394
	355	393
	356	393
	356	392
	357	391
	357	390
	357	389
	357	388
	357	387
	356	387
	356	386
	355	386
	354	385
	353	385
	353	384
	352	384
	352	383
	351	382
	351	381
	350	381
	350	380
	350	379
	350	378
	351	377
	352	377
	353	377
	354	377
	355	377
	356	377
	357	378
	359	379
	360	380
	360	381
	360	380
	360	379
	361	379
	361	378
	362	378
	362	377
	363	377
	364	377
.PEN_UP
.PEN_DOWN
	372	382
	372	381
	372	380
	372	379
	372	378
	372	376
	372	375
	372	374
	372	373
	372	372
	373	371
	373	370
	374	370
	373	370
	373	371
	373	372
	373	373
	372	375
	372	376
	372	377
	372	378
	371	380
	371	381
	371	384
	371	385
	371	386
	371	387
	371	388
	372	389
	372	390
	373	390
	374	390
	375	390
	376	389
	377	389
	378	388
	378	387
	379	386
	379	385
	378	384
	377	383
	376	383
	375	382
	374	382
	373	382
.PEN_UP
.PEN_DOWN
	382	384
	381	383
	381	382
	380	382
	380	381
	380	380
	380	379
	380	378
	380	377
	381	376
	382	374
	382	373
	382	372
	383	371
	383	372
	383	374
	383	375
	383	376
	382	377
	382	379
	382	380
	381	381
	381	382
	381	384
	380	385
	380	386
	380	388
	380	389
	381	389
	381	390
	382	390
	383	390
	384	390
	384	389
	385	389
	387	388
	387	387
	388	387
	388	386
	388	385
	388	384
	387	384
	387	383
	386	383
	384	382
	383	382
	382	382
.PEN_UP
.PEN_DOWN
	396	392
	395	392
	394	392
	394	391
	394	390
	394	389
	394	388
	394	387
	394	386
	394	385
	395	385
	396	384
	397	384
	398	384
	398	385
	399	385
	400	386
	400	387
	400	388
	400	389
	399	389
	399	390
	398	390
	398	391
.PEN_UP
.PEN_DOWN
	403	393
	404	393
	404	392
	404	391
	404	390
	404	389
	404	388
	404	387
	405	386
.PEN_UP
.PEN_DOWN
	405	397
	405	398
.PEN_UP
.PEN_DOWN
	409	388
	409	387
	409	386
	409	385
	410	385
	411	385
	412	385
	412	386
	413	386
	413	387
	414	387
	414	388
	414	389
	414	390
	414	391
	414	392
	415	393
	415	394
	415	395
	415	396
	416	395
	417	394
	418	393
	418	392
	419	391
	419	390
	419	389
	420	388
	421	387
.PEN_UP
.PEN_DOWN
	425	413
	425	414
	425	413
	426	412
	426	411
	426	409
	426	408
	427	407
	427	405
	428	404
	428	402
	428	401
	428	399
	428	397
	429	396
	429	393
	429	392
	430	391
	430	390
	430	389
.PEN_UP
.PEN_DOWN
	424	394
	424	395
	424	396
	425	396
	426	396
	427	396
	428	396
	429	396
	430	396
	431	396
	432	396
.PEN_UP
.PEN_DOWN
	440	394
	441	394
	442	394
	443	394
	444	395
	444	396
	443	397
	442	397
	441	397
	440	397
	439	397
	439	396
	438	394
	438	393
	438	392
	438	391
	439	390
	440	390
	440	389
	441	389
	442	389
	443	389
.PEN_UP
.PEN_DOWN
	451	408
	452	408
	452	407
	452	406
	452	405
	452	404
	452	403
	452	401
	452	400
	452	399
	453	397
	453	396
	453	394
	453	393
	453	392
	454	392
	454	391
	454	392
	454	393
	453	394
	453	395
	452	395
	451	395
	450	395
	449	394
	448	393
	448	392
	448	391
	448	390
	449	390
	450	389
	451	389
	452	388
	454	387
	456	387
	457	387
	458	387
	459	387
	461	387
	462	387
	462	388
.PEN_UP
.PEN_DOWN
	483	384
	483	383
	482	383
	481	383
.PEN_UP
.PEN_DOWN
	505	410
	505	411
	505	412
	505	413
	506	412
	506	411
	506	409
	506	407
	507	405
	508	401
	508	399
	508	396
	508	394
	508	393
	509	392
	509	391
	509	390
.PEN_UP
.PEN_DOWN
	505	396
	506	396
	506	397
	507	397
	509	397
	511	397
	512	397
	513	397
	514	397
	515	397
	516	397
	517	397
.PEN_UP
.PEN_DOWN
	518	415
	517	415
	517	414
	517	413
	517	412
	517	411
	517	409
	518	407
	518	405
	518	403
	519	398
	520	395
	520	393
	521	391
	521	390
	522	388
	523	387
.PEN_UP
.PEN_DOWN
	536	400
	536	399
	535	399
	534	399
	534	398
	533	398
	533	397
	532	396
	531	395
	531	394
	531	393
	531	392
	531	391
	531	390
	532	390
	532	389
	533	389
	534	389
	535	389
	536	389
	537	390
	537	391
	538	392
	538	393
	538	394
	538	395
	537	395
	536	397
	535	398
	534	399
.PEN_UP
.PEN_DOWN
	547	399
	547	398
	547	397
	547	396
	548	395
	548	394
	548	393
	549	392
	549	391
	550	391
	551	391
	552	391
	553	392
	553	393
	553	394
	553	395
	553	396
	553	397
	553	398
	552	398
	552	397
	552	396
	553	395
	553	394
	554	393
	554	392
	555	391
	556	390
	557	390
	558	390
	559	390
	560	390
	561	390
	561	391
	561	393
	561	394
	561	395
	560	398
	560	399
	559	399
	558	400
	558	401
	557	401
	557	402
	557	401
.PEN_UP
.PEN_DOWN
	568	396
	569	396
	570	397
	571	397
	572	397
	573	397
	574	397
	575	397
	576	397
	577	397
	577	398
	577	399
	577	400
	576	400
	576	401
	575	401
	574	401
	573	401
	572	401
	571	400
	570	400
	570	399
	570	398
	570	397
	570	396
	570	395
	570	394
	571	394
	572	393
	572	392
	574	392
	576	392
	577	392
	579	393
.PEN_UP
.PEN_DOWN
	584	403
	584	404
	583	404
	583	405
	584	404
	585	404
	585	403
	586	402
	586	401
	587	401
	587	400
	588	399
	588	398
	590	396
	591	395
	592	395
	592	396
	593	396
	593	397
	593	398
	593	399
	593	400
	593	401
	593	402
	593	403
	593	404
.PEN_UP
.PEN_DOWN
	600	402
	601	402
	602	402
	603	403
	604	403
	605	403
	606	403
	606	404
	605	405
	604	405
	603	405
	602	405
	602	404
	602	403
	601	403
	601	401
	601	400
	602	400
	602	399
	602	398
	603	397
	604	397
	605	397
.PEN_UP
.PEN_DOWN
	613	403
	613	402
	613	401
	613	400
	613	399
	614	398
	614	397
	614	396
	615	396
	615	395
	616	395
	616	394
	616	395
	616	396
	616	397
	616	398
	616	399
	615	400
	615	401
	615	402
	615	404
	615	405
	615	406
	616	406
	617	406
	619	406
	620	406
	621	405
	622	405
.PEN_UP
.PEN_DOWN
	629	397
	630	397
	630	396
	630	395
	630	394
	630	393
	630	392
	630	391
	629	390
	628	389
	628	388
	627	387
.PEN_UP
