
.WRITER_ID PaulArnao
.STYLE PRINTED
.PEN_DOWN
	61	385
	61	386
	60	386
	61	386
	61	385
	61	384
	62	384
	62	383
	63	382
	64	382
	65	381
	66	381
	67	381
	68	381
	69	381
	69	382
	70	382
	70	383
	70	384
	70	386
	69	386
	69	387
	68	388
	67	388
	66	388
	65	388
	64	388
	63	388
	62	388
	60	387
	59	386
	59	385
	59	384
	59	383
	59	381
	60	380
	60	379
	61	378
	63	376
	64	376
	66	375
	69	375
	71	375
	73	375
	74	375
	75	375
.PEN_UP
.PEN_DOWN
	79	391
	79	392
	79	393
	80	393
	81	393
	81	392
	82	392
	82	390
	83	389
	83	388
	83	387
	84	386
	84	385
	84	384
	83	384
	82	384
	82	385
	81	385
	81	386
	80	386
	80	387
	79	387
	78	387
	77	387
	76	387
	75	387
	75	386
	74	385
	74	384
	74	383
	74	382
	75	380
	75	379
	76	379
	77	378
	78	378
	79	377
	80	377
	82	377
	83	377
	84	378
	85	378
	87	379
	88	380
	88	381
	88	382
	87	383
	86	383
	85	382
	85	381
	85	380
	85	379
	86	378
	88	377
.PEN_UP
.PEN_DOWN
	95	391
	94	391
	93	391
	92	391
	91	391
	90	391
	90	390
	90	389
	91	388
	91	387
	92	387
	94	386
	94	385
	96	384
	97	384
	98	383
	98	382
	99	382
	100	381
	100	380
	99	379
	98	379
	97	379
	96	379
	95	379
	94	379
	92	379
	91	379
	90	379
.PEN_UP
.PEN_DOWN
	105	387
	106	387
	107	388
	108	388
	109	388
	111	388
	112	388
	113	388
	114	388
	115	388
	116	388
	117	389
	117	390
	117	391
	116	391
	116	392
	115	392
	115	393
	114	393
	113	393
	112	393
	109	393
	108	393
	107	393
	106	392
	106	391
	106	390
	106	389
	106	388
	106	387
	106	386
	108	384
	109	383
	111	382
	112	381
	113	381
	115	381
	117	381
	118	381
	119	381
	120	381
.PEN_UP
.PEN_DOWN
	126	407
	126	408
	126	409
	126	410
	126	411
	126	409
	126	408
	126	406
	126	405
	126	403
	126	401
	126	398
	126	397
	126	394
	126	393
	126	391
	126	389
	127	386
	127	384
	128	383
	128	382
	128	381
	129	381
.PEN_UP
.PEN_DOWN
	137	383
	137	384
	137	383
	136	382
	136	381
	136	380
	136	379
	136	378
	135	377
	135	376
	135	375
	134	375
	134	374
.PEN_UP
.PEN_DOWN
	160	393
	161	394
	161	395
	162	396
	163	396
	164	395
	165	395
	166	395
	166	394
	167	394
	167	393
	168	393
	168	392
	168	391
	168	390
	167	390
	167	389
	166	389
	165	389
	165	388
	164	388
	163	388
	162	388
	161	388
	160	387
	159	387
	159	386
	158	385
	157	384
	157	383
	157	382
	157	380
	157	379
	158	379
	159	379
	160	379
	161	379
	162	379
	163	379
	164	379
	166	381
	167	381
	167	382
	167	383
	167	384
	168	384
	168	385
	168	386
	167	386
	167	385
	167	384
	167	383
	167	382
	168	381
	169	379
	170	378
.PEN_UP
.PEN_DOWN
	175	389
	175	388
	174	388
	174	387
	174	385
	174	384
	174	383
	175	383
	175	382
	176	381
	177	381
	177	382
	177	383
	177	384
	178	385
	178	386
	178	387
	178	388
	179	389
	179	390
	179	391
	180	393
	181	393
	181	394
	182	394
	183	394
	184	394
	184	393
	185	392
	185	390
	186	389
	186	388
	186	387
	186	386
	186	385
	187	384
	187	383
	187	382
.PEN_UP
.PEN_DOWN
	198	402
	198	401
	198	400
	198	399
	198	398
	198	397
	198	396
	198	395
	198	393
	199	391
	199	389
	199	388
	199	387
	200	386
	200	385
	201	385
	201	386
	201	387
	201	388
	200	388
	200	390
	199	390
	199	391
	198	392
	196	392
	195	392
	194	392
	193	391
	193	390
	193	388
	193	387
	193	385
	194	383
	196	382
	197	381
	198	381
	199	381
	200	381
	201	381
	202	381
	203	381
.PEN_UP
.PEN_DOWN
	232	395
	233	395
	234	396
	235	396
	236	396
	237	396
	238	395
	239	394
	240	393
	239	393
	239	392
	238	392
	237	392
	236	392
	235	392
	233	392
	233	391
	231	391
	230	390
	229	389
	228	389
	227	388
	227	387
	227	386
	227	385
	227	384
	227	383
	228	382
	229	382
	230	381
	231	381
	232	381
	233	381
	234	382
	235	382
	236	382
	236	383
	237	384
	238	384
	239	384
	239	383
	240	382
	240	381
	241	380
	242	379
	243	378
	243	377
	244	377
.PEN_UP
.PEN_DOWN
	280	419
	281	420
	281	422
	281	424
	280	425
	280	424
	280	423
	280	422
	280	420
	280	418
	280	416
	280	414
	280	411
	281	407
	282	404
	282	402
	283	400
	283	398
	283	396
	284	393
	284	392
	284	390
	284	389
	284	388
	284	386
	284	385
.PEN_UP
.PEN_DOWN
	273	393
	273	394
	274	394
	275	394
	276	394
	277	394
	280	394
	281	393
	283	393
	284	393
	286	393
	287	393
	289	393
.PEN_UP
.PEN_DOWN
	297	396
	297	395
	297	394
	297	393
	297	392
	297	391
	297	390
	297	389
	297	388
	298	387
	298	386
.PEN_UP
.PEN_DOWN
	300	399
	300	400
	300	399
	300	398
	301	398
.PEN_UP
.PEN_DOWN
	305	392
	305	391
	305	390
	305	389
	305	388
	305	387
	306	387
	307	387
	307	388
	308	388
	308	389
	308	390
	308	391
	308	392
	309	392
	309	394
	309	395
	310	396
	310	397
	311	397
	312	397
	312	396
	313	395
	314	394
	314	393
	314	392
	315	391
	315	390
	316	388
	316	387
	316	386
	316	385
	317	385
.PEN_UP
.PEN_DOWN
	324	394
	324	395
	324	396
	325	396
	325	395
	326	394
	326	393
	327	393
	327	392
	327	391
	327	390
	328	388
	328	387
	328	386
	328	385
	329	384
	330	384
	330	383
.PEN_UP
.PEN_DOWN
	341	396
	340	395
	339	395
	338	394
	337	393
	336	392
	335	391
	333	389
	332	388
	330	385
	328	384
	327	382
	326	380
	323	377
	322	375
	321	374
	321	373
	321	372
	321	371
	321	370
.PEN_UP
.PEN_DOWN
	365	401
	366	401
	366	402
	366	401
	366	400
	366	399
	365	399
	365	398
	365	397
	365	395
	366	394
	366	393
	366	392
	366	391
	367	390
	367	389
	368	389
	369	389
	370	389
	370	390
	371	390
	371	391
	372	391
	372	392
	373	393
	373	394
	374	395
	374	396
	374	397
	374	399
	374	400
	374	401
	375	401
.PEN_UP
.PEN_DOWN
	382	397
	383	397
	383	396
	383	395
	383	394
	383	393
	382	393
	382	392
	382	391
	382	390
	382	389
	382	388
	382	389
	382	390
	382	391
	382	392
	383	393
	383	394
	383	395
	384	396
	384	397
	384	398
	385	398
	385	399
	386	400
	387	400
	388	400
	389	400
	390	399
	391	399
	391	398
	392	397
	392	396
	392	395
	392	394
	392	393
	392	392
	392	390
	393	389
	393	388
	393	387
	393	386
	394	385
	394	384
	395	384
	396	384
	397	384
.PEN_UP
.PEN_DOWN
	409	395
	410	395
	410	394
	410	393
	410	392
	410	391
	410	390
	410	389
	410	388
	410	387
	410	386
	410	385
	410	384
	409	385
	409	386
	409	387
	409	388
	409	389
	409	391
	409	392
	409	393
	409	396
	410	397
	410	398
	410	399
	411	399
	411	400
	412	400
	413	399
	414	398
	415	397
	415	396
	416	395
	416	394
	416	393
	416	392
	417	391
	417	390
	417	389
	417	388
	418	388
	417	388
	417	389
	417	390
	417	391
	417	392
	417	393
	417	394
	417	395
	418	396
	418	397
	419	397
	420	397
	421	397
	422	397
	423	396
	423	395
	423	394
	423	393
	423	392
	423	390
	423	389
	423	388
	424	388
	424	387
	425	387
.PEN_UP
.PEN_DOWN
	426	397
	426	398
	427	398
	427	399
	428	399
	428	400
	429	400
	430	400
	431	400
	432	400
	433	400
	433	399
	434	399
	434	398
	435	398
	435	397
	436	396
	436	395
	436	394
	435	394
	434	394
	433	394
	433	395
	432	395
	431	396
	430	396
	429	396
	429	395
	428	395
	428	394
	427	394
	427	393
	427	392
	427	391
	427	390
	428	390
	428	389
	429	389
	430	388
	431	388
	432	388
	433	388
	434	389
	435	390
	435	391
	435	392
	436	392
	436	391
	436	390
	436	389
	436	388
	436	387
	438	386
.PEN_UP
.PEN_DOWN
	450	417
	450	416
	450	415
	450	414
	450	413
	450	412
	449	409
	449	407
	449	406
	449	404
	449	402
	449	401
	449	399
	449	397
	449	396
	449	394
	449	393
	449	392
	449	391
	450	392
	450	393
	450	394
	450	396
	449	397
	449	398
	448	399
	447	399
	447	400
	446	400
	445	400
	444	399
	443	399
	442	398
	441	397
	440	396
	440	395
	440	394
	440	393
	440	392
	440	391
	440	390
	441	388
	441	387
	442	387
	443	386
	444	385
	445	385
	446	385
	447	384
	448	384
	449	384
	450	384
	451	384
.PEN_UP
.PEN_DOWN
	455	391
	456	391
	457	391
	458	391
	459	391
	460	391
	461	392
	462	393
	463	394
	463	395
	463	396
	462	396
	462	397
	461	397
	460	398
	459	398
	458	398
	457	398
	456	398
	455	398
	454	397
	453	397
	452	396
	452	394
	452	393
	452	392
	452	391
	452	390
	452	388
	453	387
	454	386
	456	384
	457	384
	458	384
	459	383
	461	383
	462	383
	464	383
	464	384
.PEN_UP
