
.WRITER_ID PaulArnao
.STYLE PRINTED
.PEN_DOWN
	76	399
	75	400
	74	400
	73	401
	72	401
	71	401
	70	401
	69	400
	69	399
	68	398
	68	397
	68	396
	68	395
	68	394
	68	393
	68	392
	68	391
	69	389
	70	389
	71	388
	72	388
	73	388
	74	388
	76	389
	77	390
	78	391
	78	393
	78	395
	78	396
	78	397
	77	398
	77	399
	76	399
	76	400
	75	400
.PEN_UP
.PEN_DOWN
	85	399
	85	398
	84	398
	84	397
	85	395
	85	394
	86	393
	86	392
	88	391
	88	390
	89	389
	90	388
	90	389
	89	389
	89	391
	89	392
	88	393
	88	394
	88	395
	87	396
	87	398
	86	398
	86	399
	86	401
	86	402
	87	402
	88	402
	89	403
	90	403
	91	403
	93	403
	94	403
.PEN_UP
.PEN_DOWN
	128	416
	128	415
	128	414
	128	413
	128	412
	128	411
	128	410
	129	410
	129	409
	129	408
	129	407
.PEN_UP
.PEN_DOWN
	125	411
	126	411
	127	411
	128	411
	129	411
	131	411
.PEN_UP
.PEN_DOWN
	134	415
	134	414
	133	413
	132	413
	131	412
	130	412
	130	411
	129	411
	129	410
	128	409
	128	408
.PEN_UP
.PEN_DOWN
	125	414
	126	413
	127	413
	128	412
	129	412
	130	412
	131	411
	132	411
.PEN_UP
.PEN_DOWN
	148	413
	148	414
	147	414
	147	415
	146	415
	146	416
	147	416
	148	416
	151	416
	152	416
	153	416
	155	416
	156	416
	157	416
	158	416
	159	415
	160	415
	161	415
	162	414
	162	413
	162	412
	161	411
	161	410
	160	409
	159	408
	158	407
	157	405
	156	404
	154	402
	152	401
	152	399
	151	398
	151	397
	150	397
	150	396
	150	395
	150	394
	151	394
	152	393
	153	393
	154	393
	156	393
	157	393
	158	393
	159	393
	160	394
	161	394
	162	394
	163	394
	164	394
	165	394
.PEN_UP
.PEN_DOWN
	147	405
	147	406
	148	406
	148	407
	149	407
	151	407
	153	407
	154	408
	156	408
	157	408
	158	408
	160	408
	162	408
	163	408
	164	408
	164	407
	165	407
.PEN_UP
.PEN_DOWN
	178	415
	177	414
	176	412
	176	411
	175	408
	174	406
	174	405
	174	403
	174	401
	173	400
	173	399
	173	398
	173	397
	173	396
	174	397
	174	398
	174	400
	174	401
	175	402
	175	404
	175	406
	176	410
	176	411
	176	413
	176	415
	177	417
	177	418
	177	420
	178	421
	178	422
	178	423
	179	423
	179	422
	180	422
	180	421
	181	420
	181	418
	182	417
	182	416
	183	412
	184	410
	184	409
	185	407
	185	405
	186	404
	186	402
	187	401
	187	400
	187	399
	188	398
	189	397
	189	396
.PEN_UP
.PEN_DOWN
	179	406
	178	406
	177	406
	177	407
	178	407
	178	408
	179	408
	180	408
	181	408
	182	408
	184	408
	185	408
	187	407
	188	407
	190	407
.PEN_UP
.PEN_DOWN
	199	411
	199	410
	199	409
	199	408
	199	406
	199	405
	199	404
	199	403
	199	402
	199	401
	199	402
	199	403
	199	404
	199	405
	199	406
	199	407
	199	409
	199	411
	199	412
	198	414
	198	416
	198	420
	198	421
	198	422
	198	423
	198	424
	198	425
	199	426
	200	426
	201	426
	202	425
	204	425
	206	424
	207	423
	208	421
	209	420
	210	419
	210	418
	210	417
	210	416
	210	415
	209	414
	208	413
	205	412
	204	411
	203	411
	201	411
	199	411
	198	411
	197	411
	197	410
.PEN_UP
.PEN_DOWN
	227	420
	227	421
	227	422
	227	421
	227	420
	227	419
	227	418
	227	417
	227	416
	227	415
	227	414
.PEN_UP
.PEN_DOWN
	223	415
	224	415
	224	416
	225	416
	226	416
	227	416
.PEN_UP
.PEN_DOWN
	232	418
	231	418
	231	417
	230	417
	229	417
	228	417
	227	417
	227	416
	226	416
	225	415
	225	414
.PEN_UP
.PEN_DOWN
	223	419
	224	419
	225	419
	226	418
	227	417
	229	416
	231	415
	233	414
.PEN_UP
.PEN_DOWN
	243	397
	244	396
	244	395
	244	394
	244	393
	244	392
	244	391
	244	390
	244	389
	243	389
	243	388
	242	388
	241	388
.PEN_UP
.PEN_DOWN
	271	424
	272	424
	272	423
	272	422
	273	421
	273	420
	273	419
.PEN_UP
.PEN_DOWN
	269	423
	270	423
	271	422
	272	422
	273	422
	274	421
.PEN_UP
.PEN_DOWN
	276	425
	275	425
	274	424
	273	423
	273	422
	272	422
	272	421
	271	420
.PEN_UP
.PEN_DOWN
	271	423
	272	423
	274	423
	275	423
.PEN_UP
.PEN_DOWN
	288	421
	288	420
	288	418
	288	417
	288	416
	288	415
	288	414
	288	413
	288	411
	288	410
	288	409
	288	407
	288	406
	289	405
	289	403
.PEN_UP
.PEN_DOWN
	299	422
	298	422
	298	421
	296	420
	295	419
	295	418
	294	417
	293	415
	292	414
	291	413
	290	412
	290	411
	289	410
	289	409
	289	408
	290	407
	291	407
	293	407
	294	407
	296	407
	297	406
	298	406
	299	406
	302	405
	304	405
	305	405
	306	405
	307	405
.PEN_UP
.PEN_DOWN
	322	417
	322	416
	321	416
	321	415
	320	414
	319	412
	318	411
	318	409
	317	408
	316	406
	316	404
	316	402
	316	401
	316	400
	316	399
	316	398
	316	399
	316	401
	316	402
	316	403
	317	405
	317	406
	317	408
	317	410
	317	412
	317	413
	318	416
	318	418
	318	421
	318	423
	318	425
	318	426
	319	427
	319	428
	319	429
	320	429
	321	428
	321	427
	321	426
	322	425
	322	424
	323	422
	323	420
	324	419
	325	417
	325	415
	326	413
	327	411
	328	409
	328	407
	329	406
	330	405
.PEN_UP
.PEN_DOWN
	318	412
	318	413
	320	413
	321	414
	322	414
	324	415
	325	415
	326	415
	328	415
.PEN_UP
.PEN_DOWN
	340	418
	340	417
	340	416
	340	415
	340	413
	340	412
	340	411
	341	408
	341	407
	341	406
	342	406
	342	405
	342	404
	342	405
	342	406
	342	407
	341	409
	341	411
	341	413
	340	415
	340	417
	339	419
	339	421
	339	424
	338	426
	338	430
	338	431
	338	432
	339	433
	340	434
	341	434
	342	434
	343	433
	344	433
	345	432
	348	429
	349	428
	349	426
	350	425
	351	423
	351	422
	351	421
	351	420
	350	419
	350	418
	348	417
	346	417
	344	416
	342	416
	340	416
	339	416
	338	416
	337	416
	336	416
.PEN_UP
.PEN_DOWN
	368	423
	367	424
	366	424
	365	424
	364	424
	363	424
	362	424
	361	424
	360	423
	359	422
	358	421
	358	420
	357	416
	357	415
	357	413
	357	411
	358	410
	359	408
	360	407
	361	406
	363	406
	364	405
	366	405
	369	405
	370	405
	372	406
	373	407
	373	408
	374	409
	374	411
	374	412
	374	414
	373	416
	373	417
	372	419
	370	422
	370	424
	369	425
	368	425
	367	425
.PEN_UP
.PEN_DOWN
	376	421
	376	422
	375	424
	376	424
	377	423
	377	422
	378	419
	378	418
	379	416
	379	415
	380	413
	380	412
	381	411
	381	409
	381	408
	381	407
	382	407
	382	406
	382	405
	383	405
	383	406
	383	407
	384	407
	384	409
	384	410
	384	411
	385	415
	385	417
	386	419
	386	420
	387	422
	387	423
	388	424
	388	425
	389	426
	389	425
	390	425
	390	424
	390	422
	390	420
	390	419
	390	417
	391	415
	391	413
	391	412
	392	410
	393	408
	393	407
	394	406
	395	405
	396	405
	397	406
	398	406
	398	407
	399	410
	400	411
	400	413
	400	415
	400	417
	400	419
	401	420
	401	422
	401	423
	401	425
	401	426
	402	426
	403	425
.PEN_UP
.PEN_DOWN
	421	427
	421	426
	421	425
	421	424
	421	422
	421	421
	421	420
	421	419
.PEN_UP
.PEN_DOWN
	418	424
	419	424
	419	423
	420	423
	421	423
.PEN_UP
.PEN_DOWN
	425	424
	424	424
	422	424
	422	423
	421	423
	420	422
	419	422
	418	421
.PEN_UP
.PEN_DOWN
	418	427
	419	426
	420	425
	421	424
	422	423
	423	422
.PEN_UP
.PEN_DOWN
	451	395
	452	394
	452	393
	452	392
	452	391
	451	391
	451	390
	451	389
	450	389
	450	388
.PEN_UP
.PEN_DOWN
	491	434
	491	433
	491	432
	490	432
	490	431
	489	431
	488	431
	487	430
	486	429
	486	428
	485	428
	485	427
.PEN_UP
.PEN_DOWN
	484	432
	484	431
	485	431
	486	430
	487	430
	488	429
	489	429
.PEN_UP
.PEN_DOWN
	491	430
	490	430
	489	430
	488	429
	487	429
	486	429
	486	428
.PEN_UP
.PEN_DOWN
	486	435
	486	434
	487	434
	487	433
	488	432
	488	431
	489	430
	489	429
.PEN_UP
.PEN_DOWN
	510	428
	511	428
	511	429
	511	427
	511	426
	511	424
	510	420
	509	417
	509	415
	508	412
	508	410
	508	408
	508	406
	508	404
	508	402
	508	400
	508	399
	508	397
	508	396
	509	395
	509	394
.PEN_UP
.PEN_DOWN
	525	423
	524	422
	523	422
	522	421
	520	419
	519	418
	518	417
	516	416
	515	414
	514	413
	513	413
	512	412
	511	411
	510	410
	509	410
	509	409
	509	408
	510	408
	511	407
	512	407
	513	406
	514	406
	515	405
	517	404
	519	404
	520	403
	521	403
	522	402
	523	402
	524	401
	525	400
	526	400
	526	399
	527	399
	528	398
.PEN_UP
.PEN_DOWN
	540	424
	539	424
	539	423
	539	422
	538	420
	537	419
	537	418
	537	416
	536	415
	536	413
	536	411
	535	410
	535	407
	535	406
	535	405
	536	404
	536	403
	536	402
	537	402
	537	401
	538	401
	539	400
	540	400
	541	400
	542	400
.PEN_UP
.PEN_DOWN
	540	409
	541	410
	542	410
	543	410
	545	411
	546	411
.PEN_UP
.PEN_DOWN
	538	421
	538	422
	539	422
	540	423
	541	423
	542	423
	543	423
	545	423
	548	422
	550	422
.PEN_UP
.PEN_DOWN
	553	428
	554	427
	554	426
	554	425
	554	424
	554	422
	553	421
	553	419
	553	417
	552	415
	552	411
	552	409
	552	408
	552	407
	552	405
	552	404
	552	403
	552	404
	552	405
	552	406
	552	407
	552	409
	552	411
	553	413
	553	415
	554	417
	555	420
	556	422
	558	426
	559	427
	561	428
	561	429
	562	429
	563	429
	564	429
	565	429
	566	429
	567	429
	568	428
	569	426
	569	425
	569	424
	569	423
	568	422
	568	420
	566	419
	565	418
	564	417
	562	416
	561	415
	558	415
	557	414
	554	413
	553	412
	553	411
	553	410
	553	409
	554	407
	555	406
	557	405
	559	403
	564	401
	566	400
	569	399
	570	398
	573	398
	574	398
	575	397
	576	397
	577	396
	578	396
.PEN_UP
.PEN_DOWN
	577	429
	577	430
	577	429
	577	428
	577	426
	577	424
	576	419
	576	417
	576	415
	576	413
	576	411
	576	409
	576	407
	576	406
	576	405
	576	404
	576	403
	576	402
	577	402
	576	402
	576	403
	576	404
	577	405
	577	406
	577	407
	577	409
	577	413
	578	415
	578	417
	578	420
	578	422
	578	424
	578	426
	578	428
	578	429
	579	430
	579	431
	579	432
	580	434
	581	434
	582	434
	583	434
	585	434
	587	433
	588	432
	588	431
	589	430
	590	429
	590	427
	590	426
	590	425
	590	424
	588	423
	587	423
	586	422
	585	422
	583	422
	581	422
	580	422
	577	422
	575	422
	574	422
.PEN_UP
.PEN_DOWN
	598	435
	599	435
	599	436
	599	437
	600	437
	600	436
	600	435
	601	435
	601	434
	601	432
	601	430
	600	428
	600	426
	600	425
	599	421
	599	419
	598	418
	598	416
	597	415
	597	414
	596	412
	596	411
	596	410
	596	409
	596	408
	597	408
	598	408
	599	408
	600	408
	601	408
	602	408
	604	408
	606	408
	607	407
	608	407
	609	407
	610	407
	611	407
	611	406
	612	406
	613	406
	612	406
.PEN_UP
.PEN_DOWN
	627	433
	628	433
	628	434
	628	435
	628	436
	628	437
	628	438
	628	439
	628	438
	627	437
	627	436
	627	434
	626	431
	626	429
	625	426
	625	424
	625	422
	625	418
	626	416
	626	415
	626	414
	627	413
	627	412
	628	412
	629	411
	630	411
	631	411
	632	412
	634	413
	635	415
	636	416
	636	417
	636	419
	637	421
	637	423
	637	425
	638	427
	638	429
	638	432
	638	434
	637	437
	637	438
	637	440
	637	441
	637	440
	638	439
.PEN_UP
.PEN_DOWN
	649	432
	649	431
	649	430
	649	428
	649	427
	649	425
	648	423
	648	421
	648	419
	648	417
	648	416
	648	414
	648	413
	648	412
	648	411
	647	410
	647	411
	646	413
	646	414
	646	416
	646	419
	646	421
	646	423
	646	425
	647	427
	647	429
	647	431
	647	433
	648	435
	648	436
	648	437
	649	438
	650	438
	650	437
	651	436
	651	434
	652	433
	652	431
	652	426
	653	424
	653	421
	653	419
	654	417
	654	416
	655	414
	655	413
	657	412
	657	411
	658	411
	659	411
	660	411
	661	412
	661	413
	662	414
	663	416
	663	418
	664	420
	664	423
	664	425
	665	428
	665	434
	666	436
	666	438
	666	439
	666	441
	666	442
	666	443
	666	442
	667	441
.PEN_UP
.PEN_DOWN
	676	440
	677	441
	677	442
	677	443
	677	442
	677	441
	676	439
	676	437
	675	434
	675	432
	674	429
	673	424
	673	421
	673	418
	672	416
	672	414
	672	413
	672	411
	672	410
	673	409
.PEN_UP
.PEN_DOWN
	685	437
	685	438
	686	438
	686	437
	686	436
	686	435
	686	434
	686	433
	685	432
	684	430
	683	429
	682	427
	681	426
	679	424
	677	423
	676	422
	674	422
	673	421
	672	421
	671	421
	671	420
	672	420
	673	419
	674	418
	676	418
	678	417
	680	416
	681	415
	683	414
	685	413
	686	412
	688	411
	689	411
	691	410
	692	410
.PEN_UP
.PEN_DOWN
	709	444
	709	443
	709	442
	708	441
	708	440
	708	438
	708	437
	707	435
	707	434
	707	433
	707	432
	707	431
.PEN_UP
.PEN_DOWN
	703	438
	704	438
	705	437
	706	437
	707	436
.PEN_UP
.PEN_DOWN
	711	438
	710	437
	709	437
	707	437
	706	436
	705	436
	704	435
	703	435
	703	434
.PEN_UP
.PEN_DOWN
	704	442
	704	441
	704	440
	704	439
	705	438
	705	437
	707	437
	709	435
	710	434
.PEN_UP
.PEN_DOWN
	717	410
	716	412
	715	413
	714	413
	714	414
	713	415
	712	415
	713	415
	714	414
	714	413
	715	413
.PEN_UP
