
.WRITER_ID PaulArnao
.STYLE PRINTED
.PEN_DOWN
	78	400
	78	401
	77	402
	76	402
	76	403
	75	403
	74	403
	73	403
	72	403
	71	402
	69	402
	68	402
	68	401
	67	401
	66	401
	66	400
	66	399
	66	398
	67	397
	68	396
	69	395
	70	395
	71	394
	73	393
	74	393
	75	392
	77	391
	78	390
	79	389
	80	388
	82	387
	82	385
	83	384
	83	383
	83	382
	83	381
	83	380
	83	379
	82	379
	81	379
	80	379
	79	379
	78	379
	77	379
	75	379
	74	379
	73	379
	72	379
	71	379
	70	379
	70	380
.PEN_UP
.PEN_DOWN
	95	386
	94	387
	95	388
	96	387
	97	387
	98	387
	99	387
	100	387
	101	387
	102	388
	103	388
	103	389
	103	390
	102	391
	100	392
	99	392
	98	393
	97	393
	96	393
	95	393
	94	392
	93	391
	92	391
	92	389
	92	388
	92	387
	93	385
	94	384
	95	383
	96	382
	97	382
	97	381
	99	381
	100	381
	102	381
	104	381
.PEN_UP
.PEN_DOWN
	115	389
	114	389
	114	390
	113	390
	113	391
	114	391
	115	390
	116	390
	117	390
	118	390
	119	390
	120	390
	121	390
	121	391
	121	392
	121	393
	120	394
	119	394
	118	394
	117	394
	116	394
	114	394
	114	393
	113	393
	112	392
	112	391
	112	390
	112	389
	112	388
	112	386
	113	385
	114	384
	117	383
	118	382
	119	382
	121	382
	122	382
	123	382
	124	382
	125	382
.PEN_UP
.PEN_DOWN
	142	405
	141	406
	140	406
	140	407
	139	407
	139	408
	138	408
	138	409
	138	410
	139	410
	140	410
	141	410
	142	410
	143	410
	144	409
	146	409
	147	409
	148	408
	149	408
	151	406
	152	406
	152	405
	152	404
	152	403
	151	402
	150	402
	150	401
	149	401
	147	400
	146	400
	146	399
	145	399
	145	398
	144	398
	143	397
	144	396
.PEN_UP
.PEN_DOWN
	150	383
	149	383
	148	383
	148	384
	147	384
	146	385
	146	386
.PEN_UP
.PEN_DOWN
	166	414
	166	413
	166	412
	166	411
	166	410
	166	409
	166	408
	167	407
.PEN_UP
.PEN_DOWN
	170	411
	170	410
	170	409
.PEN_UP
.PEN_DOWN
	197	394
	197	395
	197	396
	196	396
	196	397
	196	398
	195	398
	194	399
	193	399
	192	399
	191	399
	190	399
	189	398
	188	398
	187	398
	187	397
	186	396
	186	395
	187	394
	187	393
	188	393
	189	393
	190	393
	191	393
	192	393
	193	393
	194	393
	195	393
	196	393
	197	393
	198	393
	198	392
	199	392
	199	391
	199	390
	199	389
	199	388
	198	388
	198	387
	198	386
	197	386
	197	385
	196	384
	195	384
	194	384
	193	385
	192	385
	191	386
	191	387
	190	387
	190	388
.PEN_UP
.PEN_DOWN
	211	397
	210	397
	209	397
	209	398
	208	398
	207	398
	206	398
	205	398
	204	398
	204	397
	203	396
	203	395
	202	395
	202	394
	202	393
	202	392
	202	391
	202	390
	202	389
	202	388
	203	388
	204	387
	205	386
	206	386
	207	385
	209	385
	210	385
	211	385
.PEN_UP
.PEN_DOWN
	217	397
	216	397
	216	396
	216	395
	216	394
	217	393
	217	392
	217	391
	218	389
	218	388
	219	387
	219	386
	219	385
	219	386
	219	387
	220	388
	220	390
	220	391
	220	392
	220	393
	221	394
	221	395
	222	397
	222	398
	223	398
	224	398
	225	398
	226	398
.PEN_UP
.PEN_DOWN
	230	395
	231	395
	232	395
	233	395
	234	395
	235	395
	235	394
	236	394
	237	394
	238	394
	238	395
	238	396
	238	397
	237	397
	235	397
	234	397
	233	397
	232	397
	231	396
	231	395
	231	394
	231	393
	231	391
	232	390
	232	389
	233	389
	233	388
	235	388
.PEN_UP
.PEN_DOWN
	243	393
	244	393
	245	393
	246	393
	247	393
	248	393
	249	393
	249	394
	249	395
	249	396
	248	397
	247	397
	246	397
	245	397
	244	397
	243	397
	242	396
	241	394
	241	393
	241	392
	241	390
	242	389
	243	388
	244	387
	245	386
	246	386
	247	386
	250	386
.PEN_UP
.PEN_DOWN
	260	396
	260	397
	259	397
	258	397
	257	397
	256	397
	255	397
	254	397
	254	396
	254	395
	253	394
	253	393
	253	392
	253	391
	253	390
	254	390
	255	388
	256	387
	258	386
.PEN_UP
.PEN_DOWN
	263	413
	263	412
	263	411
	263	410
	263	409
	263	408
	263	407
	263	406
	263	405
	263	404
	264	402
	264	400
	264	398
	264	397
	265	397
	265	396
	265	395
	266	394
	266	393
	266	392
	267	391
	267	390
	267	391
	267	392
	268	392
	268	393
	268	394
	268	395
	268	396
	268	397
	268	398
	268	399
	268	400
	269	400
	270	400
	271	399
	272	398
	272	397
	273	397
	273	396
	274	395
	274	393
	274	392
	275	391
	275	390
	275	389
	275	388
.PEN_UP
.PEN_DOWN
	279	395
	280	395
	281	395
	282	394
	283	394
	284	394
	285	394
	286	394
	286	395
	286	396
	285	397
	284	397
	283	398
	282	398
	281	399
	279	399
	278	399
	278	398
	277	398
	277	397
	277	396
	277	395
	277	394
	277	393
	277	392
	278	390
	279	389
	280	388
	282	387
	283	387
	284	386
	286	386
	287	385
.PEN_UP
.PEN_DOWN
	297	409
	297	410
	298	410
	298	409
	298	408
	299	407
	299	406
	299	405
	299	404
	300	403
	300	401
	300	400
	301	398
	301	397
	301	395
	301	393
	301	392
	301	391
	301	390
	301	391
	301	392
	301	393
	301	394
	301	395
	301	396
	300	397
	299	398
	298	398
	297	398
	296	398
	295	398
	294	398
	294	397
	293	397
	293	396
	292	396
	292	395
	291	393
	291	392
	291	391
	292	390
	292	389
	294	388
	295	388
	296	387
	299	387
	301	388
	302	388
	303	388
	304	388
	305	388
	306	388
.PEN_UP
.PEN_DOWN
	331	413
	331	414
	331	415
	331	416
	331	415
	332	414
	332	412
	332	411
	332	410
	332	408
	332	405
	332	403
	333	402
	333	400
	333	399
	333	397
	334	396
	334	395
	334	394
	334	393
	335	393
	335	392
.PEN_UP
.PEN_DOWN
	329	401
	328	401
	329	401
	332	400
	333	400
	334	400
	335	399
	337	399
	338	399
	340	399
	341	398
	343	398
	344	398
	345	398
.PEN_UP
.PEN_DOWN
	341	411
	340	411
	340	412
	340	413
	339	414
	340	414
	340	413
	340	412
	340	411
	341	410
	341	409
	341	407
	342	406
	342	405
	342	403
	342	402
	343	401
	343	399
	343	398
	343	397
	344	395
	344	394
	345	393
	346	392
	346	393
	347	393
	347	394
	348	394
	348	395
	348	396
	348	397
	349	398
	349	399
	349	400
	350	400
	350	399
	351	398
	351	397
	352	396
	352	395
	352	394
	353	394
	353	393
	354	392
	355	391
.PEN_UP
.PEN_DOWN
	359	396
	359	397
	360	397
	361	397
	362	397
	363	397
	364	397
	365	397
	366	397
	366	398
	365	399
	364	399
	363	399
	362	399
	361	399
	360	399
	359	399
	357	398
	357	397
	357	396
	357	395
	357	394
	358	393
	359	393
	360	392
	361	391
	362	390
	364	389
	365	389
	366	389
	367	388
	368	388
.PEN_UP
.PEN_DOWN
	391	417
	390	417
	390	416
	389	415
	389	414
	389	413
	389	411
	389	408
	389	406
	389	403
	389	402
	389	400
	390	398
	390	397
	390	396
	391	394
	391	393
	391	392
	391	393
	391	394
	391	395
	391	397
	391	399
	391	401
	392	402
	392	403
	392	404
	392	405
	392	406
	393	406
	393	407
	394	406
	395	406
	396	406
	396	405
	397	404
	397	403
	398	403
	398	402
	399	401
	399	400
	400	397
	400	396
	400	395
	400	394
	401	394
	401	393
	402	393
.PEN_UP
.PEN_DOWN
	413	399
	412	399
	412	400
	412	401
	411	401
	410	401
	409	401
	408	401
	407	401
	406	401
	406	400
	405	399
	405	398
	405	397
	405	396
	405	394
	405	393
	406	393
	406	392
	407	391
	408	391
	409	390
	410	390
	411	390
	412	390
	413	390
	413	392
	414	392
	414	393
	414	394
	414	395
	414	396
	413	397
	413	398
	413	399
	412	399
.PEN_UP
.PEN_DOWN
	418	399
	417	399
	417	398
	418	397
	418	396
	418	395
	419	394
	419	393
	420	393
	420	392
	420	391
	421	391
	421	392
	421	393
	420	393
	420	394
	420	395
	419	397
	419	398
	419	400
	419	401
	419	402
	420	403
	421	403
	422	403
	422	402
	423	402
	424	401
	424	400
	425	399
	426	397
	426	396
	427	395
	427	394
	427	393
	427	394
	427	395
	427	396
	428	397
	428	398
	429	399
	429	400
	430	400
	431	400
	432	400
	432	399
	433	399
	433	398
	434	398
	434	397
	434	396
	435	395
	435	394
	435	393
	435	392
	435	391
	436	391
	436	390
.PEN_UP
.PEN_DOWN
	446	401
	447	401
	447	402
	446	402
	446	400
	446	398
	446	397
	446	396
	446	395
	446	394
	446	393
	446	392
	447	391
	447	390
	449	389
	450	389
	451	389
	452	390
	452	391
	453	392
	453	393
	453	395
	453	396
	453	397
	453	398
	453	399
	453	400
	454	399
.PEN_UP
.PEN_DOWN
	463	398
	463	397
	462	395
	462	394
	462	393
	462	392
	462	391
	462	390
	463	389
	463	388
	463	387
	463	386
	463	387
	463	388
	463	389
	463	390
	463	391
	463	392
	463	393
	464	395
	464	397
	465	398
	465	399
	466	400
	466	401
	467	401
	467	402
	468	401
	469	401
	470	400
	470	399
	471	398
	472	397
	472	396
	472	395
	472	394
	473	392
	473	391
	473	390
	473	389
	473	388
	473	387
.PEN_UP
.PEN_DOWN
	485	395
	485	396
	484	396
	484	397
	483	397
	482	398
	481	398
	480	398
	479	398
	478	398
	477	397
	476	397
	476	396
	475	395
	475	394
	474	393
	474	392
	474	391
	475	390
	475	389
	476	388
	477	388
	478	387
	479	386
	480	386
	482	385
	485	385
.PEN_UP
.PEN_DOWN
	493	396
	493	397
	492	398
	492	397
	492	396
	491	395
	491	393
	491	392
	492	391
	492	390
	492	389
	493	388
	494	387
	495	386
	496	386
	497	386
	498	387
	499	388
	500	389
	500	390
	501	391
	501	393
	501	394
	501	395
	501	396
	501	397
	501	398
.PEN_UP
.PEN_DOWN
	511	416
	511	417
	511	418
	511	417
	511	416
	511	415
	510	414
	510	413
	509	410
	509	408
	509	406
	509	404
	509	402
	509	401
	509	399
	509	397
	509	395
	509	394
	509	392
	509	391
	509	389
	509	388
.PEN_UP
.PEN_DOWN
	518	401
	517	401
	516	400
	516	399
	516	398
	516	397
	516	396
	516	395
	516	394
	516	393
	516	391
	517	391
	517	390
	518	390
	519	390
	519	391
	520	393
	521	393
	521	394
	522	395
	523	396
	523	397
	523	398
	524	399
	524	400
	524	401
	524	402
	525	402
.PEN_UP
.PEN_DOWN
	535	398
	536	398
	536	399
	536	400
	536	401
	535	402
	534	403
	532	404
	531	404
	531	403
	531	402
	531	401
	532	399
	534	398
	534	397
	535	396
	536	395
	536	394
	537	393
	537	392
	537	391
	537	390
	536	389
	535	389
	533	389
	532	390
	531	390
	530	391
	529	391
.PEN_UP
.PEN_DOWN
	549	393
	548	393
	547	393
	547	394
	548	394
.PEN_UP
.PEN_DOWN
	562	424
	563	424
	563	423
	563	422
	563	421
	563	420
	564	419
.PEN_UP
.PEN_DOWN
	566	423
	566	422
	566	421
	566	420
	567	419
	567	417
.PEN_UP
.PEN_DOWN
	578	421
	578	420
	578	418
	578	417
	578	415
	577	414
	577	412
	577	410
	577	408
	577	407
	577	403
	577	402
	577	401
	577	399
	576	398
	576	397
	575	398
	575	399
	575	400
	575	401
	575	402
	575	404
	575	405
	575	407
	575	409
	576	411
	576	412
	576	414
	577	417
	577	419
	577	420
	577	421
	578	422
	578	423
	578	424
	579	423
	580	422
	580	421
	581	419
	581	418
	581	416
	581	414
	582	412
	582	411
	583	408
	584	405
	585	403
	586	402
	586	400
	587	399
	588	398
	589	398
	590	398
	591	398
	592	398
	593	398
	594	401
	594	402
	594	404
	594	406
	594	408
	594	410
	594	412
	593	415
	593	417
	592	419
	592	421
	591	423
	591	425
	590	426
	591	426
	592	425
	592	424
.PEN_UP
.PEN_DOWN
	615	404
	614	404
	614	405
	613	406
	612	406
	611	406
	610	405
	609	405
	609	404
	608	403
	608	402
	608	401
	608	400
	608	399
	608	398
	608	397
	609	396
	610	395
	611	395
	612	395
	613	395
	614	396
	614	397
	615	397
	615	398
	615	399
	615	401
	615	402
	615	403
	614	403
.PEN_UP
