
.WRITER_ID PaulArnao
.STYLE PRINTED
.PEN_DOWN
	76	401
	77	401
	77	400
	77	399
	77	398
	77	397
	78	395
	78	394
	79	392
	79	391
	79	389
	80	387
	80	385
	80	384
	81	380
	81	379
	81	378
	81	377
	81	376
.PEN_UP
.PEN_DOWN
	73	383
	73	384
	74	385
	76	385
	79	385
	81	385
	82	385
	84	385
	85	385
	87	385
	88	385
	89	384
	90	384
	91	384
	92	384
.PEN_UP
.PEN_DOWN
	89	400
	89	401
	88	401
	87	401
	88	399
	88	397
	89	396
	90	394
	90	393
	91	391
	92	389
	93	387
	94	386
	95	384
	96	382
	96	381
	97	379
	98	378
	98	377
	98	376
	98	375
	98	376
	98	377
	98	378
	98	379
	98	380
	98	381
	99	381
	99	382
	100	383
	101	384
	102	384
	103	384
	104	384
	105	383
	106	383
	106	382
	107	382
	107	381
	107	380
	108	379
	108	378
	109	377
	109	376
	109	375
	110	375
.PEN_UP
.PEN_DOWN
	113	381
	114	381
	114	382
	115	382
	116	381
	117	381
	118	381
	119	381
	120	382
	121	382
	121	383
	121	384
	120	384
	120	385
	119	385
	119	386
	118	386
	117	386
	115	386
	114	385
	113	385
	112	385
	112	384
	112	383
	112	382
	112	381
	112	380
	113	379
	114	378
	115	377
	116	377
	118	376
	119	376
	120	375
	121	375
	123	375
.PEN_UP
.PEN_DOWN
	159	394
	159	395
	159	396
	159	397
	160	396
	160	394
	160	393
	160	391
	161	389
	161	387
	161	384
	161	382
	161	380
	161	378
	162	375
	162	374
	162	372
	162	369
	163	368
	163	367
	163	366
	164	366
.PEN_UP
.PEN_DOWN
	167	377
	168	376
	169	376
	169	375
	170	375
	171	375
	173	375
	174	375
	174	376
	174	377
	174	378
	173	378
	172	379
	171	379
	170	379
	169	378
	168	378
	168	377
	167	377
	167	376
	167	375
	167	374
	167	373
	167	372
	168	371
	169	370
	170	369
	171	369
	172	368
	174	368
	175	368
.PEN_UP
.PEN_DOWN
	182	375
	182	373
	183	372
	183	371
	184	370
	184	369
	185	368
	186	366
	187	366
	187	365
	188	365
	189	365
	190	366
	190	367
	191	368
	191	370
	191	371
	191	372
	191	374
	191	375
	191	376
	191	377
	191	378
	191	379
	192	379
.PEN_UP
.PEN_DOWN
	197	375
	198	375
	199	376
	200	376
	201	376
	202	376
	204	376
	205	376
	206	376
	207	376
	208	376
	209	376
	209	377
	209	378
	208	379
	207	379
	206	380
	205	380
	204	380
	203	380
	202	380
	201	380
	200	379
	199	378
	199	377
	199	376
	199	375
	199	374
	199	373
	201	372
	201	371
	202	370
	204	370
	207	369
.PEN_UP
.PEN_DOWN
	215	377
	216	377
	216	376
	217	375
	217	374
	217	373
	218	372
	218	371
	219	370
	219	369
	219	368
	219	367
	220	367
	220	368
	219	370
	219	371
	219	372
	219	373
	218	374
	218	375
	218	377
	218	378
	218	379
	218	380
	219	380
	220	381
	221	381
	222	381
	224	381
	225	380
	227	380
	228	380
	230	379
	231	379
.PEN_UP
.PEN_DOWN
	249	374
	249	375
	250	375
	250	376
	250	377
	250	376
	250	375
	249	373
	249	372
	249	371
	249	370
	249	369
	250	368
	250	367
	251	366
	252	366
	253	366
	254	366
	255	366
	256	367
	256	368
	257	369
	257	370
	258	371
	258	372
	258	374
	258	375
	258	376
	259	376
	259	375
	259	373
	260	372
	260	371
	261	370
	261	369
	262	368
	263	368
	264	367
	265	366
	266	366
	267	366
	268	366
	270	367
	271	367
	271	368
	272	369
	272	370
	272	372
	272	373
	271	374
	271	375
	271	377
	270	379
	270	380
	269	380
.PEN_UP
.PEN_DOWN
	275	396
	275	397
	275	398
	275	397
	275	396
	275	395
	275	394
	276	393
	276	390
	277	388
	277	386
	278	384
	278	382
	278	380
	278	378
	279	375
	280	374
	280	372
	281	371
	281	368
	281	367
	281	366
	281	367
	281	368
	281	369
	281	370
	281	371
	282	373
	282	374
	282	375
	282	376
	282	378
	283	379
	283	380
	283	381
	284	381
	285	381
	286	381
	286	380
	287	379
	287	378
	288	377
	289	375
	289	374
	289	373
	290	372
	290	371
	291	370
	291	369
	292	368
	292	367
	293	366
	294	366
.PEN_UP
.PEN_DOWN
	297	373
	298	373
	299	373
	300	372
	301	372
	303	372
	304	372
	305	372
	306	372
	306	373
	306	374
	306	375
	306	376
	305	377
	304	378
	303	379
	302	379
	302	380
	301	380
	300	380
	299	380
	299	379
	298	379
	297	378
	297	377
	297	376
	297	375
	297	374
	298	373
	298	372
	299	371
	300	370
	301	369
	302	369
	303	368
	305	368
	308	368
.PEN_UP
.PEN_DOWN
	313	376
	314	376
	314	375
	315	374
	315	373
	316	371
	316	370
	316	369
	316	368
	317	367
	317	368
	317	369
	317	370
	317	371
	317	373
	317	374
	317	375
	317	376
	318	377
	318	379
	319	380
	320	381
	321	381
	322	381
	322	380
	324	380
	324	379
	325	379
	327	376
	328	375
	328	374
	329	373
	329	372
	330	371
	331	370
	331	369
	332	369
.PEN_UP
.PEN_DOWN
	359	398
	359	399
	359	400
	359	401
	359	402
	359	401
	359	400
	359	399
	359	396
	359	394
	360	392
	360	390
	360	388
	360	385
	360	383
	361	381
	361	379
	361	378
	362	376
	363	374
	363	373
	363	372
	364	372
.PEN_UP
.PEN_DOWN
	354	384
	355	384
	356	384
	357	384
	358	383
	360	383
	361	383
	362	382
	364	382
	365	382
	367	382
	370	381
	371	381
	372	381
.PEN_UP
.PEN_DOWN
	370	400
	370	401
	369	401
	369	402
	369	401
	369	400
	369	399
	369	397
	369	396
	370	394
	370	392
	371	390
	371	388
	371	387
	372	383
	373	381
	373	379
	373	378
	373	377
	374	376
	374	375
	374	374
	375	374
	375	375
	375	376
	375	377
	375	378
	376	379
	376	380
	376	381
	377	382
	377	383
	377	384
	378	384
	379	384
	379	383
	380	382
	380	381
	381	380
	381	379
	382	378
	382	377
	382	376
	382	375
	383	374
	383	373
	383	372
	384	372
.PEN_UP
.PEN_DOWN
	387	380
	388	380
	388	379
	389	378
	390	378
	391	378
	392	377
	393	377
	394	377
	395	377
	395	378
	396	379
	396	380
	395	380
	395	381
	394	382
	393	382
	392	382
	391	382
	389	382
	388	381
	387	381
	386	380
	386	379
	386	378
	386	377
	386	376
	386	375
	387	374
	388	372
	389	372
	390	371
	392	371
	393	371
.PEN_UP
.PEN_DOWN
	403	378
	403	377
	403	376
	403	375
	403	374
	403	373
	403	372
	404	372
	404	371
	404	370
	405	370
	406	370
	406	371
	406	372
	407	372
	407	373
	407	374
	407	375
	407	377
	407	379
	407	380
	408	381
	408	382
	408	383
	409	384
	410	384
	411	384
	412	384
	413	384
	413	383
	414	383
.PEN_UP
.PEN_DOWN
	418	380
	419	380
	419	381
	420	381
	421	381
	422	381
	423	381
	424	381
	425	380
	426	380
	427	380
	427	379
	428	379
	428	380
	427	380
	427	381
	427	382
	426	382
	425	383
	424	383
	423	383
	422	383
	421	383
	421	382
	420	382
	420	381
	420	379
	420	378
	420	377
	420	376
	421	375
	422	374
	423	373
	424	373
	425	372
	426	372
	427	372
.PEN_UP
.PEN_DOWN
	440	397
	440	396
	440	395
	440	394
	440	393
	440	392
.PEN_UP
.PEN_DOWN
	457	381
	457	382
	456	382
	455	383
	453	383
	453	384
	452	384
	451	384
	450	384
	449	383
	449	382
	449	381
	450	380
	450	379
	451	378
	452	377
	453	376
	454	375
	455	374
	456	373
	457	372
	456	372
	455	372
	454	372
	453	372
	452	373
	451	373
	450	373
	449	373
	448	373
.PEN_UP
.PEN_DOWN
	499	383
	500	384
	500	383
	501	383
	501	382
	501	381
	501	380
	502	378
	502	376
	502	375
	503	374
	503	373
	504	372
	505	372
	505	373
	505	374
	505	375
	505	376
	505	377
	505	379
	505	381
	506	383
	506	384
	506	385
	507	386
	507	387
	508	387
	509	387
	511	386
	512	386
	513	385
	514	384
	514	383
	515	382
	516	381
	517	379
	517	378
	517	376
	518	375
	518	373
	518	372
	518	371
	518	370
	519	370
.PEN_UP
.PEN_DOWN
	529	383
	529	384
	528	384
	526	383
	525	382
	524	382
	523	381
	523	380
	522	379
	522	378
	522	377
	522	376
	522	375
	522	374
	524	372
	525	371
	526	371
	528	371
	529	371
	530	371
	531	371
	532	372
	533	373
	533	374
	533	375
	533	377
	532	380
	530	382
	529	383
	528	384
	527	385
	526	386
	525	387
.PEN_UP
