
.WRITER_ID PaulArnao
.STYLE PRINTED
.PEN_DOWN
	66	394
	65	394
	65	395
	65	396
	65	397
	65	396
	65	395
	65	393
	65	391
	66	387
	66	385
	66	384
	66	382
	67	381
	67	379
	68	378
	68	377
	68	376
	69	375
	69	374
	69	375
	69	376
	69	377
	69	378
	69	379
	69	380
	70	381
	70	382
	71	382
	71	383
	72	384
	73	384
	74	384
	74	383
	75	382
	76	381
	76	380
	77	379
	77	378
	77	377
	77	376
.PEN_UP
.PEN_DOWN
	81	384
	82	384
	83	384
	84	384
	85	384
	86	384
	87	384
	87	385
	88	385
	88	386
	87	386
	87	387
	86	387
	85	387
	84	387
	84	386
	83	386
	83	385
	82	384
	82	383
	82	382
	83	382
	83	381
	84	381
	86	380
	87	380
	88	380
.PEN_UP
.PEN_DOWN
	113	394
	113	393
	112	393
	111	393
	109	392
	110	392
	110	391
	111	391
	112	390
	113	390
	114	390
	115	390
	115	389
	116	389
	117	389
	117	388
	118	388
	119	387
	119	386
	119	385
	119	384
	118	383
	117	382
	115	382
.PEN_UP
.PEN_DOWN
	125	391
	124	391
	123	390
	122	389
	122	388
	122	386
	122	385
	123	384
	124	384
	124	383
	125	383
	126	383
	127	383
	128	383
	129	384
	129	385
	129	386
	129	387
	129	388
	128	388
	128	389
	127	390
	126	390
	125	390
.PEN_UP
.PEN_DOWN
	135	392
	134	391
	133	391
	133	390
	133	389
	133	388
	133	387
	133	386
	134	385
	135	385
	135	384
	136	384
	137	384
	138	384
	138	385
	139	385
	139	386
	139	387
	139	388
	139	389
	138	390
	137	390
	137	391
	136	391
.PEN_UP
.PEN_DOWN
	142	391
	143	390
	143	389
	144	389
	144	388
	145	387
	145	386
	146	385
	146	384
	147	384
	146	384
	146	385
	146	386
	146	387
	146	388
	146	389
	146	390
	147	390
	147	391
	148	391
	149	391
	150	391
	150	390
	151	390
	152	389
	152	388
	153	388
	153	387
	153	386
.PEN_UP
.PEN_DOWN
	170	397
	170	396
	170	395
	171	394
	171	393
	171	392
	171	391
	171	390
	171	388
	171	387
	171	386
	171	385
	172	382
	172	381
	172	380
	172	379
	172	378
	172	377
.PEN_UP
.PEN_DOWN
	166	381
	167	381
	168	381
	169	381
	170	381
	171	381
	172	381
	174	381
	175	381
	176	381
	177	381
	179	381
.PEN_UP
.PEN_DOWN
	189	382
	188	382
	187	382
	186	382
	186	381
	185	381
	185	380
	185	379
	186	379
	186	378
	186	377
	187	377
	188	377
	188	376
	190	376
	191	376
	191	377
	192	377
	192	378
	192	379
	192	380
	192	381
	191	381
	190	382
	189	382
	188	382
.PEN_UP
.PEN_DOWN
	197	383
	197	382
	196	382
	196	381
	195	381
	195	380
	196	379
	196	378
	197	377
	198	376
	199	376
	201	376
	202	376
	203	376
	203	377
	204	377
	204	378
	204	379
	203	379
	203	380
	202	381
	201	381
	200	381
	199	381
.PEN_UP
.PEN_DOWN
	206	391
	207	391
	207	390
	208	390
	208	389
	208	388
	209	387
	209	386
	210	385
	210	383
	211	382
	211	381
	212	380
	212	379
.PEN_UP
.PEN_DOWN
	214	383
	213	383
	213	382
	212	382
	211	382
	212	382
	212	381
	213	381
	213	380
	214	380
	215	380
	216	379
	217	379
	218	378
	219	378
	220	378
	221	378
.PEN_UP
.PEN_DOWN
	243	381
	242	381
	243	381
	244	381
	245	381
	246	380
	247	380
	248	380
	249	380
	250	380
	250	381
	251	381
	251	382
	251	383
	250	383
	249	383
	248	383
	247	383
	246	382
	245	382
	245	381
	244	381
	244	380
	244	379
	245	378
	246	377
	246	376
	247	376
	248	376
	249	376
	250	376
	251	376
	252	376
.PEN_UP
.PEN_DOWN
	256	385
	256	384
	255	384
	256	384
	256	383
	256	382
	257	382
	257	381
	258	380
	258	379
	259	378
	260	377
	261	376
	262	376
	263	376
	263	377
	263	378
	263	379
	263	380
	263	381
	263	382
	262	383
	261	384
.PEN_UP
.PEN_DOWN
	264	382
	265	382
	266	382
	267	382
	268	382
	269	382
	270	382
	271	382
	271	383
	271	384
	270	385
	269	385
	268	385
	267	385
	266	384
	266	383
	266	382
	266	381
	266	380
	266	379
	267	379
	267	378
	268	378
	269	378
	270	378
.PEN_UP
.PEN_DOWN
	276	384
	276	383
	276	382
	276	381
	277	381
	277	380
	278	379
	278	378
	279	378
	279	379
	279	380
	279	381
	279	382
	279	383
	279	384
	279	385
	280	385
	280	386
	281	387
	282	387
	283	386
.PEN_UP
.PEN_DOWN
	289	386
	289	385
	290	385
	290	386
	290	385
	291	385
	291	384
	292	383
	292	382
	292	381
	293	381
	293	380
	293	379
	294	379
	294	378
.PEN_UP
.PEN_DOWN
	296	387
	296	385
	297	385
	297	384
	297	383
	297	382
	297	381
	297	380
	297	379
	296	378
	296	377
	295	376
	293	374
	292	374
	292	373
	291	373
	290	372
	289	372
.PEN_UP
.PEN_DOWN
	332	383
	331	384
	330	384
	329	384
	328	384
	328	383
	327	382
	326	382
	326	381
	326	380
	325	379
	325	378
	325	377
	325	376
	325	375
	326	375
	326	374
	327	374
	328	374
	329	374
	331	374
	332	374
	334	375
	335	376
	336	377
	336	378
	336	379
	336	380
	335	381
	335	382
	334	383
	333	384
	332	385
	331	385
	330	385
.PEN_UP
.PEN_DOWN
	341	368
	341	367
	341	366
	341	365
	341	364
	341	363
	341	360
	341	359
	342	359
	342	358
	342	357
	343	357
	343	358
	343	359
	343	360
	343	361
	343	362
	343	363
	343	365
	343	366
	343	367
	343	369
	343	371
	343	372
	344	374
	344	375
	344	376
	345	377
	346	378
	347	378
	348	378
	349	378
	350	377
	351	377
	351	376
	351	375
	351	374
	351	373
	350	372
	349	372
	347	372
	345	372
	344	371
	343	371
	342	371
	341	371
	340	371
	340	370
.PEN_UP
.PEN_DOWN
	362	370
	362	369
	362	368
	362	367
	362	365
	362	364
	361	363
	361	362
	361	361
	361	360
	361	359
	361	358
	361	357
	361	356
	360	357
	360	358
	360	359
	360	360
	360	362
	360	363
	360	365
	360	367
	360	368
	361	370
	361	372
	362	373
	363	375
	363	376
	364	377
	365	378
	366	379
	367	379
	368	380
	369	380
	370	380
	370	379
	371	378
	371	377
	371	376
	371	375
	371	374
	371	373
	370	372
	370	371
	369	370
	368	369
	367	369
	366	369
	365	369
	364	368
	363	368
	362	368
.PEN_UP
.PEN_DOWN
	380	376
	380	377
	379	377
	378	377
	377	376
	376	376
	376	375
	375	374
	374	373
	374	372
	374	371
	374	370
	374	369
	375	369
	376	369
	377	369
	379	369
	380	370
	381	371
	382	372
	382	373
	382	374
	382	375
	382	376
	382	377
	381	378
	380	378
.PEN_UP
.PEN_DOWN
	385	377
	385	378
	385	379
	386	379
	386	378
	387	378
	387	377
	387	376
	388	375
	388	374
	388	373
	388	372
	388	371
	388	370
	388	371
	388	372
	388	373
	388	374
	388	375
	388	376
	389	377
	389	379
	389	380
	390	380
	390	381
	391	381
	392	381
	393	381
	394	381
	395	381
	396	380
	397	380
.PEN_UP
.PEN_DOWN
	410	401
	410	402
	410	404
	410	405
	410	406
	411	407
	411	408
	411	409
	411	410
	410	410
	410	409
	410	408
	410	407
	410	405
	410	403
	410	401
	410	396
	410	393
	410	390
	410	388
	410	386
	410	384
	410	382
	410	380
	410	379
	410	377
	411	376
	411	375
	411	374
.PEN_UP
.PEN_DOWN
	403	386
	402	386
	402	387
	402	388
	403	388
	404	388
	405	387
	407	387
	409	387
	410	386
	411	386
	412	385
	413	385
.PEN_UP
.PEN_DOWN
	416	380
	417	379
	417	378
	418	377
	418	376
	419	376
	420	376
	421	376
	422	376
	422	377
	422	378
	423	379
	423	380
	423	381
	423	382
	423	383
	423	384
.PEN_UP
.PEN_DOWN
	428	382
	427	382
	427	381
	427	380
	427	379
	427	378
	427	377
	427	376
	427	375
	428	374
	428	373
	429	373
	429	374
	429	375
	429	376
	430	378
	430	379
	430	380
	430	381
	431	382
	431	383
	431	384
	432	384
	432	385
	433	384
	434	384
	434	383
	434	382
	434	381
	435	381
	435	380
	436	379
	436	378
	436	377
.PEN_UP
.PEN_DOWN
	443	381
	442	381
	442	380
	441	380
	441	379
	441	378
	441	377
	441	376
	441	375
	441	374
	442	373
.PEN_UP
.PEN_DOWN
	443	392
	442	393
	442	394
	441	395
	442	394
.PEN_UP
.PEN_DOWN
	456	402
	456	403
	457	403
	457	404
	457	405
	458	405
	458	406
	458	407
	458	408
	457	407
	457	406
	457	405
	457	404
	457	402
	457	400
	456	396
	456	394
	456	392
	456	390
	456	387
	456	385
	456	384
	456	382
	456	380
	456	379
	456	377
	456	375
	456	374
	456	373
	456	372
.PEN_UP
.PEN_DOWN
	451	382
	450	383
	449	384
	449	385
	450	385
	451	384
	452	384
	455	383
	456	383
	457	383
	458	382
	459	382
	460	382
	460	381
	461	381
	462	381
.PEN_UP
.PEN_DOWN
	468	383
	469	382
	470	381
	472	380
	473	379
	474	379
	474	378
.PEN_UP
.PEN_DOWN
	479	386
	479	385
	478	385
	476	384
	476	383
	475	382
	475	381
	475	379
	474	377
	474	376
	474	374
	473	373
	473	372
	473	371
	472	368
.PEN_UP
