
.WRITER_ID PaulArnao
.STYLE PRINTED
.PEN_DOWN
	69	398
	69	399
	69	400
	69	401
	70	400
	70	398
	70	396
	71	394
	71	393
	71	390
	71	388
	71	386
	72	384
	72	381
	72	380
	72	378
	72	376
	72	373
	72	372
	72	370
	72	369
	72	368
.PEN_UP
.PEN_DOWN
	65	379
	64	379
	64	380
	66	380
	68	380
	69	380
	71	380
	72	380
	74	381
	76	381
	78	381
	80	381
	81	381
	82	381
	83	381
	84	381
.PEN_UP
.PEN_DOWN
	86	398
	86	399
	85	400
	84	401
	84	402
	83	402
	83	403
	83	402
	84	401
	84	399
	84	398
	85	397
	86	393
	87	392
	87	390
	88	388
	88	386
	89	384
	89	382
	89	380
	89	378
	89	377
	89	375
	89	374
	89	373
	89	372
	90	372
	90	373
	90	374
	91	376
	91	377
	91	378
	91	379
	92	380
	92	381
	92	382
	93	382
	94	381
	94	380
	95	379
	95	378
	95	377
	96	376
	96	375
	97	374
	97	373
	98	373
.PEN_UP
.PEN_DOWN
	103	382
	104	382
	105	382
	106	382
	107	382
	107	381
	108	381
	109	381
	110	381
	111	381
	112	381
	113	382
	114	383
	114	384
	114	385
	113	386
	112	387
	111	387
	110	387
	108	387
	107	387
	106	386
	105	385
	105	384
	104	383
	104	382
	104	381
	104	380
	105	379
	106	377
	107	376
	110	375
	112	375
	114	375
	116	375
	118	375
.PEN_UP
.PEN_DOWN
	141	401
	142	402
	142	403
	142	404
	142	403
	141	402
	141	400
	141	398
	141	395
	141	393
	141	390
	141	387
	141	385
	141	382
	141	380
	141	377
	141	374
	141	372
	142	372
	142	370
	143	369
	143	368
	144	368
.PEN_UP
.PEN_DOWN
	153	381
	153	380
	153	379
	153	378
	152	377
	152	376
	152	374
	152	373
	152	372
	152	371
.PEN_UP
.PEN_DOWN
	156	387
	155	388
	154	389
	153	390
	152	390
.PEN_UP
.PEN_DOWN
	165	403
	165	404
	165	405
	164	406
	164	407
	165	407
	165	406
	166	403
	166	402
	166	399
	166	397
	166	395
	166	392
	165	390
	165	387
	165	385
	165	382
	165	380
	165	378
	165	375
	165	373
	165	372
	165	371
.PEN_UP
.PEN_DOWN
	162	390
	162	391
	161	391
	162	391
	163	391
	164	392
	165	392
	166	392
	167	392
	168	392
	170	392
	171	392
	172	392
	173	392
	174	392
	175	392
	176	391
.PEN_UP
.PEN_DOWN
	183	411
	183	412
	182	412
	182	411
	181	409
	181	408
	181	406
	181	404
	181	402
	181	400
	181	397
	181	395
	181	393
	181	391
	181	388
	181	387
	181	383
	181	382
	181	381
	181	379
	182	378
	182	377
	182	376
	183	376
.PEN_UP
.PEN_DOWN
	177	392
	176	393
	175	393
	175	394
	176	394
	177	394
	179	394
	181	394
	182	393
	184	393
	186	393
	188	393
	190	393
	191	393
	192	392
	193	392
.PEN_UP
.PEN_DOWN
	197	411
	198	411
	198	412
	197	412
	197	411
	197	409
	197	408
	197	406
	197	404
	197	402
	197	400
	197	395
	197	392
	197	389
	197	387
	197	384
	197	382
	197	380
	197	378
	197	376
	197	374
	197	373
	197	372
	197	370
	197	369
	198	368
	198	367
.PEN_UP
.PEN_DOWN
	204	379
	205	379
	206	379
	207	378
	208	378
	209	378
	211	378
	212	378
	213	378
	214	378
	215	378
	215	379
	215	380
	214	381
	213	381
	212	381
	211	381
	210	381
	209	381
	208	381
	207	380
	206	380
	205	379
	205	378
	205	377
	205	375
	205	374
	205	373
	206	372
	207	371
	208	371
	210	370
	211	370
	213	370
	214	370
	216	370
	217	370
	218	370
.PEN_UP
.PEN_DOWN
	246	374
	247	374
	247	375
	247	374
	248	374
	248	373
	248	370
	248	369
	248	368
	248	367
	248	365
	248	364
	248	363
	248	362
	248	361
	248	362
	248	363
	248	364
	247	365
	247	366
	247	367
	247	368
	247	369
	248	372
	248	373
	248	375
	248	376
	249	377
	249	378
	250	378
	251	378
	252	378
	252	377
	253	376
	253	375
	253	374
	254	373
	254	372
	254	371
	254	370
	255	369
	255	368
	255	367
	255	366
	255	367
	255	368
	255	370
	255	371
	255	372
	256	373
	256	374
	256	375
	257	376
	257	377
	258	378
	258	379
	258	380
	259	380
	260	380
	261	380
	261	379
	262	378
	263	376
	263	375
	264	373
	264	372
	265	371
	265	370
	265	369
	265	368
	266	368
	266	367
.PEN_UP
.PEN_DOWN
	273	380
	273	381
	273	382
	274	382
	274	383
	274	384
	275	385
	276	385
	277	385
	278	384
	279	384
	280	383
	280	382
	281	382
	281	381
	281	380
	281	379
	281	378
	281	377
	280	377
	280	376
	279	376
	278	376
	277	377
	276	378
	275	378
	274	378
	273	378
	272	377
	271	376
	270	375
	270	374
	270	373
	270	372
	270	371
	271	370
	271	369
	272	369
	273	369
	274	369
	275	369
	276	369
	277	369
	278	370
	278	371
	278	372
	279	372
	279	373
	279	374
	279	373
	279	371
	280	370
	281	369
.PEN_UP
.PEN_DOWN
	290	379
	290	380
	289	379
	289	378
	289	377
	289	376
	289	374
	289	373
	289	372
	289	371
	289	370
	289	369
	289	368
	290	368
	291	369
	291	370
	291	371
	292	372
	292	374
	292	376
	293	377
	293	378
	294	379
	294	380
	295	381
	296	381
	297	381
	298	380
	298	379
	299	378
	299	377
	300	375
	300	374
	301	373
	301	371
	302	370
	302	369
	303	368
	303	367
	304	365
	304	364
.PEN_UP
.PEN_DOWN
	336	405
	337	406
	337	408
	337	409
	337	411
	337	412
	338	412
	338	411
	338	410
	338	408
	339	403
	339	400
	339	398
	340	395
	340	392
	340	389
	341	387
	341	384
	341	382
	341	380
	341	378
	342	377
	342	374
	342	373
	342	372
	342	371
.PEN_UP
.PEN_DOWN
	328	389
	329	388
	329	389
	329	390
	330	390
	331	390
	333	390
	334	390
	335	390
	337	390
	338	389
	340	389
	343	389
	344	389
	346	388
	348	388
	349	388
	350	389
.PEN_UP
.PEN_DOWN
	362	382
	361	383
	360	383
	360	384
	359	384
	358	384
	357	383
	356	383
	356	382
	355	382
	354	381
	354	380
	353	379
	353	378
	353	377
	353	375
	354	374
	355	373
	356	373
	357	373
	358	373
	360	373
	361	373
	362	373
	363	373
	364	373
	366	375
	366	376
	366	377
	366	378
	366	379
	365	381
	364	382
	363	382
	363	383
	362	384
	361	384
.PEN_UP
.PEN_DOWN
	400	386
	400	387
	400	388
	400	389
	400	390
	400	391
	401	391
	402	391
	403	391
	404	391
	404	390
	405	390
	406	388
	406	387
	406	386
	406	385
	406	384
	406	383
	406	382
	406	381
	405	381
	405	382
	404	382
	403	382
	403	383
	402	383
	401	383
	400	383
	399	383
	398	383
	397	382
	396	382
	396	381
	395	380
	395	379
	395	378
	396	377
	397	376
	397	375
	398	375
	399	375
	400	374
	401	374
	402	374
	403	374
	404	374
	405	375
	405	376
	406	376
	406	377
	406	378
	407	378
	407	377
	408	376
	408	375
	409	374
	410	373
	411	373
	411	372
	412	372
	415	370
	417	370
.PEN_UP
.PEN_DOWN
	423	375
	423	374
	423	373
	423	372
	423	371
	423	370
	423	367
	423	366
	423	364
	423	362
	423	361
	423	359
	423	358
	423	357
	423	356
	424	355
	424	354
	423	355
	423	356
	423	357
	423	358
	423	359
	423	360
	423	362
	423	365
	423	368
	424	370
	424	373
	424	375
	425	377
	425	379
	426	381
	427	382
	427	383
	427	384
	428	384
	429	385
	430	385
	431	385
	432	385
	433	384
	434	383
	435	382
	436	380
	436	379
	436	378
	436	377
	436	376
	436	375
	435	374
	434	374
	433	374
	432	374
	431	374
	429	374
	428	374
	427	375
	426	375
.PEN_UP
.PEN_DOWN
	443	373
	442	373
	441	373
	440	372
	440	371
	440	370
	440	368
	440	367
	440	365
	440	364
	441	362
	441	361
	441	360
	441	358
	441	357
	441	356
	440	356
	440	357
	439	358
	439	359
	439	360
	439	362
	439	364
	439	368
	439	369
	439	371
	439	373
	440	376
	440	378
	441	379
	442	381
	443	382
	444	382
	445	383
	447	383
	448	382
	449	382
	450	382
	450	381
	451	380
	451	379
	451	378
	451	377
	450	375
	449	374
	448	373
	447	373
	446	373
	445	372
	444	372
	443	372
.PEN_UP
.PEN_DOWN
	464	374
	464	375
	465	375
	466	374
	467	374
	468	374
	469	374
	470	374
	471	374
	472	374
	473	375
	473	376
	473	377
	473	378
	472	378
	471	379
	470	380
	469	380
	468	380
	467	380
	465	379
	464	378
	463	378
	463	377
	463	376
	463	374
	463	373
	463	372
	464	370
	464	369
	466	368
	468	367
	469	366
	470	365
	472	365
.PEN_UP
.PEN_DOWN
	481	376
	481	377
	481	378
	481	379
	482	380
	483	380
	484	380
	485	380
	486	380
	487	379
	488	378
	489	378
	489	377
	489	376
	489	375
	489	374
	488	374
	488	373
	487	373
	486	373
	485	372
	484	372
	484	373
	483	373
	482	373
	481	374
	480	373
	479	373
	479	372
	479	371
	479	369
	479	368
	479	367
	480	367
	481	366
	482	366
	483	366
	484	366
	485	366
	486	367
	486	368
	487	368
	487	369
	487	370
	487	371
	487	372
	487	371
	487	370
	487	369
	487	368
	488	367
	489	366
	490	365
	490	364
	492	363
.PEN_UP
.PEN_DOWN
	499	376
	498	376
	498	375
	498	374
	498	373
	500	372
	500	370
	500	369
	501	368
	501	367
	501	368
	501	369
	501	370
	501	371
	501	372
	501	374
	501	375
	501	376
	501	378
	501	379
	502	380
	503	381
	503	382
	504	382
	505	382
	506	382
	507	382
	508	382
	509	382
	510	381
	511	381
	512	380
	513	379
	514	379
	515	378
	516	378
.PEN_UP
