
.WRITER_ID PaulArnao
.STYLE PRINTED
.PEN_DOWN
	99	413
	98	413
	98	414
	97	415
	96	416
	95	417
	94	418
	92	419
	91	419
	90	419
	89	419
	88	418
	86	418
	86	417
	84	416
	83	415
	82	413
	81	412
	80	408
	79	406
	79	404
	79	402
	79	401
	80	399
	80	398
	82	397
	82	396
	84	395
	85	394
	87	394
	90	394
	92	395
	93	395
	95	396
	96	397
	97	398
	98	399
	98	401
	98	402
	98	403
	98	405
	98	408
	97	410
	96	412
	95	413
	94	414
	93	415
	92	416
	91	417
	90	417
.PEN_UP
.PEN_DOWN
	97	420
	96	419
	95	419
	95	417
	94	416
	93	412
	92	410
	91	407
	90	405
	89	403
	89	401
	88	399
	88	397
	88	396
	88	394
	88	393
.PEN_UP
.PEN_DOWN
	113	419
	113	420
	112	421
	112	420
	112	419
	112	418
	112	416
	112	414
	113	413
	113	411
	113	409
	114	407
	114	406
	114	405
	114	402
	114	401
	115	401
	115	400
	115	399
	115	398
.PEN_UP
.PEN_DOWN
	143	434
	143	435
	143	436
	143	437
	142	437
	141	436
	141	434
	140	432
	139	429
	138	426
	137	423
	136	420
	135	417
	134	414
	131	407
	130	404
	129	401
	128	397
	127	394
	125	391
	125	388
	124	386
	123	384
	122	383
	122	381
	122	380
	122	379
.PEN_UP
.PEN_DOWN
	149	417
	150	417
	150	418
	150	419
	151	419
	152	419
	153	419
	154	419
	155	419
	156	418
	157	418
	157	417
	157	416
	157	415
	157	414
	157	413
	156	412
	156	411
	155	409
	153	408
	151	406
	149	405
	148	404
	147	403
	146	403
	146	402
	146	401
	148	401
	150	401
	151	401
	152	401
	154	401
	155	401
	157	401
	158	402
	159	402
	161	402
.PEN_UP
.PEN_DOWN
	168	419
	168	420
	169	421
	170	422
	171	422
	172	423
	173	423
	174	423
	175	422
	176	422
	177	422
	178	421
	178	420
	178	419
	177	419
	176	418
	176	417
	175	417
	174	416
	173	416
	172	415
	172	414
	173	414
	174	414
	175	414
	176	414
	178	413
	180	412
	181	412
	182	411
	182	410
	182	409
	182	408
	181	408
	180	407
	179	407
	178	406
	175	406
	174	405
	173	405
	171	405
	170	405
	169	405
	168	404
	169	404
.PEN_UP
.PEN_DOWN
	216	437
	216	438
	215	438
	215	437
	214	435
	213	432
	212	429
	210	422
	209	418
	206	411
	205	407
	204	404
	203	401
	202	398
	201	395
	200	392
	199	390
	199	388
	198	386
	198	385
	198	383
	198	382
.PEN_UP
.PEN_DOWN
	230	421
	229	421
	228	421
	227	421
	226	421
	225	420
	224	419
	223	419
	222	418
	222	417
	221	416
	220	415
	220	414
	219	413
	219	412
	219	411
	219	410
	220	410
	220	409
	221	409
	222	408
	223	408
	225	408
	226	408
	227	408
	228	408
	229	408
	230	408
	231	408
.PEN_UP
.PEN_DOWN
	239	420
	238	420
	237	420
	236	419
	236	417
	235	416
	234	414
	234	412
	233	409
	232	407
	232	405
	232	403
	232	402
	232	401
	232	400
	232	399
	232	398
	233	398
	234	398
.PEN_UP
.PEN_DOWN
	247	422
	246	422
	245	422
	243	421
	242	421
	241	421
	240	420
	240	419
	241	418
	241	416
	243	416
	246	414
	247	413
	249	412
	250	411
	252	410
	253	409
	254	408
	254	407
	254	406
	254	405
	253	404
	251	403
	250	403
	248	402
	247	402
	246	401
	244	401
	242	401
	241	401
	240	401
	240	402
.PEN_UP
.PEN_DOWN
	247	420
	247	421
	247	422
	247	423
	248	423
	249	423
	251	423
	252	423
	253	423
	255	424
	256	424
	258	424
	258	425
	259	425
	260	425
	260	424
	259	423
.PEN_UP
.PEN_DOWN
	282	414
	283	414
	283	415
	283	414
	284	414
	285	413
	285	412
.PEN_UP
.PEN_DOWN
	310	408
	309	408
	309	407
	309	406
	309	405
	309	403
	309	401
	309	400
	309	399
	310	397
	310	396
	310	395
	310	394
	310	393
.PEN_UP
.PEN_DOWN
	310	416
	310	417
	309	417
	309	418
	308	418
	308	417
	309	417
.PEN_UP
.PEN_DOWN
	331	405
	330	406
	329	406
	328	407
	327	407
	326	408
	325	408
	324	408
	323	408
	322	408
	321	407
	321	406
	321	405
	322	404
	322	403
	323	403
	324	402
	326	401
	327	401
	328	401
	330	401
	331	400
	333	400
	333	399
	334	399
	333	399
	333	398
	331	398
	330	398
	328	398
	325	398
	323	398
	322	397
	321	397
	320	397
	319	397
	319	396
	320	396
.PEN_UP
.PEN_DOWN
	352	420
	353	420
	353	421
	353	422
	353	423
	353	424
	352	425
	353	425
	353	424
	354	423
	354	422
	355	420
	357	416
	357	414
	358	412
	358	409
	359	407
	359	405
	359	403
	360	402
	360	401
	360	399
	360	398
	359	398
	358	398
	358	399
	357	400
	356	400
	356	401
	356	402
	355	404
	355	405
	355	406
	355	407
	355	409
	356	410
	357	411
	358	411
	359	412
	361	412
	364	412
	365	412
	366	411
	367	411
	368	410
	369	410
	370	409
	371	408
	371	407
	371	406
	371	405
	370	404
	368	402
	367	402
	365	401
	364	401
	362	401
	360	400
	359	400
	358	400
	357	400
	356	400
	355	400
.PEN_UP
.PEN_DOWN
	372	407
	373	407
	374	407
	375	407
	377	407
	379	408
	380	408
	381	408
	382	408
	383	409
	384	409
	384	410
	384	411
	384	412
	384	413
	383	414
	381	415
	380	415
	379	415
	378	415
	377	415
	376	414
	375	414
	374	414
	373	413
	372	411
	372	410
	372	409
	372	408
	372	407
	373	406
	374	405
	375	404
	376	403
	377	403
	378	402
	380	402
.PEN_UP
.PEN_DOWN
	397	434
	396	435
	394	435
	393	436
	392	436
	391	436
	391	435
	391	434
	391	432
	391	431
	392	427
	393	425
	394	423
	394	422
	395	420
	396	419
	397	417
	398	415
	399	413
	399	412
	400	410
	400	409
	401	407
	401	406
	401	405
	400	405
.PEN_UP
.PEN_DOWN
	391	416
	391	417
	392	417
	393	417
	394	416
	395	416
	397	416
	398	415
	402	415
	404	414
	406	414
	407	414
	408	414
.PEN_UP
.PEN_DOWN
	419	418
	418	418
	416	418
	415	418
	414	418
	412	417
	410	416
	409	415
	408	414
	408	413
	408	412
	408	411
	408	410
	409	409
	409	408
	410	407
	411	406
	413	406
	417	405
	418	405
	420	405
	421	406
	422	406
	422	407
	422	408
	422	409
	422	410
	422	412
	421	413
	420	414
	418	417
	417	418
	416	419
	415	420
	414	420
.PEN_UP
.PEN_DOWN
	428	416
	427	416
	427	415
	428	414
	428	413
	428	412
	429	411
	430	410
	431	410
	432	409
	432	408
	433	407
	434	407
	434	406
	433	407
	433	408
	432	409
	432	410
	431	411
	431	412
	430	415
	429	416
	429	418
	429	419
	429	420
	429	421
	429	422
	430	422
	431	422
	432	422
	433	422
	435	422
.PEN_UP
.PEN_DOWN
	444	418
	445	418
	446	418
	447	418
	448	418
	449	418
	450	418
	451	418
	452	418
	453	419
	453	420
	452	420
	452	421
	451	421
	450	422
	449	422
	447	422
	446	422
	445	422
	444	421
	443	420
	442	419
	441	418
	441	417
	441	416
	441	415
	442	414
	443	413
	443	412
	445	411
	446	410
	449	409
	451	409
	452	409
.PEN_UP
.PEN_DOWN
	465	434
	464	434
	463	433
	463	432
	462	430
	462	429
	462	427
.PEN_UP
.PEN_DOWN
	500	418
	500	419
	499	419
	497	419
	496	419
	495	418
	494	418
	493	416
	492	415
	491	414
	490	412
	489	410
	488	408
	488	406
	487	403
	487	401
	487	400
	487	398
	488	397
	489	396
	490	395
	492	395
	494	395
	496	395
	497	395
	499	395
	503	396
	504	398
	505	399
	506	401
	506	402
	506	403
	506	404
	506	405
	505	405
	505	406
	503	406
	501	406
	500	406
	498	406
	497	405
	496	404
	495	403
	495	402
	494	401
	494	400
	494	399
	494	398
.PEN_UP
.PEN_DOWN
	523	432
	524	434
	524	436
	524	438
	524	439
	524	440
	523	440
	523	438
	522	436
	522	434
	520	431
	520	427
	519	424
	518	420
	517	416
	514	410
	512	406
	512	403
	510	400
	509	397
	508	394
	507	392
	507	390
	507	388
	507	387
	507	386
	507	385
	507	384
.PEN_UP
.PEN_DOWN
	532	422
	531	423
	531	424
	530	425
	531	425
	532	425
	533	425
	534	424
	535	424
	536	423
	537	423
	539	423
	540	422
	541	422
	542	421
	543	420
	544	420
	544	419
	544	418
	544	417
	543	416
	543	415
	542	414
	541	413
	540	411
	539	409
	537	407
	537	406
	536	405
	536	404
	536	403
	537	402
	537	401
	538	401
.PEN_UP
.PEN_DOWN
	564	445
	564	446
	563	446
	562	445
	561	443
	561	441
	559	439
	558	436
	558	433
	557	430
	556	426
	555	423
	554	419
	553	413
	552	410
	551	406
	551	403
	550	401
	549	398
	548	396
	548	394
	547	392
	547	390
	547	389
	547	387
	547	386
	547	385
.PEN_UP
.PEN_DOWN
	578	425
	577	425
	577	426
	576	426
	575	426
	574	426
	573	426
	572	425
	571	424
	570	423
	570	422
	569	421
	569	420
	569	419
	569	418
	569	417
	570	416
	571	414
	573	414
	574	414
	575	414
	576	414
	577	415
	578	416
	578	417
	579	418
	579	419
	579	421
	579	423
	578	423
	578	424
	578	425
	577	426
	576	426
	575	426
.PEN_UP
.PEN_DOWN
	573	412
	572	412
	571	412
	570	412
	568	411
	567	411
	567	410
	566	409
	565	408
	564	407
	564	405
	564	404
	564	403
	564	402
	565	401
	566	400
	568	398
	569	398
	571	398
	572	398
	574	398
	575	399
	576	400
	576	401
	578	401
	578	403
	578	404
	578	405
	578	408
	577	410
	576	411
	575	412
	574	413
	573	414
	572	414
	572	413
.PEN_UP
.PEN_DOWN
	595	424
	595	425
	595	427
	594	428
	592	430
	592	431
	591	432
	590	433
	590	434
	588	434
	588	435
	587	435
	586	435
	585	435
	585	434
	584	433
	582	431
	582	430
	582	428
	582	427
	582	426
	583	424
	584	423
	585	423
	586	422
	587	421
	588	421
	590	421
	592	421
	593	422
	594	423
	595	423
	595	424
	594	424
	593	423
	593	422
	592	420
	592	419
	591	417
	591	415
	591	413
	590	412
	590	410
	590	409
	590	408
	590	407
	590	405
	591	404
.PEN_UP
