
.WRITER_ID PaulArnao
.STYLE PRINTED
.PEN_DOWN
	66	392
	66	393
	66	395
	66	396
	65	397
	65	395
	65	393
	66	391
	66	388
	66	386
	66	383
	67	381
	67	378
	67	374
	68	373
	68	371
	68	370
	68	369
	68	368
	68	367
	68	366
.PEN_UP
.PEN_DOWN
	59	376
	60	377
	61	377
	62	377
	64	377
	66	377
	68	377
	71	377
	73	377
	75	377
	76	377
.PEN_UP
.PEN_DOWN
	75	393
	75	394
	75	395
	75	393
	75	391
	76	389
	76	387
	77	385
	77	383
	78	380
	78	379
	79	377
	79	375
	79	374
	79	373
	80	371
	80	370
	80	371
	80	372
	80	373
	80	374
	80	375
	80	376
	81	376
	81	377
	82	377
	83	377
	83	376
	84	375
	85	375
	85	374
	86	373
	86	372
	86	371
	87	371
	87	370
.PEN_UP
.PEN_DOWN
	93	381
	92	381
	92	382
	91	382
	90	382
	89	382
	89	381
	88	380
	88	379
	88	377
	88	376
	88	375
	88	374
	88	373
	89	372
	90	371
	91	370
	92	370
	93	370
	94	370
	96	371
	97	371
	98	372
	98	373
	99	374
	99	375
	99	376
	99	377
	99	378
	98	379
	98	381
	97	382
	96	383
	95	383
.PEN_UP
.PEN_DOWN
	104	382
	104	381
	105	380
	105	379
	105	378
	105	376
	106	375
	107	375
	108	374
	109	372
	110	372
	111	372
	112	372
	113	373
	113	374
	113	375
	114	375
	114	376
	114	377
	114	379
	114	380
	113	382
	113	383
	113	384
.PEN_UP
.PEN_DOWN
	126	382
	125	383
	123	384
	122	384
	121	384
	120	383
	119	382
	119	381
	119	380
	119	379
	120	377
	120	376
	121	375
	122	375
	123	374
	124	374
	125	374
	126	375
	127	376
	128	377
	128	378
	128	379
	128	380
	128	381
	127	381
	126	381
	126	380
	126	379
	126	378
	126	377
	127	375
	128	374
	128	373
	129	372
	129	370
	130	369
	131	367
	131	366
	132	365
	132	364
	131	364
	130	364
	129	364
	128	364
	126	365
	125	366
	124	366
.PEN_UP
.PEN_DOWN
	135	397
	135	398
	136	398
	136	397
	137	395
	137	393
	137	392
	138	389
	138	387
	139	385
	139	384
	139	382
	139	380
	140	379
	140	378
	140	377
	140	376
	140	377
	140	378
	140	379
	141	379
	141	382
	142	383
	143	384
	143	385
	143	386
	144	386
	144	387
	145	387
	146	387
	146	386
	147	384
	148	382
	148	381
	149	380
	149	379
	149	378
	150	377
	150	376
	151	375
	151	374
	152	374
.PEN_UP
.PEN_DOWN
	160	404
	160	405
	161	403
	161	402
	161	401
	162	399
	162	398
	163	397
	163	395
	163	393
	164	392
	164	389
	164	388
	164	384
	164	382
	165	381
	165	380
	165	379
	165	378
	165	377
	165	376
.PEN_UP
.PEN_DOWN
	159	393
	159	392
	161	391
	162	391
	164	391
	166	391
	167	391
	169	391
	170	391
	171	391
	172	391
	173	391
	174	391
	176	391
.PEN_UP
.PEN_DOWN
	200	396
	200	397
	200	398
	199	398
	199	397
	198	396
	198	395
	197	393
	197	390
	197	388
	196	385
	196	383
	196	380
	196	376
	197	375
	197	373
	198	372
	198	371
	199	370
	199	371
	198	371
	198	373
	198	374
	198	375
	198	376
	198	378
	198	379
	198	381
	198	382
	198	383
	199	384
	199	385
	200	386
	201	387
	202	387
	203	387
	204	387
	204	386
	205	386
	206	385
	207	384
	208	382
	209	379
	209	378
	210	377
	210	376
	210	375
	211	374
	211	373
.PEN_UP
.PEN_DOWN
	213	384
	214	383
	214	382
	215	381
	215	380
	216	380
	217	379
	218	379
	219	379
	221	379
	222	380
	223	380
	224	382
	224	383
	224	384
	224	385
	224	386
	223	387
	223	388
	222	388
	221	388
	219	388
	218	387
	217	387
	217	385
	216	384
	216	383
	216	382
	216	381
	216	379
	216	378
	216	377
	218	376
	219	375
	221	374
.PEN_UP
.PEN_DOWN
	250	391
	248	390
	248	389
	247	388
	246	387
	246	386
	246	384
	246	383
	246	382
	246	380
	246	379
	247	379
	248	377
	249	377
.PEN_UP
.PEN_DOWN
	258	387
	257	386
	256	385
	256	384
	255	384
	255	382
	255	381
	255	380
	256	378
	256	377
	256	376
	258	375
	259	375
	260	375
	261	375
	262	375
	263	376
	263	377
	263	379
	263	380
	263	381
	263	382
	263	384
	262	385
	261	386
	260	388
	259	389
	260	388
.PEN_UP
.PEN_DOWN
	268	387
	268	386
	269	386
	269	385
	269	384
	269	383
	269	382
	269	381
	269	379
	270	377
	271	376
	271	375
	272	375
	273	375
	273	376
	274	376
	274	377
	275	378
	275	380
	275	381
	276	382
	276	383
	276	384
	276	385
	276	386
	276	387
	277	387
	277	388
.PEN_UP
.PEN_DOWN
	283	412
	283	413
	283	412
	283	411
	283	409
	283	407
	283	405
	282	402
	282	400
	282	398
	282	396
	282	391
	282	389
	282	387
	283	386
	283	384
	283	383
	283	382
	283	381
	284	380
.PEN_UP
.PEN_DOWN
	294	413
	295	413
	296	413
	296	412
	296	411
	296	409
	296	406
	296	404
	296	401
	296	399
	296	397
	296	395
	296	393
	296	391
	296	389
	296	387
	296	386
	296	384
	296	382
	296	381
	296	382
	296	383
	296	384
	295	386
	295	388
	294	388
	293	389
	292	389
	291	389
	289	389
	288	388
	288	386
	288	384
	288	383
	288	382
	289	381
	290	380
	291	379
	292	378
	293	378
	295	378
	297	377
	299	377
	301	377
.PEN_UP
.PEN_DOWN
	330	390
	329	390
	328	391
	327	392
	326	392
	323	393
	322	393
	321	393
	320	393
	320	392
	320	391
	320	390
	320	389
	321	388
	321	387
	324	385
	326	384
	326	382
	328	381
	329	380
	330	379
	331	377
	331	376
	331	375
	331	374
	330	373
	328	373
	327	373
	326	373
	325	373
	323	373
	322	373
	321	373
	320	373
	319	374
.PEN_UP
.PEN_DOWN
	333	387
	334	386
	335	385
	336	385
	337	385
	338	385
	339	385
	340	385
	341	385
	343	385
	344	385
	346	386
	346	387
	346	388
	346	389
	346	390
	345	390
	345	391
	344	391
	343	391
	342	390
	341	390
	340	389
	339	388
	338	388
	338	387
	338	386
	338	385
	338	384
	338	383
	338	382
	339	380
	340	379
	341	379
	342	378
	344	378
	344	377
	346	377
	347	377
	348	377
	350	377
.PEN_UP
.PEN_DOWN
	351	382
	352	382
	353	382
	354	382
	355	382
	357	382
	358	382
	359	382
	360	382
	360	383
	361	384
	362	385
	362	386
	362	387
	361	389
	360	390
	358	391
	357	391
	356	391
	355	391
	355	390
	354	390
	353	389
	352	388
	352	386
	351	384
	351	382
	351	380
	352	379
	352	377
	353	376
	354	375
	356	375
	356	374
	358	373
	360	373
	361	373
	364	373
	366	373
.PEN_UP
.PEN_DOWN
	399	395
	400	395
	402	395
	403	394
	404	394
	406	393
	407	392
	410	390
	411	388
	411	387
	412	385
	412	384
	413	383
	413	382
	413	381
	412	381
	411	381
	410	381
	408	382
	407	382
	406	382
	405	383
	403	383
	402	383
	401	383
	400	383
	399	383
	398	383
	397	381
	396	380
	396	379
	396	378
	396	377
	396	375
	397	374
	398	373
	399	372
	400	370
	401	370
	403	369
	406	368
	407	368
	408	368
	410	368
	410	369
	411	369
	412	370
	412	371
	413	372
	413	373
	413	374
	413	375
	413	374
	413	373
	413	372
	414	371
	415	371
	416	369
	417	369
.PEN_UP
.PEN_DOWN
	424	383
	423	384
	423	383
	423	382
	424	381
	424	379
	425	378
	425	377
	426	375
	427	374
	428	373
	428	372
	429	373
	429	374
	429	375
	429	376
	429	377
	430	380
	430	381
	430	383
	431	384
	432	385
	433	385
	434	385
	435	383
	436	381
	436	379
	437	377
	438	375
	438	374
	439	372
	440	371
	441	370
	441	369
	441	368
	442	368
	443	368
.PEN_UP
