
.WRITER_ID PaulArnao
.STYLE PRINTED
.PEN_DOWN
	67	402
	67	403
	66	404
	66	405
	66	406
	66	407
	66	406
	66	405
	66	403
	66	402
	66	400
	66	398
	67	395
	67	393
	67	391
	67	390
	67	388
	67	387
	67	385
	68	384
	68	383
	68	382
	68	381
	68	380
	68	381
	68	382
	68	383
	68	384
	68	385
	68	386
	68	387
	68	388
	68	389
	68	390
	69	391
	70	391
	71	391
	72	391
	73	390
	74	389
	75	388
	75	387
	76	387
	76	386
	76	385
	76	384
	76	383
	75	383
	74	382
	73	382
	71	382
	70	381
	69	381
	68	381
	67	381
	66	381
.PEN_UP
.PEN_DOWN
	80	386
	81	386
	82	386
	84	386
	85	385
	86	385
	87	385
	88	385
	89	385
	90	385
	90	386
	90	387
	90	388
	90	389
	89	389
	89	390
	88	390
	87	390
	86	390
	84	390
	83	390
	82	389
	81	389
	81	388
	81	387
	81	386
	81	385
	81	383
	83	381
	85	381
	86	380
	87	380
	89	380
	90	380
	92	380
	93	380
	94	380
.PEN_UP
.PEN_DOWN
	103	391
	102	391
	102	390
	102	388
	102	387
	103	386
	103	385
	103	383
	104	382
	105	382
	105	381
	106	380
	107	379
	108	379
	109	379
	110	379
	111	379
	111	380
	112	381
	112	382
	112	383
	112	385
	112	386
	112	387
	112	388
	112	387
	112	386
	112	385
	112	384
	112	383
	112	382
	113	382
	113	381
	114	380
	114	379
	115	379
	116	379
	117	379
	117	380
	118	380
	118	381
	119	382
	119	383
	119	384
	119	386
	119	387
	119	389
	119	390
	119	391
	119	392
.PEN_UP
.PEN_DOWN
	126	388
	126	387
	126	386
	126	385
	126	384
	126	382
	126	381
	126	380
	127	380
.PEN_UP
.PEN_DOWN
	126	392
	126	393
	125	394
	124	394
	124	395
	125	394
.PEN_UP
.PEN_DOWN
	134	406
	134	407
	134	408
	134	409
	134	410
	133	410
	133	411
	134	411
	134	410
	134	409
	134	408
	134	407
	134	405
	134	402
	134	400
	134	397
	134	395
	134	393
	134	391
	135	389
	135	387
	135	385
	135	383
	136	382
	137	379
	138	378
.PEN_UP
.PEN_DOWN
	154	417
	154	418
	154	417
	154	415
	154	414
	154	410
	154	408
	154	405
	154	402
	154	400
	155	397
	155	394
	155	392
	156	390
	156	388
	156	386
	156	384
	157	382
	157	381
	157	380
	157	381
	157	382
	157	383
	156	385
	156	387
	155	388
	155	389
	154	390
	153	391
	152	392
	151	392
	150	392
	149	392
	148	392
	147	391
	146	390
	146	389
	146	388
	146	387
	146	386
	146	384
	147	383
	147	382
	148	381
	150	380
	152	379
	153	379
	154	379
	156	379
	157	379
	158	379
	160	379
.PEN_UP
.PEN_DOWN
	165	386
	165	385
	166	385
	166	386
	167	386
	168	386
	168	387
	169	387
	170	387
	171	387
	172	388
	173	388
	174	388
	174	389
	174	390
	174	391
	174	392
	173	392
	173	393
	171	393
	170	393
	169	393
	168	393
	167	392
	166	392
	165	391
	164	390
	164	389
	164	387
	164	386
	165	385
	165	384
	167	383
	168	383
	169	383
	170	382
	171	382
	173	382
.PEN_UP
.PEN_DOWN
	180	391
	181	391
	181	390
	181	389
	181	387
	182	387
	182	385
	182	384
	182	383
	182	382
	182	381
	182	380
	182	381
	182	382
	182	383
	182	384
	182	386
	182	387
	182	389
	182	390
	183	393
	184	394
	184	395
	184	396
	185	397
	186	398
	186	399
	187	399
	187	400
	188	400
	189	400
	190	400
	191	400
	191	399
	192	399
	192	398
	193	398
.PEN_UP
.PEN_DOWN
	197	392
	198	392
	199	393
	200	393
	201	394
	202	394
	203	394
	204	394
	205	394
	206	394
	207	394
	207	395
	208	395
	208	396
	208	397
	208	398
	207	398
	207	399
	206	399
	205	399
	204	399
	204	398
	203	398
	202	397
	201	396
	200	396
	200	395
	200	393
	200	392
	200	391
	200	390
	200	389
	201	388
	202	387
	204	386
	205	386
	206	386
	207	386
	208	386
	209	386
	210	386
	212	386
	213	387
.PEN_UP
.PEN_DOWN
	223	414
	223	415
	223	414
	223	413
	223	411
	223	410
	223	408
	223	405
	224	403
	224	401
	225	399
	225	397
	225	395
	225	394
	225	391
	225	390
	226	389
	226	388
	226	389
	225	391
	225	392
	225	394
	224	395
	223	397
	222	398
	221	399
	219	399
	218	399
	217	399
	216	399
	215	399
	214	398
	213	397
	213	396
	213	394
	213	392
	214	391
	215	389
	216	387
	218	386
	219	385
	221	384
	223	383
	226	382
	227	382
	229	382
	231	383
	232	384
	233	384
	234	385
	235	385
.PEN_UP
.PEN_DOWN
	266	396
	267	396
	267	397
	268	397
	267	397
	267	398
	266	398
	266	399
	265	399
	264	399
	263	399
	262	398
	261	398
	259	397
	258	396
	257	395
	257	394
	256	393
	256	392
	256	391
	256	389
	256	388
	256	387
	257	385
	259	382
	260	382
	262	381
	264	381
	266	381
	267	381
	269	381
	271	381
	273	381
	274	381
.PEN_UP
.PEN_DOWN
	275	408
	275	410
	275	411
	274	412
	274	413
	273	414
	273	413
	274	411
	274	409
	274	408
	275	403
	275	400
	276	398
	276	395
	277	393
	278	391
	278	389
	279	387
	279	385
	280	384
	280	383
	281	382
	281	381
	281	382
	281	383
	281	384
	281	385
	282	387
	282	388
	282	392
	282	393
	283	395
	283	396
	283	397
	283	398
	284	399
	284	400
	285	400
	286	399
	286	398
	287	397
	287	396
	288	395
	288	394
	289	393
	289	391
	289	390
	290	389
	290	387
	291	385
	291	384
	291	383
.PEN_UP
.PEN_DOWN
	293	398
	294	399
	294	400
	294	401
	295	401
	296	401
	297	401
	298	401
	299	400
	300	400
	300	399
	301	398
	301	397
	302	396
	302	395
	301	394
	301	393
	300	393
	299	392
	298	392
	297	392
	296	392
	295	392
	294	392
	293	392
	292	392
	292	391
	291	390
	291	389
	291	388
	292	387
	293	386
	294	386
	295	386
	297	386
	298	386
	299	386
	300	387
	301	388
	301	389
	301	390
	301	391
	300	391
	299	390
	299	389
	299	388
	300	387
	300	386
	301	385
	302	384
	303	384
	304	384
.PEN_UP
.PEN_DOWN
	310	396
	309	394
	309	393
	309	392
	309	391
	310	390
	310	389
	310	388
	310	387
	311	386
	311	385
	312	384
	312	385
	312	386
	312	387
	312	388
	312	390
	312	392
	312	393
	312	395
	312	396
	312	397
	312	398
	312	399
	312	400
	313	401
	314	402
	315	402
	316	402
	317	402
	318	402
	319	402
	320	401
.PEN_UP
.PEN_DOWN
	327	400
	327	399
	327	398
	327	397
	326	396
	326	395
	326	394
	326	392
	326	391
	326	390
	326	387
	326	386
	326	385
	326	384
	326	385
	326	387
	326	388
	326	389
	326	391
	326	392
	327	394
	327	395
	327	397
	327	398
	327	400
	328	402
	328	404
	328	405
	329	405
	329	406
	329	407
	330	407
	331	406
	331	405
	332	405
	333	402
	333	401
	333	400
	334	398
	334	396
	334	395
	334	394
	334	392
	334	391
	334	390
	334	389
	334	388
	334	389
	334	390
	334	391
	334	392
	334	393
	335	396
	335	397
	335	399
	335	400
	336	402
	337	403
	338	404
	338	405
	338	406
	339	407
	339	408
	340	408
	341	407
	342	407
	342	406
	342	405
	343	404
	343	403
	343	401
	343	400
	344	399
	344	396
	344	395
	344	394
	344	393
	344	392
	344	391
	344	390
	344	389
	345	388
	345	387
	346	387
.PEN_UP
.PEN_DOWN
	348	395
	349	394
	349	395
	349	396
	350	396
	351	396
	352	395
	354	395
	355	395
	356	395
	357	395
	358	394
	359	394
	360	394
	361	394
.PEN_UP
.PEN_DOWN
	373	401
	373	402
	372	403
	372	404
	371	404
	370	405
	369	406
	368	406
	367	406
	366	405
	366	404
	367	403
	367	402
	367	401
	368	400
	369	399
	371	396
	372	395
	373	394
	373	392
	374	391
	374	390
	374	389
	374	388
	374	387
	373	387
	372	387
	371	387
	370	387
	368	387
	367	387
	366	387
	366	388
.PEN_UP
.PEN_DOWN
	374	397
	375	397
	376	397
	377	397
	378	397
	379	397
	380	396
	381	396
	382	396
	383	396
	385	396
	386	396
	387	397
	388	397
	388	398
	388	399
	388	400
	388	401
	388	402
	386	403
	385	404
	384	404
	383	404
	382	404
	380	403
	380	402
	379	402
	378	400
	378	399
	378	396
	378	395
	378	394
	379	392
	379	391
	380	390
	381	389
	382	388
	383	388
	384	387
	386	387
	387	387
	390	387
.PEN_UP
.PEN_DOWN
	399	420
	399	421
	399	422
	398	421
	398	420
	397	419
	397	418
	397	416
	397	414
	397	411
	397	409
	397	403
	397	401
	397	398
	397	396
	397	394
	397	392
	397	391
	397	389
	397	387
	397	386
	397	385
.PEN_UP
.PEN_DOWN
	406	428
	406	430
	406	431
	406	432
	406	433
	406	432
	405	431
	405	429
	404	428
	404	427
	404	425
	404	423
	404	421
	404	419
	403	417
	403	414
	403	409
	402	406
	402	404
	402	401
	402	399
	402	397
	402	396
	402	394
	402	393
	402	392
.PEN_UP
.PEN_DOWN
	409	405
	410	405
	410	404
	410	403
	410	402
	411	402
	411	401
	411	400
	412	399
	413	398
	414	398
	414	397
	415	397
	416	397
	416	398
	416	399
	416	400
	416	401
	415	402
	414	403
	412	404
	411	405
	410	405
	408	405
	407	405
	406	404
	405	402
	405	401
	405	400
	405	396
	406	395
	407	394
	407	393
	408	392
	409	391
	411	391
	412	390
	413	390
	414	390
.PEN_UP
.PEN_DOWN
	421	402
	422	400
	422	399
	422	398
	422	397
	422	396
	422	395
	422	393
	422	392
	423	391
	423	390
	423	389
	423	388
	423	389
	423	390
	423	391
	423	392
	423	394
	423	395
	423	397
	424	398
	424	400
	424	401
	424	402
	425	404
	426	405
	427	406
	428	406
	430	406
	432	405
	433	405
	434	405
	435	404
	436	403
	437	403
	438	402
	439	402
.PEN_UP
.PEN_DOWN
	447	387
	446	388
	445	389
	445	390
	446	389
	447	389
.PEN_UP
.PEN_DOWN
	472	416
	471	416
	470	416
	470	415
	469	412
	468	410
	468	408
	467	405
	466	403
	466	400
	466	398
	466	396
	466	394
	466	393
	466	392
	466	391
	466	390
	465	390
	465	391
	465	392
	465	393
	465	395
	465	399
	465	401
	465	403
	465	405
	465	408
	465	410
	466	413
	466	415
	467	417
	468	419
	468	421
	469	422
	470	424
	472	425
	473	425
	473	426
	474	426
	475	426
	476	426
	477	425
	478	425
	479	425
	480	424
	481	423
	483	422
	483	421
	484	420
	484	419
	484	418
	484	417
	483	416
	483	415
	482	414
	481	414
	479	413
	478	412
	475	410
	473	410
	472	409
	470	408
	469	407
	468	407
	468	406
	467	405
	467	404
	467	403
	467	401
	468	399
	468	398
	469	396
	470	395
	472	394
	473	393
	474	393
	475	392
	476	391
	477	391
	478	391
	479	390
	480	390
	481	390
	481	391
.PEN_UP
.PEN_DOWN
	485	400
	485	399
	484	399
	484	398
	483	397
	483	396
	483	395
	483	394
	483	393
	484	392
.PEN_UP
.PEN_DOWN
	487	404
	487	405
	487	406
	486	407
	486	408
	485	408
	486	408
.PEN_UP
.PEN_DOWN
	488	394
	488	393
	488	392
	488	391
	489	391
	489	390
	490	389
	491	388
	492	388
	493	388
	493	389
	493	390
	493	391
	493	392
	493	393
	493	395
	493	397
	493	399
	493	400
	493	401
	493	402
	494	403
	494	404
	495	404
	496	404
	497	403
	498	402
	499	401
	500	400
	500	399
	500	397
	500	396
	500	395
	501	394
	501	392
	501	391
	501	390
	501	389
	501	388
.PEN_UP
.PEN_DOWN
	510	395
	510	396
	509	397
	509	398
	509	399
	509	400
	508	400
	508	401
	507	401
	506	401
	505	401
	504	400
	503	400
	503	399
	503	398
	502	396
	502	395
	502	394
	502	393
	502	392
	503	391
	503	390
	504	390
	505	389
	506	388
	507	388
	509	388
.PEN_UP
.PEN_DOWN
	516	397
	516	398
	516	399
	516	400
	515	400
	515	399
	516	399
	516	398
	517	398
	518	397
	519	397
	520	397
	521	397
	521	398
	521	400
	521	401
	520	401
	519	402
	518	402
	517	402
	515	402
	515	401
	514	401
	513	400
	512	398
	512	396
	512	395
	512	393
	513	392
	514	390
	515	389
	517	388
	518	387
	519	386
	521	386
	522	386
	525	386
	526	386
	527	386
	528	386
	529	387
.PEN_UP
.PEN_DOWN
	534	401
	534	402
	533	403
	532	403
	532	402
	531	401
	530	399
	530	397
	530	396
	530	394
	530	393
	530	391
	530	390
	530	389
	531	387
	532	386
	533	386
	534	386
	535	386
	536	387
	537	387
	537	388
	538	391
	539	392
	539	393
	539	394
	539	395
	539	396
	539	397
	539	398
	539	397
	539	396
	539	395
	539	394
	539	392
	540	391
	540	390
	541	389
	542	388
	543	387
	545	387
	546	387
	547	387
	548	387
	549	388
	550	390
	550	391
	550	392
	550	394
	550	395
	550	398
	550	399
	549	400
	549	401
	549	402
	549	403
	550	403
.PEN_UP
.PEN_DOWN
	558	400
	558	399
	557	399
	557	398
	557	397
	557	396
	557	395
	557	393
	557	392
	557	391
	558	390
	558	389
.PEN_UP
.PEN_DOWN
	559	406
	559	407
	558	408
	558	409
	557	409
	558	408
.PEN_UP
.PEN_DOWN
	562	399
	561	398
	560	397
	560	396
	560	395
	560	394
	560	393
	560	392
	560	391
	561	389
	561	388
	562	386
	562	385
	563	385
	563	386
	563	387
	564	387
	564	390
	564	391
	564	392
	564	394
	565	396
	565	397
	565	399
	565	401
	566	402
	566	403
	566	404
	567	405
	568	405
	569	405
	570	405
	570	404
	570	403
	571	402
	571	401
	572	400
	573	397
	573	396
	573	395
	573	394
	573	393
	573	392
	574	391
	574	390
.PEN_UP
.PEN_DOWN
	589	429
	589	430
	589	429
	589	427
	588	426
	588	424
	588	421
	588	417
	588	414
	588	412
	588	409
	588	407
	589	405
	589	403
	589	402
	589	400
	590	399
	590	398
	589	398
	589	399
	589	400
	588	401
	588	402
	587	404
	587	405
	585	408
	585	409
	583	410
	582	411
	581	411
	580	411
	579	411
	578	411
	577	411
	576	410
	575	409
	575	407
	575	404
	575	402
	575	400
	576	398
	578	396
	579	395
	581	394
	583	393
	585	392
	587	391
	588	391
	590	391
	593	392
.PEN_UP
.PEN_DOWN
	629	401
	630	401
	630	402
	630	403
	630	404
	629	406
	628	407
	627	408
	627	409
	626	409
	625	409
	624	409
	622	409
	621	408
	619	406
	618	405
	618	403
	618	401
	618	400
	618	398
	618	397
	618	396
	619	394
	620	393
	621	392
	622	392
	624	391
	625	391
	626	391
	627	391
	628	391
	629	392
	630	393
	630	394
	631	395
	631	396
	631	397
	631	399
	631	400
	631	401
	631	402
	630	402
	630	401
	630	400
	630	397
	631	396
	631	394
	631	392
	632	391
	632	389
	632	387
	633	386
	633	384
	633	383
	633	382
	633	380
	633	379
	632	379
	631	378
	630	378
	629	378
	628	378
	627	378
	626	379
	625	379
	624	379
	623	381
	622	381
	622	382
	622	383
	623	383
.PEN_UP
.PEN_DOWN
	644	395
	644	396
	643	396
	643	397
	642	397
	641	398
	640	398
	639	398
	638	398
	638	397
	638	396
	637	396
	637	394
	637	393
	637	392
	638	390
	639	388
	640	387
	641	387
	642	386
	643	386
	644	386
	645	386
	646	387
	647	387
	648	388
	648	389
	649	391
	649	392
	649	393
	649	394
	648	396
	648	397
	648	398
	647	399
	646	400
	645	400
.PEN_UP
.PEN_DOWN
	655	419
	655	420
	655	421
	655	422
	655	423
	655	424
	655	425
	655	424
	655	423
	655	422
	655	420
	655	418
	655	416
	655	414
	655	413
	655	408
	655	406
	655	403
	655	401
	655	399
	655	397
	655	395
	655	393
	655	392
	655	391
	655	390
	655	388
	655	387
	656	387
.PEN_UP
.PEN_DOWN
	649	401
	648	401
	648	402
	648	403
	647	403
	647	404
	648	405
	649	405
	650	405
	652	404
	654	404
	658	404
	659	403
	661	403
	662	403
	664	403
	665	403
	666	403
	667	403
.PEN_UP
.PEN_DOWN
	704	432
	705	432
	706	433
	707	434
	708	434
	709	433
	709	432
	709	431
	709	430
	709	426
	708	424
	707	421
	706	419
	706	416
	705	414
	705	411
	704	409
	704	406
	703	403
	703	401
	702	399
	701	396
	701	395
	701	394
	701	393
	701	395
	701	396
	701	397
	701	399
	701	400
	700	401
	700	403
	699	404
	698	405
	697	405
	696	406
	695	406
	693	406
	692	406
	691	406
	690	405
	689	404
	688	403
	688	402
	688	401
	688	400
	688	398
	688	396
	689	394
	689	393
	690	392
	692	391
	693	390
	695	390
	696	389
	698	389
	699	389
	701	389
	702	389
	704	390
	705	391
	706	391
	707	392
.PEN_UP
.PEN_DOWN
	715	397
	714	398
	713	399
	713	400
	712	400
	711	401
	710	402
	707	403
	706	403
	705	403
	704	402
	703	401
	703	400
	703	399
	703	398
	703	396
	703	395
	704	393
	704	392
	705	392
	706	391
	707	391
	708	391
	709	391
	710	391
	711	391
	712	391
	713	393
	713	394
	714	395
	714	396
	714	397
.PEN_UP
.PEN_DOWN
	718	400
	717	400
	717	401
	717	400
	717	399
	717	398
	717	397
	717	396
	717	395
	716	394
	716	393
	716	392
	716	391
	716	390
	717	390
	717	389
	718	389
	719	389
	720	390
	721	391
	722	392
	722	393
	723	394
	723	395
	724	397
	725	398
	725	399
	725	400
	725	399
	725	398
	724	397
	724	396
	724	395
	724	394
	724	393
	724	391
	725	391
	725	390
	726	389
	726	388
	727	388
	728	388
	728	389
	729	389
	729	390
	730	391
	730	392
	731	393
	731	394
	731	395
	731	396
	731	399
	731	400
	732	400
.PEN_UP
.PEN_DOWN
	738	398
	738	399
	738	398
	737	397
	737	396
	737	395
	737	394
	737	393
	737	391
	737	390
	737	389
	737	390
	738	391
	738	393
	739	394
	739	395
	740	396
	741	398
	741	399
	742	400
	743	401
	744	402
	744	403
	744	404
	745	405
	746	405
	746	404
	746	403
	746	401
	746	400
	746	399
	746	396
	746	395
	746	393
	746	392
	746	391
	746	390
	747	390
.PEN_UP
