
.WRITER_ID PaulArnao
.STYLE PRINTED
.PEN_DOWN
	68	405
	68	406
	68	408
	68	409
	68	410
	68	411
	67	411
	67	412
	68	412
	68	411
	68	409
	68	407
	68	405
	68	399
	68	396
	68	393
	68	391
	69	388
	69	386
	69	383
	69	382
	70	380
	70	378
	71	377
	71	376
	72	375
	72	374
	73	374
	74	373
.PEN_UP
.PEN_DOWN
	62	403
	60	406
	59	408
	58	409
	57	409
	57	410
	57	411
	57	412
	57	413
	58	414
	59	414
	63	414
	66	414
	69	414
	72	414
	75	414
	78	414
	81	414
	83	414
	85	414
	87	414
	88	414
	90	414
	91	414
	92	414
.PEN_UP
.PEN_DOWN
	84	383
	84	384
	85	384
	85	383
	85	381
	86	379
	87	378
	88	376
	88	375
	89	374
	90	373
	91	373
	92	373
	93	373
	94	373
	95	373
	97	374
	97	375
	98	376
	99	377
	100	378
	100	380
	100	382
	100	383
	100	385
	100	386
	100	387
	99	387
	98	386
	98	385
	98	384
	98	382
	99	381
	99	379
	102	377
	103	376
	104	376
	106	375
	107	375
	108	375
	110	375
	111	376
	112	376
	113	377
	114	378
	114	379
	114	382
	114	383
	114	385
	114	387
	113	388
	113	389
	112	390
	111	391
	111	392
	110	393
	110	392
	111	391
.PEN_UP
.PEN_DOWN
	129	386
	127	386
	127	387
	126	387
	125	388
	124	388
	123	388
	122	388
	121	387
	121	386
	120	385
	120	383
	120	381
	120	379
	120	378
	120	376
	121	375
	122	374
	125	372
	126	372
	128	372
	130	372
	132	373
	133	374
	134	375
	134	376
	134	378
	134	379
	133	381
	132	384
	131	386
	130	387
	129	388
	128	389
	127	390
	127	389
.PEN_UP
.PEN_DOWN
	155	410
	155	411
	155	412
	155	413
	154	413
	154	414
	153	414
	153	415
	152	415
	151	415
	150	415
	149	415
	148	415
	147	415
	147	414
	146	413
	146	412
	145	410
	145	409
	145	408
	144	406
	144	405
	144	403
	144	401
	144	400
	145	398
	145	396
	145	395
	145	393
	146	390
	146	389
	146	388
	147	387
	147	386
	147	384
	147	383
	147	382
	147	381
	147	379
	147	378
.PEN_UP
.PEN_DOWN
	139	385
	138	385
	138	386
	137	386
	137	387
	138	387
	139	387
	140	387
	141	387
	142	386
	145	386
	146	385
	147	385
	148	385
	149	385
	150	384
	151	384
	152	384
	153	384
	154	384
	155	384
	155	385
.PEN_UP
.PEN_DOWN
	161	415
	160	417
	160	418
	160	419
	159	419
	159	418
	159	417
	159	416
	159	414
	159	412
	159	410
	159	408
	160	405
	160	403
	160	400
	160	396
	160	391
	161	388
	161	385
	161	383
	161	381
	161	378
	161	377
	161	375
	161	374
	161	373
	161	372
	162	372
.PEN_UP
.PEN_DOWN
	169	387
	169	388
	168	388
	167	387
	166	386
	165	385
	165	384
	164	382
	164	381
	164	380
	164	379
	164	378
	165	377
	166	376
	167	376
	168	375
	169	375
	171	375
	172	376
	173	377
	174	377
	174	378
	175	379
	175	380
	175	381
	175	382
	175	383
	175	385
	174	386
	173	387
	172	388
	171	389
	170	389
	170	388
.PEN_UP
.PEN_DOWN
	178	390
	178	391
	178	390
	178	389
	178	388
	178	387
	178	386
	178	385
	178	382
	178	381
	179	380
	179	379
	180	378
	181	378
	182	378
	184	379
	184	380
	184	381
	185	382
	185	383
	185	384
	185	386
	185	387
	185	388
	185	389
	185	388
	185	387
	185	386
	185	385
	185	384
	186	382
	187	381
	187	380
	188	379
	189	379
	190	378
	191	378
	192	379
	192	380
	193	382
	193	383
	193	384
	193	385
	193	386
	193	388
	193	389
	193	390
	192	391
	192	392
	193	392
.PEN_UP
.PEN_DOWN
	200	386
	201	386
	202	386
	203	385
	204	385
	205	384
	206	384
	207	384
	208	384
	209	384
	210	384
	211	384
	211	385
	211	386
	211	387
	210	388
	209	389
	208	390
	207	391
	206	391
	205	391
	204	391
	204	390
	203	389
	203	388
	202	387
	202	386
	202	385
	202	382
	203	382
	203	380
	204	379
	205	379
	205	378
	207	378
	207	377
	209	377
	210	377
	212	377
.PEN_UP
.PEN_DOWN
	217	389
	218	388
	218	387
	218	386
	218	385
	219	384
	219	383
	219	381
	219	380
	219	378
	219	377
	220	376
	220	375
	219	377
	219	378
	219	380
	219	381
	219	382
	219	384
	219	385
	219	387
	220	388
	220	389
	221	391
	222	391
	223	391
	224	392
	225	392
	226	392
	227	392
	229	392
	230	392
	231	392
	233	391
	233	390
.PEN_UP
.PEN_DOWN
	273	414
	273	415
	273	416
	273	417
	273	416
	273	415
	272	412
	272	409
	271	407
	271	404
	271	401
	271	398
	271	396
	271	393
	272	391
	272	388
	272	387
	273	385
	274	382
	275	382
	275	381
	276	381
	276	382
	276	383
	277	385
	277	387
	277	388
	277	389
	277	391
	277	392
	278	393
	278	394
	278	396
	278	397
	278	398
	279	398
	280	398
	281	397
	281	396
	282	396
	282	394
	283	393
	284	391
	285	388
	286	387
	286	386
	286	384
	287	383
	287	382
	287	381
.PEN_UP
.PEN_DOWN
	290	397
	290	398
	290	399
	290	400
	291	400
	292	400
	293	400
	295	400
	298	399
	298	398
	299	398
	300	397
	300	396
	300	395
	300	394
	300	393
	299	393
	298	392
	297	392
	296	392
	295	392
	294	392
	293	392
	291	392
	290	392
	290	391
	289	391
	289	390
	289	389
	289	388
	289	387
	289	386
	290	386
	290	385
	291	385
	292	385
	293	385
	293	386
	294	386
	295	386
	296	387
	297	389
	297	390
	297	391
	297	390
	297	389
	297	388
	297	387
	297	386
	298	385
	299	384
	300	384
	300	383
.PEN_UP
.PEN_DOWN
	311	415
	311	414
	311	413
	311	412
	311	411
	312	407
	312	405
	312	403
	312	401
	313	399
	313	397
	313	395
	313	393
	313	391
	313	389
	313	388
	313	387
	313	385
	313	384
	313	383
	314	383
	314	384
	314	386
	314	387
	314	389
	314	391
	314	392
	313	393
	313	394
	312	395
	311	395
	310	396
	309	396
	308	396
	306	395
	305	395
	304	394
	304	393
	303	392
	303	391
	303	390
	303	388
	303	387
	304	386
	305	385
	306	383
	309	382
	311	382
	312	382
	314	382
	315	382
	317	382
	318	383
	319	383
.PEN_UP
.PEN_DOWN
	339	375
	340	376
	340	377
	340	378
	339	379
	340	379
	340	378
	340	376
	340	374
	340	372
	340	370
	340	368
	340	366
	340	364
	340	360
	340	358
	341	357
	341	356
	342	355
	342	354
	342	355
	342	356
	342	358
	342	360
	342	361
	342	364
	342	366
	342	369
	342	371
	342	374
	342	377
	342	380
	343	385
	343	387
	344	388
	344	389
	345	390
	345	391
	346	391
	346	392
	347	392
	348	392
	349	392
	350	392
	352	391
	353	391
	354	390
	355	389
	356	388
	356	387
	356	386
	356	385
	356	384
	355	383
	354	382
	353	382
	350	381
	349	380
	348	380
	346	380
	345	380
	344	380
	343	381
.PEN_UP
.PEN_DOWN
	369	391
	369	392
	368	393
	367	393
	367	394
	366	394
	365	393
	365	392
	365	391
	365	390
	365	389
	365	388
	365	387
	365	386
	366	384
	367	384
	368	383
	370	382
	371	382
	372	382
	373	382
	373	383
	374	384
	374	385
	374	386
	374	387
	374	388
	373	389
	372	391
	372	392
	371	393
	370	394
	369	394
.PEN_UP
.PEN_DOWN
	380	395
	380	396
	379	396
	378	396
	378	395
	379	394
	380	393
	381	391
	382	391
	383	390
	384	390
	385	389
	385	388
	386	388
	386	387
	387	387
	387	386
	387	385
	387	384
	386	384
	386	383
	385	383
	384	383
	383	383
	381	383
	380	383
	379	383
	378	383
	377	383
	376	383
	376	384
.PEN_UP
.PEN_DOWN
	395	396
	394	397
	393	397
	392	398
	391	398
	391	397
	390	397
	390	396
	390	395
	390	393
	390	392
	391	391
	392	390
	392	389
	393	389
	394	389
	394	390
	393	390
	393	391
	393	390
	394	390
	395	389
	396	389
	397	389
	398	389
	399	389
	400	389
	401	389
	401	390
	402	391
	402	392
	402	393
	402	394
	401	395
	401	396
	400	396
	399	397
	398	397
	397	398
	396	399
	395	399
	394	399
	393	399
	392	399
	392	398
	391	397
	391	396
	390	394
	390	393
	390	391
	390	390
	390	388
	391	387
	392	386
	393	385
	395	384
	396	383
	397	383
	398	383
	400	383
	402	383
	403	384
	404	384
	405	385
	405	386
	406	386
	406	387
	406	388
.PEN_UP
.PEN_DOWN
	421	427
	421	426
	421	425
	421	423
	421	422
	421	419
	421	417
	421	415
	420	410
	420	408
	420	406
	420	404
	420	402
	420	400
	420	399
	420	398
	420	397
	420	396
	420	395
	420	396
	420	397
	420	398
	419	399
	418	400
	418	401
	417	402
	416	402
	415	403
	413	403
	412	403
	411	403
	410	403
	410	402
	409	401
	408	401
	408	399
	408	398
	408	396
	408	395
	409	394
	410	393
	411	392
	412	391
	414	390
	415	390
	417	390
	418	390
	421	390
	422	390
.PEN_UP
.PEN_DOWN
	459	401
	459	402
	459	403
	458	404
	458	405
	458	406
	459	406
	460	406
	461	405
	462	404
	463	403
	463	402
	464	401
	464	400
	465	400
	465	399
	465	398
	465	397
	464	397
	463	397
	463	396
	462	396
	461	396
	460	396
	459	396
	458	396
	457	395
	456	395
	454	393
	453	392
	452	391
	452	390
	451	389
	451	387
	451	386
	451	385
	451	384
	451	383
	451	382
	453	382
	454	382
	456	382
	457	382
	458	382
	460	382
	461	382
	462	383
	463	384
	464	385
	465	386
	466	386
	467	388
	467	389
	467	390
	467	391
	466	391
	466	390
	466	389
	467	388
	467	387
	468	386
	469	385
	470	384
	471	384
	472	383
	474	382
	476	382
	477	382
.PEN_UP
.PEN_DOWN
	487	419
	487	420
	487	422
	488	422
	488	421
	488	420
	488	418
	489	417
	489	415
	490	410
	490	407
	490	405
	491	402
	491	399
	491	396
	492	393
	492	391
	492	388
	492	386
	492	384
	492	383
	492	381
	492	380
	492	379
	493	379
.PEN_UP
.PEN_DOWN
	506	399
	506	400
	505	401
	504	401
	504	402
	503	402
	502	402
	501	402
	500	401
	499	400
	498	399
	497	398
	496	396
	496	395
	496	394
	496	392
	496	391
	496	389
	496	387
	497	387
	498	386
	500	384
	501	384
	503	384
	504	384
	505	384
	506	384
	507	385
	507	386
	508	387
	508	389
	508	390
	508	394
	507	395
	506	397
	506	398
	505	399
	504	400
	503	401
.PEN_UP
.PEN_DOWN
	514	397
	513	398
	513	399
	512	400
	513	399
	513	398
	513	396
	514	395
	514	394
	514	393
	515	392
	515	391
	515	390
	515	389
	516	387
	516	388
	516	389
	516	391
	516	392
	516	393
	517	395
	517	396
	517	397
	517	398
	518	400
	518	401
	518	402
	519	403
	520	404
	521	404
	521	403
	522	402
	523	402
	523	401
	523	400
	524	397
	524	396
	524	395
	524	393
	525	392
	525	391
	525	390
	525	389
	525	388
	525	387
	526	387
	526	386
.PEN_UP
.PEN_DOWN
	542	401
	542	402
	541	403
	541	404
	540	404
	540	405
	539	405
	538	405
	537	405
	536	405
	535	404
	535	403
	534	401
	534	400
	534	399
	534	396
	534	395
	534	394
	534	393
	535	392
	536	391
	537	391
	538	391
	539	392
	540	392
	541	394
	541	395
	542	396
	542	397
	542	398
	542	399
	542	400
	541	401
	541	402
	541	401
	541	400
	541	398
	541	397
	541	396
	542	394
	542	393
	542	391
	543	390
	544	386
	544	385
	545	383
	545	382
	545	381
	545	380
	544	379
	543	379
	542	379
	541	379
	538	379
	537	379
	536	380
	535	380
	534	381
	533	381
	533	382
.PEN_UP
.PEN_DOWN
	567	402
	568	402
	568	403
	567	404
	566	405
	565	406
	564	407
	563	407
	562	407
	561	407
	560	407
	559	407
	558	406
	557	406
	556	406
	555	405
	554	404
	554	403
	553	402
	553	401
	554	400
	555	399
	556	399
	557	398
	559	398
	560	397
	561	397
	562	397
	563	396
	564	396
	565	396
	566	396
	567	395
	568	395
	568	394
	568	393
	568	392
	567	392
	567	391
	566	391
	565	391
	564	391
	563	390
	562	390
	561	390
	560	390
	559	390
	558	389
	557	389
.PEN_UP
.PEN_DOWN
	576	403
	576	402
	576	401
	575	400
	575	398
	575	397
	575	395
	575	394
	575	393
	575	391
	575	389
	575	388
	575	387
.PEN_UP
.PEN_DOWN
	577	413
	576	415
	575	416
	575	417
	576	416
.PEN_UP
.PEN_DOWN
	592	423
	593	423
	593	424
	593	425
	593	426
	594	425
	594	424
	594	423
	594	422
	594	420
	594	417
	593	413
	593	410
	593	407
	592	405
	592	402
	592	399
	592	397
	592	395
	592	394
	592	392
	592	391
	592	389
	592	388
	592	389
	592	390
	592	391
	592	392
	592	395
	592	396
	592	397
	592	399
	591	399
	590	400
	589	401
	587	401
	586	401
	585	401
	584	401
	583	400
	581	399
	581	398
	580	397
	580	395
	580	394
	580	392
	581	391
	582	389
	583	388
	585	387
	586	386
	590	385
	592	385
	593	385
	596	385
	597	386
	598	386
	599	387
	600	387
	601	388
	602	389
	602	390
	602	391
.PEN_UP
.PEN_DOWN
	600	396
	600	397
	600	398
	600	399
	600	400
	601	400
	602	399
	603	399
	604	399
	605	399
	606	399
	607	399
	608	399
	609	399
	609	400
	609	401
	609	402
	608	402
	608	403
	607	403
	605	403
	603	403
	602	403
	600	403
	598	401
	597	400
	596	399
	595	398
	595	396
	595	395
	595	393
	595	392
	596	391
	597	389
	598	388
	601	386
	603	386
	604	386
	606	386
	607	386
	609	386
	610	386
	613	387
	614	387
	615	388
.PEN_UP
.PEN_DOWN
	641	411
	642	411
	642	412
	642	413
	642	414
	643	415
	644	415
	645	415
	646	415
	647	415
	648	414
	649	414
	650	413
	651	413
	651	412
	652	411
	652	410
	653	409
	653	408
	653	407
	653	406
	653	405
	653	404
	653	403
	652	403
	652	402
	651	401
	650	401
	649	401
	648	401
	646	401
	645	401
	644	401
	643	401
	642	401
	641	401
	640	400
	639	400
	638	399
	638	398
	637	397
	636	396
	636	395
	636	394
	636	393
	636	392
	637	392
	637	391
	638	391
	639	391
	639	390
	640	390
	642	390
	643	391
	644	391
	645	392
	646	392
	647	393
	647	394
	647	395
	647	396
	647	397
	646	397
	646	396
	646	395
	646	394
	646	393
	646	392
	646	391
	647	388
	648	387
	649	386
	649	385
	650	384
	652	383
	653	382
	654	382
	655	382
	656	382
.PEN_UP
