
.WRITER_ID PaulArnao
.STYLE PRINTED
.PEN_DOWN
	60	385
	59	385
	58	384
	58	383
	58	382
	58	381
	58	380
	59	378
	59	376
	60	376
	60	375
	61	374
	62	374
	62	373
	63	373
	64	373
	65	373
	65	374
	66	374
	67	375
	67	376
	67	377
	68	377
	68	378
	68	380
	68	381
	68	382
	67	383
	67	384
	67	383
	67	382
	67	381
	67	380
	68	379
	68	378
	69	377
	71	376
	72	375
	73	375
	74	375
	75	375
	76	375
	77	375
	78	375
	79	376
	79	377
	79	378
	79	379
	79	381
	79	383
	79	384
	78	385
	78	386
	77	387
	77	388
.PEN_UP
.PEN_DOWN
	90	386
	89	387
	89	388
	88	389
	88	390
	88	391
	88	392
	89	392
	90	392
	91	392
	92	392
	93	391
	94	390
	95	390
	96	389
	96	388
	97	388
	97	387
	97	386
	96	386
	95	386
	94	386
	94	387
	93	387
	92	387
	91	387
	90	387
	89	386
	88	385
	87	385
	87	384
	87	383
	87	382
	87	381
	87	380
	88	380
	88	379
	90	378
	91	378
	92	378
	93	378
	94	378
	95	379
	96	379
	97	379
	97	380
	98	381
	98	383
	98	384
	98	385
	97	385
	97	386
	96	386
	96	385
	96	384
	96	383
	96	382
	96	381
	97	380
	98	380
	99	379
	100	378
	101	378
.PEN_UP
.PEN_DOWN
	110	391
	109	392
	108	392
	107	392
	106	392
	105	392
	105	391
	105	390
	105	389
	106	388
	107	387
	108	386
	108	385
	110	385
	111	384
	112	383
	113	382
	114	382
	115	381
	115	380
	114	380
	113	380
	111	380
	109	380
	108	381
	107	381
	106	381
.PEN_UP
.PEN_DOWN
	151	390
	150	390
	148	390
	146	391
	145	391
	144	391
	143	391
	143	390
	142	390
	142	389
	142	388
	142	387
	142	385
	142	383
	143	382
	143	381
	144	380
	145	379
	146	378
	147	378
	148	378
	149	378
	150	378
	151	378
	152	379
	152	380
	152	381
	152	382
	152	383
	152	384
	151	385
	150	386
	150	388
	149	389
	148	390
	147	390
	146	392
	146	391
.PEN_UP
.PEN_DOWN
	161	389
	160	389
	160	390
	159	390
	158	390
	158	389
	159	388
	159	387
	159	386
	160	385
	160	384
	161	383
	161	382
	162	382
	162	381
	163	380
	162	380
	162	381
	162	382
	162	383
	162	385
	162	386
	162	387
	162	388
	162	389
	163	390
	164	391
	165	391
	166	391
	167	391
	168	390
	169	389
	169	388
	169	387
	169	386
	170	385
	170	384
	170	382
	169	381
	169	380
	169	379
	169	378
	170	378
	171	378
.PEN_UP
.PEN_DOWN
	177	410
	177	412
	176	413
	176	412
	176	410
	176	408
	177	405
	177	403
	177	401
	178	399
	178	397
	178	394
	178	393
	178	391
	179	389
	179	388
	179	386
	179	385
	179	383
	179	382
	179	381
	180	381
.PEN_UP
.PEN_DOWN
	188	394
	188	393
	187	392
	187	391
	187	390
	187	389
	188	387
	189	386
	191	386
	192	385
	193	385
	195	385
	196	385
.PEN_UP
.PEN_DOWN
	199	387
	199	389
	199	390
	198	391
	198	392
	197	393
	196	393
	196	394
	195	394
	194	394
	194	393
	195	392
	196	391
	196	390
	197	389
	198	387
	198	385
	199	384
	199	382
	200	380
	201	377
	202	374
	202	372
	202	371
	202	369
	202	368
	201	367
	199	367
	198	367
	196	367
	194	367
	193	367
	190	369
	189	369
	189	370
	189	371
	189	372
	190	372
.PEN_UP
.PEN_DOWN
	227	412
	227	411
	226	411
	225	409
	225	408
	225	406
	224	404
	224	402
	224	399
	224	396
	224	390
	224	387
	225	385
	225	382
	226	380
	226	378
	226	376
	227	375
	227	374
	227	373
	227	372
.PEN_UP
.PEN_DOWN
	218	384
	218	383
	219	383
	220	383
	222	383
	224	382
	226	382
	227	382
	230	381
	232	381
	233	381
.PEN_UP
.PEN_DOWN
	240	382
	239	383
	238	383
	237	383
	236	383
	235	383
	234	382
	233	380
	233	379
	233	378
	233	377
	233	376
	234	375
	235	374
	235	373
	237	372
	238	372
	239	372
	240	372
	243	372
	244	373
	245	374
	245	375
	245	376
	245	377
	245	378
	245	380
	244	381
	243	382
	241	384
.PEN_UP
.PEN_DOWN
	251	383
	250	384
	249	385
	248	385
	247	386
	246	386
	246	385
	246	384
	246	383
	246	382
	246	381
	247	380
	247	378
	248	377
	249	376
	251	375
	252	374
	254	373
	255	373
	256	373
	257	374
	257	375
	257	376
	257	377
	256	379
	255	380
	254	381
	254	382
	253	383
	252	384
.PEN_UP
.PEN_DOWN
	288	378
	288	379
	287	378
	287	376
	287	375
	287	373
	287	371
	287	369
	287	367
	287	365
	287	363
	287	362
	288	359
	288	358
	288	357
	288	356
	288	357
	287	359
	287	360
	286	361
	286	363
	286	364
	286	366
	285	367
	285	369
	285	371
	285	372
	285	374
	285	376
	286	378
	287	379
	287	380
	288	381
	290	381
	291	381
	292	381
	293	381
	294	381
	296	379
	297	379
	298	378
	298	377
	298	376
	298	375
	297	375
	297	374
	296	373
	295	372
	293	371
	291	370
	290	370
	289	370
	288	370
	288	371
.PEN_UP
.PEN_DOWN
	300	395
	300	396
	300	395
	301	393
	301	391
	301	389
	302	387
	302	385
	302	384
	302	381
	302	380
	303	378
	303	377
	303	375
	303	374
	303	372
	304	372
	304	371
.PEN_UP
.PEN_DOWN
	311	380
	312	380
	313	380
	314	380
	315	380
	317	380
	318	380
	318	381
	318	382
	317	383
	315	383
	314	383
	313	383
	312	383
	311	382
	311	381
	310	380
	310	379
	310	378
	310	377
	311	376
	312	375
	313	374
	314	373
	315	373
	317	373
.PEN_UP
.PEN_DOWN
	323	385
	324	385
	325	385
	326	385
	327	384
	328	383
	329	383
	330	383
	331	382
	331	381
	330	381
	329	381
	328	381
	327	381
	326	381
	325	381
	324	381
	323	380
	322	378
	321	378
	321	377
	321	376
	321	375
	321	374
	321	373
	321	372
	322	372
	322	371
	324	371
	325	371
	326	371
	327	371
	328	371
	328	372
	329	372
	330	373
	330	374
	330	375
	330	376
	330	377
	329	377
	328	376
	328	375
	328	374
	329	373
	329	372
	330	372
	331	371
	331	370
	333	370
.PEN_UP
.PEN_DOWN
	343	384
	342	384
	342	385
	340	385
	340	386
	339	386
	338	386
	337	386
	337	385
	337	384
	338	383
	339	382
	339	381
	340	380
	341	379
	342	378
	343	376
	343	375
	343	374
	343	373
	342	373
	341	373
	340	373
	339	373
	338	373
	336	373
	335	373
	334	374
.PEN_UP
.PEN_DOWN
	349	381
	349	382
	349	383
	350	383
	351	383
	353	382
	354	382
	355	382
	356	382
	357	382
	358	383
	358	384
	358	385
	357	386
	356	387
	354	388
	353	388
	352	388
	351	388
	350	387
	350	386
	350	385
	350	383
	350	382
	351	381
	351	380
	352	379
	353	378
	354	377
	355	377
	356	376
	357	376
	358	376
.PEN_UP
.PEN_DOWN
	372	401
	372	402
	372	401
	372	400
	372	399
	373	398
	373	396
	373	394
	374	392
	374	390
	374	386
	375	384
	375	383
	375	382
	375	381
	375	380
	375	379
	374	380
	373	381
	373	382
	373	383
	372	384
	371	385
	371	386
	370	386
	370	387
	369	387
	368	387
	367	386
	366	386
	365	385
	365	384
	365	383
	365	382
	366	381
	366	380
	367	379
	368	378
	369	377
	371	376
	373	376
	374	376
	376	376
	378	376
	379	376
	380	376
	381	376
.PEN_UP
.PEN_DOWN
	415	399
	416	400
	416	401
	416	403
	416	404
	416	405
	415	406
	415	407
	415	408
	415	407
	415	406
	415	404
	415	401
	415	399
	415	396
	415	393
	415	391
	415	388
	415	386
	415	384
	415	382
	415	380
	415	379
	415	377
	415	375
	415	374
	416	374
	416	373
	416	372
.PEN_UP
.PEN_DOWN
	407	389
	406	389
	407	389
	408	389
	409	389
	411	389
	412	389
	414	388
	418	388
	420	388
	421	388
	422	388
	423	388
	425	388
	426	388
.PEN_UP
.PEN_DOWN
	443	382
	443	383
	442	383
	441	384
	440	384
	439	384
	438	384
	437	384
	437	383
	436	382
	436	381
	436	380
	436	379
	436	376
	437	376
	438	375
	439	374
	441	374
	442	374
	443	374
	444	374
	444	375
	444	376
	444	378
	444	379
	443	380
	442	381
	441	383
	440	384
	439	385
	438	385
	438	384
.PEN_UP
