
.WRITER_ID PaulArnao
.STYLE PRINTED
.PEN_DOWN
	81	408
	82	408
	81	408
	81	409
	81	410
	80	410
	80	411
	79	411
	78	411
	77	411
	76	411
	75	411
	74	411
	73	410
	72	410
	70	409
	69	408
	69	407
	70	407
	70	406
	70	405
	70	404
	70	402
	70	401
	70	400
	70	398
	70	395
	70	394
	70	393
	70	391
	71	390
	71	389
	71	388
	71	387
	71	386
	71	385
	70	385
	70	386
	71	387
	72	387
	72	388
	73	388
	74	388
	76	388
	78	388
	80	388
	82	388
	83	388
	83	387
	84	387
.PEN_UP
.PEN_DOWN
	110	411
	109	411
	108	411
	107	411
	106	410
	106	409
	105	408
	103	406
	102	404
	101	403
	101	401
	100	400
	100	398
	100	396
	100	395
	100	393
	101	392
	102	390
	104	388
	105	387
	106	386
	107	385
	108	385
	110	384
	111	384
	112	384
	113	384
	114	384
.PEN_UP
.PEN_DOWN
	118	405
	118	406
	118	407
	118	406
	118	405
	119	404
	119	403
	119	402
	119	401
	119	399
	119	398
	119	397
	119	394
	119	393
	119	392
	119	391
	119	390
.PEN_UP
.PEN_DOWN
	125	417
	125	418
	126	418
	127	418
	128	418
	129	417
	130	417
	131	416
	133	415
	134	414
	135	413
	137	410
	138	408
	139	406
	139	404
	140	403
	140	401
	140	399
	140	398
	140	396
	139	395
	139	394
	138	393
	136	391
	135	390
	134	389
	133	389
	132	389
	132	388
.PEN_UP
.PEN_DOWN
	166	416
	166	417
	165	417
	164	417
	163	416
	162	415
	161	414
	161	413
	160	411
	160	410
	159	407
	158	405
	158	403
	158	402
	158	400
	158	398
	158	397
	158	395
	159	393
	160	392
	161	391
	163	389
	164	388
	165	388
	166	387
	168	387
	169	387
	170	387
.PEN_UP
.PEN_DOWN
	175	408
	174	408
	174	409
	175	409
	176	409
	177	409
	178	409
	179	408
	180	408
	181	407
	182	406
	182	405
	182	404
	181	403
	180	402
	180	401
	179	400
	178	400
	176	399
	176	398
	175	398
	174	397
	174	396
	174	395
	175	395
	177	394
	178	394
	180	394
	181	394
	182	394
	183	394
.PEN_UP
.PEN_DOWN
	183	421
	183	422
	182	422
	182	423
	183	423
	183	422
	184	420
	186	419
	186	417
	188	415
	188	413
	190	411
	190	409
	191	406
	191	404
	192	402
	192	399
	192	398
	192	394
	191	392
	190	390
	190	389
	189	388
	188	387
	187	386
	186	385
	185	385
	185	384
.PEN_UP
.PEN_DOWN
	219	421
	218	421
	218	420
	216	420
	215	419
	214	419
	213	418
	212	417
	212	416
	211	414
	210	412
	210	411
	210	409
	210	407
	210	403
	211	402
	212	400
	213	398
	213	397
	215	395
	216	394
	217	393
	218	392
	219	392
	220	391
	222	391
.PEN_UP
.PEN_DOWN
	222	415
	223	415
	224	415
	225	415
	226	414
	227	414
	229	413
	230	413
	230	412
	230	411
	229	410
	227	409
	227	408
	226	408
	225	407
	226	407
	226	406
	227	406
	228	406
	229	405
	230	404
	231	403
	231	402
	232	402
	232	401
	232	400
	231	399
	231	398
	230	398
	229	398
	228	398
	227	398
	226	398
	224	398
.PEN_UP
.PEN_DOWN
	234	423
	234	424
	235	424
	236	424
	237	423
	237	422
	238	421
	239	420
	240	419
	241	416
	242	414
	242	412
	243	410
	243	408
	243	407
	243	405
	243	403
	242	401
	242	400
	241	398
	240	398
	238	396
	237	395
	236	394
	235	393
	235	392
.PEN_UP
.PEN_DOWN
	274	425
	275	425
	275	426
	274	426
	273	426
	271	425
	270	424
	269	423
	268	421
	268	420
	267	418
	266	416
	266	414
	266	412
	266	411
	266	407
	266	405
	267	403
	268	402
	268	400
	269	399
	270	398
	271	397
	272	396
	273	396
	274	395
.PEN_UP
.PEN_DOWN
	283	420
	282	420
	281	419
	280	419
	280	418
	279	417
	279	416
	278	415
	278	414
	277	413
	277	412
	277	411
	278	411
	279	411
	280	411
	280	410
	281	410
	282	410
	283	410
	285	410
	286	410
	287	410
	288	410
.PEN_UP
.PEN_DOWN
	292	419
	292	420
	292	421
	291	421
	291	420
	291	418
	290	417
	290	416
	289	414
	289	411
	289	409
	288	407
	288	406
	288	404
	288	403
	288	402
	288	401
	288	400
	288	399
.PEN_UP
.PEN_DOWN
	294	434
	295	434
	296	434
	296	433
	297	432
	298	431
	299	429
	300	427
	300	425
	302	424
	303	420
	303	419
	303	417
	303	415
	303	414
	303	412
	303	411
	303	410
	302	409
	302	408
	301	407
	301	406
	299	405
	298	404
	297	404
	297	403
.PEN_UP
.PEN_DOWN
	329	434
	329	435
	329	436
	328	436
	327	435
	326	435
	326	434
	325	433
	324	432
	323	430
	322	429
	321	427
	320	425
	319	421
	319	420
	319	418
	319	416
	319	414
	319	413
	320	411
	321	410
	321	408
	322	407
	323	407
	324	406
	326	405
	328	404
	329	404
	330	404
.PEN_UP
.PEN_DOWN
	345	426
	345	427
	344	428
	344	429
	343	429
	342	429
	341	429
	339	429
	338	428
	337	427
	337	426
	337	425
	337	424
	338	423
	339	422
	340	421
	340	420
	343	418
	344	417
	345	416
	346	415
	346	414
	347	414
	347	413
	348	412
	348	411
	347	411
	345	411
	343	411
	342	411
	340	411
	338	411
	337	411
	336	411
	335	411
.PEN_UP
.PEN_DOWN
	341	426
	341	425
	340	425
	340	426
	341	427
	342	427
	343	427
	347	427
	348	426
	349	426
	350	426
	351	426
	352	426
	353	426
	354	426
.PEN_UP
.PEN_DOWN
	353	437
	353	438
	353	439
	352	439
	353	439
	354	438
	354	437
	355	435
	357	434
	358	432
	359	429
	360	427
	360	425
	361	422
	361	420
	361	415
	361	413
	360	411
	360	410
	359	408
	358	407
	356	407
	356	406
	354	405
	353	405
	352	404
	351	404
	351	403
.PEN_UP
.PEN_DOWN
	365	439
	366	439
	365	439
	365	440
	366	440
	367	440
	368	440
	369	439
	370	439
	371	439
	372	439
	373	439
	374	439
	375	439
	375	438
	375	437
	375	436
	375	435
	375	434
	374	433
	374	432
	374	431
	374	430
	373	429
	373	428
	373	426
	373	424
	373	422
	372	421
	372	420
	372	419
	372	418
	372	416
	372	415
	372	414
	371	413
	371	412
	371	410
	371	409
	371	408
	371	407
	371	406
	371	405
	371	404
	371	403
	371	402
	371	401
	371	400
	371	399
	370	399
	368	399
	367	398
	366	398
	365	398
	364	398
	364	397
	365	397
.PEN_UP
