
.WRITER_ID PaulArnao
.STYLE PRINTED
.PEN_DOWN
	65	400
	65	401
	65	402
	65	403
	66	404
	66	403
	67	401
	67	400
	67	399
	67	397
	67	395
	67	394
	67	391
	67	390
	67	388
	67	387
	66	384
	66	383
	66	381
	66	380
	66	379
	66	378
.PEN_UP
.PEN_DOWN
	61	385
	60	385
	60	386
	61	385
	62	385
	64	385
	65	385
	67	385
	68	385
	69	385
	70	385
	71	385
	72	385
	73	385
.PEN_UP
.PEN_DOWN
	84	382
	83	382
	82	382
	81	382
	80	382
	80	381
	79	381
	79	380
	79	379
	79	378
	79	377
	79	376
	80	375
	81	375
	82	375
	83	375
	84	375
	84	376
	85	377
	85	379
	85	380
	85	381
	85	382
	85	383
	84	383
	84	384
	83	384
	83	385
	82	385
.PEN_UP
.PEN_DOWN
	114	385
	113	385
	112	385
	111	384
	110	383
	110	382
	109	382
	109	381
	109	380
	109	379
	109	378
	110	376
	111	375
	113	374
	114	374
	115	374
	116	374
	117	374
	117	375
	118	376
	118	377
	118	378
	117	379
	116	381
	115	382
	114	383
	114	384
	113	384
	112	385
	111	385
.PEN_UP
.PEN_DOWN
	119	374
	119	373
	119	372
	119	371
	119	369
	119	368
	119	367
	120	366
	120	365
	121	363
	121	362
	121	361
	122	361
	122	360
	121	361
	120	362
	119	363
	119	365
	118	366
	118	368
	117	370
	117	372
	117	374
	117	376
	117	378
	117	380
	117	381
	118	383
	118	384
	119	385
	120	385
	121	385
	123	385
	124	385
	125	385
	125	384
	127	383
	128	381
	129	381
	129	380
	129	379
	129	378
	129	377
	128	377
	127	376
	126	376
	125	376
	123	376
	122	376
	121	376
	120	376
.PEN_UP
.PEN_DOWN
	131	381
	132	381
	133	382
	134	382
	135	382
	136	382
	137	382
	138	383
	139	383
	139	384
	138	385
	137	385
	136	385
	135	385
	134	385
	133	385
	132	384
	131	384
	131	383
	131	382
	131	381
	131	380
	131	379
	132	379
	133	378
	136	377
.PEN_UP
.PEN_DOWN
	141	385
	142	385
	142	384
	142	383
	142	382
	143	382
	143	381
	143	380
	144	379
	145	379
	145	378
	146	377
	146	378
	146	379
	146	380
	146	381
	146	383
	146	384
	146	385
	146	386
	146	387
	146	388
	146	389
	146	390
	147	390
	148	390
.PEN_UP
.PEN_DOWN
	156	388
	157	388
	157	389
	158	389
	159	389
	160	389
	162	388
	162	387
	163	386
	163	385
	163	384
	162	384
	161	384
	160	384
	159	384
	158	384
	157	384
	156	384
	155	382
	154	381
	154	380
	154	379
	154	378
	154	377
	155	377
	155	376
	156	376
	157	376
	158	376
	159	376
	160	376
	160	377
	161	377
	162	378
	162	379
	162	380
	162	381
	162	382
	162	381
	162	380
	163	379
	163	378
.PEN_UP
.PEN_DOWN
	171	409
	171	410
	171	411
	171	412
	171	413
	171	412
	171	411
	172	410
	172	408
	172	407
	173	406
	173	404
	174	403
	174	399
	175	397
	175	395
	175	394
	176	392
	176	390
	176	388
	176	387
	176	385
	177	384
	177	383
	177	382
	177	381
.PEN_UP
.PEN_DOWN
	171	390
	170	391
	171	391
	172	391
	173	391
	174	391
	175	391
	178	391
	179	391
.PEN_UP
.PEN_DOWN
	179	390
	180	389
	181	389
	182	389
	184	389
	185	389
	186	389
	187	389
	188	389
	190	389
	191	390
	191	391
	191	392
	186	392
	185	392
	184	391
	183	391
	183	390
	183	389
	183	387
	184	386
	185	385
	186	385
	187	384
	189	384
	191	383
.PEN_UP
.PEN_DOWN
	230	403
	231	402
	231	401
	231	400
	231	399
	231	398
	231	397
	231	396
	231	395
	232	394
	232	392
	232	390
	232	389
	232	385
	232	384
	232	382
	233	381
	233	380
	233	378
	234	377
	234	376
.PEN_UP
.PEN_DOWN
	228	384
	228	383
	229	383
	230	383
	231	383
	232	383
	234	383
.PEN_UP
.PEN_DOWN
	243	408
	243	407
	243	406
	243	405
	243	404
	243	403
	243	402
	243	400
	243	399
	243	395
	243	393
	243	391
	243	389
	243	388
	243	386
	243	385
	244	383
	244	382
	244	381
	244	380
	244	381
	244	382
	244	383
	244	384
	244	386
	244	387
	244	388
	244	389
	245	389
	245	390
	246	389
	246	388
	247	387
	247	386
	248	385
	248	384
	248	383
	249	382
	249	381
	250	380
	250	379
	251	378
	251	377
	252	377
.PEN_UP
.PEN_DOWN
	256	383
	257	383
	258	383
	259	383
	260	383
	261	383
	262	383
	263	383
	264	383
	265	383
	266	384
	266	385
	265	385
	264	386
	263	386
	262	386
	261	386
	259	386
	258	386
	257	385
	256	385
	256	384
	256	383
	256	382
	257	381
	258	380
	261	379
	262	379
	264	378
	265	378
	267	378
.PEN_UP
.PEN_DOWN
	297	410
	296	411
	296	410
	296	409
	296	407
	296	405
	296	403
	297	397
	297	394
	298	392
	298	389
	298	387
	298	385
	298	383
	298	381
	298	380
	298	379
	298	378
	297	378
	296	379
	296	381
	296	383
	296	385
	296	386
	296	388
	297	390
	298	391
	298	392
	299	393
	299	394
	300	394
	301	394
	302	394
	303	393
	304	393
	306	391
	307	390
	308	389
	308	388
	308	386
	308	385
	308	384
	308	383
	306	382
	306	381
	305	381
	302	380
	301	380
	300	380
	299	380
	298	380
	297	380
.PEN_UP
.PEN_DOWN
	318	385
	317	386
	316	387
	315	388
	314	388
	313	388
	312	388
	312	387
	312	386
	312	385
	312	384
	312	383
	312	382
	313	381
	313	380
	315	379
	315	378
	317	377
	318	377
	319	377
	322	377
	323	377
	324	378
	324	379
	324	381
	324	382
	324	383
	323	385
	322	386
	321	387
	318	390
	317	390
	316	391
	315	391
	315	390
.PEN_UP
.PEN_DOWN
	329	388
	328	389
	328	390
	327	390
	327	391
	328	391
	329	390
	331	390
	332	389
	335	388
	336	387
	337	386
	338	385
	339	384
	340	382
	341	381
	342	380
	343	378
	344	377
	345	376
	345	375
.PEN_UP
.PEN_DOWN
	343	389
	342	389
	342	390
	341	390
	340	390
	340	389
	340	388
	338	386
	338	385
	337	383
	337	382
	335	381
	335	380
	334	379
	334	378
	334	377
	334	376
	334	375
.PEN_UP
.PEN_DOWN
	358	379
	357	380
	356	380
	356	381
	355	381
	354	381
	355	381
	355	380
.PEN_UP
.PEN_DOWN
	390	409
	390	410
	390	411
	390	412
	389	412
	389	410
	389	408
	389	407
	389	405
	389	403
	389	400
	389	398
	389	396
	389	394
	389	391
	389	389
	389	386
	389	385
	389	383
	389	382
	389	381
	389	380
	390	379
	390	378
	391	378
.PEN_UP
.PEN_DOWN
	377	411
	376	412
	375	412
	375	413
	374	414
	374	415
	375	415
	376	416
	377	416
	379	416
	382	416
	384	416
	387	416
	389	416
	391	416
	394	416
	395	416
	397	416
	399	416
	400	416
	402	416
	403	416
	404	416
	404	415
	404	414
.PEN_UP
.PEN_DOWN
	399	381
	399	382
	400	383
	400	382
	400	381
	400	380
	400	379
	400	377
	400	376
	400	374
	400	373
	400	372
	401	371
	401	370
	402	370
	403	369
	404	369
	405	369
	406	369
	406	370
	408	371
	409	372
	410	373
	411	375
	411	376
	411	377
	411	378
	411	379
	411	380
	411	381
	410	381
	409	380
	409	379
	409	378
	409	377
	409	376
	410	375
	411	373
	412	372
	413	372
	414	371
	416	371
	417	371
	419	371
	420	372
	421	372
	422	374
	422	376
	422	377
	422	378
	422	379
	422	381
	421	381
	421	382
	421	383
	420	384
	421	384
	421	383
.PEN_UP
.PEN_DOWN
	436	384
	436	385
	435	385
	435	386
	434	386
	433	386
	432	386
	431	386
	429	386
	428	385
	428	384
	427	383
	427	382
	426	381
	426	379
	426	378
	426	376
	427	376
	428	374
	430	372
	431	372
	432	372
	433	372
	434	372
	435	372
	436	372
	437	373
	437	374
	437	375
	437	376
	437	379
	436	381
	435	382
	435	384
	434	385
	433	386
	433	387
	432	387
.PEN_UP
.PEN_DOWN
	460	404
	460	405
	460	406
	460	407
	460	408
	459	408
	458	409
	457	410
	456	411
	455	411
	454	412
	453	412
	452	412
	451	411
	450	411
	450	410
	449	409
	449	408
	448	407
	448	406
	448	403
	448	402
	448	400
	448	398
	448	396
	448	394
	449	392
	449	390
	449	389
	450	387
	450	385
	451	382
	451	380
	451	379
	452	377
	452	376
	452	375
	452	374
	452	373
	452	372
.PEN_UP
.PEN_DOWN
	444	384
	443	384
	442	384
	442	385
	443	385
	444	385
	447	384
	448	384
	450	384
	452	383
	454	383
	455	383
	457	382
	458	382
	459	382
	460	382
	461	382
.PEN_UP
.PEN_DOWN
	464	403
	464	404
	463	405
	462	406
	461	407
	460	407
	460	406
	460	404
	460	402
	460	400
	461	399
	462	394
	462	392
	462	390
	462	387
	463	385
	463	383
	463	381
	463	379
	463	377
	463	376
	463	374
	463	372
	463	371
.PEN_UP
.PEN_DOWN
	471	385
	470	385
	469	384
	468	383
	467	382
	467	381
	466	381
	466	380
	466	379
	466	378
	466	377
	466	376
	466	375
	467	374
	468	374
	468	373
	469	373
	471	373
	472	373
	473	373
	474	374
	474	375
	475	375
	476	377
	476	378
	476	379
	476	381
	475	381
	474	383
	473	384
	472	384
	471	385
	470	386
	469	386
	469	385
.PEN_UP
.PEN_DOWN
	479	385
	479	384
	480	384
	480	383
	480	382
	480	381
	480	380
	480	379
	480	378
	480	377
	481	376
	481	375
	482	374
	483	373
	484	373
	485	373
	486	373
	486	374
	486	375
	487	376
	487	377
	487	378
	488	380
	488	381
	488	382
	488	383
	487	383
	487	384
	487	383
	487	382
	488	381
	488	380
	488	379
	489	378
	489	376
	490	376
	491	374
	492	374
	492	373
	493	372
	494	372
	495	372
	495	373
	496	373
	496	374
	496	375
	497	376
	497	377
	497	378
	497	380
	497	381
	497	382
	496	384
	496	385
	496	386
	497	386
.PEN_UP
.PEN_DOWN
	506	382
	507	382
	508	382
	509	381
	510	381
	511	381
	512	381
	512	382
	512	383
	512	384
	511	385
	510	386
	509	386
	509	387
	508	387
	507	387
	506	387
	504	387
	504	386
	503	385
	503	383
	503	382
	503	381
	503	380
	503	378
	503	377
	504	376
	505	375
	507	373
	508	373
	510	373
.PEN_UP
.PEN_DOWN
	518	384
	519	383
	519	382
	519	381
	519	380
	520	379
	520	378
	520	377
	520	376
	521	376
	521	375
	521	373
	522	373
	521	373
	521	374
	521	375
	521	376
	521	377
	520	379
	520	381
	520	382
	520	383
	520	385
	520	386
	521	387
	521	388
	522	388
	523	389
	526	389
	527	389
	528	389
	530	389
	531	388
	532	388
	533	387
	534	387
	535	387
	536	386
.PEN_UP
