
.WRITER_ID PaulArnao
.STYLE PRINTED
.PEN_DOWN
	64	385
	65	385
	66	384
	67	384
	68	384
	69	384
	71	384
	73	384
	74	384
	75	385
	76	385
	76	386
	78	386
	78	387
	78	388
	78	389
	78	390
	77	390
	76	390
	75	390
	74	390
	73	390
	72	390
	71	390
	70	389
	68	387
	68	386
	68	385
	68	383
	68	382
	68	381
	69	381
	70	380
	71	379
	73	379
.PEN_UP
.PEN_DOWN
	85	395
	85	394
	84	394
	84	393
	84	392
	84	391
	84	390
	85	388
	85	387
	85	386
	86	385
	86	384
	86	383
	87	383
	87	384
	87	385
	87	386
	87	387
	88	388
	88	389
	88	391
	89	392
	89	393
	90	394
	90	395
	91	395
	92	395
	93	395
	93	394
	94	393
	94	392
	94	391
	95	389
	95	388
	95	387
	96	387
	96	386
	96	385
	97	384
	97	383
	98	383
.PEN_UP
.PEN_DOWN
	111	396
	110	397
	109	397
	106	397
	105	396
	104	396
	103	396
	102	395
	102	394
	102	393
	102	391
	102	390
	104	389
	106	388
	108	388
	109	388
	110	388
	111	388
	112	388
	113	388
	114	389
	114	390
	114	391
	114	392
	114	393
	114	394
	113	395
	112	396
	112	395
	112	393
	113	392
	113	391
	114	390
	115	388
	115	387
	117	385
	117	383
	118	382
	119	380
	119	379
	120	378
	120	377
	120	376
	120	375
	119	375
	118	375
	117	375
	116	376
	115	376
	114	376
	113	377
	112	377
	111	378
.PEN_UP
.PEN_DOWN
	130	398
	130	399
	130	400
	131	400
	132	400
	133	400
	134	400
	135	399
	136	399
	137	398
	137	397
	138	396
	138	395
	138	394
	137	394
	137	393
	136	393
	135	393
	134	393
	133	393
	132	393
	131	393
	130	393
	129	393
	128	392
	127	392
	127	391
	127	390
	127	389
	127	388
	127	387
	129	387
	129	386
	131	386
	132	385
	133	385
	135	385
	136	385
	138	386
	139	386
	140	387
	141	387
	141	388
	141	389
	141	390
	140	391
	139	391
	138	391
	137	391
	136	391
	136	390
	136	389
	136	388
	137	388
	137	387
	139	386
	140	385
	141	385
	142	384
	143	384
	144	384
	145	384
.PEN_UP
.PEN_DOWN
	163	398
	162	399
	162	400
	161	400
	159	401
	158	401
	157	401
	156	401
	154	401
	153	400
	152	399
	152	398
	151	397
	151	396
	151	394
	152	392
	153	391
	154	391
	156	390
	157	389
	158	389
	160	389
	162	389
	164	389
	166	390
	166	391
	166	392
	166	393
	166	394
	165	394
	165	395
	164	395
	163	395
	163	394
	163	393
	163	392
	163	391
	163	389
	164	388
	164	387
	164	385
	165	384
	165	383
	166	381
	166	380
	166	379
	166	378
	165	378
	164	377
	163	377
	162	377
	161	377
	159	378
	158	378
	157	379
	157	380
.PEN_UP
.PEN_DOWN
	175	391
	175	392
	176	392
	176	393
	177	394
	178	394
	180	394
	180	395
	181	395
	182	395
	183	396
	183	397
	183	398
	182	398
	182	399
	181	399
	180	399
	179	399
	178	399
	177	399
	176	398
	175	398
	175	396
	174	395
	174	394
	174	393
	174	392
	175	391
	176	390
	177	389
	179	388
	180	387
	181	387
	185	387
.PEN_UP
.PEN_DOWN
	202	414
	202	415
	201	415
	200	415
	200	414
	200	413
	200	412
	200	410
	200	408
	201	406
	202	401
	203	400
	203	398
	203	396
	204	395
	204	394
	205	393
	205	392
	206	392
	206	393
	205	393
	205	394
	205	395
	204	396
	203	397
	202	397
	201	398
	199	399
	198	399
	195	399
	194	399
	193	398
	193	397
	192	396
	192	394
	192	393
	192	392
	193	391
	194	390
	196	389
	199	388
	201	388
	203	388
	205	388
.PEN_UP
.PEN_DOWN
	244	390
	244	391
	243	391
	242	391
	242	389
	242	388
	242	387
	242	386
	242	385
	243	383
	243	382
	243	381
	243	380
	243	379
	244	379
	244	378
	245	378
.PEN_UP
.PEN_DOWN
	248	400
	247	400
	247	401
	247	400
.PEN_UP
.PEN_DOWN
	255	391
	254	390
	254	389
	253	389
	252	389
	252	388
	251	387
	251	386
	251	385
	252	383
	253	382
	253	381
	254	380
	255	379
	256	379
	257	379
	258	379
	259	379
	259	380
	259	382
	259	384
	258	386
	258	387
	258	389
	257	391
	257	392
	257	393
	256	395
	256	396
	258	396
	259	395
	260	394
	261	393
	262	391
	263	389
	264	388
	265	387
	265	386
	266	385
	266	384
	267	383
	267	382
	268	382
	268	381
	269	381
.PEN_UP
.PEN_DOWN
	292	405
	293	405
	293	406
	294	407
	294	409
	294	411
	294	412
	293	413
	293	414
	293	415
	293	414
	293	412
	293	410
	293	408
	293	405
	294	403
	294	400
	294	396
	295	394
	295	391
	296	387
	297	386
	297	384
	298	382
	298	381
	298	380
	298	379
.PEN_UP
.PEN_DOWN
	289	393
	289	394
	288	395
	289	395
	291	394
	292	394
	293	393
	297	392
	298	392
	300	392
	301	392
	303	392
.PEN_UP
.PEN_DOWN
	303	408
	302	409
	302	408
	302	407
	302	406
	303	404
	303	402
	304	400
	304	397
	305	395
	305	393
	306	391
	307	387
	308	385
	308	384
	309	382
	310	381
	310	380
	310	381
	310	382
	310	383
	310	385
	311	386
	311	387
	311	388
	311	389
	312	390
	312	391
	312	392
	313	392
	313	391
	314	390
	314	389
	314	388
	314	387
	314	386
	315	385
	316	384
	316	383
	317	382
	318	382
.PEN_UP
.PEN_DOWN
	322	389
	321	389
	322	389
	323	388
	324	388
	326	388
	327	388
	328	388
	329	388
	331	388
	333	389
	334	391
	334	392
	333	393
	332	394
	331	394
	329	395
	327	395
	326	395
	325	395
	323	394
	322	393
	321	391
	321	389
	321	388
	321	387
	322	386
	323	385
	325	383
	327	382
	329	382
	332	382
	334	382
	336	382
	338	382
	339	382
.PEN_UP
.PEN_DOWN
	370	397
	370	396
	370	394
	370	392
	370	391
	369	386
	369	384
	369	382
	369	380
	369	379
	369	378
	369	377
	369	376
	370	375
	369	375
	369	376
	369	378
	369	379
	368	381
	368	382
	368	384
	368	387
	367	389
	367	391
	367	393
	367	398
	367	400
	367	401
	367	403
	367	404
	368	405
	369	405
	370	405
	371	405
	372	405
	375	404
	376	403
	378	401
	379	400
	380	399
	381	397
	381	396
	381	395
	381	393
	381	392
	380	391
	379	391
	377	390
	375	389
	373	389
	371	389
	370	388
	369	388
	368	388
	367	388
.PEN_UP
.PEN_DOWN
	387	406
	386	408
	385	408
	385	409
	384	409
	384	407
	384	405
	384	404
	385	399
	385	397
	386	395
	386	393
	387	391
	387	389
	387	387
	388	385
	388	384
	388	382
	388	381
	389	380
	389	378
.PEN_UP
.PEN_DOWN
	399	390
	398	390
	398	391
	398	392
	398	393
	399	393
	400	393
	401	393
	402	393
	404	392
	405	391
	406	391
	406	390
	407	390
	407	389
	407	388
	406	387
	405	387
	403	386
	402	386
	401	386
	400	385
	398	384
	396	384
	395	383
	394	383
	394	382
	394	381
	395	380
	396	379
	398	379
	399	379
	400	379
	401	379
	401	380
	402	380
	403	381
	404	381
	404	382
	404	383
	403	383
	402	382
	402	381
	402	380
	403	380
	403	379
	404	378
	405	377
	406	376
	407	376
	408	375
	410	375
.PEN_UP
.PEN_DOWN
	415	390
	414	390
	414	391
	415	391
	416	391
	417	390
	419	390
	420	390
	421	390
	422	390
	423	390
	424	390
	424	389
	423	388
	422	387
	421	387
	420	386
	419	385
	418	384
	418	383
	417	382
	417	381
	417	379
	417	378
	417	377
	418	376
	418	375
	420	375
	421	374
	422	374
	423	374
	424	374
	425	374
	428	374
	429	374
	431	374
	432	374
.PEN_UP
.PEN_DOWN
	416	385
	415	385
	416	385
	417	385
	418	385
	419	385
	420	385
	421	384
	423	384
	424	384
	425	384
	427	384
	428	384
	429	384
	429	385
.PEN_UP
.PEN_DOWN
	434	392
	435	392
	435	393
	436	393
	438	393
	439	393
	440	393
	441	392
	442	391
	443	391
	444	390
	444	389
	445	389
	445	388
	445	387
	444	387
	444	386
	443	386
	442	385
	441	385
	440	385
	439	385
	437	384
	436	384
	435	383
	434	382
	433	382
	433	381
	433	380
	433	379
	433	378
	435	377
	436	376
	437	376
	438	375
	439	375
	440	375
	441	375
	443	375
	444	376
	445	377
	445	378
	445	379
	444	379
	444	378
	444	377
	445	376
	445	375
	446	374
	446	373
	447	372
	448	371
	449	371
	450	370
	451	369
	452	369
.PEN_UP
.PEN_DOWN
	499	382
	500	382
	500	383
	500	384
	500	385
	500	386
	499	387
	499	388
	498	388
	498	389
	497	390
	496	390
	495	390
	494	390
	492	389
	491	389
	489	388
	488	387
	487	385
	486	384
	485	382
	485	380
	485	379
	485	378
	486	376
	486	375
	487	373
	489	373
	490	372
	492	372
	494	372
	496	372
	498	372
	500	373
	501	373
	501	374
	502	375
	502	377
	502	378
	502	379
	501	381
	501	382
	500	383
	499	384
	498	386
	498	385
	499	385
	500	384
.PEN_UP
.PEN_DOWN
	517	405
	517	406
	517	408
	517	409
	516	412
	515	415
	514	417
	514	418
	513	419
	513	420
	512	420
	511	420
	511	419
	510	417
	509	416
	509	414
	509	412
	509	409
	509	407
	509	404
	509	401
	509	399
	509	396
	509	393
	509	391
	509	387
	509	385
	509	383
	510	381
	510	380
	510	379
	511	378
	511	377
	512	377
.PEN_UP
.PEN_DOWN
	503	394
	503	395
	502	395
	501	396
	500	397
	501	396
	503	395
	504	395
	506	394
	508	394
	510	393
	512	393
	514	392
	515	392
	517	392
	519	392
	520	392
.PEN_UP
