
.WRITER_ID PaulArnao
.STYLE PRINTED
.PEN_DOWN
	73	371
	73	370
	73	369
	73	368
	73	366
	73	365
	73	364
	73	363
	73	361
	73	360
	73	359
	73	358
	73	357
	73	358
	73	359
	73	360
	73	362
	73	364
	73	365
	73	366
	73	367
	73	369
	73	370
	73	371
	73	372
	73	373
	73	374
	74	374
	74	375
	75	375
	76	375
	77	375
	78	375
	78	374
	79	373
	80	372
	80	371
	80	370
	80	369
	79	369
	78	369
	77	369
	76	369
	75	369
	74	369
.PEN_UP
.PEN_DOWN
	89	373
	88	374
	87	374
	86	374
	86	373
	86	372
	85	372
	85	371
	85	370
	85	369
	86	369
	86	368
	86	367
	87	367
	88	367
	89	367
	90	367
	90	368
	91	368
	91	369
	91	370
	91	371
	91	372
	90	373
	89	373
	89	374
	88	374
.PEN_UP
.PEN_DOWN
	94	375
	95	375
	95	374
	95	373
	95	372
	95	371
	95	370
	95	369
	95	368
	95	367
	96	367
.PEN_UP
.PEN_DOWN
	95	379
	94	380
	93	380
	94	380
.PEN_UP
.PEN_DOWN
	100	375
	100	374
	100	373
	100	372
	101	372
	101	371
	101	370
	101	369
	102	368
	102	367
	102	366
	103	366
	103	367
	103	368
	103	369
	103	370
	103	372
	103	373
	103	374
	103	375
	104	375
	105	375
	106	375
	106	374
	107	374
	107	373
	108	373
	108	372
	108	371
	109	370
	109	369
	110	368
	110	367
	111	367
.PEN_UP
.PEN_DOWN
	118	397
	118	398
	118	397
	118	396
	118	395
	118	394
	118	393
	118	392
	119	391
	119	390
	119	388
	119	387
	119	386
	119	382
	120	381
	120	379
	120	377
	120	376
	121	375
	121	373
	122	372
	122	371
	122	370
	123	369
	123	368
.PEN_UP
.PEN_DOWN
	115	378
	115	377
	115	378
	116	378
	117	378
	118	378
	118	377
	119	377
	120	377
	121	377
	122	377
	123	377
	124	377
	125	377
	126	377
.PEN_UP
.PEN_DOWN
	129	375
	130	375
	130	374
	131	374
	131	375
	132	375
	133	375
	134	375
	135	375
	136	375
	137	375
	136	375
	135	376
	134	376
	133	376
	132	376
	132	375
	131	375
	131	374
	131	373
	131	372
	131	371
	132	370
	133	370
	133	369
	134	369
	136	368
	137	368
	138	368
	139	368
.PEN_UP
.PEN_DOWN
	149	389
	150	390
	150	389
	150	388
	150	387
	151	386
	151	383
	151	381
	151	379
	151	378
	151	377
	151	375
	152	374
	152	373
	152	372
	152	371
	152	370
	152	371
	152	372
	151	372
	151	373
	151	374
	149	376
	148	376
	147	376
	146	376
	145	376
	144	376
	144	375
	143	375
	143	374
	143	372
	144	371
	145	370
	146	369
	147	369
	148	368
	150	368
	151	367
	153	367
	154	367
	156	367
.PEN_UP
.PEN_DOWN
	171	376
	171	377
	171	378
	172	378
	173	379
	174	379
	175	379
	175	378
	176	378
	176	377
	177	377
	177	376
	177	375
	177	374
	176	374
	175	374
	175	375
	174	375
	173	375
	173	374
	172	374
	171	374
	171	373
	170	372
	170	371
	169	371
	169	370
	169	369
	169	368
	170	368
	171	367
	172	367
	173	367
	173	368
	174	368
	175	369
	176	370
	176	371
	176	370
	177	369
	177	368
	178	367
	179	366
	180	366
.PEN_UP
.PEN_DOWN
	185	393
	184	394
	184	395
	184	396
	185	395
	185	394
	185	393
	185	392
	185	390
	185	389
	185	388
	185	385
	186	384
	186	382
	186	380
	186	379
	186	378
	186	376
	186	375
	186	374
	187	373
	187	372
	187	371
	187	370
	187	369
	187	368
	189	368
	190	368
.PEN_UP
.PEN_DOWN
	183	377
	183	378
	182	378
	182	379
	182	380
	183	380
	184	380
	185	380
	186	380
	187	379
	188	379
	189	379
	190	379
	192	378
	194	378
	195	378
	196	378
.PEN_UP
.PEN_DOWN
	210	377
	211	377
	211	378
	212	379
	213	379
	214	379
	215	379
	215	378
	216	378
	216	377
	216	376
	216	375
	216	374
	216	373
	215	373
	215	372
	214	372
	213	373
	212	373
	211	373
	210	373
	209	373
	209	372
	209	371
	209	370
	209	368
	210	368
	211	367
	212	367
	213	367
	214	367
	215	368
	216	368
	216	369
	217	370
	218	370
	218	371
	218	372
	217	371
	217	370
	218	370
	218	369
	219	369
	219	368
	220	368
	221	367
.PEN_UP
.PEN_DOWN
	244	377
	245	377
	244	378
	243	378
	243	379
	242	379
	241	379
	240	379
	239	378
	238	377
	237	376
	237	375
	237	374
	237	373
	237	372
	238	371
	239	370
	240	369
	241	369
	242	368
	243	368
	244	368
	245	368
.PEN_UP
.PEN_DOWN
	250	377
	249	377
	248	377
	247	377
	246	377
	246	376
	246	375
	246	374
	246	373
	246	372
	247	371
	247	370
	248	369
	249	369
	250	369
	251	369
	252	369
	253	369
	253	370
	253	371
	253	372
	253	373
	252	374
	252	375
	251	376
	250	376
	249	376
.PEN_UP
.PEN_DOWN
	255	395
	255	396
	255	395
	255	394
	255	393
	255	392
	255	389
	255	388
	255	386
	255	384
	255	382
	255	381
	255	379
	255	377
	255	375
	255	374
	255	373
	255	371
	256	369
	256	368
.PEN_UP
.PEN_DOWN
	263	380
	262	380
	261	380
	260	379
	260	378
	259	378
	259	377
	258	376
	258	375
	258	374
	258	372
	259	371
	260	370
	261	370
	262	370
	263	370
	264	370
	265	370
	266	371
	266	372
	266	373
	266	374
	266	375
	266	376
	266	377
	265	378
	265	379
	264	379
.PEN_UP
.PEN_DOWN
	270	379
	270	378
	270	377
	270	376
	271	375
	271	374
	271	373
	271	372
	272	371
	272	370
	272	369
	273	368
	273	367
	273	368
	273	369
	274	369
	274	370
	274	371
	274	372
	274	373
	274	375
	274	376
	274	377
	274	378
	275	378
	275	379
	276	379
	277	379
	277	378
	279	378
	280	377
.PEN_UP
.PEN_DOWN
	285	378
	286	378
	287	377
	288	377
	289	377
	290	377
	291	376
	292	376
.PEN_UP
.PEN_DOWN
	301	375
	302	375
	303	374
	304	374
	305	374
	306	374
	307	374
	308	374
	308	375
	307	376
	306	377
	305	377
	304	377
	303	377
	302	377
	302	376
	301	376
	300	375
	299	374
	299	373
	299	372
	300	371
	300	370
	301	369
	303	368
	304	367
	305	367
	306	367
	307	367
	308	367
.PEN_UP
.PEN_DOWN
	312	378
	312	379
	312	378
	312	377
	312	376
	312	375
	313	375
	313	374
	313	373
	313	372
	314	371
	314	370
	314	369
	314	370
	314	371
	314	372
	314	373
	314	374
	314	375
	314	376
	314	377
	314	378
	315	378
	315	379
	316	379
	316	380
	317	380
	318	380
	318	379
	319	379
	320	378
	320	377
	321	376
	321	375
	321	374
	322	373
	322	372
	323	372
	323	371
	323	370
	324	370
	324	369
	325	369
.PEN_UP
.PEN_DOWN
	328	378
	327	378
	327	379
	326	379
	326	380
	325	380
	324	380
	323	380
	323	379
	322	379
	322	378
	322	377
	322	376
	322	375
	322	374
	322	373
	322	372
	323	372
	323	371
	325	370
	326	370
	327	370
	328	370
.PEN_UP
.PEN_DOWN
	332	378
	332	377
	332	376
	332	375
	332	374
	332	373
	332	372
	332	371
	332	370
	333	369
	334	368
	335	368
	335	369
	335	370
	335	371
	336	373
	336	374
	336	375
	337	376
	337	377
	337	378
	337	379
	338	379
.PEN_UP
.PEN_DOWN
	348	379
	347	379
	346	379
	346	378
	346	377
	346	376
	346	375
	346	374
	346	373
	346	372
	347	371
	348	370
	349	370
	350	371
	351	372
	351	373
	351	374
	351	375
	351	376
	351	377
	351	378
	351	379
.PEN_UP
.PEN_DOWN
	362	378
	361	378
	360	378
	359	379
	358	379
	357	378
	358	377
	359	376
	360	376
	360	375
	361	375
	362	375
	362	374
	363	373
	363	372
	364	372
	364	371
	363	370
	362	370
	361	370
	360	370
	359	370
	359	371
	358	371
.PEN_UP
.PEN_DOWN
	368	402
	369	402
	369	401
	369	398
	370	397
	370	396
	370	394
	370	393
	371	392
	371	390
	371	388
	371	387
	371	385
	371	384
	371	382
	371	379
	371	378
	371	377
	371	376
	371	375
	371	374
	371	373
	371	372
	371	371
	371	370
.PEN_UP
.PEN_DOWN
	363	379
	363	380
	363	381
	364	381
	364	382
	365	382
	366	382
	367	382
	368	381
	369	381
	370	381
	371	380
	372	380
.PEN_UP
.PEN_DOWN
	376	378
	377	378
	377	377
	378	377
	379	377
	380	377
	381	377
	382	377
	383	378
	383	379
	382	379
	382	380
	381	380
	380	380
	379	380
	378	380
	377	380
	376	379
	375	379
	375	378
	375	377
	375	376
	375	375
	376	374
	377	373
	379	372
	380	372
	381	372
.PEN_UP
.PEN_DOWN
	391	395
	392	395
	393	395
	393	394
	393	393
	393	392
	393	391
	394	389
	394	388
	395	386
	395	384
	395	383
	396	381
	396	379
	396	378
	397	377
	397	376
	397	375
	397	374
	397	375
	396	375
	396	376
	395	376
	395	377
	394	378
	393	378
	393	379
	392	379
	391	379
	390	380
	389	380
	388	380
	387	380
	387	379
	386	379
	386	378
	386	377
	386	376
	386	375
	387	374
	388	373
	390	372
	391	372
	392	371
	393	371
	395	371
	396	371
.PEN_UP
.PEN_DOWN
	418	378
	417	378
	417	377
	416	377
	416	376
	415	375
	414	372
	414	370
	414	369
	414	367
	414	366
	414	364
	414	363
	414	362
	415	361
	415	360
	415	359
	415	360
	414	360
	414	361
	414	363
	414	364
	414	365
	414	366
	413	369
	413	371
	413	372
	413	374
	413	375
	413	377
	414	379
	414	380
	415	381
	415	382
	416	383
	416	384
	417	384
	418	384
	419	384
	420	383
	421	383
	421	382
	422	381
	423	379
	423	378
	423	377
	423	376
	423	375
	422	374
	421	374
	420	374
	419	374
	417	374
	416	374
	415	374
	414	374
.PEN_UP
.PEN_DOWN
	425	379
	426	380
	426	381
	427	382
	428	382
	429	381
	430	381
	430	380
	431	379
	431	378
	431	377
	431	376
	430	377
	429	377
	428	377
	427	377
	426	377
	425	377
	424	376
	423	375
	423	374
	423	373
	424	372
	426	372
	427	372
	428	372
	429	372
	430	373
	430	374
	431	374
	431	375
	431	374
	432	374
	432	373
	433	372
	434	371
	435	371
.PEN_UP
.PEN_DOWN
	435	394
	435	395
	435	396
	435	397
	435	398
	435	399
	435	400
	436	400
	436	399
	436	398
	437	397
	437	394
	437	393
	437	391
	438	389
	438	388
	438	386
	438	384
	438	383
	438	381
	438	379
	438	378
	439	375
	439	374
	439	373
	439	372
	439	371
	439	370
.PEN_UP
.PEN_DOWN
	443	377
	443	376
	444	376
	445	375
	446	375
	447	374
	448	374
	449	375
	450	375
	450	376
	450	377
	449	378
	449	379
	448	379
	447	379
	446	379
	445	379
	444	379
	444	378
	443	378
	443	377
	442	376
	442	375
	442	374
	443	373
	444	371
	445	370
	446	370
	447	370
	448	369
	449	369
	450	369
.PEN_UP
.PEN_DOWN
	457	396
	457	395
	457	394
	457	393
	457	392
	457	391
	457	390
	457	388
	457	387
	457	386
	457	383
	457	382
	457	381
	457	379
	457	378
	457	377
	457	376
	457	375
	457	374
.PEN_UP
.PEN_DOWN
	454	384
	455	384
	456	384
	456	383
	457	383
	458	383
	459	382
	460	381
	461	381
	462	381
	463	380
.PEN_UP
.PEN_DOWN
	476	394
	476	395
	476	396
	476	395
	476	394
	476	393
	475	392
	475	390
	475	388
	474	387
	474	385
	474	384
	474	382
	474	380
	473	379
	473	378
	473	376
	473	375
	473	374
	473	372
	473	371
	473	370
.PEN_UP
.PEN_DOWN
	467	382
	467	383
	468	383
	469	383
	470	382
	472	382
	473	381
	474	381
	476	380
	477	379
	478	379
	479	379
	480	379
	481	379
	481	378
.PEN_UP
.PEN_DOWN
	490	372
	490	373
	490	372
	491	372
	492	371
	493	371
	493	370
	495	370
	496	370
	497	370
	497	371
	497	372
	497	373
	497	374
	496	374
	496	375
	495	375
	494	375
	494	376
	493	376
	492	376
	491	376
	490	376
	489	375
	488	374
	487	373
	487	372
	487	371
	487	370
	488	369
	489	368
	489	367
	491	366
	493	364
	494	364
	495	363
	496	363
	497	363
	498	362
	499	362
	500	362
	501	362
	502	362
	502	363
.PEN_UP
