
.WRITER_ID PaulArnao
.STYLE PRINTED
.PEN_DOWN
	71	425
	72	424
	71	424
	71	423
	71	422
	71	421
	70	420
	70	419
	70	417
	70	416
	70	414
	70	412
	70	411
	70	409
	70	408
	70	406
	70	403
	70	402
	70	401
	70	400
	70	399
	70	400
	70	401
	70	402
	70	403
	70	404
	70	405
	70	406
	71	407
	71	408
	71	409
	72	410
	72	411
	73	411
	74	411
	75	411
	76	411
	77	410
	77	409
	78	409
	78	408
	79	408
	79	407
	79	406
	80	405
	80	403
	80	402
	80	401
	80	400
	80	399
	81	399
.PEN_UP
.PEN_DOWN
	86	407
	86	408
	87	408
	87	407
	87	406
	87	405
	87	404
	87	403
	87	402
	87	401
	87	400
	87	399
	88	399
	88	398
.PEN_UP
.PEN_DOWN
	88	412
	87	412
	86	412
	87	412
.PEN_UP
.PEN_DOWN
	96	408
	95	408
	94	408
	94	409
	92	409
	91	409
	90	409
	90	408
	90	407
	91	406
	92	405
	93	404
	95	404
	95	403
	96	403
	97	402
	98	402
	99	402
	100	401
	100	400
	100	399
	99	399
	98	399
	97	399
	96	399
	95	399
	94	399
	93	400
	91	400
.PEN_UP
.PEN_DOWN
	117	412
	117	411
	117	410
	117	409
	117	408
	117	406
	117	405
	117	404
	117	403
	117	402
	117	400
	117	399
	117	398
	117	397
	117	396
	117	395
	117	394
	117	393
	118	393
	118	394
	118	395
	118	396
	118	398
	118	399
	118	400
	119	401
	119	402
	119	403
	120	403
	121	403
	122	403
	122	402
	123	402
	124	401
	125	400
	126	399
	126	398
	126	397
	126	396
	126	395
	126	394
	125	394
	124	393
	123	393
	121	393
	120	393
	119	393
	118	393
.PEN_UP
.PEN_DOWN
	133	399
	133	398
	134	398
	133	398
	133	397
	133	396
	133	395
	133	394
	134	394
	134	393
	134	392
	135	391
	135	390
	135	391
	135	393
	135	394
	135	395
	135	397
	135	398
	135	399
	135	400
	136	400
	136	401
	136	402
	137	402
	138	402
	139	402
	140	402
.PEN_UP
.PEN_DOWN
	144	401
	145	401
	146	401
	147	400
	148	399
	149	398
	149	397
	150	397
	150	396
	149	396
	148	396
	148	397
	147	397
	147	398
	146	398
	145	398
	144	398
	143	397
	142	397
	142	396
	141	395
	141	394
	141	393
	142	392
	142	391
	143	391
	144	391
	145	391
	146	391
	147	391
	148	391
	148	392
	149	393
	150	393
	150	394
	150	395
	150	396
	150	395
	150	394
	150	393
	150	392
	151	391
	152	391
.PEN_UP
.PEN_DOWN
	157	399
	157	398
	156	398
	156	397
	156	396
	156	395
	156	394
	156	393
	156	392
.PEN_UP
.PEN_DOWN
	158	405
	158	406
	157	406
	156	406
	157	406
.PEN_UP
.PEN_DOWN
	162	397
	163	395
	163	394
	163	393
	163	392
	164	391
	164	390
	164	391
	164	392
	165	392
	165	393
	165	394
	166	395
	166	396
	167	397
	168	399
	168	400
	169	400
	169	399
	169	398
	170	396
	170	395
	170	394
	170	393
	171	393
	171	392
	171	391
	171	390
.PEN_UP
.PEN_DOWN
	186	414
	186	415
	187	415
	187	414
	187	413
	187	412
	187	411
	187	409
	187	408
	187	407
	187	405
	187	403
	188	401
	188	399
	188	398
	188	397
	188	396
	188	395
	188	394
	189	394
	189	395
	190	395
	190	396
	190	397
	190	398
	190	399
	191	399
	191	400
	191	401
	191	403
	192	404
	193	404
	193	405
	194	405
	195	405
	196	404
	197	403
	197	402
	197	401
	197	400
	198	400
	198	399
	199	398
	199	397
	199	396
	199	395
	199	394
.PEN_UP
.PEN_DOWN
	203	399
	204	398
	205	398
	207	398
	208	398
	209	398
	209	399
	210	399
	211	399
	211	400
	211	401
	210	402
	210	403
	209	403
	208	403
	207	403
	206	403
	205	403
	204	403
	203	403
	202	401
	201	400
	201	399
	201	398
	201	397
	201	395
	202	395
	203	394
	204	394
	204	393
	207	393
	208	393
	210	393
.PEN_UP
.PEN_DOWN
	227	420
	227	421
	227	422
	227	421
	227	420
	227	419
	227	417
	227	416
	228	414
	228	413
	229	409
	229	408
	229	407
	229	405
	229	404
	229	403
	230	402
	230	401
	230	400
	229	400
	229	401
	229	402
	229	403
	228	404
	228	405
	228	406
	228	407
	228	408
	228	410
	229	411
	230	411
	231	411
	232	411
	233	411
	233	410
	234	410
	235	408
	236	408
	237	407
	237	406
	237	405
	237	404
	237	403
	237	402
	236	401
	235	401
	234	400
	233	400
	232	400
	231	400
	230	400
	229	400
	229	401
.PEN_UP
.PEN_DOWN
	242	401
	243	401
	244	402
	245	402
	246	402
	247	403
	248	403
	249	403
	249	404
	249	405
	249	406
	248	406
	247	406
	246	406
	245	407
	244	407
	243	407
	242	406
	241	405
	241	404
	241	403
	241	402
	241	401
	242	400
	242	399
	244	399
	244	398
	246	398
.PEN_UP
.PEN_DOWN
	263	406
	263	407
	262	407
	261	407
	261	408
	260	408
	259	408
	258	408
	258	407
	258	406
	257	406
	257	405
	257	404
	257	403
	258	403
	258	402
	259	401
	259	400
	260	400
	261	400
	262	400
	263	400
	264	401
	264	402
	264	403
	264	402
	264	401
	264	400
	264	399
	264	398
	265	397
	265	396
	265	395
	265	394
	265	393
	266	392
	266	390
	265	390
	264	390
	263	390
	262	391
	261	391
	260	392
	259	392
	259	393
	258	394
	258	395
.PEN_UP
.PEN_DOWN
	270	406
	270	407
	270	408
	271	408
	272	408
	273	407
	274	406
	275	405
	276	404
	276	403
	276	402
	276	401
	275	401
	274	401
	273	402
	272	402
	271	402
	270	402
	269	401
	268	401
	268	400
	267	400
	267	399
	267	398
	267	397
	267	396
	268	395
	270	395
	271	395
	272	395
	273	395
	274	395
	274	396
	275	396
	275	397
	276	398
	276	399
	276	400
	275	400
	275	399
	275	398
	275	397
	276	396
	276	395
	277	395
	277	394
.PEN_UP
.PEN_DOWN
	283	404
	282	404
	282	403
	282	402
	282	401
	282	400
	282	399
	282	398
	282	397
	283	396
	283	395
	283	396
	284	396
	284	397
	284	398
	284	399
	284	401
	285	403
	285	404
	286	405
	286	406
	287	407
	288	406
	288	405
	289	404
	289	403
	289	402
	289	401
	290	399
	291	398
	291	397
	291	396
	292	396
	292	395
.PEN_UP
.PEN_DOWN
	315	418
	314	418
	313	418
	313	417
	313	416
	313	415
	313	413
	313	412
	313	411
	313	409
	314	408
	314	406
	314	405
	314	404
	314	403
	314	402
	314	401
	314	400
	314	399
	314	398
	314	397
.PEN_UP
.PEN_DOWN
	309	407
	308	408
	309	408
	310	408
	311	408
	312	408
	315	408
	316	408
	318	407
	319	407
	320	407
	321	407
	322	407
	323	407
	322	407
.PEN_UP
.PEN_DOWN
	340	405
	339	405
	338	405
	338	406
	337	406
	336	406
	335	406
	334	406
	334	405
	333	405
	333	404
	333	403
	333	402
	333	401
	333	400
	334	399
	335	399
	336	398
	337	398
	338	398
	339	398
	340	398
	340	399
	341	400
	341	401
	341	402
	341	403
	340	403
	340	404
	338	405
	338	406
	336	407
	336	406
.PEN_UP
