
.WRITER_ID PaulArnao
.STYLE PRINTED
.PEN_DOWN
	72	420
	72	421
	72	422
	72	423
	72	422
	72	421
	72	420
	72	419
	72	417
	72	416
	73	416
	73	415
	74	415
	75	416
	76	417
	76	418
	77	419
	77	420
	77	419
	77	418
	78	417
	78	416
	79	415
	79	414
	80	414
	81	414
	82	414
	83	414
	84	415
	84	416
	84	417
	84	418
	84	419
	84	420
	84	421
	84	422
	84	423
.PEN_UP
.PEN_DOWN
	94	425
	95	425
	96	425
	97	424
	97	423
	98	423
	98	422
	97	422
	96	422
	95	422
	95	421
	94	421
	94	420
	93	420
	93	419
	93	418
	93	417
	93	416
	93	415
	93	414
	94	414
	95	414
	95	415
	96	415
	96	416
	97	416
	97	417
	97	418
	97	419
	97	418
	98	418
	98	417
	98	416
	99	415
	100	414
.PEN_UP
.PEN_DOWN
	108	422
	108	421
	108	420
	108	419
	109	417
	109	416
	110	416
	110	417
	110	418
	110	419
	110	420
	111	421
	111	422
	111	423
	112	423
	112	424
	113	424
	114	424
	115	424
	116	424
	117	424
.PEN_UP
.PEN_DOWN
	129	440
	129	441
	129	440
	129	439
	129	438
	129	437
	129	436
	129	434
	129	433
	129	432
	129	431
	129	430
	129	429
	129	428
	129	427
	129	426
	129	425
	129	424
	129	423
	129	422
	130	421
.PEN_UP
.PEN_DOWN
	125	426
	125	427
	126	427
	127	427
	128	427
	128	426
	129	426
	130	426
.PEN_UP
.PEN_DOWN
	146	426
	146	427
	147	427
	147	426
	148	425
	148	424
	148	423
	149	422
	149	421
.PEN_UP
.PEN_DOWN
	152	425
	152	424
	151	423
	151	422
	151	421
	151	420
	150	416
	150	415
	149	414
	149	413
	148	412
	148	411
.PEN_UP
.PEN_DOWN
	173	442
	173	443
	173	442
	173	441
	173	440
	173	439
	173	437
	173	436
	173	434
	173	433
	173	431
	173	430
	173	429
	173	427
	173	426
	173	424
	174	423
	174	422
	174	421
	174	422
	175	422
	176	423
	176	424
	177	424
	177	425
	178	425
	179	426
	180	427
	181	427
	182	427
	182	426
	182	424
	182	423
	182	422
	182	421
	182	420
	182	419
	182	418
	182	417
	183	416
.PEN_UP
.PEN_DOWN
	188	424
	188	423
	188	422
	187	422
	187	421
	187	420
	187	419
	188	417
	188	416
	189	416
	190	415
	191	415
	192	415
	193	415
	194	416
	194	417
	194	418
	195	419
	195	420
	195	421
	195	422
.PEN_UP
.PEN_DOWN
	199	423
	198	423
	198	422
	198	421
	198	419
	199	419
	199	418
	199	417
	200	416
	201	416
	202	416
	202	417
	202	418
	202	419
	202	420
	202	421
	202	422
	202	423
	202	424
	202	425
	202	426
	203	427
	203	428
	204	428
	204	427
	205	427
	205	426
	206	426
	207	424
	207	423
	208	422
	209	421
	209	420
	209	419
	209	418
	209	417
	209	418
	209	419
	209	420
	209	421
	209	422
	210	423
	210	425
	211	426
	212	426
	213	425
	213	424
	213	423
	214	423
	214	422
	215	421
	215	420
.PEN_UP
.PEN_DOWN
	219	427
	220	427
	220	428
	221	428
	222	428
	223	427
	224	427
	225	426
	226	425
	227	425
	227	424
	227	423
	227	422
	227	421
	226	421
	225	421
	224	421
	223	421
	222	422
	221	422
	220	422
	220	421
	220	420
	220	419
	221	419
	221	418
	222	418
	223	418
	223	417
	224	417
	225	417
	226	417
	226	418
	227	418
.PEN_UP
.PEN_DOWN
	233	425
	234	425
	234	426
	234	425
	235	425
	235	424
	235	423
	235	422
	235	421
	236	420
	236	419
	236	420
	237	420
	237	421
	237	422
	237	423
	237	424
	237	425
	237	427
	238	428
	239	428
	240	427
	241	426
	241	425
	241	424
	241	423
	241	422
	242	421
	242	420
	243	419
.PEN_UP
.PEN_DOWN
	258	429
	257	429
	256	429
	255	429
	255	428
	254	427
	254	426
	254	425
	254	424
	254	423
	254	422
	254	421
	255	420
	255	419
	256	419
	257	419
	258	420
	259	421
	259	422
	259	423
	259	424
	259	425
	259	426
	258	426
	258	427
.PEN_UP
.PEN_DOWN
	264	428
	263	428
	263	427
	263	426
	263	425
	263	424
	263	423
	263	422
	263	421
.PEN_UP
.PEN_DOWN
	267	433
	266	434
	266	435
	266	436
.PEN_UP
.PEN_DOWN
	276	444
	276	445
	276	447
	277	447
	277	446
	278	445
	278	444
	278	443
	278	442
	279	439
	280	437
	280	435
	280	434
	280	432
	280	431
	280	430
	280	428
	280	427
	280	426
	280	425
	280	424
	279	424
	279	425
	279	426
	278	427
	277	428
	276	430
	275	430
	274	430
	273	430
	272	430
	271	429
	271	428
	271	426
	272	425
	273	424
	274	423
	275	422
	277	421
	279	421
	280	421
.PEN_UP
.PEN_DOWN
	319	442
	319	443
	319	444
	319	445
	318	445
	318	446
	317	447
	316	447
	316	448
	315	448
	314	448
	314	447
	313	447
	312	447
	312	446
	311	446
	310	445
	310	444
	309	443
	308	441
	308	439
	308	437
	308	436
	308	434
	308	433
	308	432
	308	431
	309	430
	310	429
	310	427
	312	425
	312	424
	313	423
	314	422
	314	421
	314	420
	315	420
	315	419
	314	419
.PEN_UP
.PEN_DOWN
	306	427
	307	427
	308	427
	309	427
	310	427
	311	427
	312	427
	313	426
.PEN_UP
.PEN_DOWN
	325	426
	324	426
	323	425
	323	424
	323	423
	324	423
.PEN_UP
.PEN_DOWN
	329	432
	328	432
	327	432
.PEN_UP
.PEN_DOWN
	340	429
	339	429
	338	429
	337	429
	336	428
	336	427
	336	426
	336	425
	336	424
	337	423
	338	422
	339	422
	341	422
	342	422
	343	422
	343	423
	343	424
	343	425
	342	425
	341	425
	341	424
	341	423
	341	422
	341	421
	342	419
	342	418
	342	417
	343	416
	343	415
	343	414
	343	413
	343	412
	342	412
	341	412
	340	412
	339	412
	338	413
	337	413
	337	414
.PEN_UP
.PEN_DOWN
	351	430
	352	430
	352	431
	352	430
	353	429
	353	428
	353	427
	353	426
	353	425
	353	424
	354	423
	354	422
	355	422
	356	422
	356	423
	357	423
	357	424
	358	424
	358	425
	359	425
	359	426
	359	427
	359	428
	359	429
	359	430
.PEN_UP
.PEN_DOWN
	366	429
	366	430
	367	430
	367	429
	367	428
	367	427
	367	426
	367	425
	367	424
	367	422
	368	421
	368	420
	369	420
	369	421
	369	422
	369	423
	370	424
	370	425
	370	426
	371	427
	371	428
	371	429
	371	430
	372	430
	373	430
.PEN_UP
.PEN_DOWN
	377	427
	378	427
	379	427
	380	427
	381	427
	382	427
	383	427
	384	428
	384	429
	383	429
	383	430
	382	430
	381	430
	380	430
	379	430
	379	429
	378	429
	378	428
	378	427
	378	426
	378	425
	379	425
	379	424
	380	423
	381	423
	382	422
	383	422
.PEN_UP
.PEN_DOWN
	419	457
	418	457
	418	454
	418	453
	418	451
	418	449
	418	447
	418	442
	419	440
	419	438
	419	436
	420	435
	420	432
.PEN_UP
.PEN_DOWN
	423	435
	424	435
	425	435
	426	434
	428	434
	429	434
	430	434
	431	435
	432	435
	433	435
	433	436
	433	437
	433	438
	433	439
	432	439
	431	439
	430	439
	429	439
	428	439
	427	438
	427	437
	427	435
	427	434
	427	433
	428	433
	429	432
.PEN_UP
.PEN_DOWN
	438	441
	439	440
	440	440
	440	439
	441	439
	441	438
	442	438
	443	437
	444	437
	444	436
	443	436
	442	436
	441	436
	440	436
	439	436
	438	435
	438	434
	437	434
	437	433
	437	432
	437	431
	438	430
	438	429
	439	429
	440	429
	441	429
	442	430
	443	430
	443	431
	444	432
	444	433
	444	432
	444	431
.PEN_UP
.PEN_DOWN
	451	436
	450	436
	450	435
	451	434
	451	433
	452	432
	452	431
	453	430
	455	429
	455	428
	456	428
	456	429
	456	430
	456	431
	456	432
	456	433
	456	434
	456	435
	456	436
	456	437
	457	437
	457	438
	458	438
	459	438
	461	438
	461	437
	462	437
	462	436
	463	435
	463	434
	464	433
	464	432
	464	431
	464	430
	464	429
.PEN_UP
.PEN_DOWN
	467	434
	468	434
	469	434
	470	434
	471	434
	472	434
	473	434
	474	434
	475	434
	475	435
	474	436
	474	437
	473	437
	472	437
	470	437
	469	436
	469	435
	469	434
	469	433
	469	432
	470	431
	471	430
	472	430
	473	430
	474	430
	475	430
.PEN_UP
.PEN_DOWN
	491	455
	492	455
	492	454
	492	453
	492	452
	492	451
	491	450
	491	448
	491	446
	491	444
	491	443
	491	441
	490	439
	490	438
	490	437
	490	436
	490	435
	490	434
	490	433
	491	433
	491	434
	491	435
	491	436
	490	437
	490	438
	489	439
	488	439
	488	440
	487	440
	486	440
	485	440
	484	440
	483	439
	482	439
	482	438
	482	437
	482	436
	482	435
	482	434
	483	433
	484	433
	486	432
	488	431
	489	431
	490	431
	491	431
	492	431
	493	431
	494	431
	495	431
	496	432
.PEN_UP
.PEN_DOWN
	529	438
	529	439
	528	439
	527	439
	526	439
	525	438
	524	438
	524	437
	523	437
	523	435
	522	435
	522	433
	522	432
	522	431
	523	430
	523	429
	524	429
	525	428
	526	428
	527	428
	528	428
	529	429
	530	429
	530	430
	530	431
	530	432
	530	433
	530	434
	530	435
	529	436
	529	437
	529	438
	528	438
.PEN_UP
.PEN_DOWN
	538	437
	538	438
	537	438
	537	439
	537	438
	537	437
	537	436
	538	434
	539	433
	540	432
	541	431
	542	430
	542	429
	543	429
	544	428
	545	428
	546	428
	547	429
	547	430
	547	431
	546	432
	546	433
	546	434
	545	435
	545	436
	545	437
	545	438
.PEN_UP
.PEN_DOWN
	558	454
	557	456
	557	457
	557	459
	557	460
	557	461
	557	460
	558	460
	558	459
	559	457
	559	456
	560	456
	560	455
	560	454
	561	452
	561	450
	561	449
	561	448
	561	447
	561	446
	560	443
	560	441
	560	440
	560	439
	560	437
	560	436
	560	435
	560	434
	560	433
	560	432
.PEN_UP
.PEN_DOWN
	552	439
	552	440
	554	440
	555	440
	557	440
	558	440
	559	439
	561	439
	563	439
	564	439
	565	438
	567	438
	568	438
	569	438
	570	439
.PEN_UP
.PEN_DOWN
	574	433
	574	432
	575	431
	575	430
	575	429
	575	428
	575	427
	575	426
	575	425
	575	424
	575	423
	574	422
	573	422
.PEN_UP
