
.WRITER_ID PaulArnao
.STYLE PRINTED
.PEN_DOWN
	72	382
	72	381
	72	380
	72	379
	71	378
	71	376
	71	375
	71	374
	71	373
	71	372
	71	371
	71	370
	71	369
	71	368
	71	367
	71	366
	71	367
	70	368
	70	369
	70	370
	70	371
	69	372
	69	373
	68	375
	68	377
	68	379
	68	381
	68	383
	68	384
	69	386
	69	387
	69	388
	70	388
	71	388
	72	388
	73	388
	74	388
	75	387
	76	386
	77	385
	77	384
	78	384
	78	382
	79	382
	79	381
	79	379
	79	378
	78	377
	77	377
	75	377
	74	377
	73	377
	72	377
	71	377
.PEN_UP
.PEN_DOWN
	86	387
	86	386
	86	385
	86	384
	86	383
	86	382
	86	381
	86	380
	86	379
	86	378
.PEN_UP
.PEN_DOWN
	86	390
	85	391
	84	392
.PEN_UP
.PEN_DOWN
	92	384
	92	383
	92	382
	92	381
	92	380
	92	379
	93	379
	93	380
	93	381
	93	382
	93	383
	93	384
	94	384
	94	386
	94	387
	95	387
	95	388
	96	388
	97	388
	98	388
	98	387
	99	387
	99	386
	100	385
	100	384
	101	384
	101	383
	101	382
	102	381
	102	380
	102	379
.PEN_UP
.PEN_DOWN
	108	402
	108	401
	109	401
	109	400
	109	399
	109	398
	110	397
	110	395
	110	393
	110	391
	110	390
	110	388
	110	387
	110	386
	110	385
	110	384
	110	383
.PEN_UP
.PEN_DOWN
	119	391
	118	391
	117	390
	116	389
	115	389
	114	388
	113	388
	112	387
	112	386
	112	385
	113	384
	114	384
	114	383
	115	383
	115	382
	117	382
	118	382
	118	381
	119	381
	120	381
.PEN_UP
.PEN_DOWN
	133	382
	133	381
	134	381
	134	380
	134	379
	134	378
	134	377
	134	376
	134	375
	134	374
	134	373
	133	372
.PEN_UP
.PEN_DOWN
	156	384
	156	383
	156	382
	156	381
	156	380
	157	380
	157	379
	157	378
	157	377
	157	376
.PEN_UP
.PEN_DOWN
	157	387
	156	388
	155	388
	155	389
	156	389
.PEN_UP
.PEN_DOWN
	171	384
	170	384
	169	384
	169	385
	168	385
	167	385
	167	384
	166	384
	166	383
	167	383
	167	382
	168	382
	168	381
	169	381
	170	380
	172	379
	173	379
	174	378
	175	377
	175	376
	173	375
	172	375
	171	375
	170	375
	169	375
	168	375
	167	375
.PEN_UP
.PEN_DOWN
	191	396
	191	397
	192	396
	192	395
	193	393
	193	392
	193	391
	193	390
	193	388
	194	387
	194	386
	194	384
	194	383
	195	381
	195	380
	196	379
	196	378
	196	377
	197	376
	197	375
.PEN_UP
.PEN_DOWN
	190	384
	191	384
	192	384
	193	383
	194	383
	195	383
	196	382
	197	382
	198	382
	199	382
	200	382
	201	382
	202	382
.PEN_UP
.PEN_DOWN
	201	394
	201	396
	201	397
	200	397
	200	398
	201	398
	201	397
	202	396
	202	395
	202	394
	203	393
	203	392
	203	391
	203	390
	204	389
	204	388
	204	387
	205	385
	205	384
	205	383
	206	382
	206	380
	207	379
	207	378
	207	377
	208	376
	208	375
	209	375
	209	376
	209	377
	209	378
	209	379
	210	379
	210	381
	210	382
	210	383
	211	383
	211	384
	212	384
	213	384
	214	384
	215	383
	215	382
	215	381
	216	380
	216	379
	216	378
	217	377
	217	376
.PEN_UP
.PEN_DOWN
	219	381
	220	381
	221	381
	222	381
	223	381
	224	381
	225	381
	226	381
	226	382
	226	383
	226	384
	225	384
	224	385
	223	385
	221	385
	220	384
	219	384
	219	383
	219	382
	219	381
	219	380
	220	379
	221	378
	222	378
	223	378
	224	377
	225	377
	226	377
	227	377
.PEN_UP
.PEN_DOWN
	233	382
	233	381
	233	380
	233	379
	233	378
	233	377
	234	377
	235	376
	235	375
	236	374
	236	375
	237	375
	237	376
	237	377
	237	378
	237	379
	237	380
	237	381
	237	382
	237	383
	237	384
	237	385
	237	386
	238	386
	239	386
	240	386
	240	385
	241	385
.PEN_UP
.PEN_DOWN
	245	383
	246	383
	247	382
	248	382
	249	382
	250	381
	251	381
	251	382
	250	382
	250	383
	250	384
	249	384
	248	384
	247	384
	246	384
	245	383
	245	382
	245	381
	245	380
	245	379
	245	378
	246	378
	247	377
	248	376
	249	376
	250	376
	251	376
.PEN_UP
.PEN_DOWN
	264	395
	264	396
	264	397
	264	398
	265	398
	266	398
	267	398
	268	398
	269	397
	270	397
	271	397
	272	396
	273	396
	274	395
	274	394
	274	393
	273	393
	272	393
	272	392
	270	392
	270	391
	269	391
	268	390
	267	390
	267	389
	267	388
	267	387
	267	386
	268	385
	268	384
	269	384
.PEN_UP
.PEN_DOWN
	269	377
	268	377
	267	377
	268	377
.PEN_UP
.PEN_DOWN
	298	397
	298	396
	298	395
	298	394
	298	392
	298	390
	298	388
	298	387
	298	385
	298	384
	298	382
	298	381
	298	380
	298	379
	298	378
	298	377
	298	376
	299	376
.PEN_UP
.PEN_DOWN
	322	396
	322	397
	321	397
	320	398
	319	399
	318	399
	317	399
	317	400
	316	400
	315	400
	314	400
	314	399
	313	398
	313	397
	313	396
	313	395
	313	394
	313	393
	313	392
	313	390
	313	389
	313	388
	314	387
	314	386
	314	384
	314	383
	314	382
	315	380
	315	379
	315	378
	315	377
	315	376
	315	375
	316	375
.PEN_UP
.PEN_DOWN
	308	384
	308	385
	309	385
	310	384
	311	384
	312	384
	313	384
	315	384
	317	383
	318	383
	319	383
	320	383
.PEN_UP
.PEN_DOWN
	342	384
	343	384
	343	385
	344	385
	344	384
	345	383
	346	382
	347	381
	347	380
	348	379
	349	378
	349	377
.PEN_UP
.PEN_DOWN
	351	385
	352	385
	352	384
	352	383
	352	382
	352	381
	352	380
	352	379
	351	377
	351	376
	350	375
	350	374
	350	373
	349	373
	349	372
	349	371
	348	371
.PEN_UP
.PEN_DOWN
	361	382
	360	382
	359	382
	358	382
	357	381
	357	380
	357	379
	357	378
	357	377
	357	376
	358	376
	359	375
	360	375
	361	375
	362	375
	362	376
	363	376
	363	377
	363	378
	363	379
	363	380
	362	381
	362	382
	361	382
.PEN_UP
.PEN_DOWN
	368	380
	367	380
	367	381
	367	380
	367	379
	368	379
	368	378
	368	377
	369	377
	369	375
	370	375
	371	374
	372	374
	373	374
	374	374
	374	375
	374	376
	375	376
	375	377
	375	378
	375	379
	375	380
	375	381
	375	382
	375	383
	375	384
.PEN_UP
