
.WRITER_ID PaulArnao
.STYLE PRINTED
.PEN_DOWN
	66	386
	66	387
	66	386
	66	385
	65	384
	65	383
	65	381
	65	380
	65	379
	65	378
	65	377
	65	376
	65	375
	66	375
	66	374
	67	374
	68	374
	69	374
	70	374
	70	375
	71	375
	71	376
	72	377
	72	378
	73	379
	73	380
	73	381
	73	382
	73	381
	73	380
	73	379
	73	378
	74	377
	74	376
	74	375
	75	375
	76	375
	77	375
	78	375
	80	375
	80	376
	81	377
	82	377
	82	378
	82	379
	82	380
	82	381
	82	382
	82	383
	81	384
	81	385
	81	386
.PEN_UP
.PEN_DOWN
	90	385
	90	386
	91	386
	91	387
	92	387
	93	387
	94	387
	95	387
	95	386
	96	386
	96	385
	96	384
	97	383
	96	383
	96	384
	95	384
	95	385
	94	385
	93	385
	92	384
	91	384
	91	383
	90	382
	90	381
	90	380
	90	379
	90	378
	91	378
	91	377
	92	376
	93	376
	94	376
	95	376
	95	377
	96	377
	97	378
	97	379
	97	380
	97	381
	97	380
	97	379
	98	378
	98	377
	99	377
.PEN_UP
.PEN_DOWN
	104	384
	103	384
	104	384
	104	383
	104	382
	105	381
	105	380
	105	379
	106	378
	107	378
	107	379
	107	380
	107	381
	107	382
	107	383
	107	384
	107	385
	107	386
	107	387
	107	388
	108	388
	109	388
	111	388
	111	387
	112	387
	112	386
	113	386
	113	385
	114	384
	114	383
	115	383
	115	382
	115	380
	116	380
	116	379
	116	378
	117	378
	117	377
.PEN_UP
.PEN_DOWN
	126	403
	126	405
	126	406
	126	405
	127	405
	127	404
	127	403
	127	402
	127	401
	127	400
	127	399
	128	398
	128	397
	128	396
	128	395
	128	393
	129	391
	129	390
	129	388
	129	387
	129	386
	129	385
	130	384
	130	383
	130	382
	131	381
	131	380
	131	379
	132	379
.PEN_UP
.PEN_DOWN
	122	391
	123	391
	124	391
	126	391
	127	391
	128	390
	129	390
	130	390
	131	390
	132	390
	133	390
	134	390
.PEN_UP
.PEN_DOWN
	139	387
	140	387
	141	387
	142	387
	143	387
	143	386
	144	386
	145	386
	146	386
	147	386
	148	386
	148	387
	147	388
	146	388
	145	389
	144	389
	143	389
	142	389
	141	389
	140	389
	140	388
	139	387
	139	386
	139	385
	140	385
	140	384
	141	383
	142	382
	143	382
	144	381
	145	381
	146	381
.PEN_UP
.PEN_DOWN
	160	404
	160	405
	160	406
	161	406
	161	405
	161	404
	162	403
	162	402
	162	400
	162	399
	163	398
	163	397
	163	395
	163	394
	163	393
	163	392
	163	390
	164	389
	164	388
	164	387
	164	386
	164	387
	163	387
	163	388
	163	389
	163	390
	162	390
	162	391
	161	392
	160	392
	159	392
	158	392
	157	392
	156	391
	155	391
	154	390
	153	390
	153	389
	153	388
	153	386
	153	385
	153	384
	154	384
	155	383
	156	382
	157	382
	159	381
	160	381
	161	381
	162	381
	163	381
	165	381
	166	381
	166	382
	166	383
	165	383
	165	382
	166	382
	166	381
.PEN_UP
.PEN_DOWN
	191	379
	191	378
	190	377
	190	375
	190	373
	190	372
	190	371
	189	370
	189	368
	189	366
	189	365
	189	364
	190	363
	190	362
	190	361
	191	362
	191	363
	191	364
	191	365
	191	366
	191	367
	191	368
	192	370
	192	371
	192	374
	192	375
	192	377
	192	379
	192	380
	192	381
	192	382
	193	384
	193	385
	193	386
	193	387
	194	387
	195	387
	196	386
	197	384
	198	383
	198	382
	198	381
	198	380
	198	379
	198	378
	198	377
	198	376
	197	376
	196	376
	196	377
	195	377
	194	378
.PEN_UP
.PEN_DOWN
	205	385
	205	384
	204	384
	204	383
	204	382
	204	381
	204	380
	203	380
.PEN_UP
.PEN_DOWN
	207	391
	206	391
	206	392
	206	393
	205	393
.PEN_UP
.PEN_DOWN
	209	384
	209	383
	210	383
	210	382
	210	381
	210	380
	210	379
	211	379
	211	378
	211	377
	212	377
	212	378
	213	379
	213	380
	213	382
	213	383
	214	384
	214	385
	214	386
	214	387
	215	387
	215	388
	216	388
	217	388
	217	387
	218	386
	219	385
	219	384
	219	383
	220	382
	220	381
	220	380
	220	379
	220	378
	221	378
.PEN_UP
.PEN_DOWN
	230	403
	231	403
	231	402
	231	401
	231	400
	230	399
	230	398
	230	396
	230	394
	230	393
	229	392
	229	391
	229	389
	229	388
	229	387
	229	386
	229	385
	229	384
.PEN_UP
.PEN_DOWN
	237	390
	236	390
	235	390
	234	390
	233	390
	232	390
	231	389
	230	389
	230	388
	231	387
	231	386
	232	385
	233	384
	234	384
	235	384
	235	383
	236	383
.PEN_UP
.PEN_DOWN
	257	387
	257	388
	257	387
	257	386
	257	385
	257	384
	258	383
	258	380
	258	379
	258	378
	259	377
	259	376
	259	375
	259	374
	259	373
	260	372
.PEN_UP
.PEN_DOWN
	264	382
	264	383
	264	384
	264	383
	264	382
	263	382
	263	381
	262	379
	261	378
	260	377
	258	375
	258	374
	256	373
	256	372
	255	371
	254	371
	253	370
	252	370
	252	369
	251	369
	251	368
.PEN_UP
.PEN_DOWN
	275	382
	276	381
	276	382
	275	382
	274	382
	273	382
	272	382
	272	381
	271	380
	270	380
	270	379
	269	378
	269	377
	269	376
	269	375
	269	374
	270	374
	270	373
	271	373
	272	373
	273	373
	274	373
	274	374
	275	374
	275	375
	276	375
	276	377
	276	378
	276	380
	276	381
	276	382
	276	383
.PEN_UP
.PEN_DOWN
	280	379
	281	379
	281	380
	281	381
	281	382
	280	381
	280	380
	280	379
	280	377
	280	376
	280	375
	281	374
	281	373
	282	373
	282	372
	283	372
	283	371
	284	371
	285	372
	286	373
	286	374
	287	375
	287	376
	287	377
	287	378
	287	379
	287	380
.PEN_UP
.PEN_DOWN
	322	382
	322	383
	322	384
	321	384
	321	385
	321	386
	320	386
	319	386
	318	386
	316	386
	315	386
	314	386
	313	385
	313	384
	313	383
	314	382
	315	381
	316	380
	317	379
	319	377
	320	377
	320	376
	321	375
	322	375
	322	374
	321	374
	320	374
	319	374
	318	374
	317	375
	316	375
	316	376
.PEN_UP
.PEN_DOWN
	331	393
	331	394
	331	396
	330	396
	330	395
	330	394
	330	393
	330	392
	330	390
	330	389
	330	388
	330	386
	330	385
	330	383
	331	382
	331	380
	331	379
	331	376
	331	375
	331	374
	331	375
	332	376
	333	377
	333	378
	333	379
	334	380
	334	381
	335	381
	335	382
	336	382
	337	382
	338	382
	339	381
	340	380
	340	379
	340	378
	341	377
	341	376
	341	375
	341	374
.PEN_UP
.PEN_DOWN
	349	381
	349	382
	349	383
	348	384
	347	384
	346	385
	345	385
	344	384
	343	383
	343	382
	343	380
	343	379
	343	378
	343	377
	343	376
	343	375
	344	375
	344	374
	344	373
	345	373
	346	373
	347	373
	348	373
	349	373
	349	374
	349	375
	350	375
	350	376
	350	377
	350	379
	350	380
	349	380
	349	381
.PEN_UP
.PEN_DOWN
	353	380
	353	381
	352	381
	352	382
	353	382
	353	381
	353	380
	353	379
	353	378
	353	377
	353	375
	353	374
	354	373
	354	372
	355	371
	356	371
	357	371
	358	372
	359	373
	359	374
	359	375
	359	376
	359	377
	360	377
	360	378
	360	379
.PEN_UP
.PEN_DOWN
	371	395
	371	396
	371	397
	371	398
	371	399
	372	399
	372	398
	371	397
	371	395
	371	394
	370	393
	370	390
	369	388
	369	387
	369	386
	369	384
	369	383
	369	381
	369	380
	369	379
	370	378
	370	377
	370	376
.PEN_UP
.PEN_DOWN
	382	399
	382	400
	382	401
	382	402
	382	401
	382	400
	382	399
	382	398
	382	396
	382	394
	382	393
	382	391
	382	389
	382	388
	382	387
	381	385
	381	384
	381	383
	381	382
	381	380
	381	379
	381	380
	380	381
	380	382
	379	383
	378	384
	377	384
	376	384
	375	384
	374	383
	374	382
	374	381
	374	380
	375	379
	376	378
	377	378
	377	377
	379	376
	380	376
	381	375
	382	375
	383	375
	384	375
.PEN_UP
.PEN_DOWN
	390	380
	391	379
	391	378
	390	377
	390	376
	390	375
	390	373
	390	372
	390	371
	390	370
	391	370
	391	371
	391	372
	392	373
	392	374
	392	375
	393	375
	393	376
	393	377
	394	378
	394	379
	394	380
	395	381
	395	382
	395	383
	396	383
	397	383
	397	382
	398	381
	398	380
	398	379
	399	378
	399	377
	399	376
	399	375
	400	374
	400	373
	401	372
.PEN_UP
.PEN_DOWN
	410	390
	411	391
	412	392
	412	393
	412	392
	411	392
	411	391
	411	390
.PEN_UP
.PEN_DOWN
	424	405
	424	406
	425	406
	425	405
	425	404
	425	403
	425	402
	425	401
	425	399
	425	398
	425	396
	424	393
	424	391
	423	389
	423	388
	423	386
	423	384
	423	383
	423	381
	422	380
	422	379
	422	378
	422	377
	422	375
.PEN_UP
.PEN_DOWN
	416	387
	417	387
	418	387
	419	387
	420	386
	421	386
	422	386
	423	385
	424	385
	425	384
	426	384
	427	384
	428	383
	429	383
.PEN_UP
.PEN_DOWN
	474	383
	474	384
	473	384
	472	384
	471	384
	470	384
	469	383
	469	382
	468	381
	467	380
	467	379
	467	378
	467	377
	467	375
	468	374
	469	373
	470	372
	471	372
	473	372
	474	372
	475	372
	476	372
	476	373
	477	373
	477	375
	477	376
	477	377
	477	378
	477	379
	476	380
	476	381
	476	382
.PEN_UP
.PEN_DOWN
	496	397
	496	398
	496	399
	496	400
	496	402
	496	403
	496	404
	495	405
	494	406
	493	406
	492	405
	492	404
	491	402
	491	400
	491	399
	490	398
	490	397
	490	395
	490	393
	490	392
	490	390
	490	388
	490	387
	490	385
	490	382
	490	380
	490	379
	490	378
	491	377
	491	376
	491	375
	492	374
	492	373
.PEN_UP
.PEN_DOWN
	486	385
	485	385
	485	386
	484	388
	484	389
	485	389
	486	389
	488	388
	491	388
	493	387
	495	386
	496	385
	497	385
	499	385
.PEN_UP
