
.WRITER_ID PaulArnao
.STYLE PRINTED
.PEN_DOWN
	79	418
	79	417
	78	417
	77	417
	77	416
	76	414
	76	413
	75	412
	75	410
	75	408
	75	407
	74	405
	74	403
	74	402
	74	400
	74	399
	73	398
	73	396
	73	395
	73	394
	72	394
	72	395
	72	397
	72	398
	72	399
	73	400
	73	402
	73	404
	73	406
	74	408
	74	409
	75	411
	75	413
	77	415
	77	419
	78	420
	78	421
	79	423
	79	424
	80	425
	80	426
	80	427
	80	428
	81	428
	81	429
	82	428
	83	427
	83	426
	83	425
	84	424
	84	421
	84	420
	85	419
	85	417
	85	416
	86	414
	86	412
	87	411
	87	410
	87	408
	88	407
	88	406
	88	403
	88	402
	89	402
	89	401
	89	400
	89	399
	89	398
.PEN_UP
.PEN_DOWN
	77	405
	76	405
	75	406
	75	407
	75	408
	76	408
	77	408
	78	408
	79	408
	81	409
	83	409
	84	409
	85	409
	87	408
	88	408
	89	408
	90	408
	91	408
.PEN_UP
.PEN_DOWN
	111	412
	110	412
	109	412
	107	412
	106	412
	105	413
	104	413
	102	413
	100	413
	99	413
	98	413
	98	412
	99	412
	99	411
	100	411
	101	410
	102	409
	104	408
	105	408
	107	407
	108	407
	109	406
	110	406
	111	405
	112	404
	112	403
	112	402
	111	402
	110	401
	108	401
	107	401
	106	401
	105	400
	104	400
	103	400
	102	400
.PEN_UP
.PEN_DOWN
	147	415
	147	416
	147	415
	147	414
	147	413
	147	412
	147	410
	147	409
	147	408
	148	406
	148	405
	148	402
	148	400
	148	399
	148	398
	148	397
	148	396
	148	395
.PEN_UP
.PEN_DOWN
	141	401
	142	401
	143	401
	144	401
	145	402
	146	402
	148	402
	149	402
	151	402
	152	402
.PEN_UP
.PEN_DOWN
	159	418
	159	417
	159	416
	159	415
	159	414
	159	413
	160	412
	160	411
	160	410
	160	409
	160	408
	160	406
	160	404
	160	403
	160	401
	159	400
	159	399
	159	398
	159	397
	159	396
	159	395
	159	394
	159	395
	160	395
	160	396
	160	397
	160	399
	160	400
	161	400
	161	401
	161	402
	162	403
	162	404
	163	404
	164	404
	165	404
	165	403
	166	403
	167	402
	167	401
	167	400
	167	399
	168	398
	168	397
	168	396
	168	395
	168	394
.PEN_UP
.PEN_DOWN
	176	400
	176	399
	177	399
	178	399
	179	399
	180	399
	181	399
	182	399
	183	399
	183	400
	183	401
	183	402
	182	402
	181	403
	180	403
	179	403
	178	403
	178	402
	177	402
	176	402
	175	400
	175	399
	175	398
	175	397
	175	396
	176	395
	176	394
	177	394
	179	394
	180	394
	181	394
	182	394
	184	394
	185	394
.PEN_UP
.PEN_DOWN
	219	409
	218	409
	218	410
	217	411
	216	412
	215	412
	215	413
	214	413
	213	414
	212	414
	211	414
	211	413
	211	412
	210	412
	210	411
	210	410
	209	409
	209	408
	209	407
	209	405
	209	404
	209	403
	209	402
	209	400
	210	399
	210	398
	210	397
	211	396
	211	395
	212	395
	212	393
	212	392
	213	392
	213	391
	212	391
	212	392
.PEN_UP
.PEN_DOWN
	206	398
	205	399
	204	400
	205	401
	206	401
	207	401
	208	401
	209	401
	210	400
	212	400
	213	400
	214	400
	215	400
	216	399
	217	399
	218	399
	219	399
.PEN_UP
.PEN_DOWN
	223	401
	222	401
	222	400
	222	399
	222	398
	223	397
	223	396
	224	396
	225	395
	225	394
	226	393
	227	393
	229	393
	230	393
	230	394
	231	394
	231	395
	231	396
	231	397
	231	398
	231	399
	231	400
	231	401
	231	402
.PEN_UP
.PEN_DOWN
	233	400
	233	399
	233	398
	233	397
	234	396
	235	394
	235	393
	235	392
	235	393
	235	394
	235	395
	235	396
	235	397
	236	398
	236	399
	236	400
	236	401
	236	402
	236	403
	237	403
	238	403
	238	402
	239	402
	239	401
	239	400
	240	400
	240	399
	241	399
	241	398
	241	397
	241	396
	242	395
	242	394
	242	393
	242	394
	242	395
	242	396
	242	397
	242	398
	242	399
	242	400
	242	401
	243	401
	243	402
	243	403
	244	403
	245	403
	245	402
	246	401
	246	400
	246	399
	246	398
	246	397
	246	396
	247	395
	247	394
	248	393
.PEN_UP
.PEN_DOWN
	252	399
	253	398
	254	398
	255	398
	256	398
	257	398
	258	399
	258	400
	257	401
	256	402
	255	402
	255	403
	254	403
	253	403
	252	403
	252	402
	251	402
	251	401
	250	401
	250	399
	250	398
	250	397
	250	396
	250	395
	251	395
	251	394
	252	394
	253	393
	254	393
	255	393
.PEN_UP
.PEN_DOWN
	271	404
	270	405
	269	405
	268	405
	267	404
	266	404
	265	404
	265	403
	265	401
	265	400
	266	399
	267	399
	268	398
	269	398
	270	397
	271	396
	273	395
	274	394
	275	394
	275	393
	275	392
	274	392
	273	392
	272	392
	270	392
	267	392
	267	393
	265	393
	264	393
.PEN_UP
.PEN_DOWN
	294	402
	294	403
	293	403
	293	404
	292	404
	291	404
	291	405
	290	406
	289	406
	288	406
	287	406
	287	405
	286	404
	286	403
	285	402
	285	401
	285	400
	285	399
	286	398
	287	397
	288	396
	289	396
	290	395
	291	395
	293	395
	295	395
	297	395
	298	395
	299	395
	299	396
.PEN_UP
.PEN_DOWN
	299	416
	299	417
	299	416
	299	415
	299	414
	299	413
	299	412
	300	411
	300	410
	300	409
	300	408
	301	407
	301	406
	301	404
	301	403
	301	402
	301	400
	302	398
	302	397
	302	396
	302	395
	303	394
.PEN_UP
.PEN_DOWN
	305	404
	305	403
	306	403
	308	403
	309	403
	310	403
	311	403
	313	403
	314	403
	314	404
	314	405
	314	406
	313	406
	312	407
	311	407
	310	407
	309	406
	308	406
	307	406
	307	405
	307	404
	307	403
	307	402
	307	401
	308	400
	309	399
	310	399
	311	398
.PEN_UP
.PEN_DOWN
	318	407
	319	407
	319	408
	320	408
	321	408
	322	407
	322	406
	323	406
	323	405
	324	404
	324	403
	323	403
	322	403
	321	403
	320	403
	319	403
	318	403
	317	402
	316	401
	316	400
	316	399
	316	398
	316	397
	317	396
	318	396
	319	396
	320	396
	321	396
	322	396
	322	397
	323	398
	323	399
	323	400
	323	401
	323	402
	322	402
	322	401
	322	400
	322	399
	323	398
	323	397
	324	397
	324	396
	325	396
.PEN_UP
.PEN_DOWN
	328	406
	328	405
	328	404
	328	403
	328	402
	328	401
	328	400
	329	399
	329	398
	330	397
	331	397
	331	398
	332	399
	332	400
	332	401
	332	402
	333	403
	333	404
	333	406
	333	407
	333	408
	333	409
	333	410
	334	410
	335	409
	336	408
.PEN_UP
.PEN_DOWN
	344	405
	345	405
	346	405
	347	405
	348	405
	349	405
	349	406
	349	407
	348	407
	348	408
	347	408
	346	408
	344	408
	343	408
	342	408
	340	408
	340	407
	339	406
	339	405
	338	404
	338	403
	339	401
	339	400
	340	400
	340	399
	341	399
	342	398
	343	398
	344	398
	346	398
	347	398
.PEN_UP
.PEN_DOWN
	357	421
	358	421
	358	420
	358	419
	358	418
	358	417
	358	416
	358	414
	358	412
	358	410
	358	408
	358	407
	358	406
	358	405
	359	404
	359	403
	359	402
	359	401
	359	400
	360	400
	360	401
	360	402
	360	403
	360	404
	360	405
	360	406
	359	407
	359	408
	354	408
	353	408
	352	408
	351	407
	350	406
	350	404
	350	403
	350	402
	350	401
	350	400
	351	399
	352	398
	354	398
	355	397
	356	397
	358	397
	359	397
	361	397
	362	398
	363	398
	364	398
	364	399
.PEN_UP
.PEN_DOWN
	395	420
	395	421
	394	422
	393	423
	391	423
	390	423
	389	423
	388	422
	387	421
	386	421
	386	420
	386	419
	385	417
	385	416
	385	415
	385	414
	385	413
	385	412
	385	411
	386	409
	386	408
	387	407
	388	406
	388	405
	389	403
	390	402
	390	401
	391	400
	391	399
	391	398
	391	399
.PEN_UP
.PEN_DOWN
	385	406
	384	407
	384	408
	384	409
	385	409
	386	409
	388	409
	389	409
	390	409
	392	408
	393	408
	394	408
	396	408
.PEN_UP
.PEN_DOWN
	403	405
	403	404
	404	404
	404	403
	404	402
	404	401
	404	400
	404	399
	404	398
	404	399
	404	400
	404	401
	404	402
	404	403
	404	404
	404	405
	404	406
	404	407
	404	408
	405	409
	406	409
	407	409
	408	409
	409	409
	410	409
	410	408
	411	408
	412	408
	412	407
	413	407
.PEN_UP
.PEN_DOWN
	418	409
	417	409
	416	409
	415	408
	415	406
	415	405
	415	404
	415	403
	416	403
	416	402
	417	401
	418	401
	419	400
	420	400
	421	400
	422	401
	423	402
	423	403
	423	404
	423	405
	422	406
	421	408
	420	408
	420	409
	419	409
.PEN_UP
.PEN_DOWN
	429	408
	429	407
	428	407
	428	406
	428	405
	428	404
	428	403
	428	402
	428	401
	429	400
	429	399
	430	399
	430	400
	430	401
	430	402
	430	403
	430	404
	430	405
	430	406
	430	407
	430	408
	431	409
	431	410
	431	411
	432	411
	432	410
	433	410
	434	409
	434	408
	435	407
	435	406
	435	405
	435	404
	435	403
	436	403
	436	402
	436	401
	436	402
	436	403
	436	404
	436	405
	436	406
	437	406
	437	407
	438	408
	439	408
	439	409
	440	409
	441	408
	442	408
	443	406
	444	405
	444	404
	444	403
	444	402
	444	401
	444	400
	444	399
	445	399
.PEN_UP
