
.WRITER_ID PaulArnao
.STYLE PRINTED
.PEN_DOWN
	95	411
	95	412
	94	413
	94	414
	93	415
	92	415
	91	416
	90	416
	89	416
	88	416
	87	416
	85	416
	84	415
	83	415
	82	415
	82	414
	81	414
	81	413
	80	413
	80	412
	80	411
	80	410
	80	409
	80	408
	81	407
	81	406
	82	404
	82	403
	83	402
	83	400
	83	399
	83	396
	83	394
	83	393
	82	391
	82	389
	82	388
	81	387
	80	386
	80	385
	79	384
	79	383
	79	382
	78	382
	79	382
	80	383
	82	383
	83	384
	84	384
	85	384
	86	384
	87	384
	88	384
	89	384
	90	384
	91	384
	92	384
	93	384
	94	384
	95	384
	96	383
.PEN_UP
.PEN_DOWN
	114	417
	113	417
	113	418
	112	418
	111	418
	110	417
	109	417
	108	416
	107	414
	107	413
	106	411
	105	410
	105	408
	105	407
	105	403
	105	402
	106	400
	107	399
	107	398
	108	396
	109	395
	110	394
	111	393
	112	392
	113	391
.PEN_UP
.PEN_DOWN
	126	413
	126	414
	126	415
	126	416
	125	416
	124	415
	124	414
	123	412
	123	411
	123	410
	122	409
	122	408
	122	406
	122	403
	123	402
	123	401
	123	400
	124	399
	125	398
	126	398
	126	397
	127	397
	128	397
	129	397
	130	397
	131	398
	132	398
	132	399
	132	400
	132	401
	132	402
	131	402
	130	402
	128	402
	127	402
	126	401
	125	400
	125	399
	125	398
.PEN_UP
.PEN_DOWN
	133	420
	134	420
	135	420
	138	419
	139	418
	140	417
	141	416
	142	415
	142	414
	143	412
	144	411
	144	409
	145	407
	145	406
	145	403
	144	399
	144	398
	143	396
	142	394
	141	393
	141	392
	140	391
	139	390
	139	389
	138	389
	137	388
.PEN_UP
.PEN_DOWN
	186	421
	186	422
	185	422
	184	422
	183	422
	181	422
	181	421
	180	420
	179	419
	179	417
	178	416
	178	414
	178	412
	178	410
	178	407
	178	405
	178	403
	179	399
	180	397
	181	396
	182	394
	184	393
.PEN_UP
.PEN_DOWN
	198	417
	198	418
	197	418
	197	419
	198	419
	199	418
	201	418
	202	417
	203	417
	206	416
	207	416
	207	415
	208	415
	208	414
	208	413
	208	412
	208	411
	208	410
	208	409
	207	407
	207	406
	206	405
	206	404
	205	403
	204	402
	204	401
	204	400
.PEN_UP
.PEN_DOWN
	204	427
	204	428
	204	429
	205	429
	206	429
	208	429
	209	428
	210	427
	212	426
	213	425
	215	423
	216	421
	218	420
	218	418
	219	416
	220	415
	220	411
	220	409
	220	407
	219	406
	219	404
	218	403
	217	402
	216	401
	215	400
	214	399
	214	398
	213	397
	213	396
	213	395
.PEN_UP
.PEN_DOWN
	254	425
	253	425
	252	425
	252	424
	251	424
	250	423
	249	422
	249	421
	248	419
	248	417
	247	413
	247	411
	247	409
	247	407
	248	405
	248	403
	249	402
	249	400
	250	399
	251	398
	252	397
	252	396
.PEN_UP
.PEN_DOWN
	261	416
	260	416
	259	416
	259	414
	259	413
	259	412
	259	411
	259	410
	260	409
	261	408
	262	408
	263	408
	264	408
	265	408
	266	409
	267	410
	268	411
	268	412
	268	413
	267	414
	267	415
	266	416
	265	417
	264	417
	263	418
	262	418
	261	418
	261	417
.PEN_UP
.PEN_DOWN
	263	407
	262	407
	261	407
	261	406
	260	406
	260	405
	260	404
	260	403
	260	402
	260	401
	261	400
	262	398
	263	398
	264	397
	265	397
	266	397
	267	397
	268	398
	269	398
	270	398
	270	399
	271	400
	271	401
	271	403
	271	404
	270	406
	269	407
	268	407
	267	408
	266	408
	265	408
.PEN_UP
.PEN_DOWN
	273	433
	273	434
	274	434
	274	433
	275	433
	277	431
	278	429
	279	428
	281	427
	282	425
	282	423
	283	421
	283	419
	283	417
	283	415
	283	412
	283	411
	281	407
	281	406
	279	405
	279	404
	278	402
	277	402
	276	401
.PEN_UP
.PEN_DOWN
	312	433
	312	434
	311	434
	311	435
	310	435
	309	434
	308	433
	308	432
	307	431
	306	429
	306	426
	305	425
	305	422
	305	420
	305	418
	305	416
	305	413
	307	409
	308	407
	309	406
	311	404
	312	403
.PEN_UP
.PEN_DOWN
	334	423
	334	424
	333	424
	333	425
	333	426
	332	427
	331	428
	331	429
	330	429
	330	430
	329	430
	328	430
	327	430
	326	430
	325	429
	323	428
	322	427
	321	426
	321	425
	321	424
	321	422
	322	421
	323	420
	325	419
	326	419
	327	419
	328	419
	329	420
	330	420
	331	421
	332	422
	332	423
	332	424
	331	423
	331	422
	331	421
	331	420
	331	419
	331	417
	331	416
	331	415
	331	414
	331	412
	331	411
	331	410
	331	409
.PEN_UP
.PEN_DOWN
	333	439
	333	440
	334	440
	335	439
	336	438
	338	437
	339	436
	340	435
	341	433
	343	432
	344	428
	345	426
	346	424
	346	422
	346	419
	346	418
	346	416
	346	414
	345	413
	344	411
	343	410
	342	410
	340	408
	339	407
	338	407
	337	406
.PEN_UP
.PEN_DOWN
	374	444
	373	444
	373	445
	372	445
	371	445
	369	444
	368	444
	368	443
	367	442
	367	440
	366	438
	365	436
	365	433
	365	431
	365	429
	365	427
	366	422
	366	420
	368	419
	368	417
	370	416
	371	415
	372	414
	373	413
	374	413
.PEN_UP
.PEN_DOWN
	393	432
	393	433
	393	434
	391	436
	390	437
	389	437
	388	438
	387	438
	386	438
	385	437
	385	435
	385	434
	384	431
	384	429
	384	427
	384	426
	384	424
	384	423
	385	421
	386	420
	386	419
	388	418
	389	418
	390	418
	392	418
	393	419
	393	420
	394	421
	395	422
	395	423
	395	424
	396	426
	396	427
	396	429
	396	430
	396	432
	396	433
	395	433
	395	434
	394	434
	394	435
	393	436
	393	435
	393	434
	392	433
	392	432
	392	431
	392	429
	391	428
	391	426
	390	424
	390	423
	389	421
	389	420
	388	418
	388	417
	388	416
	387	416
.PEN_UP
.PEN_DOWN
	394	438
	394	437
	394	436
	394	435
	393	434
	393	433
	392	432
	392	430
	391	429
	391	427
	390	425
	390	424
	390	422
	389	419
	388	418
	388	417
	388	416
.PEN_UP
.PEN_DOWN
	398	443
	398	444
	398	445
	399	445
	400	444
	401	442
	402	440
	404	438
	404	437
	405	435
	406	433
	406	431
	406	428
	406	426
	406	424
	406	423
	406	421
	405	419
	405	418
	404	417
	403	416
	402	416
	402	415
	401	415
.PEN_UP
.PEN_DOWN
	404	451
	404	452
	405	452
	406	452
	408	452
	409	452
	411	452
	412	452
	414	452
	417	452
	418	452
	420	452
	421	452
	422	452
	423	452
	424	452
	424	451
	425	451
	425	449
	425	447
	425	446
	425	444
	425	442
	424	440
	424	437
	424	434
	424	431
	424	428
	424	425
	424	422
	424	417
	424	415
	425	412
	425	410
	425	409
	426	407
	426	406
	427	406
	427	405
	427	404
	427	403
	427	404
	426	404
	425	405
	423	405
	422	405
	421	405
	419	405
	418	405
	416	405
	415	405
	413	405
	412	405
	411	405
	410	404
	410	403
.PEN_UP
