
.WRITER_ID PaulArnao
.STYLE PRINTED
.PEN_DOWN
	67	383
	67	384
	66	384
	65	384
	64	384
	63	384
	63	382
	62	381
	62	379
	62	377
	62	376
	62	375
	63	374
	64	373
	66	373
	67	373
	67	374
	68	374
	68	375
	69	375
	69	376
	69	377
	69	378
	69	380
	68	380
	68	381
	67	381
	67	382
	67	383
	66	383
.PEN_UP
.PEN_DOWN
	87	404
	87	405
	86	406
	85	406
	85	407
	84	407
	83	407
	81	407
	80	407
	80	406
	79	406
	79	405
	78	404
	78	403
	78	402
	78	401
	78	399
	79	397
	79	396
	79	394
	80	393
	80	391
	80	390
	81	388
	81	387
	82	386
	82	385
	83	384
	84	381
	84	380
	84	379
.PEN_UP
.PEN_DOWN
	74	387
	75	387
	77	387
	79	387
	80	387
	82	387
	83	387
	85	387
	86	387
	87	387
	88	387
	90	387
.PEN_UP
.PEN_DOWN
	110	403
	110	404
	110	405
	110	406
	110	405
	111	405
	111	404
	111	403
	112	401
	112	400
	112	398
	113	397
	113	396
	113	394
	113	393
	114	391
	114	390
	114	388
	114	387
	114	386
	114	384
	114	383
.PEN_UP
.PEN_DOWN
	105	388
	106	388
	107	388
	108	388
	110	388
	111	388
	112	388
	113	388
	114	388
	117	388
	118	388
	119	388
	120	389
.PEN_UP
.PEN_DOWN
	117	400
	117	401
	118	401
	119	401
	120	401
	121	400
	122	398
	122	397
	122	396
	123	395
	123	393
	123	392
	123	390
	123	388
	124	387
	124	386
	124	385
	124	384
	124	382
	124	381
	124	382
	125	383
	125	385
	125	386
	126	387
	126	388
	126	389
	127	390
	127	391
	127	392
	128	392
	129	391
	129	390
	129	389
	129	388
	130	388
	130	387
	130	386
.PEN_UP
.PEN_DOWN
	136	392
	137	392
	138	392
	139	392
	140	392
	140	391
	141	391
	142	391
	143	391
	144	391
	145	391
	146	392
	146	393
	146	394
	146	395
	145	395
	144	396
	142	396
	140	396
	139	395
	138	395
	137	394
	137	393
	137	392
	137	391
	138	390
	139	389
	141	388
	142	387
	143	386
	145	386
	146	386
	148	386
	149	386
	150	386
.PEN_UP
.PEN_DOWN
	169	405
	170	405
	170	404
	171	403
	171	402
	171	401
	171	400
	171	399
	171	398
	171	397
	171	396
	171	394
	171	393
	172	392
	172	389
	172	388
	173	387
	173	386
	173	385
	173	384
	174	384
	174	383
.PEN_UP
.PEN_DOWN
	183	390
	183	389
	182	388
	182	386
	182	385
	182	384
	182	383
.PEN_UP
.PEN_DOWN
	186	392
	185	393
	184	394
	183	394
	183	395
	184	395
.PEN_UP
.PEN_DOWN
	196	410
	196	409
	196	408
	196	407
	196	406
	196	405
	196	404
	196	402
	196	400
	196	399
	196	396
	196	394
	196	393
	196	392
	196	390
	196	389
	197	388
	197	387
	197	386
.PEN_UP
.PEN_DOWN
	191	395
	192	395
	193	395
	194	395
	195	395
	196	395
	197	395
	200	395
	201	395
	202	395
	204	396
	205	396
.PEN_UP
.PEN_DOWN
	210	409
	209	408
	209	407
	209	405
	209	404
	209	402
	209	401
	209	400
	209	398
	209	397
	209	395
	209	394
	209	392
	209	391
	210	389
	210	388
	210	387
	210	386
	210	385
	210	384
.PEN_UP
.PEN_DOWN
	203	394
	203	393
	203	394
	203	395
	204	395
	206	394
	208	394
	209	394
	212	394
	213	394
	214	394
	215	394
	216	394
	217	393
	218	393
	219	393
	220	394
.PEN_UP
.PEN_DOWN
	223	410
	223	411
	223	410
	223	409
	223	408
	223	406
	224	405
	224	403
	224	402
	225	400
	225	398
	225	394
	226	393
	226	391
	226	390
	226	389
	226	388
	227	386
	227	385
	227	384
.PEN_UP
.PEN_DOWN
	231	392
	231	391
	231	390
	232	390
	234	389
	235	388
	236	388
	237	388
	238	388
	239	389
	240	389
	241	390
	241	391
	241	392
	241	393
	240	393
	240	394
	239	394
	238	394
	237	394
	236	394
	235	394
	234	394
	232	393
	231	392
	231	391
	231	390
	231	389
	231	388
	231	387
	231	386
	232	385
	233	384
	234	383
	237	383
	239	382
.PEN_UP
.PEN_DOWN
	260	415
	260	414
	260	413
	260	411
	260	410
	260	408
	260	406
	260	401
	261	398
	261	396
	262	394
	262	392
	263	390
	263	389
	263	388
	263	387
	263	386
	262	386
	262	387
	262	388
	261	388
	261	389
	261	390
	261	391
	260	392
	260	394
	260	395
	260	396
	260	397
	260	398
	260	399
	261	399
	261	400
	262	400
	263	400
	264	400
	265	400
	266	399
	267	398
	268	397
	269	396
	269	395
	270	394
	270	393
	270	391
	270	390
	270	389
	270	388
	269	388
	268	387
	267	387
	266	387
	265	387
	264	387
	263	387
	261	387
	260	387
	259	387
	259	388
.PEN_UP
.PEN_DOWN
	284	393
	283	394
	282	394
	281	394
	280	394
	279	394
	278	394
	278	393
	277	392
	277	390
	277	389
	277	388
	277	387
	277	386
	278	385
	278	384
	280	384
	282	383
	284	383
	285	383
	286	384
	287	384
	287	385
	287	386
	287	387
	287	388
	286	390
	285	391
	285	392
	284	393
	283	393
	282	394
.PEN_UP
.PEN_DOWN
	291	397
	290	397
	290	398
	291	397
	292	396
	293	394
	294	393
	294	392
	296	391
	296	390
	297	389
	298	388
	299	387
	300	386
	300	385
	301	384
.PEN_UP
.PEN_DOWN
	303	394
	302	394
	301	394
	300	394
	299	393
	298	393
	297	392
	296	391
	295	390
	294	389
	292	387
	292	386
	291	385
	291	384
	291	383
	291	382
	292	381
.PEN_UP
.PEN_DOWN
	326	414
	326	415
	326	413
	325	412
	324	411
	324	410
	323	409
	323	407
	323	405
	323	403
	323	401
	323	399
	323	397
	323	395
	323	392
	324	390
	324	389
	324	388
	325	387
	325	386
	325	385
	326	385
	327	385
	327	386
	328	386
	328	387
	328	388
	329	389
	329	391
	329	392
	329	393
	330	394
	331	395
	331	396
	331	397
	332	397
	333	396
	333	395
	333	394
	333	393
	333	392
	333	390
	333	388
	333	387
	333	386
	333	385
	333	384
	333	383
	334	383
	334	382
.PEN_UP
.PEN_DOWN
	341	390
	341	389
	342	389
	343	389
	344	389
	345	389
	346	389
	347	390
	348	390
	348	391
	348	392
	347	393
	346	393
	344	393
	343	393
	342	393
	340	393
	339	393
	338	392
	338	391
	338	390
	338	389
	338	388
	338	387
	338	385
	338	384
	339	383
	341	382
	343	381
	344	380
	346	380
	348	380
	350	380
	351	380
	353	380
.PEN_UP
