
.WRITER_ID IanFelix
.STYLE PRINTED
.PEN_DOWN
	68	293
	68	294
	69	294
	69	295
	70	294
	70	293
	70	292
	71	291
	71	289
	71	288
	71	286
	71	284
	71	279
	71	277
	71	275
	71	273
	71	271
	71	270
	71	269
	72	267
.PEN_UP
.PEN_DOWN
	65	296
	65	297
	66	298
	68	298
	69	298
	70	298
	72	298
	73	298
	75	297
	76	297
	78	297
	80	297
	81	296
	82	296
	84	294
	84	293
	84	292
	84	291
	84	290
	84	289
	82	288
	81	287
	80	286
	79	285
	75	284
	74	284
	72	284
	70	284
	69	284
	67	284
	66	284
	65	285
.PEN_UP
.PEN_DOWN
	98	315
	98	314
	98	313
	97	311
	97	310
	97	308
	97	307
	96	305
	96	301
	96	299
	96	297
	96	296
	96	294
	96	293
	96	291
	97	290
	97	289
	97	288
	97	287
	98	286
	98	285
.PEN_UP
.PEN_DOWN
	105	291
	105	290
	106	289
	107	289
	108	289
	109	290
	110	290
	111	290
	112	291
	114	292
	115	293
	115	294
	116	295
	116	296
	116	297
	116	298
	116	299
	115	300
	113	300
	112	300
	111	300
	109	299
	108	298
	106	297
	105	296
	104	295
	103	293
	103	292
	103	291
	103	289
	103	287
	104	286
	105	285
	106	285
	108	284
	109	284
	111	284
	113	284
	116	284
	118	284
	120	285
	122	285
.PEN_UP
.PEN_DOWN
	137	299
	136	299
	135	299
	133	299
	132	299
	131	299
	130	299
	129	298
	128	297
	127	297
	126	295
	126	294
	126	293
	126	292
	126	290
	126	289
	126	288
	127	287
	128	287
	130	286
	131	285
	134	285
	136	285
	138	285
	139	285
	141	286
	142	287
	143	288
	144	288
	144	289
	145	290
	145	291
	145	292
	145	293
	144	294
	143	294
	142	294
	141	294
	140	294
	140	293
	140	292
	140	290
	141	288
	142	287
	142	286
	144	285
	145	285
	147	284
	148	284
.PEN_UP
.PEN_DOWN
	163	298
	162	299
	162	298
	158	298
	156	298
	155	297
	154	297
	153	297
	153	296
	153	295
	154	294
	155	294
	155	293
	157	293
	158	293
	160	293
	163	292
	163	291
	165	291
	165	290
	166	289
	167	288
	167	287
	167	286
	167	285
	166	284
	165	284
	164	284
	163	284
	162	284
	160	284
	159	284
	158	284
	156	284
	155	284
	154	285
.PEN_UP
.PEN_DOWN
	171	283
	172	283
	173	284
	174	284
	175	284
	176	285
	176	286
	177	286
	178	288
	179	289
	180	289
	181	290
	181	291
	181	292
	181	293
	181	294
	180	294
	177	294
	176	293
	175	293
	174	292
	173	291
	172	291
	171	290
	171	289
	170	288
	170	287
	170	286
	170	285
	170	283
	170	282
	171	282
	172	281
	173	280
	175	280
	177	280
	179	280
	181	280
	183	280
	186	280
	188	280
	192	280
	193	281
	195	281
.PEN_UP
.PEN_DOWN
	222	297
	222	296
	222	295
	222	294
	222	293
	222	292
	221	290
	221	289
	221	288
	221	289
	222	290
	222	291
	222	292
	222	293
	222	294
	222	295
	221	296
	221	297
	220	298
	219	298
	217	298
	216	298
	214	297
	213	296
	212	294
	211	293
	210	291
	209	289
	209	288
	209	286
	209	285
	209	284
	210	281
	211	280
	212	279
	214	278
	215	278
	217	277
	220	277
	222	277
	224	277
	227	277
	229	277
.PEN_UP
.PEN_DOWN
	245	292
	245	293
	244	294
	243	294
	242	294
	241	294
	240	294
	239	293
	237	293
	235	291
	233	290
	233	289
	231	288
	230	287
	229	285
	229	284
	229	283
	229	282
	229	281
	229	279
	231	278
	232	278
	233	278
	235	278
	237	278
	239	278
	240	279
	242	279
	244	280
	245	281
	246	282
	248	283
	249	284
	249	285
	249	286
	249	287
	249	288
	248	288
	246	288
	245	288
	244	288
	243	287
	243	286
	243	285
	243	284
	244	283
	244	282
	245	281
	246	280
	248	279
	249	279
	251	278
	255	277
	256	277
	259	277
	260	277
.PEN_UP
.PEN_DOWN
	262	315
	262	314
	262	313
	262	312
	261	311
	261	309
	261	307
	261	305
	261	303
	261	298
	262	296
	262	294
	262	292
	263	290
	263	288
	264	286
	265	284
	265	283
	265	281
	266	280
	267	278
.PEN_UP
.PEN_DOWN
	276	312
	276	311
	277	310
	277	309
	277	307
	277	305
	276	302
	276	299
	276	297
	276	295
	276	293
	277	291
	277	289
	277	287
	277	285
	278	283
	278	281
	278	279
	278	276
	279	275
	279	273
	280	272
.PEN_UP
.PEN_DOWN
	330	302
	331	302
	331	303
	331	301
	331	300
	331	299
	331	297
	330	296
	330	295
	330	293
	330	291
	330	289
	330	288
	330	286
	329	284
	329	282
	329	281
	329	280
	329	279
	330	278
.PEN_UP
.PEN_DOWN
	335	303
	336	303
	336	304
	335	304
	335	305
	334	305
	333	304
	331	304
	330	303
	329	302
	328	301
	325	299
	325	298
	324	297
	323	297
	323	296
.PEN_UP
.PEN_DOWN
	313	277
	314	276
	317	276
	318	276
	320	277
	322	277
	324	277
	327	278
	329	278
	333	278
	335	278
	336	278
	338	278
	339	278
	340	277
	341	277
	341	276
	342	276
.PEN_UP
.PEN_DOWN
	363	311
	363	310
	361	308
	361	307
	360	306
	359	305
	358	304
	357	303
	356	302
	356	300
	355	298
	355	297
	355	296
	355	293
	355	292
	356	291
	357	289
	358	288
	359	287
	361	286
	362	285
	363	284
.PEN_UP
.PEN_DOWN
	369	300
	370	300
	371	300
	372	301
	373	301
	374	301
	375	301
	376	301
	377	301
	378	301
	379	301
	380	300
	381	299
	383	297
	384	297
	384	295
	384	294
	384	293
	384	292
	384	290
	383	289
	382	288
	380	287
	379	285
	378	284
	375	282
	374	281
	372	281
	371	281
	370	281
	370	282
	372	282
	373	282
	374	282
	375	282
	376	282
	378	281
	379	281
	380	280
	381	280
	383	279
	384	279
	386	278
	389	277
	390	277
	391	277
	392	277
.PEN_UP
.PEN_DOWN
	393	298
	395	298
	396	298
	397	298
	398	299
	400	299
	401	299
	402	299
	404	299
	405	299
	406	299
	406	298
	406	297
	406	296
	406	295
	405	294
	404	293
	403	293
	402	292
	401	292
	400	292
	398	291
	396	291
	395	291
	396	291
	397	291
	399	291
	400	291
	404	290
	405	290
	407	290
	408	289
	409	288
	410	288
	412	287
	413	286
	413	285
	412	284
	412	283
	411	282
	409	282
	408	281
	406	281
	404	280
	403	280
	401	280
	400	280
	398	280
	397	280
	396	280
.PEN_UP
.PEN_DOWN
	414	298
	415	298
	415	297
	415	296
	415	294
	415	293
	415	291
	416	290
	417	289
	417	288
	419	287
	421	286
	423	285
	424	285
	428	284
	429	284
	431	284
	432	284
	433	284
	435	284
	436	284
.PEN_UP
.PEN_DOWN
	430	300
	430	299
	431	298
	431	297
	431	296
	431	295
	432	294
	432	293
	433	291
	433	289
	433	288
	433	286
	434	284
	434	283
	434	281
	434	280
	434	279
	434	277
	434	276
.PEN_UP
.PEN_DOWN
	441	319
	442	318
	443	316
	443	315
	444	314
	444	312
	445	311
	446	309
	447	307
	448	305
	449	304
	451	301
	452	299
	452	297
	452	295
	452	293
	452	291
	452	289
	452	288
	451	286
	450	284
	449	282
	448	279
	447	279
	446	278
	445	277
	444	277
	443	276
	442	276
.PEN_UP
.PEN_DOWN
	474	299
	475	299
	474	300
	474	301
	473	301
	472	301
	471	301
	470	300
	469	300
	468	299
	465	298
	464	298
	464	297
	464	296
	465	295
	467	295
	468	294
	470	294
	473	294
	477	292
	479	291
	480	290
	482	290
	483	289
	483	288
	484	287
	484	286
	484	285
	484	284
	484	283
	483	282
	482	281
	481	281
	479	281
	478	281
	476	281
	475	281
	474	282
	472	282
	471	283
	470	284
	469	284
	469	285
.PEN_UP
.PEN_DOWN
	471	301
	472	301
	474	302
	475	302
	477	303
	479	303
	481	303
	483	304
	485	304
	487	304
	489	304
	491	304
	494	304
	494	303
	496	303
	497	303
.PEN_UP
.PEN_DOWN
	498	300
	497	300
	497	299
	496	299
	496	298
	495	297
	494	296
	493	294
	492	293
	491	291
	491	289
	491	288
	491	286
	491	284
	491	283
	492	281
	493	280
	494	279
	495	278
	498	276
	500	276
	501	276
	503	276
	504	276
	505	277
	507	277
	508	278
	509	278
	509	279
	509	280
	509	282
	509	283
	509	284
	508	284
	507	285
	505	286
	504	286
	502	287
	500	287
	499	287
	498	287
.PEN_UP
.PEN_DOWN
	510	299
	511	299
	511	300
	511	301
	512	301
	513	301
	515	301
	516	301
	517	301
	519	301
	520	300
	521	300
	523	300
	524	299
	526	299
	527	299
	528	299
	530	299
	532	298
	533	298
	534	298
	534	297
	535	297
	535	296
	535	295
	535	294
	534	293
	533	292
	533	291
	532	289
	532	288
	531	287
	531	285
	530	284
	530	282
	530	280
	529	279
	529	277
	529	276
	529	274
	529	273
	529	272
	530	272
.PEN_UP
.PEN_DOWN
	517	290
	518	290
	519	290
	520	290
	521	290
	523	290
	525	291
	526	291
	528	291
	530	291
	533	291
	535	291
	537	291
	539	290
	540	290
	541	290
	542	289
	543	288
	544	288
.PEN_UP
.PEN_DOWN
	552	279
	553	279
	554	279
	556	279
	558	279
	559	279
	560	279
	561	279
	562	279
	564	279
	565	279
.PEN_UP
.PEN_DOWN
	583	280
	584	280
	583	281
	582	281
	581	280
	581	279
	580	278
	579	277
	579	275
	579	274
	579	273
	580	272
	580	271
	581	270
	582	269
	583	269
	584	268
	586	268
	587	268
	588	268
	590	269
	591	270
	592	270
	592	271
	592	272
	592	273
	592	274
	591	275
	590	276
	590	277
	587	280
	586	281
	584	283
	583	284
	582	286
	581	288
	580	289
	579	290
	578	292
	577	292
	577	293
	576	294
	576	295
	576	296
	577	296
	577	297
	578	297
	579	298
	580	298
	581	299
	583	299
	584	300
	587	300
	589	300
	590	300
	591	300
	592	299
	592	298
	592	297
	592	295
	592	294
	590	292
	588	289
	586	288
	584	287
	583	285
	582	284
	581	283
	580	282
.PEN_UP
.PEN_DOWN
	611	289
	611	290
	612	291
	612	292
	612	294
	612	295
	612	296
	612	297
	611	297
	610	297
	609	297
	607	297
	606	297
	604	297
	601	295
	600	294
	599	293
	598	292
	598	291
	598	290
	598	289
	599	288
	600	288
	601	288
	602	287
	604	287
	608	287
	610	287
	611	288
	612	288
	613	288
	614	288
	612	286
	611	285
	610	283
	609	282
	609	280
	608	279
	608	278
	608	276
	608	275
	608	273
	608	272
	608	271
	608	269
	609	268
	609	267
.PEN_UP
.PEN_DOWN
	626	290
	624	290
	623	290
	622	289
	620	288
	620	287
	618	286
	618	285
	617	284
	617	282
	617	280
	617	278
	617	276
	618	275
	619	274
	620	273
	622	272
	623	272
	625	271
	628	271
	629	271
	631	271
	632	272
	635	273
	637	274
	638	275
	639	276
	640	278
	641	279
	641	281
	641	282
	641	284
	640	286
	640	288
	639	289
	636	292
	634	293
	633	293
.PEN_UP
.PEN_DOWN
	661	294
	662	294
	662	293
	662	291
	662	289
	662	288
	662	286
	662	285
	662	283
	661	281
	661	279
	661	278
	661	276
	661	275
	661	274
	661	272
	662	272
.PEN_UP
.PEN_DOWN
	668	299
	667	299
	666	299
	665	298
	663	297
	662	297
	661	296
	660	295
	659	293
.PEN_UP
.PEN_DOWN
	643	270
	644	270
	645	269
	646	269
	647	269
	649	269
	650	269
	652	270
	655	270
	657	270
	660	270
	662	270
	665	271
	670	271
	672	271
	674	271
	676	271
	677	271
.PEN_UP
.PEN_DOWN
	688	274
	688	273
	688	272
	689	271
.PEN_UP
