
.WRITER_ID IanFelix
.STYLE PRINTED
.PEN_DOWN
	88	301
	88	302
	89	302
	89	303
	89	302
	89	301
	89	299
	88	297
	87	293
	87	290
	85	287
	85	284
	83	281
	83	278
	82	276
	81	274
	81	272
	80	270
	80	269
	80	268
	80	266
.PEN_UP
.PEN_DOWN
	90	308
	90	307
	90	306
	90	305
	90	304
	91	302
	91	300
	93	298
	94	294
	95	292
	96	289
	97	287
	98	285
	99	283
	99	281
	99	280
	100	279
	100	278
	101	277
	101	276
	102	275
.PEN_UP
.PEN_DOWN
	81	286
	82	285
	83	284
	84	284
	85	283
	86	283
	88	283
	89	283
	91	284
	94	284
	96	284
	98	285
	100	285
	101	285
	103	285
.PEN_UP
.PEN_DOWN
	146	289
	146	288
	145	288
	144	288
	143	288
	141	287
	140	287
	139	286
	137	285
	136	285
	135	284
	133	283
	131	282
	130	282
	132	282
	134	282
	135	282
	137	283
	140	283
	142	283
	143	283
	144	282
	144	281
	144	280
	144	279
	143	279
	143	278
	140	276
	138	276
	137	275
	135	275
	134	274
	132	274
	131	274
	130	274
	129	274
	128	274
.PEN_UP
.PEN_DOWN
	153	288
	153	287
	153	286
	153	284
	153	283
	153	282
	153	279
	153	278
	153	277
	153	276
	154	276
	154	275
	155	275
	156	276
	157	277
	157	278
	158	279
	159	281
	159	282
	160	283
	160	284
	161	285
	161	286
	162	287
	162	286
	162	285
	162	284
	162	283
	161	281
	161	279
	161	278
	161	277
	161	276
	161	275
	161	274
	162	274
	163	274
	164	274
	165	275
	166	275
	166	276
	168	278
	169	279
	170	279
	170	280
	171	281
	172	282
	173	282
	173	281
	173	279
	173	278
	173	277
	173	276
	174	275
	174	274
	175	273
	175	272
	177	271
	177	270
.PEN_UP
.PEN_DOWN
	190	281
	190	282
	190	283
	189	284
	189	285
	189	286
	189	287
	187	287
	186	287
	185	287
	185	286
	184	286
	184	285
	182	283
	182	281
	182	280
	182	279
	182	278
	182	277
	183	276
	184	276
	184	275
	185	275
	187	275
	188	275
	190	275
	191	276
	192	276
	193	277
	194	278
	195	279
	195	280
	195	281
	195	282
	194	282
	194	281
	193	281
	193	280
	193	279
	193	278
	194	277
	194	276
	195	275
	196	274
	197	274
	198	273
	200	273
	201	273
	202	272
	203	272
.PEN_UP
.PEN_DOWN
	208	306
	208	305
	208	304
	208	302
	208	297
	209	295
	209	293
	209	290
	210	288
	210	285
	211	283
	211	281
	212	279
	212	278
	212	276
	212	274
	212	273
	212	272
.PEN_UP
.PEN_DOWN
	221	303
	222	302
	223	301
	223	300
	224	299
	224	297
	224	295
	225	290
	225	288
	225	285
	225	283
	226	281
	226	279
	226	278
	226	276
	226	275
	227	274
	227	273
	227	272
.PEN_UP
.PEN_DOWN
	243	270
	244	270
	245	270
	245	269
	246	269
	246	268
	246	267
	247	267
	247	266
	247	265
	246	264
	246	263
	245	262
	245	261
	243	260
.PEN_UP
.PEN_DOWN
	273	288
	272	288
	271	288
	270	288
	270	287
	268	286
	267	286
	265	285
	264	285
	263	284
	262	283
	262	282
	263	282
	264	282
	265	282
	267	282
	268	282
	270	282
	272	282
	273	283
	274	283
	275	283
	275	282
	275	281
	275	280
	275	279
	273	279
	273	278
	272	277
	272	276
	272	275
	272	273
	272	272
	273	271
	273	270
	273	269
	274	268
	274	267
	274	266
	275	266
	275	265
	275	264
	275	263
	275	262
	275	261
	274	261
	273	261
	271	261
	270	261
	269	261
	267	261
	266	262
.PEN_UP
.PEN_DOWN
	284	284
	284	283
	285	282
	285	281
	285	280
	285	279
	286	278
	286	277
	286	276
	287	275
	288	274
	289	273
	288	273
	288	274
	287	275
	287	276
	287	277
	286	277
	286	278
	286	279
	286	280
	286	282
	286	283
	286	284
	286	286
	287	287
	288	287
	289	287
	290	287
	291	287
	292	287
	293	287
	295	287
	297	287
	298	287
	299	287
.PEN_UP
.PEN_DOWN
	301	275
	302	275
	303	275
	304	275
	305	275
	306	275
	307	276
	308	277
	308	278
	309	278
	310	279
	311	280
	311	281
	311	282
	311	283
	310	284
	309	284
	308	284
	305	284
	304	283
	303	282
	302	281
	301	280
	301	279
	301	278
	301	277
	301	276
	302	275
	303	274
	305	273
	307	273
	308	273
	310	273
	311	273
	313	273
	315	273
	316	273
	318	273
.PEN_UP
.PEN_DOWN
	326	275
	328	277
	329	277
	329	278
	331	279
	331	280
	332	280
	332	281
	332	282
	333	283
	333	284
	332	285
	331	285
	330	285
	329	285
	328	285
	327	285
	327	284
	326	284
	325	283
	325	281
	324	280
	324	279
	324	278
	324	277
	324	276
	326	275
	327	274
	328	274
	330	274
	331	273
	333	273
	335	273
	339	274
	341	274
	343	274
	344	274
	346	275
	347	275
.PEN_UP
.PEN_DOWN
	346	288
	346	287
	346	286
	346	285
	346	284
	346	283
	346	282
	346	279
	347	278
	347	277
	347	276
	347	275
	348	274
	349	274
	350	275
	350	276
	351	277
	352	278
	353	279
	353	281
	354	282
	355	284
	356	285
	358	286
	359	288
	360	289
	361	289
	362	289
	363	289
	363	288
	363	287
	363	285
	363	284
	363	283
	363	281
	363	280
	364	278
	365	276
	366	275
	368	274
	370	274
	372	273
	374	273
	377	273
	379	273
	381	273
.PEN_UP
.PEN_DOWN
	405	288
	404	288
	403	288
	402	288
	401	288
	400	288
	399	287
	398	287
	397	286
	396	285
	395	284
	395	283
	395	282
	395	281
	395	279
	395	278
	396	277
	397	277
	398	276
	399	276
	400	276
	401	276
	403	277
	404	277
	405	278
	406	279
	407	280
	408	280
	408	281
	408	282
	408	283
	407	284
	406	284
	405	284
	404	285
	404	284
	404	283
	404	282
	404	281
	405	279
	407	278
	408	277
.PEN_UP
.PEN_DOWN
	417	285
	417	284
	417	283
	417	282
	417	281
	418	280
	418	279
	418	278
	419	278
	419	279
	420	279
	420	280
	421	281
	421	283
	422	284
	422	285
	422	286
	423	287
	424	289
	424	290
	425	290
	425	289
	425	288
	425	287
	425	285
	425	284
	425	283
	425	280
	425	279
	426	278
	427	278
	428	277
	429	277
	430	277
.PEN_UP
.PEN_DOWN
	444	305
	445	304
	445	303
	446	303
	446	302
	447	300
	447	299
	448	298
	448	297
	448	295
	448	293
	448	291
	448	289
	448	287
	448	286
	449	284
	449	283
	449	282
	449	281
	449	280
	450	280
	450	281
	450	282
	450	283
	450	284
	449	286
	448	287
	448	288
	446	288
	445	288
	444	288
	443	288
	441	287
	440	286
	439	285
	437	284
	437	281
	437	279
	437	278
	437	277
	438	276
	440	276
	441	276
	443	276
	445	276
	447	276
	448	276
	452	276
	454	276
.PEN_UP
.PEN_DOWN
	489	307
	489	306
	489	304
	489	302
	489	298
	489	296
	488	293
	488	291
	488	289
	488	287
	488	285
	489	284
	489	282
	489	281
	489	280
	490	279
	491	279
	491	280
	492	280
	493	281
	493	282
	494	283
	494	285
	495	286
	496	289
	496	291
	497	292
	497	293
	498	294
	499	294
	500	293
	500	292
	500	290
	501	287
	501	285
	502	283
	502	282
	503	281
	504	280
	505	279
	506	279
	507	278
.PEN_UP
.PEN_DOWN
	512	283
	512	282
	513	280
	513	279
.PEN_UP
.PEN_DOWN
	507	306
	508	306
.PEN_UP
.PEN_DOWN
	534	307
	534	306
	534	305
	534	304
	534	303
	534	302
	534	298
	534	296
	534	294
	534	293
	534	291
	534	289
	535	287
	535	286
	535	285
	536	284
	536	283
	536	282
	536	283
	536	284
	536	285
	535	286
	535	287
	534	288
	532	291
	530	292
	529	292
	528	292
	527	292
	525	292
	524	292
	523	291
	522	290
	521	288
	521	287
	521	286
	521	284
	522	283
	523	282
	524	281
	526	280
	528	280
	530	279
	532	279
	535	279
	537	279
	540	279
.PEN_UP
.PEN_DOWN
	550	284
	551	284
	552	284
	553	285
	554	286
	555	287
	555	288
	556	289
	556	291
	556	292
	556	293
	555	293
	554	293
	552	293
	551	293
	550	293
	548	292
	547	290
	546	289
	545	286
	545	285
	545	284
	545	282
	545	281
	546	280
	547	279
	549	279
	550	278
	552	278
	554	277
	558	277
.PEN_UP
.PEN_DOWN
	560	286
	560	285
	560	284
	561	282
	562	281
	564	280
	565	280
	567	280
	568	280
	571	280
	574	281
	576	281
	578	282
	579	283
	580	284
	581	284
	581	285
	581	286
	581	287
	581	288
	579	290
	578	291
	577	292
	575	293
	574	294
	572	294
	570	294
	569	294
	568	294
	566	294
	565	294
.PEN_UP
.PEN_DOWN
	584	292
	584	291
	584	290
	584	289
	584	288
	584	287
	584	286
	584	285
	584	284
	585	283
	585	282
	586	281
	586	280
	587	280
	589	280
	591	280
	592	281
	593	281
	594	282
	595	283
	596	284
	597	285
	597	286
	597	287
	597	288
	597	289
	597	290
	597	291
	597	292
	596	293
	595	293
	594	292
	594	291
	593	290
	593	289
	593	287
	593	286
	594	284
	595	282
	595	281
	596	280
	597	279
	599	279
.PEN_UP
.PEN_DOWN
	613	290
	612	290
	611	290
	609	290
	608	290
	607	290
	608	290
	609	290
	610	290
	611	289
	613	288
	614	288
	616	287
	617	286
	618	285
	619	284
	620	283
	620	281
	620	280
	620	279
	620	278
	619	278
	618	278
	617	278
	615	278
	614	278
	613	279
	611	279
	609	280
	609	281
	608	282
	608	283
	607	283
.PEN_UP
.PEN_DOWN
	628	316
	628	315
	627	313
	626	311
	626	309
	626	306
	626	304
	626	301
	627	299
	627	296
	628	294
	628	292
	628	289
	629	288
	630	284
	631	283
	632	281
	632	280
	633	279
	634	279
	635	278
	635	277
	636	277
.PEN_UP
.PEN_DOWN
	658	289
	657	289
	656	288
	655	288
	654	287
	651	285
	649	284
	647	282
	646	280
	643	278
	642	276
	640	274
	638	272
	637	270
	635	268
	634	266
	634	265
	632	263
.PEN_UP
.PEN_DOWN
	637	296
	638	296
	638	295
	639	294
	639	293
	640	292
	641	291
	642	290
	642	288
	643	287
	644	286
	646	284
	647	282
	649	280
.PEN_UP
