
.WRITER_ID IanFelix
.STYLE PRINTED
.PEN_DOWN
	83	341
	82	341
	81	340
	80	340
	80	339
	79	338
	78	337
	77	336
	77	335
	76	334
	76	333
	76	332
	76	330
	76	329
	76	328
	76	326
	76	325
	77	324
	78	321
	79	320
	80	319
	81	319
	83	319
	84	319
	86	319
	87	319
	89	319
	91	320
	93	321
	94	322
	97	324
	98	325
	99	327
	99	328
	99	329
	99	330
	99	331
	99	333
	98	335
	97	336
	94	338
	93	340
	91	341
	90	342
	88	343
	86	344
	84	344
	83	344
	81	344
	80	344
.PEN_UP
.PEN_DOWN
	127	346
	128	345
	128	344
	129	343
	129	342
	129	341
	129	340
	129	338
	129	336
	129	334
	129	333
	129	331
	129	330
	129	329
	129	327
	129	326
	129	325
	129	324
	129	323
	129	322
.PEN_UP
.PEN_DOWN
	129	348
	128	347
	127	345
	126	344
	125	343
	125	342
	124	342
	123	341
	122	340
	122	339
	121	339
.PEN_UP
.PEN_DOWN
	115	320
	117	319
	118	319
	119	319
	121	319
	123	319
	124	319
	126	319
	128	319
	129	319
	131	320
	133	320
	135	320
	137	321
	138	321
	140	322
.PEN_UP
.PEN_DOWN
	147	343
	148	344
	149	344
	150	345
	151	345
	153	345
	155	345
	156	345
	157	345
	158	344
	159	344
	161	342
	161	341
	162	340
	162	339
	162	338
	162	336
	161	335
	160	333
	159	332
	158	331
	157	329
	155	328
	153	326
	152	325
	150	325
	149	325
	148	325
	147	325
	146	325
	146	326
	146	327
	146	328
	146	329
	147	329
	148	329
	149	329
	150	329
	151	329
	153	329
	154	329
	155	328
	157	327
	160	326
	161	325
	162	325
	163	324
	164	324
	165	323
.PEN_UP
.PEN_DOWN
	176	343
	177	343
	177	344
	178	344
	180	344
	181	345
	182	345
	184	346
	188	347
	189	347
	192	347
	193	347
	194	347
	195	347
	196	346
	196	345
	196	344
	196	343
	195	342
	194	341
	193	340
	192	339
	190	338
	189	338
	188	338
	187	337
	186	337
	185	337
	184	336
	183	336
	184	336
	185	336
	186	336
	187	336
	189	336
	190	336
	192	335
	195	334
	197	333
	198	333
	199	332
	200	331
	200	330
	200	329
	200	327
	199	326
	199	325
	197	324
	196	323
	194	322
	193	322
	192	321
	190	321
	189	321
	187	321
	186	321
	185	321
	184	321
.PEN_UP
.PEN_DOWN
	212	344
	212	343
	212	342
	212	341
	211	340
	211	339
	211	338
	211	337
	211	336
	212	336
	213	335
	214	335
	215	335
	217	335
	218	336
	220	336
	222	336
	223	336
	227	336
	228	336
	230	335
	231	335
	233	335
	234	334
	235	334
	236	333
.PEN_UP
.PEN_DOWN
	231	349
	231	348
	231	347
	231	346
	231	344
	231	343
	231	341
	231	339
	231	338
	231	336
	231	334
	231	332
	231	330
	231	329
	231	326
	231	324
	231	323
	231	322
.PEN_UP
.PEN_DOWN
	269	342
	268	342
	267	342
	267	341
	265	341
	263	340
	262	340
	260	339
	259	338
	258	338
	257	338
	256	338
	256	337
	257	337
	258	337
	259	337
	260	337
	262	337
	264	337
	266	337
	267	337
	269	336
	271	336
	272	335
	275	334
	276	333
	276	332
	276	331
	276	330
	276	329
	276	328
	276	327
	275	326
	274	325
	273	325
	272	324
	270	323
	268	323
	266	323
	265	323
	263	323
	261	324
	260	324
	258	324
	257	325
.PEN_UP
.PEN_DOWN
	265	343
	266	343
	267	343
	269	343
	271	344
	272	344
	274	344
	276	345
	278	345
	279	345
	281	345
	283	345
	284	345
	286	345
.PEN_UP
.PEN_DOWN
	307	344
	308	345
	307	345
	306	345
	304	345
	304	344
	303	344
	302	343
	300	341
	299	340
	298	338
	296	336
	295	334
	294	331
	294	329
	294	327
	294	325
	294	324
	294	322
	295	321
	296	320
	297	320
	299	320
	300	320
	302	320
	306	320
	308	320
	310	321
	311	322
	313	323
	314	324
	314	325
	314	326
	314	327
	314	328
	313	329
	309	329
	307	329
	305	329
	302	329
	300	329
.PEN_UP
.PEN_DOWN
	334	342
	335	342
	336	342
	337	342
	338	342
	339	343
	340	343
	341	343
	343	343
	344	343
	346	344
	349	344
	350	344
	352	344
	353	344
	355	344
	357	344
	358	343
	359	343
	360	343
	361	343
	361	342
	362	342
	363	342
	363	341
	363	340
	363	339
	362	338
	361	337
	360	336
	359	335
	359	334
	358	333
	357	332
	356	331
	355	330
	354	328
	352	325
	351	324
	351	322
	350	320
	350	319
	350	318
	350	317
.PEN_UP
.PEN_DOWN
	342	333
	343	333
	344	333
	345	333
	346	333
	348	333
	349	333
	352	333
	354	333
	356	333
	357	333
	361	333
	362	333
	364	333
.PEN_UP
.PEN_DOWN
	380	326
	379	325
	378	324
	378	323
	378	322
	378	321
	378	320
	378	319
	378	317
	379	316
	380	315
	381	315
	383	315
	384	315
	386	315
	387	315
	389	315
	390	315
	391	315
	392	315
	394	316
	394	317
	394	318
	394	319
	393	320
	392	321
	391	322
	390	322
	389	323
	387	324
	385	326
	384	327
	383	328
	382	329
	381	330
	380	331
	380	332
	379	333
	379	334
	379	335
	379	336
	379	337
	379	338
	380	338
	380	339
	381	340
	382	341
	383	341
	384	341
	385	341
	386	341
	387	341
	388	341
	389	340
	390	340
	390	339
	391	338
	391	337
	392	337
	392	336
	392	334
	392	333
	391	333
	391	332
	390	332
	388	331
	387	330
	385	329
	384	329
.PEN_UP
.PEN_DOWN
	430	335
	431	335
	431	336
	431	337
	431	338
	430	339
	430	340
	429	340
	427	341
	426	342
	425	343
	424	343
	423	343
	421	343
	419	343
	418	342
	417	342
	415	340
	415	339
	415	338
	415	337
	415	336
	416	335
	418	335
	419	335
	421	335
	423	335
	426	335
	428	336
	429	336
	430	336
	431	337
	432	337
	432	336
	431	335
	430	334
	429	333
	428	332
	428	331
	426	330
	426	329
	426	327
	425	325
	425	324
	424	322
	424	320
	424	318
	424	317
	424	316
	424	315
.PEN_UP
.PEN_DOWN
	451	335
	450	335
	449	335
	449	334
	448	334
	447	333
	447	332
	446	331
	446	330
	445	329
	444	327
	444	325
	443	324
	443	322
	443	320
	443	319
	443	317
	444	316
	445	315
	446	314
	447	314
	450	314
	452	314
	454	314
	456	315
	458	316
	459	317
	460	318
	462	319
	462	320
	463	322
	463	323
	463	324
	463	327
	462	328
	461	329
	460	330
	458	332
	457	333
	455	334
	453	335
	452	336
	451	336
	449	336
.PEN_UP
.PEN_DOWN
	482	334
	482	333
	481	331
	481	330
	481	329
	481	325
	480	324
	480	322
	480	320
	480	318
	480	317
	480	315
	480	314
	480	313
	480	312
	481	311
	482	311
.PEN_UP
.PEN_DOWN
	481	337
	480	336
	479	335
	478	334
	477	333
	476	333
	475	331
	475	330
	474	329
	473	328
	472	325
.PEN_UP
.PEN_DOWN
	472	311
	474	311
	475	311
	476	311
	477	311
	479	311
	480	311
	481	310
	482	310
	483	310
	486	310
	487	310
	489	310
.PEN_UP
.PEN_DOWN
	505	334
	506	335
	507	335
	508	335
	509	336
	510	336
	511	336
	512	336
	514	336
	515	336
	515	335
	516	335
	516	334
	516	333
	516	332
	516	331
	516	330
	516	329
	516	328
	516	327
	516	325
	515	324
	514	322
	513	321
	512	321
	511	320
	510	319
	509	318
	508	318
	507	317
	506	317
	504	317
	503	317
	502	317
	502	318
	502	319
	503	320
	504	320
	505	320
	506	320
	507	320
	507	319
	508	318
	509	318
	510	317
	511	316
	512	315
	513	315
	515	315
	517	314
	518	314
	520	314
	520	313
.PEN_UP
.PEN_DOWN
	532	337
	533	337
	534	337
	536	337
	537	337
	538	337
	540	337
	542	337
	543	337
	546	336
	547	336
	548	335
	549	335
	549	334
	549	333
	548	332
	547	332
	546	332
	543	331
	542	331
	541	330
	539	330
	538	330
	537	330
	536	330
	537	330
	538	330
	539	330
	541	329
	542	329
	544	329
	545	328
	547	328
	548	327
	550	327
	551	326
	552	325
	553	324
	553	323
	552	322
	552	321
	551	321
	550	320
	549	320
	547	320
	545	319
	542	319
	541	319
	539	319
	537	319
	536	319
	534	319
	533	319
	532	319
	531	318
.PEN_UP
.PEN_DOWN
	561	334
	560	333
	559	333
	558	332
	558	331
	558	330
	558	329
	558	328
	559	328
	559	327
	560	327
	561	327
	564	326
	565	326
	566	326
	568	326
	569	326
	570	325
	572	325
	573	325
	574	324
	575	324
	576	324
	576	323
	577	323
.PEN_UP
.PEN_DOWN
	576	339
	576	338
	577	338
	577	337
	577	336
	577	335
	577	334
	576	333
	576	332
	576	330
	576	329
	576	327
	575	326
	575	324
	575	323
	575	321
	575	319
	575	318
	574	316
	574	314
	574	313
	575	312
.PEN_UP
.PEN_DOWN
	603	334
	604	334
	604	333
	602	333
	601	333
	600	333
	599	332
	598	332
	596	332
	595	331
	594	331
	593	330
	592	330
	591	330
	590	329
	591	328
	592	328
	593	328
	595	328
	596	328
	598	328
	602	327
	604	326
	605	326
	606	325
	607	324
	609	323
	609	322
	610	321
	610	320
	610	319
	610	318
	610	317
	610	315
	609	315
	609	314
	609	313
	608	313
	607	313
	606	313
	605	313
	604	313
	603	313
	601	313
	600	313
	598	314
	597	315
	596	315
	595	315
	595	316
.PEN_UP
.PEN_DOWN
	601	332
	603	332
	604	332
	605	333
	606	333
	607	333
	608	334
	610	334
	612	334
	614	335
	616	335
	617	335
	618	335
	620	335
	621	335
	622	335
	624	335
.PEN_UP
.PEN_DOWN
	636	335
	636	334
	635	333
	634	332
	633	331
	633	330
	632	330
	632	329
	631	328
	631	327
	630	326
	630	324
	629	323
	629	320
	629	319
	629	318
	630	317
	631	315
	632	315
	634	314
	635	314
	637	314
	639	314
	641	314
	642	314
	645	314
	646	315
	648	316
	649	317
	650	318
	650	319
	650	320
	650	321
	650	322
	649	323
	648	324
	645	325
	643	325
	641	325
	639	325
	637	324
	635	324
	633	323
	632	322
	631	321
	631	320
.PEN_UP
.PEN_DOWN
	663	337
	664	337
	665	337
	666	337
	668	337
	670	337
	671	337
	672	337
	675	337
	677	337
	678	336
	679	336
	680	336
	681	336
	682	336
	683	335
	682	334
	681	333
	680	332
	679	331
	678	330
	677	329
	677	328
	675	326
	675	324
	674	323
	674	322
	674	321
	673	320
	673	319
	673	318
	673	316
	673	315
	673	314
	673	313
.PEN_UP
.PEN_DOWN
	665	328
	666	327
	667	326
	668	326
	669	326
	671	325
	672	325
	676	325
	679	326
	681	326
	683	326
	685	326
	687	326
	689	326
.PEN_UP
.PEN_DOWN
	697	323
	697	322
	697	321
	697	320
	697	318
	697	317
	698	316
	699	315
	700	314
	701	313
	702	313
	703	312
	705	312
	706	312
	708	312
	709	312
	710	312
	711	312
	711	313
	712	313
	712	314
	712	315
	712	316
	711	316
	711	317
	710	320
	710	321
	708	322
	708	323
	707	324
	706	326
	705	327
	705	328
	703	329
	702	330
	701	330
	700	331
	699	331
	699	332
	698	332
	698	333
	698	334
	698	335
	700	336
	700	337
	701	337
	702	337
	703	338
	704	338
	705	338
	706	339
	707	339
	708	339
	709	339
	710	339
	712	338
	712	337
	712	336
	712	335
	711	334
	710	333
	710	332
	708	331
	707	330
	706	329
	704	329
	701	328
	700	327
	699	326
	698	326
	696	325
	695	325
.PEN_UP
.PEN_DOWN
	743	330
	743	331
	743	332
	743	333
	742	334
	742	335
	741	336
	741	337
	740	338
	739	339
	738	339
	737	339
	736	339
	735	339
	734	339
	733	339
	733	338
	731	338
	730	337
	730	336
	728	334
	728	333
	728	331
	728	330
	728	329
	729	328
	730	328
	732	328
	733	328
	734	328
	736	328
	739	328
	740	329
	741	329
	742	330
	743	331
	744	331
	744	332
	744	333
	743	333
	742	332
	741	332
	741	331
	740	331
	739	330
	739	329
	738	328
	737	327
	737	325
	736	324
	736	323
	736	321
	736	318
	736	317
	736	315
	736	314
	736	313
	737	312
	738	311
	738	310
	739	310
.PEN_UP
