
.WRITER_ID IanFelix
.STYLE PRINTED
.PEN_DOWN
	75	302
	75	301
	76	300
	76	299
	76	298
	76	297
	76	296
	76	295
	76	293
	76	292
	76	291
	76	290
	75	290
	75	289
	75	288
	74	288
	73	287
	72	286
	70	285
	69	285
	68	284
	67	284
	66	284
	65	284
	64	284
	63	284
	62	284
	61	284
	60	284
	59	285
.PEN_UP
.PEN_DOWN
	73	317
	73	316
	72	316
	72	315
	71	315
	71	314
	71	313
.PEN_UP
.PEN_DOWN
	85	309
	84	309
	84	308
	84	307
	84	306
	83	305
	83	304
	83	303
	83	301
	83	300
	84	297
	84	295
	85	293
	86	293
	87	292
	88	292
	90	292
	91	292
	93	292
	94	292
	96	293
	98	294
	100	295
	101	296
	103	297
	103	298
	104	299
	105	300
	105	301
	105	302
	105	303
	105	304
	104	305
	102	307
	100	308
	98	309
	96	309
	94	310
	92	311
	91	311
	90	311
	89	311
	88	311
.PEN_UP
.PEN_DOWN
	115	309
	115	307
	115	306
	115	305
	115	304
	116	303
	116	302
	116	300
	117	299
	117	298
	118	297
	119	296
	121	296
	122	296
	123	296
	124	296
	125	297
	126	298
	127	299
	128	300
	129	301
	130	302
	130	303
	131	305
	131	307
	131	308
	131	309
	131	310
	130	310
	129	310
	129	309
	128	308
	128	305
	128	304
	128	302
	128	300
	128	299
	129	298
	129	297
	130	296
	131	295
	132	295
	134	295
.PEN_UP
.PEN_DOWN
	143	304
	143	303
	145	301
	145	300
	146	299
	146	298
	146	297
	147	296
	147	295
	148	295
	148	294
	148	293
	148	294
	148	295
	147	295
	147	296
	147	297
	146	297
	146	299
	146	300
	146	301
	146	302
	146	303
	147	304
	148	305
	149	306
	150	307
	152	308
	153	308
	154	309
	156	309
.PEN_UP
.PEN_DOWN
	165	309
	165	308
	165	307
	165	306
	165	305
	165	304
	165	302
	166	301
	166	299
	166	298
	166	296
	166	294
	166	293
	166	292
	167	292
	167	291
	167	292
	168	293
	168	295
	169	296
	169	297
	169	298
	169	299
	170	301
	170	302
	171	304
	171	305
	171	306
	172	308
	173	309
	174	309
	175	308
	175	307
	176	305
	176	304
	177	303
	177	301
	177	300
	178	298
	179	297
	179	296
	180	296
	181	295
	182	295
.PEN_UP
.PEN_DOWN
	191	298
	192	297
	193	297
	194	297
	195	297
	196	297
	197	298
	198	299
	198	300
	199	300
	199	301
	200	302
	200	303
	200	304
	200	305
	199	307
	199	308
	198	309
	198	310
	198	311
	197	311
	197	312
	196	312
	195	312
	193	311
	193	310
	192	309
	191	307
	190	306
	189	305
	189	303
	188	302
	188	301
	188	300
	188	299
	188	298
	189	296
	189	295
	190	295
	190	294
	191	294
	192	293
	193	293
	194	293
	195	293
	197	293
	199	293
	200	294
	204	295
	206	295
	208	295
	209	295
	210	295
.PEN_UP
.PEN_DOWN
	231	306
	231	305
	231	304
	230	302
	229	301
	228	300
	228	299
	227	297
	226	296
	225	294
	224	292
	223	291
	222	288
	220	286
	219	284
	217	280
	216	278
	216	277
	215	275
	214	274
	214	273
	213	273
	213	272
.PEN_UP
.PEN_DOWN
	215	306
	216	307
	217	308
	218	309
	219	309
	220	309
	221	308
	221	307
	222	306
	222	304
	222	303
	223	301
	223	300
	224	298
	224	297
	224	295
	226	293
.PEN_UP
.PEN_DOWN
	247	308
	246	307
	245	307
	244	307
	243	305
	242	305
	241	304
	240	304
	239	303
	238	302
	237	302
	236	301
	235	301
	235	300
	234	300
	234	299
	235	299
	236	299
	237	299
	238	299
	239	299
	240	299
	242	299
	244	299
	245	298
	247	298
	248	298
	248	297
	249	296
	250	296
	250	295
	251	294
	252	294
	252	293
	253	291
	253	290
	253	289
	253	288
	252	287
	251	287
	250	286
	249	286
	247	286
	245	286
	244	286
	243	286
	242	286
	241	286
	240	287
	239	287
.PEN_UP
.PEN_DOWN
	278	328
	279	329
	279	327
	279	326
	280	325
	280	323
	280	321
	280	319
	280	317
	280	314
	280	311
	280	309
	280	306
	281	304
	281	299
	281	298
	281	296
	281	295
	281	294
	281	293
	282	293
	283	294
	284	295
	284	296
	285	297
	286	299
	287	300
	287	302
	288	304
	288	305
	289	307
	290	308
	291	309
	292	309
	292	308
	292	307
	293	305
	293	304
	293	302
	294	301
	294	300
	295	299
	296	297
	297	296
	298	296
	299	295
	300	295
.PEN_UP
.PEN_DOWN
	311	311
	311	310
	311	309
	311	308
	311	307
	311	306
	310	304
	310	303
	310	302
	310	300
	310	299
	310	298
	310	297
	311	296
	311	295
	311	294
	312	294
.PEN_UP
.PEN_DOWN
	312	327
	312	326
	312	325
.PEN_UP
.PEN_DOWN
	333	322
	333	321
	333	320
	333	318
	333	316
	334	314
	334	313
	334	311
	334	309
	334	307
	334	305
	335	303
	335	302
	335	301
	336	300
	336	299
	336	300
	336	301
	335	301
	335	303
	334	304
	333	305
	332	306
	331	307
	330	308
	329	309
	328	310
	328	311
	327	311
	326	311
	324	311
	324	310
	323	309
	321	307
	321	306
	320	304
	320	302
	320	300
	320	299
	320	298
	320	297
	320	296
	323	295
	324	294
	326	294
	327	294
	329	294
	331	294
	333	294
	335	294
	337	294
	339	295
	340	295
.PEN_UP
.PEN_DOWN
	353	324
	354	323
	354	322
	354	321
	354	318
	353	316
	353	315
	353	313
	353	311
	353	309
	354	307
	354	306
	354	304
	355	303
	355	302
	355	301
	356	300
	356	299
	357	299
	357	300
	356	300
	356	302
	356	303
	356	304
	355	305
	354	306
	354	307
	353	308
	352	309
	351	309
	350	309
	349	309
	347	307
	345	306
	345	305
	344	304
	343	302
	343	301
	343	300
	343	299
	343	298
	343	297
	344	297
	345	296
	347	296
	348	295
	349	295
	351	295
	352	295
	354	295
	355	295
	356	296
	357	296
.PEN_UP
.PEN_DOWN
	366	300
	367	299
	368	299
	369	299
	370	300
	371	300
	373	302
	374	303
	375	304
	376	306
	377	307
	377	308
	378	309
	378	310
	378	311
	378	312
	377	313
	375	313
	373	313
	372	313
	371	313
	369	311
	368	310
	366	309
	365	307
	364	306
	363	304
	363	302
	363	299
	363	298
	363	297
	363	296
	364	296
	365	295
	367	295
	368	295
	370	295
	372	295
	375	296
	377	296
	380	297
	382	297
.PEN_UP
.PEN_DOWN
	383	301
	383	300
	383	299
	384	297
	384	296
	384	295
	384	294
	385	293
	385	292
	386	292
	387	293
	388	294
	388	295
	389	296
	389	297
	390	298
	390	299
	391	301
	391	302
	392	305
	393	307
	393	308
	394	309
	395	309
	395	308
	395	306
	395	305
	395	302
	395	301
	395	300
	395	298
	396	297
	396	296
	397	296
	397	295
	398	294
	399	294
	400	293
	402	291
.PEN_UP
.PEN_DOWN
	428	332
	428	331
	428	330
	428	329
	428	328
	428	327
	428	326
	428	325
	428	323
	428	320
	429	318
	429	317
	429	314
	429	312
	429	310
	430	308
	430	305
	430	303
	430	301
	430	300
	430	298
	431	296
	431	295
	432	294
.PEN_UP
.PEN_DOWN
	431	310
	432	310
	433	310
	434	310
	436	310
	438	310
	439	310
	441	310
	443	309
	444	308
	445	307
	445	306
	446	305
	446	304
	446	303
	446	302
	445	301
	445	300
	445	299
	444	298
	442	296
	441	295
	439	295
	437	294
	436	293
	435	293
	433	292
	431	292
	430	292
	429	292
	428	292
.PEN_UP
.PEN_DOWN
	466	308
	465	308
	465	307
	464	306
	463	304
	462	303
	462	302
	461	300
	459	299
	457	295
	456	292
	455	290
	454	288
	453	286
	452	284
	451	283
	450	282
	450	280
	450	279
	450	278
.PEN_UP
.PEN_DOWN
	454	312
	455	312
	455	311
	455	310
	455	309
	455	308
	455	307
	455	306
	455	304
	455	303
	456	301
	456	300
	456	298
	457	297
	458	296
	459	295
	461	295
.PEN_UP
.PEN_DOWN
	522	309
	523	309
	524	310
	524	311
	524	312
	524	313
	523	314
	522	314
	522	315
	521	315
	519	316
	518	316
	517	316
	517	317
	516	317
	515	317
	514	317
	513	316
	512	316
	511	315
	510	314
	508	312
	508	311
	507	310
	507	309
	506	307
	506	306
	506	305
	506	304
	506	303
	507	302
	508	301
	508	300
	509	300
	509	299
	510	299
	511	299
	512	299
	513	299
	513	300
	513	299
	513	298
	513	297
	513	296
	513	295
	513	294
	512	293
	512	291
	512	289
	512	288
	512	287
	512	286
	512	285
	511	284
	511	283
	511	282
	511	280
	511	279
	510	278
	510	277
	510	275
	510	274
	510	273
	510	272
	510	271
	510	270
	510	269
	511	268
	510	268
	510	267
	510	266
	510	265
	511	265
	511	264
.PEN_UP
.PEN_DOWN
	515	266
	515	267
	516	268
	516	269
	517	270
	518	271
	518	272
	519	273
	519	274
	520	274
	520	275
	521	276
	521	277
	522	277
.PEN_UP
.PEN_DOWN
	531	313
	532	313
	532	312
	532	311
	532	310
	532	309
	532	307
	532	305
	533	304
	533	302
	535	299
	536	298
	537	298
	538	297
	539	296
	540	296
	541	296
	542	296
	543	297
	544	298
	546	298
	547	299
	549	302
	550	303
	551	304
	551	305
	551	306
	551	307
	551	308
	551	309
	551	310
	551	311
	551	312
	550	313
	549	313
	549	312
	549	311
	548	310
	548	308
	548	307
	548	305
	548	304
	548	302
	549	300
	549	299
	550	299
	551	298
	552	298
	553	297
	554	297
	555	297
.PEN_UP
.PEN_DOWN
	563	313
	563	312
	563	311
	563	310
	563	309
	563	308
	563	306
	563	305
	563	304
	563	303
	563	301
	564	300
	564	299
	564	298
	564	297
	564	296
	564	295
	564	294
	564	292
	564	291
	565	291
.PEN_UP
.PEN_DOWN
	563	326
	563	325
.PEN_UP
.PEN_DOWN
	582	296
	583	296
	584	296
	585	296
	586	296
	587	296
	588	296
	589	297
	590	297
	591	298
	594	300
	595	300
	596	302
	597	303
	598	304
	598	305
	598	306
	598	307
	598	308
	597	308
	595	309
	594	309
	593	309
	592	309
	591	309
	589	309
	588	309
	587	308
	586	307
	585	306
	584	305
	583	304
	582	302
	582	300
	582	299
	582	298
	582	297
	582	296
	583	295
	584	294
	585	293
	586	293
	588	293
	591	293
	593	293
	594	293
	596	293
	598	293
	599	293
	600	293
	601	293
.PEN_UP
.PEN_DOWN
	616	332
	617	332
	617	331
	617	330
	617	328
	617	327
	617	325
	617	323
	617	321
	617	318
	617	316
	617	311
	617	309
	617	307
	617	305
	617	303
	617	302
	618	301
	618	300
	618	299
	619	298
	619	297
	619	296
.PEN_UP
.PEN_DOWN
	604	315
	605	315
	606	314
	608	314
	609	314
	610	314
	611	313
	613	313
	615	313
	616	313
	618	313
	620	313
	622	313
	624	312
	626	312
	629	312
.PEN_UP
.PEN_DOWN
	650	317
	651	317
	652	317
	653	317
	654	317
	655	318
	657	318
	659	318
	662	319
	664	319
	665	319
	667	319
	668	319
	670	319
	671	319
	672	319
	673	319
	673	318
	673	317
	673	315
	673	314
	672	313
	672	312
	671	311
	670	310
	668	309
	667	307
	666	305
	664	304
	662	302
	660	301
	657	297
	656	296
	655	295
	654	294
	653	293
	653	292
	653	291
	653	290
	653	289
	654	289
	655	288
	656	288
	657	288
	658	288
	660	288
	661	288
	663	289
	665	289
	666	289
	668	290
	669	290
	671	290
	673	290
	674	290
	675	290
	676	289
	677	289
.PEN_UP
.PEN_DOWN
	686	299
	687	299
	688	299
	689	299
	690	299
	691	299
	692	299
	693	299
	694	300
	696	300
	697	300
	698	301
	699	302
	701	303
	702	304
	703	305
	704	306
	704	307
	704	308
	704	309
	704	310
	703	310
	702	310
	700	310
	699	310
	697	310
	693	309
	692	308
	690	307
	689	306
	688	304
	687	303
	686	301
	686	300
	686	298
	686	296
	687	295
	688	293
	689	292
	691	292
	693	291
	694	291
	696	291
	698	290
	700	290
	702	290
	703	290
	705	290
	707	290
.PEN_UP
.PEN_DOWN
	724	304
	724	305
	723	306
	721	306
	720	306
	719	306
	718	305
	717	304
	716	304
	715	303
	713	302
	713	301
	712	300
	712	299
	711	297
	711	295
	712	294
	712	293
	713	293
	714	292
	715	292
	716	292
	717	292
	719	292
	720	292
	723	294
	724	294
	725	295
	726	296
	726	297
	727	297
	727	298
	727	299
	726	300
	724	300
	723	300
	722	300
	722	299
	721	298
	721	297
	721	295
	721	294
	721	293
	722	292
	722	291
	724	289
	726	289
	727	288
	728	288
	730	288
	731	288
.PEN_UP
.PEN_DOWN
	740	327
	740	326
	740	325
	740	324
	740	323
	740	322
	740	320
	740	318
	740	315
	741	313
	741	311
	741	309
	742	307
	742	305
	742	303
	742	301
	742	299
	742	297
	743	296
	743	293
	743	292
	744	291
.PEN_UP
