
.WRITER_ID IanFelix
.STYLE PRINTED
.PEN_DOWN
	63	322
	63	321
	63	320
	64	319
	64	318
	64	316
	64	313
	64	311
	65	310
	65	308
	65	306
	65	305
	66	303
	66	301
	66	300
	66	298
	66	297
	66	296
	67	294
	67	293
	68	292
.PEN_UP
.PEN_DOWN
	61	302
	62	302
	62	303
	63	303
	64	304
	65	304
	66	304
	68	304
	69	303
	70	302
	71	301
	71	300
	72	299
	72	298
	72	297
	73	296
	73	294
	72	293
	71	293
	71	292
	70	292
	69	292
	68	292
	67	292
	65	292
	63	292
	62	292
	62	293
	61	293
	60	293
.PEN_UP
.PEN_DOWN
	77	295
	78	295
	79	296
	80	296
	80	297
	81	298
	82	299
	82	300
	82	301
	81	301
	81	302
	80	302
	78	302
	77	302
	76	301
	76	300
	76	299
	76	298
	76	297
	76	296
	76	295
	76	294
	77	293
	79	293
	80	292
	81	292
	83	292
	84	292
	86	292
	87	292
.PEN_UP
.PEN_DOWN
	89	303
	89	304
	90	304
	90	305
	91	306
	91	305
	90	304
	90	303
	90	302
	89	298
	89	297
	89	296
	89	295
	89	294
	90	294
	90	293
	91	293
	92	293
	92	294
	93	294
	94	296
	95	297
	96	298
	96	299
	97	300
	97	301
	97	302
	96	302
	96	301
	96	300
	96	298
	96	297
	96	296
	97	295
	97	294
	98	293
	99	293
	101	293
	102	293
	103	293
	105	293
	106	294
	107	295
	108	296
	108	297
	109	298
	110	299
	110	300
	110	301
	109	302
	109	303
	108	304
	108	305
	105	306
	105	307
	104	307
	102	307
.PEN_UP
.PEN_DOWN
	120	303
	121	302
	121	301
	121	300
	121	299
	121	298
	121	297
	121	296
	121	295
	121	294
	121	293
	122	292
.PEN_UP
.PEN_DOWN
	118	317
	118	318
.PEN_UP
.PEN_DOWN
	129	322
	131	322
	131	320
	132	319
	132	317
	132	315
	132	314
	133	311
	133	309
	133	307
	134	304
	134	302
	134	300
	135	299
	135	298
	135	297
	135	296
	135	295
	136	294
.PEN_UP
.PEN_DOWN
	149	318
	149	317
	149	316
	149	314
	149	312
	149	310
	149	308
	149	306
	149	304
	150	302
	150	301
	150	298
	150	297
	151	296
	151	295
	151	294
	152	294
	152	293
	152	294
	151	295
	151	296
	151	297
	150	298
	149	299
	148	300
	147	301
	146	301
	144	301
	142	301
	141	300
	140	299
	140	298
	139	297
	139	295
	139	294
	139	293
	139	292
	140	291
	141	290
	144	290
	146	290
	148	290
	150	291
	152	291
	153	291
	154	292
.PEN_UP
.PEN_DOWN
	163	292
	164	293
	165	293
	165	294
	166	295
	166	297
	167	298
	167	299
	167	300
	167	302
	167	303
	166	304
	165	305
	163	305
	162	305
	161	305
	160	304
	158	303
	157	302
	156	300
	156	298
	156	296
	156	295
	156	294
	156	293
	158	292
	159	292
	160	291
	161	291
	163	291
	164	291
	168	291
	170	291
	172	292
	173	292
	175	293
.PEN_UP
.PEN_DOWN
	175	292
	176	292
	176	291
	177	291
	177	290
	178	289
	179	289
	179	290
	179	291
	178	291
	177	293
	177	294
	176	295
	175	296
	175	297
	174	297
	173	298
	173	299
	173	300
	174	300
	175	300
	176	300
	177	300
	178	300
	180	300
	181	300
	182	301
	183	301
	185	301
	187	301
	188	302
.PEN_UP
.PEN_DOWN
	186	288
	187	288
	188	288
	189	288
	190	289
	190	290
	191	291
	191	292
	192	293
	192	294
	192	295
	192	296
	192	297
	191	298
	190	299
	190	300
	189	300
	187	300
	186	300
	185	300
	185	299
	184	298
	184	297
	184	296
	184	295
	184	294
	184	293
	184	292
	185	291
	187	289
	189	289
	190	289
	192	288
	193	288
	195	288
	197	288
	198	289
	200	289
	201	289
.PEN_UP
.PEN_DOWN
	211	319
	212	318
	212	317
	212	316
	212	315
	212	314
	212	313
	213	311
	213	310
	213	309
	214	306
	214	304
	215	303
	215	302
	215	300
	215	299
	215	298
	216	297
	216	296
	216	295
	216	296
	216	297
	215	297
	214	298
	213	298
	212	299
	211	299
	210	299
	208	299
	207	298
	205	297
	204	296
	203	295
	201	293
	200	292
	200	291
	200	290
	200	289
	200	288
	202	287
	203	287
	205	287
	208	287
	210	287
	212	288
	215	288
	217	289
	219	290
	222	290
	224	291
.PEN_UP
.PEN_DOWN
	250	304
	250	303
	250	302
	250	301
	250	300
	250	302
	249	303
	249	304
	248	305
	248	306
	247	306
	246	306
	245	304
	245	303
	244	302
	243	300
	243	299
	243	297
	243	295
	243	293
	243	292
	243	291
	244	290
	245	289
	249	288
	251	288
	254	288
	256	288
	259	288
	261	288
	263	289
	265	289
.PEN_UP
.PEN_DOWN
	265	318
	265	317
	265	315
	265	314
	265	312
	265	311
	265	309
	265	307
	265	305
	265	303
	265	301
	266	298
	266	297
	266	296
	267	295
	267	294
	267	293
	268	293
	269	293
	269	294
	271	296
	272	297
	272	298
	273	299
	274	300
	275	302
	276	303
	276	304
	277	305
	278	305
	278	304
	278	303
	278	302
	278	300
	277	299
	277	297
	277	295
	277	293
	277	292
	277	291
	277	290
	278	289
	279	288
.PEN_UP
.PEN_DOWN
	293	298
	292	298
	291	300
	290	301
	289	301
	289	302
	288	302
	287	302
	286	302
	285	301
	285	300
	284	299
	283	297
	283	296
	283	295
	283	294
	284	293
	284	292
	285	291
	287	290
	288	290
	289	290
	291	290
	293	290
	294	291
	294	292
	295	292
	296	293
	296	294
	296	295
	296	296
	296	297
	295	297
	294	297
	294	296
	294	295
	294	293
	294	292
	294	291
	294	290
	294	289
	295	288
	297	287
	299	287
	300	287
	301	287
	302	287
.PEN_UP
.PEN_DOWN
	311	294
	312	292
	312	291
	312	290
	312	289
	313	288
	313	289
	313	290
	314	291
	314	293
	314	294
	314	296
	313	297
	313	298
	312	299
	312	300
	311	301
	311	300
	312	300
	313	300
	314	300
	315	300
	317	300
	318	300
	320	300
	321	301
	323	301
	324	301
.PEN_UP
.PEN_DOWN
	326	294
	326	293
	326	292
	326	291
	326	290
	326	289
	326	288
	326	287
	326	286
	326	285
	326	284
	327	284
	327	285
	328	286
	328	287
	329	288
	329	289
	331	291
	332	293
	333	294
	334	296
	335	297
	335	298
	336	299
	337	299
	337	298
	337	296
	337	295
	336	294
	336	293
	335	292
	335	291
	335	290
	335	289
	336	289
	337	289
	338	289
	339	289
	339	290
	340	291
	341	292
	342	293
	343	294
	344	295
	345	296
	347	298
	349	299
	349	298
	349	297
	349	295
	348	294
	348	293
	348	290
	348	289
	348	288
	349	287
	350	286
	351	285
	352	285
	354	284
	355	284
.PEN_UP
.PEN_DOWN
	359	295
	360	295
	362	295
	363	296
	364	296
	366	296
	367	296
	368	297
	369	297
.PEN_UP
.PEN_DOWN
	382	302
	382	301
	381	301
	381	300
	380	300
	379	300
	379	299
	378	299
	377	298
	376	297
	377	297
	378	296
	379	296
	381	296
	382	296
	383	296
	386	295
	387	295
	388	294
	389	293
	389	292
	389	291
	389	290
	389	289
	388	288
	387	288
	385	287
	384	287
	383	286
	382	286
	381	286
	380	286
	379	286
	379	287
	378	287
	378	288
.PEN_UP
.PEN_DOWN
	391	291
	392	292
	393	293
	394	294
	395	295
	395	296
	396	297
	397	298
	397	299
	398	300
	398	301
	398	302
	397	302
	396	302
	395	302
	393	301
	392	300
	391	299
	391	297
	390	295
	390	293
	390	292
	391	291
	391	290
	392	289
	394	289
	395	288
	397	288
	399	288
	401	287
	402	287
	406	287
	407	288
.PEN_UP
.PEN_DOWN
	404	314
	405	313
	406	312
	406	311
	406	309
	407	307
	407	306
	407	304
	408	302
	408	301
	408	299
	408	297
	409	295
	409	293
	409	291
	410	289
	410	288
	411	287
	411	286
.PEN_UP
.PEN_DOWN
	417	315
	417	314
	417	313
	417	312
	417	311
	418	309
	418	308
	418	306
	418	305
	419	301
	419	299
	419	298
	420	296
	421	295
	421	293
	421	292
	422	291
	423	289
	423	288
.PEN_UP
.PEN_DOWN
	428	297
	429	297
	429	296
	430	296
	430	295
	431	295
	431	294
	432	294
	433	293
	434	293
	435	293
	436	293
	437	293
	438	294
	439	294
	440	295
	441	296
	441	297
	441	299
	440	299
	440	300
	439	301
	438	302
	437	302
	436	302
	435	302
	434	302
	433	302
	432	302
	429	302
	428	301
	428	299
	427	298
	426	297
	426	296
	426	295
	426	294
	426	293
	427	292
	428	292
	429	291
	432	290
	434	290
	436	290
	438	290
	440	290
	442	290
	444	290
	446	290
	447	290
.PEN_UP
.PEN_DOWN
	450	294
	451	293
	451	292
	451	291
	452	290
	452	289
	453	288
	453	289
	453	290
	453	291
	453	292
	453	293
	452	294
	452	295
	451	296
	451	298
	450	298
	450	299
	450	300
	451	300
	453	300
	454	300
	456	300
	458	300
	459	300
	462	300
	464	301
	466	301
	468	301
	470	301
.PEN_UP
.PEN_DOWN
	476	295
	476	294
	476	293
.PEN_UP
.PEN_DOWN
	508	316
	508	315
	508	314
	508	313
	508	312
	508	311
	508	310
	508	307
	507	306
	507	305
	507	303
	507	302
	506	300
	506	298
	506	297
	505	295
	505	294
	505	293
	505	290
	505	289
	505	288
	506	288
.PEN_UP
.PEN_DOWN
	506	315
	507	315
	508	315
	509	316
	510	316
	511	317
	512	317
	513	317
	514	317
	517	318
	518	318
	519	318
	520	318
	521	317
	522	316
	523	316
	523	315
	523	314
	523	313
	523	311
	523	310
	522	309
	522	308
	521	308
	521	307
	520	307
	519	306
	518	306
	518	305
	516	305
	515	305
	514	305
	513	305
	512	305
	511	305
	511	306
	510	306
	509	306
	508	307
	507	307
	506	307
	505	308
	504	308
	504	307
.PEN_UP
.PEN_DOWN
	509	307
	510	306
	510	305
	511	304
	511	303
	511	302
	512	301
	512	300
	513	297
	514	297
	514	296
	515	295
	516	294
	516	293
	517	293
	518	292
	519	291
.PEN_UP
.PEN_DOWN
	536	305
	536	304
	536	303
	536	302
	536	301
	537	300
	537	298
	537	297
	537	296
	537	295
	538	293
	538	291
	538	290
	539	289
	539	288
.PEN_UP
.PEN_DOWN
	535	315
	536	315
	537	315
	538	314
	539	313
.PEN_UP
.PEN_DOWN
	546	299
	547	298
	547	297
	547	294
	547	292
	547	291
	547	289
	548	288
	548	287
	548	286
	548	285
	549	285
	549	286
	549	287
	550	288
	550	289
	550	290
	551	292
	552	293
	552	294
	553	296
	554	298
	555	300
	555	301
	556	301
	556	300
	557	300
	557	299
	557	297
	557	296
	557	292
	557	290
	558	288
	558	287
	559	286
	560	285
	562	284
	563	283
	564	283
.PEN_UP
.PEN_DOWN
	579	296
	579	297
	578	297
	578	298
	578	299
	578	300
	578	302
	577	302
	577	303
	576	303
	575	303
	574	303
	573	302
	572	302
	571	301
	570	301
	569	299
	567	297
	567	296
	566	295
	566	293
	565	292
	565	291
	565	290
	565	289
	566	288
	567	287
	567	286
	568	286
	572	285
	573	284
	575	284
	577	284
	578	284
.PEN_UP
.PEN_DOWN
	587	291
	588	291
	589	292
	590	292
	590	293
	591	293
	592	294
	593	295
	594	297
	595	298
	595	299
	595	300
	594	301
	593	302
	592	302
	590	302
	588	301
	587	300
	586	299
	585	298
	584	297
	584	295
	584	294
	584	293
	584	291
	584	290
	584	289
	585	288
	588	287
	590	287
	592	286
	594	286
	596	286
.PEN_UP
.PEN_DOWN
	601	304
	601	303
	602	302
	602	301
	602	300
	602	299
	602	297
	602	296
	603	295
	603	294
	603	292
	604	291
	605	291
	606	291
	607	291
	608	291
	609	291
	611	292
	612	293
	613	295
	614	296
	614	297
	614	298
	614	299
	614	300
	613	300
	612	298
	612	297
	611	296
	611	294
	611	293
	611	292
	612	291
	612	290
	613	289
	614	289
	615	288
	617	288
	619	288
	620	288
	622	289
	623	290
	625	291
	626	291
	627	292
	628	293
	629	295
	629	296
	630	297
	630	298
	630	301
	629	302
	628	303
	628	304
	626	305
	625	306
	624	306
.PEN_UP
.PEN_DOWN
	635	297
	635	295
	635	294
	635	293
	635	292
	635	290
	635	289
	635	288
	634	287
	634	285
	634	284
.PEN_UP
.PEN_DOWN
	631	310
	632	310
	633	310
	634	310
.PEN_UP
.PEN_DOWN
	644	296
	644	295
	644	294
	644	293
	644	290
	644	289
	644	288
	644	287
	644	286
	645	286
	645	287
	645	288
	646	289
	646	290
	646	291
	646	293
	646	295
	647	296
	647	297
	648	297
	648	298
	649	299
	650	299
	651	299
	652	299
	652	298
	652	297
	653	296
	654	294
	654	293
	654	292
	654	291
	654	290
	655	289
	655	288
	656	287
	656	286
	657	286
	657	285
	658	285
.PEN_UP
.PEN_DOWN
	674	314
	674	313
	674	312
	674	311
	675	311
	675	309
	675	308
	676	307
	676	306
	677	305
	677	303
	677	301
	678	300
	678	299
	678	298
	678	297
	678	296
	678	297
	678	298
	678	299
	678	300
	678	301
	677	302
	676	303
	675	303
	674	303
	672	303
	670	302
	668	302
	667	300
	665	299
	664	298
	662	297
	661	295
	660	294
	660	293
	660	291
	660	290
	660	288
	662	288
	663	287
	665	286
	667	286
	669	286
	671	286
	674	286
	677	286
	680	286
	682	286
.PEN_UP
.PEN_DOWN
	704	296
	705	297
	705	298
	705	299
	705	300
	704	301
	703	302
	702	302
	701	302
	700	302
	699	301
	697	300
	697	299
	696	298
	696	297
	695	296
	695	295
	695	294
	695	293
	696	292
	697	292
	698	292
	699	292
	700	292
	701	292
	702	293
	703	293
	704	293
	705	294
	706	294
	705	294
	705	293
	705	292
	704	291
	704	290
	704	289
	704	286
	704	285
	704	284
	704	282
	704	281
	704	280
	704	279
	703	278
	703	277
	703	276
	703	275
	702	275
	701	274
	700	274
	699	274
	698	274
	696	274
	695	274
	694	274
	693	274
	691	275
	690	275
	688	277
.PEN_UP
.PEN_DOWN
	714	298
	713	298
	713	297
	713	296
	713	295
	713	294
	713	293
	713	292
	714	292
	714	291
	716	290
	717	290
	718	290
	719	290
	720	290
	721	290
	721	291
	722	292
	723	292
	724	293
	724	294
	724	295
	724	297
	723	298
	722	298
	721	299
	720	300
	719	301
	717	302
	716	302
	714	303
	713	303
	711	303
	710	303
	709	303
	708	303
.PEN_UP
.PEN_DOWN
	725	318
	725	317
	725	316
	725	314
	725	313
	726	311
	726	310
	726	308
	727	306
	727	304
	728	302
	728	301
	728	299
	729	297
	729	294
	729	293
	729	292
	729	291
	729	290
	729	289
.PEN_UP
.PEN_DOWN
	713	306
	714	306
	715	306
	717	306
	718	306
	720	307
	722	307
	725	307
	727	307
	732	307
	735	307
	737	307
	739	307
	741	307
.PEN_UP
.PEN_DOWN
	760	314
	760	313
	760	312
	759	311
	759	310
	759	308
	759	305
	759	303
	760	302
	760	300
	760	299
	760	298
	760	297
	760	296
	760	295
	761	295
	761	294
	761	293
	761	294
	761	295
	761	296
	761	297
	761	298
	761	299
	760	301
	758	302
	757	303
	756	304
	755	304
	754	304
	753	304
	752	303
	751	302
	749	301
	748	300
	748	299
	747	297
	747	294
	747	293
	747	292
	747	291
	749	290
	750	289
	752	289
	753	288
	756	288
	758	288
	760	288
	761	288
	765	288
.PEN_UP
.PEN_DOWN
	769	297
	769	296
	769	295
	769	294
	769	293
	769	292
	769	291
	769	290
	770	289
	772	288
	773	287
	774	287
	775	287
	776	287
	777	288
	778	288
	779	289
	779	290
	780	291
	781	292
	781	293
	781	295
	780	297
	779	297
	779	299
	776	300
	776	301
	775	302
	773	302
	771	304
	769	304
	768	304
	767	304
	765	304
.PEN_UP
.PEN_DOWN
	780	293
	780	292
	781	292
	781	291
	781	290
	781	289
	782	288
	782	287
	783	286
	783	285
	784	285
	785	285
	786	285
	787	286
	788	286
	789	287
	790	288
	790	289
	791	291
	791	292
	791	293
	791	294
	791	293
	790	292
	790	291
	790	290
	790	289
	791	289
	791	288
	792	288
	793	287
	794	287
	795	287
	796	287
	798	287
	799	287
	800	288
	801	288
	802	289
	803	290
	803	291
	804	292
	804	293
	805	294
	805	296
	805	298
	805	299
	804	300
	804	301
	804	302
	803	303
	803	304
	802	304
.PEN_UP
.PEN_DOWN
	811	299
	811	298
	812	297
	812	296
	812	295
	812	294
	812	293
	812	292
	812	289
	812	288
	812	287
	812	286
	812	285
	813	285
	813	286
	815	287
	816	288
	816	289
	817	291
	818	292
	818	293
	820	294
	820	295
	822	296
	822	297
	823	298
	824	298
	825	298
	826	298
	826	297
	826	296
	826	295
	825	293
	824	291
	824	290
	824	288
	824	286
	825	285
	825	284
	826	284
	826	283
	827	283
	828	283
	828	282
.PEN_UP
