
.WRITER_ID IanFelix
.STYLE PRINTED
.PEN_DOWN
	84	320
	83	320
	82	320
	81	320
	80	320
	79	320
	78	320
	77	319
	76	319
	75	318
	74	318
	73	317
	72	317
	72	316
	71	316
	71	315
	70	315
	70	314
	69	313
	68	312
	68	311
	68	310
	67	309
	67	307
	67	306
	67	305
	67	304
	67	303
	67	302
	68	302
	68	301
	69	300
	70	300
	71	300
	72	300
	74	300
	75	300
	76	301
	77	302
	79	302
	79	303
	81	304
	81	305
	82	305
	83	306
	83	307
	84	308
	85	309
	85	310
	85	311
	86	312
	86	313
	86	314
	86	315
	86	316
	85	317
	85	316
	85	315
	85	314
	84	313
	84	312
	84	311
	84	310
	84	309
	84	307
	84	306
	84	305
	84	304
	85	303
	85	301
	85	300
	85	299
	85	298
	85	297
	85	295
	85	294
	85	292
	85	291
	85	289
	85	288
	85	287
	85	285
	85	284
	85	283
	85	282
	85	281
	85	280
	85	279
	85	278
	85	277
	85	276
	85	275
	85	274
	85	273
	86	272
	86	271
	86	270
	87	270
	88	270
.PEN_UP
.PEN_DOWN
	90	276
	91	276
	92	278
	92	279
	92	280
	93	280
	94	281
	94	282
	95	282
	95	283
.PEN_UP
.PEN_DOWN
	108	312
	108	311
	109	310
	109	309
	109	308
	110	306
	110	305
	111	303
	112	303
	112	302
	113	301
	114	300
	115	300
	116	300
	117	300
	118	300
	120	300
	122	301
	123	302
	124	303
	125	304
	126	305
	127	307
	127	308
	128	309
	128	311
	128	312
	128	313
	128	315
	128	316
	128	317
	128	318
	127	318
	127	319
	126	320
	126	319
	126	318
	125	317
	125	316
	125	315
	126	314
	126	313
	126	312
	126	311
	127	310
	128	309
	128	308
	128	307
	129	306
	129	305
	130	304
	131	304
	132	303
	133	302
	134	301
	135	301
.PEN_UP
.PEN_DOWN
	157	318
	157	319
	156	319
	156	320
	155	320
	155	321
	154	321
	153	321
	152	321
	151	320
	150	320
	149	319
	148	318
	147	316
	146	315
	145	313
	145	312
	145	309
	145	308
	145	307
	145	306
	145	305
	146	304
	147	303
	148	303
	149	303
	150	303
	151	303
	153	303
	155	305
	156	305
	157	306
	158	307
	159	308
	160	309
	160	310
	160	311
	161	312
	161	313
	161	314
	161	315
	160	316
	159	316
	158	316
	158	315
	158	314
	158	312
	158	310
	158	309
	158	308
	159	307
	160	305
	160	304
	161	304
	162	303
	163	302
	166	301
	167	301
	168	301
	169	301
.PEN_UP
.PEN_DOWN
	178	316
	178	315
	178	314
	178	312
	178	311
	178	309
	178	308
	178	307
	178	306
	178	305
	178	304
	178	303
	179	302
.PEN_UP
.PEN_DOWN
	179	334
	179	333
	179	332
	179	331
.PEN_UP
.PEN_DOWN
	193	308
	193	305
	193	303
	193	302
	194	301
	194	300
	194	299
	194	298
	195	297
	195	296
	196	296
	196	297
	196	298
	197	299
	197	300
	197	301
	197	303
	197	304
	197	305
	198	308
	199	310
	199	311
	200	312
	200	313
	201	314
	201	315
	202	315
	203	316
	204	316
	205	316
	206	316
	207	316
	207	315
	207	314
	208	313
	208	312
	208	311
	208	310
	208	309
	209	306
	209	304
	209	303
	209	302
	209	301
	210	300
	210	299
	210	298
	211	298
	211	297
.PEN_UP
.PEN_DOWN
	220	339
	220	338
	220	337
	220	336
	220	335
	221	334
	221	333
	221	332
	221	331
	222	330
	222	328
	223	327
	223	325
	223	324
	223	322
	223	319
	223	318
	223	316
	223	315
	223	313
	223	312
	223	310
	223	309
	223	308
	223	307
	223	305
	223	304
	223	303
	224	302
	224	301
.PEN_UP
.PEN_DOWN
	213	322
	214	322
	215	322
	215	323
	216	323
	217	323
	218	323
	219	323
	220	323
	221	323
	222	323
	224	323
	225	323
	227	323
	229	323
	230	323
	231	323
	233	323
	234	323
	235	323
	236	323
	237	323
	238	323
	239	322
	240	322
	240	321
.PEN_UP
.PEN_DOWN
	276	310
	276	311
	275	311
	275	312
	274	312
	274	313
	273	313
	273	314
	272	315
	271	316
	270	316
	269	316
	268	316
	267	316
	266	316
	265	316
	264	316
	263	315
	262	314
	261	313
	260	312
	259	311
	258	309
	258	308
	257	307
	257	305
	257	304
	257	303
	257	302
	257	301
	258	300
	258	299
	258	298
	259	298
	261	298
	262	298
	263	298
	264	298
	265	299
	266	300
	267	300
	268	301
	268	302
	269	303
	270	305
	270	306
	270	307
	269	307
	269	306
	268	305
	268	304
	268	303
	268	301
	268	300
	267	299
	267	298
	267	297
	267	296
	267	295
	267	294
	267	293
	267	292
	267	291
	267	289
	267	288
	267	287
	267	286
	267	285
	267	283
	268	280
	268	279
	268	278
	268	276
	268	275
	268	274
	268	273
	268	272
	268	271
	268	270
	268	269
.PEN_UP
.PEN_DOWN
	268	269
	268	270
	269	270
	269	271
	270	271
	270	273
	271	274
	272	275
	273	276
	273	277
	274	278
	275	279
	276	280
	277	281
	278	282
	278	283
	279	283
.PEN_UP
.PEN_DOWN
	285	310
	285	309
	285	308
	285	307
	286	304
	286	303
	286	302
	286	301
	286	300
	287	298
	288	297
	289	296
	290	296
	290	295
	291	295
	293	295
	294	295
	295	295
	296	296
	297	296
	298	297
	299	298
	300	299
	301	300
	302	302
	303	303
	304	306
	304	307
	305	308
	305	310
	305	311
	305	312
	305	313
	304	314
	303	314
	303	313
	302	312
	302	311
	302	310
	302	309
	302	308
	302	307
	303	307
	303	306
	303	305
	304	304
	304	303
	305	302
	305	301
	306	300
	306	299
	307	299
	307	298
	308	298
	308	297
	309	297
	309	296
	310	295
	310	294
	311	294
	312	293
.PEN_UP
.PEN_DOWN
	323	312
	323	311
	323	310
	323	309
	324	309
	324	308
	324	307
	324	306
	324	305
	324	304
	324	303
	324	301
	324	298
	324	297
	324	295
	324	294
	324	293
	324	291
	324	290
	324	289
	325	289
.PEN_UP
.PEN_DOWN
	321	332
	321	331
	321	330
	320	329
	320	328
	320	327
	321	327
	321	326
	322	326
	323	326
.PEN_UP
.PEN_DOWN
	343	296
	344	295
	344	294
	344	292
	344	291
	345	289
	345	288
	345	285
	345	282
	345	280
	345	279
	345	278
	346	277
	346	276
.PEN_UP
.PEN_DOWN
	340	309
	341	309
	341	310
	342	310
	342	311
	343	311
	344	311
	345	312
	346	312
	347	312
	348	312
	349	312
	350	312
	352	312
	353	312
	354	311
	356	309
	356	308
	357	307
	357	306
	357	305
	357	303
	357	301
	357	300
	357	299
	356	298
	354	296
	353	296
	353	295
	351	295
	350	294
	349	294
	348	294
	346	294
	345	294
	344	294
	343	294
	342	294
	341	294
.PEN_UP
.PEN_DOWN
	383	312
	383	313
	383	314
	383	315
	383	316
	382	316
	382	317
	381	317
	380	317
	379	317
	378	317
	377	317
	376	316
	375	316
	374	315
	373	314
	371	313
	371	312
	370	312
	369	312
	369	311
	369	310
	369	309
	370	308
	371	307
	372	307
	373	307
	374	307
	375	307
	376	307
	377	306
	378	306
	379	305
	380	304
	381	304
	382	302
	383	301
	383	300
	384	299
	384	298
	385	297
	385	296
	386	295
	386	294
	386	293
	385	292
	384	291
	383	291
	382	290
	381	290
	380	290
	378	290
	377	290
	374	289
	373	289
	372	289
	371	289
	370	289
	369	289
.PEN_UP
.PEN_DOWN
	417	312
	416	313
	415	313
	414	314
	413	315
	412	315
	411	315
	410	315
	409	315
	408	315
	408	314
	407	314
	406	313
	405	312
	404	309
	403	307
	403	305
	403	303
	403	302
	403	301
	404	300
	404	299
	405	299
	406	299
	407	299
	408	299
	410	300
	412	300
	413	301
	414	302
	414	303
	415	303
	416	305
	416	306
	416	307
	416	308
	416	309
	415	309
	415	308
	415	307
	414	307
	414	306
	414	305
	414	304
	414	301
	414	300
	413	298
	413	297
	413	296
	413	295
	413	294
	413	293
	413	292
	414	292
	414	291
	414	289
	414	288
	414	287
	414	286
	414	285
	413	284
	413	282
	413	281
	413	280
	413	278
	413	277
	413	276
	413	275
	412	275
	412	276
	412	275
	412	274
.PEN_UP
.PEN_DOWN
	414	273
	414	274
	414	275
	415	275
	415	276
	416	276
	416	278
	417	279
	418	280
	418	281
	418	282
	419	282
.PEN_UP
.PEN_DOWN
	425	315
	425	314
	425	313
	425	312
	424	310
	424	307
	424	305
	424	304
	424	302
	425	301
	425	300
	426	299
	426	298
	427	298
	428	298
	429	298
	431	299
	433	300
	433	301
	435	302
	436	303
	437	304
	438	306
	438	307
	439	308
	439	309
	439	311
	439	312
	439	314
	439	315
	439	316
	438	316
	438	315
	437	314
	437	311
	436	310
	436	309
	436	307
	436	306
	436	305
	436	303
	436	302
	437	302
	437	301
	438	301
	438	300
	439	300
	440	300
	441	300
	441	299
	442	299
	443	299
	443	298
	442	298
	441	298
	441	297
.PEN_UP
.PEN_DOWN
	455	315
	454	315
	453	314
	452	314
	452	313
	451	311
	451	310
	450	308
	450	307
	450	305
	450	303
	450	302
	451	301
	451	300
	452	299
	453	298
	454	298
	456	298
	458	298
	459	298
	460	298
	461	298
	463	299
	464	300
	465	300
	466	301
	467	302
	468	303
	469	305
	469	307
	469	308
	468	309
	468	311
	467	311
	466	312
	465	313
	464	314
	463	314
	462	315
	460	316
.PEN_UP
.PEN_DOWN
	476	329
	476	328
	477	327
	477	325
	477	324
	477	322
	477	321
	477	319
	477	317
	477	314
	477	312
	478	311
	478	310
	478	308
	478	307
	478	306
	479	305
	479	304
	479	303
.PEN_UP
.PEN_DOWN
	467	321
	468	321
	469	321
	470	321
	471	321
	473	320
	474	320
	475	319
	476	319
	477	319
	478	319
	479	319
	480	319
	481	319
	482	319
	483	319
	486	319
	487	320
	488	320
	489	320
	490	320
.PEN_UP
.PEN_DOWN
	490	312
	491	311
	491	309
	491	308
	491	307
	491	306
	491	305
	492	304
	492	303
	492	302
	492	301
	492	300
	493	300
.PEN_UP
.PEN_DOWN
	491	325
	492	325
	493	326
.PEN_UP
.PEN_DOWN
	507	305
	507	304
	507	303
	507	301
	507	299
	507	298
	507	297
	507	296
	508	296
	508	297
	508	298
	508	299
	508	300
	508	301
	508	302
	508	303
	508	304
	508	306
	508	307
	509	310
	509	311
	510	311
	510	312
	511	312
	512	312
	512	311
	513	311
	513	310
	514	310
	514	309
	515	309
	516	309
	516	308
	516	307
	517	307
	517	306
	517	303
	516	303
	516	301
	516	300
	516	299
	517	298
.PEN_UP
.PEN_DOWN
	530	311
	530	312
	529	312
	527	312
	526	312
	525	311
	524	310
	523	309
	523	307
	522	306
	522	305
	522	304
	522	303
	522	302
	523	302
	523	301
	524	301
	525	301
	526	301
	527	301
	529	302
	530	303
	531	303
	532	304
	533	305
	534	306
	534	307
	535	308
	535	309
	535	310
	534	310
	533	310
	532	310
	532	309
	531	308
	531	307
	531	305
	531	304
	531	303
	532	302
	532	301
	532	300
	533	300
	533	299
	534	298
	534	297
	535	297
	535	296
	535	295
	536	294
	536	293
	536	292
	536	291
	536	290
	535	288
	535	287
	534	286
	534	285
	533	285
	532	285
	532	284
	531	284
	530	283
	529	283
	528	282
	527	282
	526	282
	525	282
	524	282
	523	282
.PEN_UP
.PEN_DOWN
	571	314
	571	315
	570	315
	569	315
	568	315
	567	315
	566	315
	565	315
	564	315
	563	315
	562	315
	562	314
	561	314
	560	313
	559	312
	558	311
	558	310
	557	309
	557	308
	557	307
	557	306
	558	306
	558	305
	559	304
	560	304
	561	304
	563	305
	564	305
	564	306
	565	306
	566	307
	567	307
	567	308
	568	308
	568	309
	568	310
	569	310
	568	310
	568	309
	567	309
	567	308
	567	307
	566	305
	566	304
	566	303
	566	302
	566	301
	566	300
	566	299
	566	298
	566	297
	566	296
	566	295
	566	294
	566	293
	566	292
	566	291
	566	290
	566	289
	567	288
	567	287
	567	286
	567	285
	566	283
	566	281
	566	280
	566	279
	566	278
	566	277
	565	276
	565	275
	565	274
	565	273
	565	272
	565	271
	565	270
	565	269
	565	270
	566	270
	566	271
	567	271
	568	271
.PEN_UP
.PEN_DOWN
	568	271
	568	272
	569	272
	569	273
	569	274
	570	274
	570	275
	571	275
	572	276
.PEN_UP
.PEN_DOWN
	579	314
	579	313
	578	313
	578	312
	578	311
	579	309
	579	307
	580	305
	580	304
	580	303
	581	302
	582	301
	583	301
	584	301
	585	301
	586	301
	588	302
	588	303
	589	304
	590	305
	590	306
	591	307
	591	308
	591	309
	592	310
	592	311
	592	312
	592	313
	591	314
	591	315
	590	315
	590	314
	590	312
	590	310
	590	308
	590	307
	590	305
	591	304
	591	303
	592	302
	592	301
	593	301
	593	300
	594	299
	595	299
	596	298
.PEN_UP
.PEN_DOWN
	611	317
	610	317
	609	317
	608	317
	607	316
	606	316
	606	315
	605	315
	604	314
	604	313
	603	313
	603	312
	602	311
	602	309
	602	308
	602	307
	602	306
	602	305
	603	304
	603	303
	604	303
	605	303
	606	303
	607	303
	608	303
	611	303
	612	303
	613	304
	614	305
	615	306
	615	307
	615	308
	615	309
	615	310
	615	311
	615	312
	614	312
	614	313
	613	314
	613	313
	612	312
	612	311
	612	310
	612	309
	612	308
	612	307
	612	306
	612	305
	613	304
	614	303
	615	302
	616	302
	617	301
	618	301
	619	301
	620	300
.PEN_UP
.PEN_DOWN
	627	316
	627	315
	627	314
	627	313
	627	312
	627	311
	627	310
	627	308
	628	306
	628	305
	628	304
	628	303
	629	302
	629	303
	630	303
	630	304
	630	305
	630	306
	631	307
	631	308
	631	309
	631	310
	632	311
	632	312
	633	313
	634	315
	634	316
	635	316
	635	315
	635	314
	635	313
	636	312
	636	311
	636	309
	636	308
	637	307
	637	306
	638	305
	638	304
	639	304
	640	303
	640	302
	641	302
	641	301
	642	301
.PEN_UP
.PEN_DOWN
	643	329
	643	328
	643	326
	643	325
	644	324
	644	323
	644	322
	645	320
	645	319
	645	317
	645	316
	645	315
	646	313
	646	312
	646	310
	647	309
	647	308
	647	307
	647	306
	648	305
	648	304
.PEN_UP
.PEN_DOWN
	638	319
	639	319
	640	319
	641	320
	642	320
	643	320
	645	321
	646	321
	647	321
	648	322
	651	322
	652	322
	653	322
	654	322
	655	322
	656	322
	657	322
.PEN_UP
.PEN_DOWN
	655	310
	655	309
	655	308
	656	306
	656	305
	657	304
	657	303
	658	303
	659	303
	660	302
	662	302
	663	302
	664	302
	665	303
	666	303
	667	304
	668	305
	668	306
	669	306
	669	307
	670	308
	670	309
	670	310
	670	311
	669	312
	668	312
	667	312
	666	312
	666	311
	666	310
	665	309
	665	307
	665	306
	665	305
	666	304
	666	303
	667	303
	667	302
	668	301
	669	301
	670	301
	671	301
.PEN_UP
.PEN_DOWN
	680	304
	680	303
	680	302
	680	301
	680	300
	680	299
	680	298
	680	297
	680	296
	680	295
	681	295
	681	296
	681	297
	681	298
	682	298
	682	300
	683	302
	683	303
	683	305
	684	306
	684	307
	685	307
	685	308
	685	309
	686	309
	686	310
	687	310
	687	309
	687	308
	687	307
	687	306
	687	305
	687	304
	687	303
	687	302
	687	301
	688	301
	689	301
	689	302
	689	303
	690	303
	690	304
	690	305
	691	306
	691	307
	692	308
	693	311
	694	312
	695	313
	696	313
	696	312
	696	311
	695	310
	695	307
	695	306
	695	305
	695	304
	695	303
	696	302
	696	301
	697	300
	697	299
.PEN_UP
.PEN_DOWN
	725	313
	725	314
	725	315
	725	316
	724	316
	723	317
	722	317
	722	318
	721	318
	720	318
	719	318
	718	318
	717	317
	716	317
	715	316
	714	314
	714	313
	713	312
	713	310
	713	309
	713	308
	714	307
	714	306
	715	305
	716	305
	716	304
	718	304
	719	304
	720	304
	721	304
	722	304
	722	305
	722	306
	722	307
	722	308
	721	309
	721	308
	720	308
	720	307
	720	306
	719	306
	719	305
	720	305
	720	304
	720	303
	720	302
	720	300
	720	299
	720	298
	720	297
	720	296
	720	295
	720	294
	720	293
	720	292
	720	291
	720	290
	720	289
	720	288
	720	287
	720	286
	720	285
	720	284
	720	283
	720	282
	720	281
	720	280
	720	279
	720	278
	721	278
	721	277
	721	276
	721	275
	722	275
	722	274
	723	274
.PEN_UP
.PEN_DOWN
	724	277
	724	278
	725	278
	725	279
	725	280
	726	281
	726	282
	727	283
	728	284
	728	285
.PEN_UP
.PEN_DOWN
	731	316
	731	315
	731	314
	731	313
	731	312
	731	311
	731	310
	731	308
	731	307
	732	305
	733	303
	734	302
	735	302
	736	302
	737	302
	738	302
	739	303
	740	303
	741	304
	742	304
	743	306
	744	307
	745	308
	745	309
	746	311
	746	312
	746	313
	746	314
	746	315
	745	316
	745	317
	744	317
	743	317
	742	316
	742	315
	741	313
	741	312
	741	310
	741	308
	741	307
	741	304
	741	303
	742	302
	743	301
	744	300
	745	300
	745	299
	746	299
.PEN_UP
.PEN_DOWN
	765	312
	765	313
	765	314
	764	314
	763	315
	762	315
	761	315
	760	315
	759	315
	757	315
	756	314
	755	313
	754	312
	753	312
	752	311
	752	310
	751	309
	751	308
	751	307
	751	306
	752	304
	753	303
	754	303
	755	303
	757	303
	758	303
	760	303
	761	303
	762	304
	764	304
	765	305
	766	306
	768	307
	768	308
	769	309
	769	310
	769	311
	769	312
	768	313
	767	313
	766	313
	765	313
	765	312
	764	311
	764	310
	764	308
	764	307
	764	306
	764	304
	764	303
	765	302
	766	301
	767	300
	769	299
	770	299
	771	299
.PEN_UP
.PEN_DOWN
	778	333
	777	332
	777	331
	776	329
	776	328
	776	327
	776	325
	775	324
	775	322
	775	320
	775	319
	775	317
	775	316
	775	314
	775	311
	775	310
	775	308
	775	307
	775	306
	775	305
	776	305
.PEN_UP
.PEN_DOWN
	785	314
	785	313
	784	312
	784	311
	784	309
	784	308
	784	307
	784	306
	784	305
	784	304
	785	303
	785	302
	786	302
	787	303
	787	304
	788	305
	788	306
	789	307
	789	308
	789	310
	790	311
	790	312
	790	314
	791	315
	791	316
	791	317
	792	317
	792	318
	793	317
	793	316
	793	315
	793	314
	792	312
	792	310
	792	309
	792	308
	792	307
	792	306
	793	306
	793	305
	793	306
	794	306
	794	307
	795	309
	796	310
	796	311
	796	312
	797	312
	798	313
	798	314
	799	315
	799	313
	799	312
	799	311
	799	310
	799	309
	799	307
	799	306
	799	304
	799	303
	800	302
	800	301
.PEN_UP
.PEN_DOWN
	820	318
	820	319
	819	319
	818	319
	818	318
	817	318
	816	318
	815	317
	814	317
	813	316
	812	316
	810	315
	809	314
	808	313
	807	313
	807	312
	808	312
	809	312
	810	312
	811	312
	812	312
	813	312
	814	312
	815	312
	816	312
	817	311
	818	311
	820	310
	820	309
	821	308
	821	307
	821	306
	821	305
	821	304
	821	303
	820	303
	820	302
	819	302
	818	301
	817	301
	816	301
	814	301
	813	301
	812	301
	811	301
	810	301
	809	301
.PEN_UP
