
.WRITER_ID IanFelix
.STYLE PRINTED
.PEN_DOWN
	61	322
	61	321
	61	320
	61	318
	61	317
	62	315
	62	313
	62	312
	62	310
	63	309
	63	308
	64	306
	65	306
	66	306
	67	306
	67	307
	68	308
	69	309
	70	310
	70	311
	71	312
	71	313
	72	316
	72	317
	72	318
	72	319
	72	320
	72	321
	72	322
	71	322
	71	321
	71	320
	71	319
	71	317
	72	316
	72	314
	72	313
	72	311
	73	310
	74	309
	75	309
	76	309
	78	309
	79	309
	80	310
	82	311
	83	313
	84	314
	84	315
	85	316
	85	318
	86	319
	86	320
	86	322
	86	323
	86	325
	86	326
	85	326
	84	327
	84	328
	83	328
	82	328
.PEN_UP
.PEN_DOWN
	101	322
	101	323
	100	323
	99	323
	98	323
	97	323
	96	323
	95	322
	95	321
	94	320
	93	319
	93	318
	92	315
	92	313
	92	312
	92	311
	93	310
	93	309
	94	309
	95	309
	96	309
	97	309
	98	310
	100	312
	102	313
	102	314
	103	315
	104	316
	105	317
	105	318
	105	319
	106	320
	106	321
	104	321
	104	320
	103	319
	103	318
	103	317
	103	315
	103	314
	103	313
	104	312
	104	311
.PEN_UP
.PEN_DOWN
	117	318
	118	317
	118	316
	119	315
	119	314
	120	314
	120	313
	120	314
	119	315
	118	316
	117	317
	116	317
	115	318
	114	318
	114	319
	115	320
	116	320
	117	320
	118	321
	120	321
	121	322
	123	323
	124	323
	126	324
	128	325
	129	326
.PEN_UP
.PEN_DOWN
	134	320
	135	319
	135	318
	135	317
	135	316
	135	315
	136	313
	136	312
	136	311
	136	309
	136	308
	136	307
	136	306
	137	306
	137	305
	138	305
	138	306
	138	307
	138	308
	139	309
	140	310
	140	311
	140	314
	141	315
	141	317
	141	318
	142	319
	142	320
	143	320
	143	319
	143	318
	143	315
	143	314
	143	313
	143	312
	144	311
	144	310
	144	309
	145	309
	146	309
	147	310
	147	311
	148	312
	148	313
	149	314
	150	315
	150	317
	151	318
	152	320
	153	321
	154	321
	154	320
	154	319
	154	318
	154	317
	154	316
	154	315
	155	313
	155	312
.PEN_UP
.PEN_DOWN
	201	321
	201	320
	202	319
	202	318
	203	318
	203	319
	203	320
	204	321
	204	322
	204	323
	204	325
	203	326
	203	327
	202	327
	202	328
	201	329
	200	329
	199	329
	198	329
	197	329
	195	327
	194	325
	193	324
	192	322
	192	320
	191	318
	191	317
	191	315
	191	314
	192	312
	192	311
	195	310
	196	310
	198	310
	200	310
	202	310
	204	310
	207	311
	208	311
.PEN_UP
.PEN_DOWN
	219	323
	219	321
	219	320
	220	319
	220	318
	221	318
	221	317
	222	316
	223	316
	224	315
	225	315
	226	315
	227	315
	229	316
	230	316
	231	317
	231	318
	232	318
	233	319
	233	320
	234	321
	234	322
	234	323
	233	325
	233	324
	232	322
	232	320
	232	319
	232	318
	233	315
	233	314
	234	313
.PEN_UP
.PEN_DOWN
	245	318
	246	316
	246	315
	246	314
	246	313
	246	312
	246	311
	246	309
	246	307
	246	305
	246	304
	246	302
	245	298
	245	296
	245	295
	245	294
	245	293
	244	292
	244	291
	244	292
	244	294
	244	295
	244	297
	244	298
.PEN_UP
.PEN_DOWN
	251	322
	252	322
	253	321
	254	321
	255	319
	255	318
	255	317
	255	316
	255	315
	254	314
	254	313
	253	313
	252	312
	251	311
	250	310
	248	310
	247	310
.PEN_UP
.PEN_DOWN
	268	326
	268	325
	268	324
	267	323
	267	322
	265	321
	264	321
	263	320
	262	319
	261	319
	261	318
	260	318
	260	317
	261	316
	262	316
	263	316
	265	317
	266	317
	267	318
	269	318
	270	318
	272	318
	273	318
	275	317
	276	317
	277	316
	278	316
	278	315
	278	314
	278	313
	278	312
	278	311
	278	310
	278	309
	276	308
	275	307
	274	307
	273	307
	271	307
	270	307
	269	307
	268	307
	267	307
	265	307
.PEN_UP
.PEN_DOWN
	314	318
	313	318
	312	317
	311	317
	310	316
	309	315
	309	314
	309	313
	308	313
	308	312
	308	310
	308	309
	309	308
	309	307
	310	307
	311	307
	312	307
	313	307
	315	307
	317	308
	319	309
	320	309
	323	312
	324	313
	325	314
	326	315
	326	316
	326	317
	326	318
	326	319
	325	320
	324	320
	321	321
	320	321
	318	321
	316	321
	315	321
	313	321
.PEN_UP
.PEN_DOWN
	333	320
	334	320
	335	321
	335	322
	337	323
	337	324
	338	326
	339	327
	340	328
	341	330
	342	331
	343	335
	343	336
	343	337
	343	338
	343	340
	342	341
	341	342
	340	342
	339	342
	338	342
	337	342
	335	340
	334	339
	333	338
	332	336
	332	335
	331	333
	331	331
	331	329
	331	327
	331	325
	332	323
	333	320
	334	318
	335	317
	337	316
	338	315
	339	314
	340	314
	341	313
	341	312
	342	312
	342	311
	343	311
.PEN_UP
.PEN_DOWN
	324	322
	325	322
	326	322
	327	322
	328	322
	329	322
	330	323
	334	323
	336	324
	338	324
	340	324
	342	324
	344	324
	345	324
	346	323
	347	323
	347	322
.PEN_UP
.PEN_DOWN
	380	340
	380	339
	380	337
	380	336
	380	334
	381	332
	381	330
	381	327
	381	326
	381	322
	381	320
	381	318
	382	317
	382	316
	382	315
	383	314
	383	313
	383	312
	384	312
.PEN_UP
.PEN_DOWN
	383	326
	384	327
	385	328
	387	329
	388	329
	389	330
	390	330
	391	330
	393	330
	394	329
	395	329
	396	328
	396	327
	397	326
	397	324
	397	321
	397	320
	397	318
	397	316
	397	315
	397	313
	396	312
	396	311
	395	310
	394	310
	392	310
	391	310
	390	310
	389	311
	388	311
	386	311
	384	312
	383	313
.PEN_UP
.PEN_DOWN
	403	318
	404	318
	405	318
	406	318
	407	318
	408	318
	408	319
	410	321
	411	321
	411	322
	412	323
	412	324
	413	325
	413	326
	413	327
	412	327
	409	327
	408	327
	406	326
	405	325
	403	323
	402	322
	401	321
	400	319
	400	318
	400	317
	400	315
	400	314
	402	313
	403	312
	405	312
	406	312
	410	312
.PEN_UP
.PEN_DOWN
	429	327
	427	327
	427	326
	425	326
	424	326
	423	326
	422	325
	422	324
	423	323
	424	323
	425	322
	427	322
	428	322
	429	321
	430	321
	431	320
	432	320
	433	319
	433	318
	434	317
	434	316
	434	315
	433	314
	432	314
	431	314
	429	314
	428	314
	427	313
	425	313
	423	313
	420	313
	419	313
	418	313
.PEN_UP
.PEN_DOWN
	449	343
	449	342
	449	340
	449	339
	449	337
	450	336
	450	334
	450	333
	450	331
	450	329
	450	327
	451	326
	451	324
	451	321
	451	320
	452	319
	452	318
	452	317
	452	316
.PEN_UP
.PEN_DOWN
	437	330
	438	330
	439	331
	440	331
	441	331
	442	331
	444	331
	445	332
	449	332
	451	332
	453	332
	454	332
	456	331
	458	331
	459	331
	461	330
	462	330
	463	330
	464	329
	465	329
	467	329
.PEN_UP
.PEN_DOWN
	495	324
	495	323
	495	322
	495	321
	496	320
	496	319
	496	317
	497	314
	497	313
	497	311
	498	309
	498	308
	498	306
	498	305
	498	304
	497	303
	497	302
	496	301
	495	300
	493	300
	493	299
	492	299
	491	299
	489	299
	488	299
	487	300
	486	300
	485	300
.PEN_UP
.PEN_DOWN
	487	338
	488	337
	489	336
	490	336
	491	336
	492	336
	492	335
	493	335
	494	334
.PEN_UP
.PEN_DOWN
	513	325
	512	325
	511	325
	510	325
	509	325
	508	325
	507	324
	506	324
	505	324
	504	323
	503	322
	502	321
	502	320
	502	319
	502	318
	502	317
	502	315
	502	314
	502	313
	502	312
	503	312
	503	311
	504	311
	505	311
	506	311
	507	311
	508	311
	509	312
	510	313
	511	313
	512	314
	512	315
	512	316
	513	317
	513	318
	513	319
	513	320
	513	321
	512	321
	512	320
	512	319
	513	318
	513	317
	514	315
	515	314
	515	313
	516	313
	518	312
	519	311
	520	311
	521	311
	523	311
.PEN_UP
.PEN_DOWN
	531	326
	532	326
	532	325
	532	324
	532	323
	532	322
	532	320
	533	318
	533	316
	533	315
	534	314
	534	313
	534	312
	535	311
	535	310
	536	310
	536	309
	537	309
	538	309
	539	309
	540	309
	540	310
	541	310
	542	311
	542	312
	543	314
	544	316
	544	317
	546	318
	546	319
	547	320
	548	322
	549	322
	549	323
	550	323
.PEN_UP
.PEN_DOWN
	566	324
	565	324
	564	324
	563	324
	562	324
	561	323
	560	322
	559	322
	558	321
	557	320
	555	318
	554	316
	554	315
	554	313
	554	312
	554	311
	554	310
	555	309
	556	309
	557	309
	558	309
	560	309
	562	309
	563	310
	564	310
	565	311
	566	313
	567	313
	568	314
	568	315
	568	316
	568	317
	568	319
	567	319
	566	319
	566	318
	565	318
	565	317
	565	316
	565	315
	565	314
	566	312
	567	310
	568	309
	569	309
	570	309
	571	308
	573	308
	574	307
	575	307
	576	307
.PEN_UP
