
.WRITER_ID IanFelix
.STYLE PRINTED
.PEN_DOWN
	82	343
	82	344
	82	343
	82	342
	81	341
	81	340
	81	339
	80	335
	79	333
	78	329
	76	326
	75	323
	74	319
	73	316
	72	313
	71	311
	70	308
	70	307
	70	306
	70	304
	70	303
.PEN_UP
.PEN_DOWN
	79	340
	80	340
	80	341
	80	340
	80	339
	81	338
	81	336
	81	333
	81	331
	82	329
	83	326
	84	321
	85	319
	86	317
	87	315
	87	314
	88	312
	89	311
	90	310
	91	308
	91	307
	92	306
.PEN_UP
.PEN_DOWN
	75	318
	76	318
	76	317
	76	316
	77	316
	77	315
	79	315
	79	314
	81	314
	83	314
	84	315
	86	315
	87	315
.PEN_UP
.PEN_DOWN
	111	325
	111	324
	111	323
	112	322
	112	321
	112	320
	112	319
	112	318
	112	317
	113	316
	113	317
	113	318
	113	320
	113	322
	113	323
	113	324
	113	325
	111	328
	110	328
	109	328
	108	328
	107	327
	106	326
	105	324
	104	322
	103	319
	102	316
	102	311
	102	309
	102	306
	102	305
	103	303
	105	302
	107	302
	109	301
	111	301
	114	300
	117	300
	119	300
	125	300
	127	301
.PEN_UP
.PEN_DOWN
	138	318
	138	319
	138	320
	138	321
	138	322
	138	323
	137	324
	136	324
	135	324
	132	324
	132	323
	130	322
	129	320
	128	319
	127	317
	126	315
	126	314
	125	312
	125	311
	125	310
	126	308
	127	308
	128	308
	129	308
	130	308
	132	308
	133	309
	135	310
	136	311
	137	312
	138	313
	139	314
	141	316
	141	317
	140	317
	139	316
	138	315
	138	314
	137	313
	136	311
	135	308
	135	307
	135	305
	135	303
	134	301
	134	299
	134	297
	134	294
	134	292
	134	289
	134	286
	134	284
	134	279
	133	278
	133	276
	133	274
	133	273
	133	272
	133	271
	133	270
	133	271
	134	272
	135	273
	135	275
	136	277
	138	279
	139	282
	141	285
	143	288
	144	290
	146	292
	149	295
	150	296
	151	297
	152	297
.PEN_UP
.PEN_DOWN
	153	319
	154	320
	154	319
	154	317
	154	315
	154	313
	154	311
	155	310
	155	308
	158	305
	159	304
	160	303
	161	303
	163	303
	165	303
	167	303
	169	304
	170	305
	172	306
	173	307
	175	308
	177	311
	178	312
	178	314
	179	315
	179	316
	179	318
	179	319
	178	320
	178	321
	178	322
	177	322
	177	321
	177	320
	177	318
	177	316
	177	315
	177	313
	178	311
	179	310
	180	309
	181	308
	184	307
	185	306
	187	306
.PEN_UP
.PEN_DOWN
	194	322
	194	321
	194	320
	194	319
	194	318
	195	316
	195	315
	195	312
	195	311
	196	310
	196	309
	197	308
	198	307
.PEN_UP
.PEN_DOWN
	189	333
	189	332
	190	332
	191	332
.PEN_UP
.PEN_DOWN
	209	316
	209	315
	209	314
	209	313
	209	312
	209	311
	209	310
	210	307
	210	306
	211	305
	211	304
	212	303
	213	302
	214	301
	215	301
	216	301
	216	302
	217	302
	217	303
	217	304
	216	305
	216	306
	215	307
	215	308
	213	311
	212	313
	212	314
	212	315
	212	316
	213	316
	213	317
	214	317
	215	318
	216	318
	218	319
	220	319
	222	320
	223	320
	226	320
	227	321
	229	321
	230	321
.PEN_UP
.PEN_DOWN
	233	307
	234	306
	235	306
	236	306
	236	307
	237	307
	238	308
	239	309
	239	310
	240	311
	240	312
	241	313
	241	314
	241	315
	241	316
	241	317
	240	319
	240	320
	239	320
	238	320
	236	320
	235	320
	234	319
	232	318
	231	316
	230	315
	229	314
	229	312
	229	309
	229	307
	229	306
	230	305
	231	304
	233	303
	234	303
	236	302
	238	302
	240	302
	243	302
	245	303
	250	304
	252	304
	256	305
	257	305
.PEN_UP
.PEN_DOWN
	285	325
	286	325
	287	326
	288	327
	291	328
	292	328
	294	329
	295	329
	297	329
	299	329
	300	328
	302	327
	303	326
	304	324
	305	323
	305	321
	305	318
	305	317
	304	315
	303	314
	302	312
	300	311
	299	309
	297	308
	295	306
	294	305
	292	304
	289	302
	288	302
	287	301
	286	300
	286	299
	286	298
	287	297
	288	297
	289	297
	292	297
	294	297
	296	297
	299	297
	301	298
	303	298
	306	298
	307	298
	309	298
.PEN_UP
.PEN_DOWN
	348	329
	349	328
	348	327
	347	327
	346	325
	344	324
	343	323
	341	321
	339	319
	337	317
	335	315
	331	311
	330	309
	328	307
	327	306
	326	304
	324	302
	323	301
	323	300
	323	299
.PEN_UP
.PEN_DOWN
	326	333
	325	333
	325	332
	325	331
	325	329
	325	327
	326	326
	328	324
	329	324
	330	324
	331	324
	332	324
	333	324
	333	325
	333	326
	333	327
	333	329
	332	329
	331	330
.PEN_UP
.PEN_DOWN
	339	308
	339	307
	338	306
	337	305
	337	304
	337	303
	337	302
	338	302
	338	301
	339	301
	340	301
	341	301
	343	301
	344	301
	346	301
	348	302
	349	303
	349	304
	350	305
	350	306
	350	307
	349	308
	348	309
	346	309
	345	310
.PEN_UP
.PEN_DOWN
	376	320
	377	320
	377	319
	377	317
	376	316
	376	314
	376	312
	375	308
	375	306
	375	304
	375	302
	375	299
	375	297
	375	295
	375	294
	375	292
	375	291
	376	290
.PEN_UP
.PEN_DOWN
	374	324
	375	324
	376	322
	377	321
	378	319
	379	318
	380	316
	381	315
	383	313
	384	312
.PEN_UP
.PEN_DOWN
	401	320
	400	320
	399	320
	398	320
	397	319
	396	319
	395	319
	394	318
	393	318
	392	317
	390	317
	387	314
	386	313
	384	311
	383	310
	381	309
	380	307
	379	306
	379	305
	379	304
	379	303
	379	302
	380	302
	381	303
	383	304
	384	305
	386	306
	387	308
	389	309
	390	311
	391	312
.PEN_UP
.PEN_DOWN
	394	324
	394	323
	393	322
	393	318
	392	316
	392	314
	392	312
	391	310
	391	308
	391	306
	391	304
	392	302
	392	300
	394	299
	395	297
	398	295
	399	294
.PEN_UP
.PEN_DOWN
	419	322
	420	322
	420	321
	419	319
	419	318
	419	316
	419	315
	418	313
	418	311
	418	310
	418	307
	418	305
	418	304
	418	303
	418	302
	418	301
.PEN_UP
.PEN_DOWN
	397	296
	398	296
	399	296
	400	295
	402	295
	404	295
	406	295
	408	295
	411	295
	416	295
	419	295
	421	295
	424	295
	427	295
	429	295
	431	296
.PEN_UP
.PEN_DOWN
	403	313
	404	314
	405	314
	406	314
	408	314
	409	315
	412	315
	414	315
	416	315
	418	316
	421	316
	423	316
	426	316
.PEN_UP
.PEN_DOWN
	442	318
	442	317
	442	315
	442	314
	441	313
	441	311
	440	309
	439	308
	439	306
	438	305
	438	303
	437	300
	437	299
	437	298
	437	297
	438	297
	438	296
	439	295
	440	295
	441	294
	443	294
	444	294
	447	294
	449	293
	450	293
	452	293
	453	293
	454	292
	455	292
	457	291
	458	291
	459	290
	460	290
	462	289
.PEN_UP
.PEN_DOWN
	478	321
	478	320
	478	319
	478	317
	478	315
	478	314
	477	309
	477	307
	477	305
	477	304
	477	302
	477	300
	478	299
	478	297
	479	296
	479	295
	480	294
	480	293
.PEN_UP
.PEN_DOWN
	497	319
	497	320
	496	320
	495	320
	494	320
	493	319
	492	319
	490	318
	488	317
	484	315
	482	314
	481	313
	479	312
	477	311
	477	310
	476	309
	475	308
	475	307
	474	306
	474	305
	474	303
	475	302
	476	302
	477	301
	478	301
	480	300
	482	300
	483	300
	486	300
	488	300
	490	299
	494	298
	496	298
	497	297
	499	296
	500	296
	502	295
	503	294
	504	293
	504	292
.PEN_UP
.PEN_DOWN
	530	303
	531	303
	532	303
	533	304
	534	305
	536	305
	537	306
	538	307
	539	308
	540	309
	541	310
	541	311
	542	312
	543	313
	543	314
	544	316
	544	318
	544	319
	544	320
	544	322
	543	323
	543	325
	543	326
	542	327
	542	328
	541	328
	540	328
	539	328
	538	327
	537	326
	536	324
	535	322
	534	319
	534	317
	533	315
	533	312
	533	310
	533	306
	533	304
	534	302
	535	301
	536	299
	536	298
	536	297
	537	296
	537	295
	538	294
	538	293
.PEN_UP
.PEN_DOWN
	520	302
	521	302
	522	302
	523	302
	524	302
	527	302
	528	302
	530	303
	532	303
	533	303
	535	303
	537	303
	539	303
	541	303
	543	302
.PEN_UP
.PEN_DOWN
	544	305
	544	304
	542	304
	542	303
	541	302
	540	301
	540	300
	540	299
	541	298
	541	297
	542	297
	543	296
	545	295
	546	295
	549	294
	551	294
	553	294
	554	294
	555	295
	556	295
	557	296
	558	296
	558	297
	558	298
	557	300
	556	300
	555	301
	554	302
	553	303
	551	304
	550	305
	548	306
	547	307
	546	309
	545	310
.PEN_UP
.PEN_DOWN
	568	306
	568	305
	568	304
	569	303
	569	302
	569	301
	570	300
	570	299
	571	298
	572	296
	572	295
	573	295
	573	294
	574	294
	575	293
	575	294
	575	296
	575	297
	574	298
	574	299
	573	300
	572	302
	572	303
	571	304
	571	306
	570	306
	570	307
	570	308
	570	309
	571	309
	572	309
	573	309
	574	309
	576	309
	578	309
	581	309
	583	309
	589	309
	591	309
	593	309
.PEN_UP
.PEN_DOWN
	617	316
	618	316
	617	316
	616	316
	615	315
	614	315
	612	314
	610	314
	608	313
	606	312
	604	311
	602	310
	600	309
	598	308
	596	308
	594	307
	593	306
	594	306
	594	305
	595	305
	598	304
	599	303
	601	303
	603	302
	605	302
	607	301
	610	300
	611	299
	613	298
	614	297
	616	296
	617	295
	619	293
	620	292
	621	291
	622	290
	623	290
	624	289
.PEN_UP
.PEN_DOWN
	644	311
	644	312
	642	312
	641	312
	640	312
	639	312
	638	312
	637	312
	635	311
	633	311
	632	311
	630	310
	629	310
	627	309
	626	308
	625	308
	624	307
	623	306
	622	306
	622	305
	622	304
	623	303
	623	302
	624	301
	627	300
	628	299
	630	298
	632	298
	634	297
	635	296
	637	296
	639	295
	641	295
	643	294
	645	293
	646	293
	649	291
	650	291
	651	290
	652	290
	652	289
.PEN_UP
.PEN_DOWN
	676	311
	676	312
	675	313
	674	313
	673	314
	671	314
	669	314
	667	314
	666	313
	664	313
	662	313
	661	312
	660	312
	658	311
	657	311
	657	310
	658	309
	658	308
	660	308
	661	307
	663	307
	666	306
	668	306
	671	305
	673	304
	675	304
	677	303
	679	301
	679	300
	679	299
	679	298
	679	297
	679	296
	678	295
	677	294
	675	293
	674	293
	671	293
	668	293
	667	293
	665	293
	663	293
	661	293
	659	294
	658	294
	657	295
	656	295
	656	296
	656	297
	657	297
.PEN_UP
.PEN_DOWN
	664	326
	665	326
	665	327
	664	327
	664	326
	664	325
	664	323
	664	321
	664	319
	664	316
	664	310
	664	307
	664	305
	664	302
	664	300
	664	297
	663	295
	663	293
	663	291
	663	290
	663	288
	663	286
	664	285
	665	285
.PEN_UP
.PEN_DOWN
	673	320
	672	320
	672	319
	672	317
	672	316
	673	315
	673	313
	674	309
	674	308
	675	306
	675	303
	675	302
	676	300
	676	298
	676	296
	677	294
	677	293
	677	291
	677	290
	678	287
.PEN_UP
.PEN_DOWN
	691	316
	691	317
	692	318
	693	318
	694	318
	695	318
	696	318
	698	318
	699	318
	702	316
	703	316
	704	315
	705	314
	706	313
	706	312
	706	311
	705	310
	704	309
	703	308
	701	308
	698	306
	697	306
	695	306
	694	306
	692	305
	691	305
	691	304
	692	304
	694	303
	695	302
	697	302
	698	302
	700	301
	701	300
	703	299
	704	298
	705	297
	706	297
	707	296
	707	295
	707	294
	707	293
	706	292
	704	292
	703	292
	701	292
	699	292
	696	292
	694	292
	689	292
	686	292
	684	292
	683	292
	682	292
.PEN_UP
