
.WRITER_ID IanFelix
.STYLE PRINTED
.PEN_DOWN
	73	335
	73	336
	73	337
	73	338
	73	337
	74	335
	75	334
	76	333
	76	332
	77	331
	77	330
	78	329
	79	328
	80	327
	81	326
	81	325
	82	325
.PEN_UP
.PEN_DOWN
	83	338
	84	338
	84	337
	84	336
	85	335
	85	333
	86	332
	86	331
	87	330
	87	329
	88	329
.PEN_UP
.PEN_DOWN
	108	322
	108	323
	108	324
	107	324
	107	325
	106	325
	106	326
	105	326
	104	326
	103	326
	102	326
	101	325
	101	324
	100	324
	99	322
	99	321
	98	320
	98	318
	98	317
	98	315
	98	314
	98	313
	99	311
	101	311
	102	311
	103	311
	105	311
	106	311
	107	311
	108	312
	110	313
	110	314
	111	315
	112	316
	112	317
	112	318
	112	319
	112	320
	111	320
	110	321
	109	321
	108	321
	106	321
	105	321
	103	321
	102	320
	100	319
	100	318
	99	317
	98	316
	98	314
	98	313
	98	311
	99	310
	99	309
	101	308
	103	306
	104	306
	106	306
	108	306
	110	306
	112	307
	114	308
	116	309
	117	310
	118	311
	119	312
	120	314
	121	317
	121	318
	121	320
	121	321
	121	323
	120	324
	119	326
	117	327
	115	329
	113	330
	111	331
	106	331
	103	331
	101	331
	99	329
	97	328
	95	326
	94	324
	93	322
	93	319
	93	316
	93	314
	93	312
	96	309
	97	308
	100	307
	102	307
	106	307
	109	307
	112	308
	115	308
	118	308
.PEN_UP
.PEN_DOWN
	136	320
	136	321
	136	322
	136	323
	136	324
	136	325
	136	326
	136	327
	137	327
	137	328
	138	329
	139	331
	140	331
	141	332
	141	333
	142	333
	143	333
	144	333
	145	332
	146	331
	147	329
	148	328
	148	327
	149	327
	150	326
	151	325
	152	324
	153	324
	154	324
	155	324
	157	324
	158	324
	160	324
.PEN_UP
.PEN_DOWN
	169	312
	170	311
	171	311
	172	311
	173	311
	175	311
	176	312
	177	312
	178	312
	180	312
	182	312
	182	311
	183	311
	184	311
.PEN_UP
.PEN_DOWN
	198	329
	198	330
	199	330
	199	329
	199	328
	199	327
	199	326
	199	325
	199	324
	198	321
	198	320
	197	318
	197	317
	196	315
	195	314
	195	313
	195	312
	195	311
	194	311
	194	312
	195	312
	195	313
	195	315
	195	316
	196	316
	196	317
	197	318
	197	319
	197	320
	197	321
	198	323
	198	324
	198	325
	199	326
	199	327
	199	328
	200	329
	200	330
	200	331
	201	331
	201	332
	202	332
	203	333
	203	334
	204	334
	205	334
	206	334
	207	333
	207	332
	207	331
	207	330
	207	329
	207	328
	207	327
	207	325
	207	324
	207	323
	207	321
	207	320
	208	320
	208	318
	208	317
	208	316
	209	315
	209	314
	210	312
	210	311
	211	311
	212	310
.PEN_UP
.PEN_DOWN
	227	316
	227	315
	227	314
	227	312
	227	311
	227	309
	227	308
	227	307
	227	306
	226	306
	226	305
	226	304
	226	303
	225	302
.PEN_UP
.PEN_DOWN
	249	338
	249	339
	249	338
	248	336
	248	335
	247	333
	246	332
	244	330
	243	329
	242	327
	242	326
	241	325
	241	324
	241	323
.PEN_UP
.PEN_DOWN
	259	336
	259	335
	259	334
	258	334
	258	333
	257	333
	256	330
	255	329
	254	328
	253	327
	252	326
	252	325
	251	324
.PEN_UP
.PEN_DOWN
	271	318
	271	317
	271	316
	271	315
	272	314
	272	313
	272	312
	272	311
	272	310
	272	309
	272	308
	272	307
	272	306
	272	307
	272	308
	272	309
	272	310
	272	311
	272	312
	272	313
	272	315
	272	316
	272	318
	272	319
	272	320
	272	322
	272	323
	272	324
	273	326
	273	327
	274	327
	275	328
	277	328
	278	329
	279	329
	281	329
	282	329
	284	328
	285	328
	287	328
.PEN_UP
.PEN_DOWN
	283	311
	284	310
	285	310
	285	311
	287	311
	288	313
	289	313
	289	314
	290	315
	291	316
	291	317
	292	318
	292	319
	292	320
	292	321
	292	322
	291	322
	290	322
	289	322
	288	322
	287	321
	286	320
	285	320
	284	318
	283	317
	282	315
	282	314
	282	313
	282	312
	284	310
	285	309
	287	309
	289	309
	291	309
	293	309
	295	309
	296	309
	299	310
.PEN_UP
.PEN_DOWN
	307	317
	307	316
	307	315
	307	314
	307	313
	306	310
	306	308
	306	306
	306	305
	306	303
	305	301
	305	299
	305	297
	305	296
	305	295
	305	293
.PEN_UP
.PEN_DOWN
	302	325
	303	325
	306	326
	307	326
	309	326
	311	326
	313	326
	314	326
	316	325
	318	325
	319	324
	321	324
	321	323
	322	322
	323	320
	323	319
	323	318
	323	316
	322	316
	322	315
	321	314
	320	313
	319	312
	317	311
	316	311
	313	310
	312	310
	310	310
	309	310
	308	310
	307	310
.PEN_UP
.PEN_DOWN
	331	339
	332	339
	332	338
	332	337
	332	335
	332	332
	332	330
	332	328
	332	326
	333	324
	333	321
	333	320
	333	318
	334	316
	334	315
	334	314
	334	312
	335	311
	336	310
	336	309
	337	309
.PEN_UP
.PEN_DOWN
	344	317
	345	316
	346	315
	346	314
	346	313
	346	312
	346	311
	346	310
	346	309
	346	308
	346	307
	346	306
.PEN_UP
.PEN_DOWN
	340	331
	340	330
.PEN_UP
.PEN_DOWN
	353	309
	354	309
	355	309
	356	309
	357	309
	358	309
	359	309
	361	311
	362	311
	363	312
	363	313
	364	314
	365	315
	365	316
	365	317
	364	318
	364	319
	362	319
	360	319
	359	318
	358	318
	357	317
	355	316
	354	315
	353	314
	353	313
	353	312
	353	311
	355	309
	356	308
	357	307
	359	307
	361	306
	364	306
	366	306
	369	306
	371	306
	374	306
	376	306
.PEN_UP
.PEN_DOWN
	386	342
	386	341
	386	340
	387	339
	387	338
	387	337
	387	335
	388	333
	388	332
	389	328
	390	326
	390	324
	391	322
	391	320
	392	318
	392	316
	393	315
	393	314
	394	312
	395	311
	395	310
	395	311
	395	312
	394	313
	394	315
	393	315
	392	318
	391	319
	390	320
	388	320
	387	320
	385	320
	384	320
	382	319
	380	318
	379	316
	378	315
	376	313
	376	311
	376	309
	376	308
	377	307
	378	306
	380	306
	381	305
	384	305
	386	305
	388	305
	391	305
	396	305
	398	306
	400	306
	402	306
.PEN_UP
.PEN_DOWN
	429	339
	429	338
	429	337
	429	335
	429	334
	429	333
	429	331
	429	329
	429	328
	429	325
	428	323
	428	321
	428	316
	428	314
	428	312
	428	311
	428	310
	429	309
	429	308
	429	307
	430	307
.PEN_UP
.PEN_DOWN
	439	340
	438	339
	438	337
	438	336
	438	334
	438	333
	438	330
	438	328
	438	326
	439	324
	440	321
	440	319
	441	317
	441	315
	442	312
	442	311
	442	310
	442	308
.PEN_UP
.PEN_DOWN
	426	322
	428	322
	428	321
	430	321
	431	321
	432	321
	434	321
	435	321
	437	321
	439	321
	441	320
	442	320
	444	320
	446	319
.PEN_UP
.PEN_DOWN
	453	317
	453	316
	452	315
	451	315
	451	313
	451	312
	451	311
	451	310
	451	308
	452	307
	453	307
	454	306
	456	306
	457	306
	459	306
	461	306
	462	306
	464	307
	465	308
	466	309
	469	310
	469	311
	470	312
	470	313
	470	315
	470	317
	469	318
	468	319
	466	320
	464	321
	462	322
	458	324
	456	324
	454	324
	453	324
.PEN_UP
.PEN_DOWN
	475	334
	474	333
	474	329
	474	327
	474	324
	474	322
	474	320
	475	318
	475	315
	475	314
	475	312
	476	311
	476	309
	476	308
	477	306
	477	305
	478	304
.PEN_UP
.PEN_DOWN
	474	319
	475	319
	476	319
	477	319
	478	319
	480	319
	481	319
	483	319
	484	319
	486	318
	487	316
	488	315
	489	314
	490	313
	490	311
	491	310
	491	309
	491	308
	491	307
	491	306
	491	305
	490	304
	488	303
	487	302
	486	302
	485	302
	483	302
	481	302
	480	303
	479	303
	477	304
	475	305
	474	306
.PEN_UP
.PEN_DOWN
	500	335
	500	334
	500	333
	500	331
	500	329
	500	327
	500	325
	500	323
	500	320
	500	318
	500	316
	501	312
	501	311
	502	309
	502	308
	502	306
	503	305
	503	304
.PEN_UP
.PEN_DOWN
	496	320
	496	321
	497	321
	498	322
	499	323
	501	323
	502	323
	504	323
	505	323
	507	322
	509	322
	510	321
	512	320
	513	318
	514	317
	515	315
	515	314
	515	311
	515	310
	515	309
	515	308
	514	307
	513	306
	512	305
	510	305
	509	304
	507	304
	505	304
	504	304
	501	304
	500	305
.PEN_UP
.PEN_DOWN
	525	309
	526	308
	527	308
	527	307
	528	307
	529	307
	530	307
	531	308
	532	308
	533	309
	536	310
	537	311
	538	311
	539	313
	539	314
	540	315
	540	316
	540	317
	540	318
	539	319
	538	320
	537	320
	534	321
	532	321
	531	321
	529	321
	527	320
	525	319
	524	318
	523	317
	522	315
	521	314
	521	313
	521	311
	522	309
	523	308
	525	307
	527	306
	529	306
	531	306
	533	305
	536	305
	539	304
	542	304
	544	304
.PEN_UP
.PEN_DOWN
	563	320
	564	320
	564	321
	564	322
	563	322
	562	322
	561	322
	559	322
	558	322
	554	322
	552	321
	550	321
	548	320
	546	320
	545	319
	544	319
	544	318
	544	317
	544	316
	545	315
	547	314
	549	314
	551	313
	553	312
	555	312
	558	311
	561	311
	564	311
	566	310
	567	309
	569	308
	571	307
	571	306
	571	305
	571	304
	570	304
	569	303
	567	303
	565	302
	563	302
	560	302
	558	302
	553	302
	550	303
	549	303
	547	303
	546	303
.PEN_UP
.PEN_DOWN
	581	307
	580	307
	580	306
	580	305
	580	304
	582	304
.PEN_UP
