
.WRITER_ID IanFelix
.STYLE PRINTED
.PEN_DOWN
	100	304
	100	303
	100	302
	100	301
	100	299
	100	297
	100	296
	99	292
	99	290
	99	288
	99	286
	99	284
	99	283
	99	282
	100	280
	100	279
	100	278
	101	277
.PEN_UP
.PEN_DOWN
	77	274
	78	274
	79	274
	79	275
	81	275
	82	275
	84	276
	85	276
	88	276
	92	276
	94	276
	97	276
	100	277
	102	277
	105	277
	107	278
	110	278
	111	278
	113	279
	115	279
.PEN_UP
.PEN_DOWN
	72	303
	73	303
	74	303
	77	303
	78	303
	81	303
	83	304
	86	304
	89	305
	93	305
	96	306
	100	306
	103	306
	106	306
	108	306
	112	306
	113	306
.PEN_UP
.PEN_DOWN
	126	304
	126	303
	126	302
	125	301
	124	300
	123	299
	123	298
	122	297
	120	295
	120	294
.PEN_UP
.PEN_DOWN
	130	290
	130	289
	131	288
	131	287
	132	286
	132	285
	133	284
	133	283
	134	282
	134	281
	135	280
	137	278
	138	278
	139	277
	140	276
	141	276
	142	276
	143	277
	144	278
	145	280
	146	282
	146	283
	146	284
	147	285
	147	287
	147	288
	147	290
	147	291
	147	293
	147	294
	148	295
	148	296
.PEN_UP
.PEN_DOWN
	154	281
	155	281
	156	281
	157	281
	157	282
	158	282
	159	283
	160	283
	160	284
	161	285
	162	286
	163	287
	163	289
	164	290
	164	291
	164	292
	163	293
	162	293
	161	293
	160	293
	159	293
	157	292
	155	290
	154	289
	153	288
	152	286
	152	284
	152	283
	152	282
	152	280
	153	279
	155	279
	157	278
	159	278
	161	278
	163	279
	165	279
	168	279
	170	279
	172	280
	174	280
	176	281
	178	281
.PEN_UP
.PEN_DOWN
	200	292
	201	292
	201	291
	201	290
	202	287
	202	285
	202	284
	202	282
	202	281
	202	279
	202	278
	203	278
	203	277
	204	277
	205	276
	206	276
	206	277
	207	278
	207	279
	207	280
	207	282
	206	283
	206	284
	205	285
	205	286
	203	289
	202	290
	201	291
	200	293
	200	294
	199	295
	199	296
	199	297
	200	298
	203	298
	205	299
	207	299
	210	299
	212	299
	214	299
	217	300
	219	300
	221	300
	223	300
	225	300
	226	300
.PEN_UP
.PEN_DOWN
	222	290
	222	289
	222	288
	223	288
	223	287
	224	285
	224	284
	225	282
	226	282
	226	281
	228	280
	230	280
	232	280
	233	280
	234	281
	236	282
	237	282
	238	284
	239	284
	240	285
	240	286
	241	288
	241	289
	241	290
	241	291
	241	292
	241	293
	240	293
	240	291
	240	290
	240	289
	240	288
	240	286
	241	285
	241	284
	242	283
	243	282
	244	281
	245	281
	247	280
	249	280
	250	280
.PEN_UP
.PEN_DOWN
	253	295
	254	294
	255	293
	255	292
	255	291
	255	289
	256	288
	256	285
	256	284
	256	283
	256	282
	257	281
	258	280
	259	280
	260	281
	261	283
	262	284
	262	285
	263	286
	263	288
	264	289
	265	290
	266	292
	267	293
	269	295
	270	295
	271	295
	271	294
	271	293
	271	291
	271	289
	271	287
	271	285
	271	284
	272	280
	273	279
	274	278
	276	277
	277	277
	279	276
	281	276
.PEN_UP
.PEN_DOWN
	299	280
	299	281
	299	282
	298	282
	297	282
	296	281
	295	281
	295	279
	294	279
	293	278
	293	276
	293	275
	294	273
	295	271
	296	270
	297	270
	298	270
	300	269
	302	269
	304	269
	305	269
	307	269
	309	270
	311	271
	312	272
	313	273
	314	274
	314	275
	314	276
	314	277
	314	278
	313	279
	312	280
	311	281
	308	283
	307	284
	305	285
.PEN_UP
.PEN_DOWN
	321	285
	321	284
	321	283
	321	281
	321	280
	321	278
	321	277
	322	276
	323	275
	324	274
	325	273
	326	273
	327	273
	328	273
	330	273
	331	275
	332	275
	333	276
	334	277
	335	278
	336	279
	336	280
	336	281
	336	282
	336	284
	336	285
	336	286
	335	286
	335	285
	335	284
	335	283
	335	282
	335	281
	335	279
	335	278
	336	277
	338	275
	340	274
	341	273
	343	273
	344	272
	346	272
	348	272
	349	272
.PEN_UP
.PEN_DOWN
	350	312
	350	311
	351	310
	351	309
	352	308
	352	306
	352	305
	353	301
	353	298
	353	296
	353	293
	354	291
	354	288
	354	286
	355	284
	355	282
	355	280
	355	278
	355	276
	355	274
	355	273
	355	272
.PEN_UP
.PEN_DOWN
	334	294
	335	294
	338	295
	341	295
	343	296
	346	296
	349	297
	352	297
	354	297
	357	297
	360	297
	362	297
	364	297
	366	296
	369	294
.PEN_UP
.PEN_DOWN
	400	284
	399	284
	398	284
	397	284
	396	283
	395	282
	394	281
	394	280
	393	279
	392	278
	392	275
	392	273
	392	272
	393	270
	394	270
	395	269
	397	268
	399	268
	401	268
	402	268
	404	269
	406	269
	409	271
	410	272
	411	273
	412	275
	412	277
	412	278
	412	279
	412	280
	411	282
	410	283
	408	284
.PEN_UP
.PEN_DOWN
	424	288
	425	288
	426	288
	427	289
	427	290
	429	291
	430	292
	431	293
	432	296
	433	297
	434	299
	434	300
	434	302
	434	303
	434	305
	434	306
	434	307
	434	308
	433	310
	432	311
	431	311
	430	311
	429	311
	428	311
	427	310
	427	308
	426	306
	425	305
	425	303
	425	301
	425	298
	425	293
	425	290
	425	288
	426	285
	426	283
	427	282
	427	280
	427	279
	428	277
	428	276
	429	275
	429	273
	429	272
	428	272
.PEN_UP
.PEN_DOWN
	409	291
	409	290
	409	289
	410	289
	411	289
	413	289
	415	289
	420	290
	422	291
	425	291
	428	292
	430	292
	433	292
	435	292
	436	292
	438	291
	439	291
.PEN_UP
.PEN_DOWN
	484	273
	484	271
	485	269
	485	267
	485	265
	485	263
	486	261
.PEN_UP
.PEN_DOWN
	471	289
	472	289
	473	289
	474	289
	477	289
	478	289
	480	288
	482	288
	484	288
	487	287
	489	287
	492	286
	494	285
	496	284
	497	284
	499	282
	499	280
	499	279
	499	278
	499	277
	499	276
	498	275
	497	275
	496	274
	495	274
	493	273
	491	273
	488	273
	486	273
	484	273
	483	273
	481	274
.PEN_UP
.PEN_DOWN
	513	284
	513	283
	514	282
	514	281
	514	279
	514	278
	514	277
	514	274
	514	273
	514	271
	514	270
	514	269
.PEN_UP
.PEN_DOWN
	509	296
	510	296
.PEN_UP
.PEN_DOWN
	524	282
	524	281
	525	280
	525	278
	525	277
	525	276
	524	275
	524	274
	524	272
	524	271
	524	270
	525	269
	525	270
	526	270
	527	272
	527	273
	528	274
	528	275
	529	276
	530	277
	530	279
	531	280
	533	282
	534	282
	535	282
	535	281
	535	280
	536	279
	536	278
	536	276
	537	273
	538	272
	539	271
	540	270
	541	269
	542	268
	543	268
	545	268
	546	268
	547	268
	548	268
.PEN_UP
.PEN_DOWN
	552	310
	552	309
	553	308
	553	307
	553	306
	553	304
	553	303
	554	299
	555	297
	556	295
	556	292
	557	290
	558	287
	559	285
	559	283
	560	281
	561	279
	562	278
	563	275
	563	274
.PEN_UP
.PEN_DOWN
	566	288
	565	288
	564	288
	562	287
	561	287
	559	286
	558	286
	557	285
	556	284
	555	283
	555	282
	555	281
	555	280
	555	279
	556	278
	557	277
	558	277
	559	276
	561	275
	563	275
	565	275
	569	274
	571	273
	573	273
	575	273
	576	272
	578	272
.PEN_UP
.PEN_DOWN
	600	277
	600	275
	599	275
	598	274
	597	274
	597	273
	597	272
	598	272
	599	272
	600	272
.PEN_UP
.PEN_DOWN
	627	312
	626	312
	626	311
	625	311
	624	311
	622	310
	619	308
	618	306
	617	305
	615	304
	615	303
	614	302
	613	301
	613	300
.PEN_UP
.PEN_DOWN
	633	307
	632	306
	631	306
	630	305
	628	303
	627	302
	625	301
	624	299
	622	297
	621	296
	620	294
.PEN_UP
