
.WRITER_ID IanFelix
.STYLE PRINTED
.PEN_DOWN
	93	325
	94	325
	94	326
	94	327
	94	328
	94	329
	94	330
	93	331
	92	332
	92	333
	91	333
	90	333
	90	334
	89	334
	87	334
	86	334
	85	334
	84	334
	83	333
	81	333
	80	332
	79	331
	78	330
	77	329
	76	327
	75	326
	73	322
	72	320
	72	318
	72	317
	72	315
	73	314
	74	313
	75	312
	76	312
	78	312
	79	312
	81	313
	84	315
	85	316
	87	317
	88	318
	89	319
	90	320
	91	321
	91	322
	92	323
	91	323
	90	322
	89	321
	89	319
	88	318
	87	316
	87	315
	87	313
	87	311
	87	306
	87	304
	87	301
	87	299
	87	297
	87	295
	87	293
	88	291
	88	290
	88	288
	88	287
	88	286
	88	284
	88	285
	89	285
	89	286
	89	287
	90	289
	91	291
	92	293
	93	294
	95	296
	96	298
	97	299
	98	300
	99	300
.PEN_UP
.PEN_DOWN
	107	327
	107	328
	107	329
	107	330
	108	329
	108	328
	108	327
	108	325
	109	323
	109	322
	110	320
	110	318
	111	317
	112	316
	113	314
	115	313
	116	313
	117	313
	118	313
	119	314
	120	315
	121	316
	123	317
	124	318
	124	320
	125	321
	126	323
	126	324
	126	325
	126	326
	126	327
	126	328
	125	329
	125	328
	125	327
	125	326
	125	325
	125	323
	125	322
	125	321
	126	320
	126	319
	127	318
	128	318
	130	317
	131	316
	132	316
	134	316
	136	315
.PEN_UP
.PEN_DOWN
	145	323
	145	322
	145	320
	145	318
	145	317
	145	316
	146	315
	146	314
	146	313
	146	312
	146	311
	147	311
.PEN_UP
.PEN_DOWN
	142	338
	142	339
.PEN_UP
.PEN_DOWN
	166	331
	166	330
	166	329
	166	328
	166	327
	165	326
	165	325
	165	326
	165	327
	165	328
	165	329
	165	330
	164	331
	163	332
	162	332
	161	332
	160	331
	159	330
	159	329
	158	327
	157	326
	157	324
	157	322
	157	321
	157	319
	157	318
	158	317
	159	316
	160	315
	163	315
	165	315
	167	315
	169	315
	171	316
	173	316
	175	316
	177	316
.PEN_UP
.PEN_DOWN
	182	345
	182	344
	182	342
	182	340
	182	339
	182	337
	182	336
	182	334
	182	332
	182	331
	183	329
	183	327
	183	326
	184	325
	185	322
	186	321
	186	320
	186	319
	187	319
.PEN_UP
.PEN_DOWN
	197	331
	196	331
	195	331
	194	331
	193	331
	192	331
	192	330
	191	330
	189	328
	188	327
	187	327
	187	326
	186	325
	186	324
	185	323
	185	322
	185	321
	185	320
	186	319
	186	318
	187	317
	188	317
	189	317
	191	317
	192	317
	194	317
	196	317
	198	317
	199	317
	201	317
	202	317
	203	317
	206	316
.PEN_UP
.PEN_DOWN
	228	336
	228	337
	227	337
	227	338
	229	338
	230	338
	231	338
	232	338
	233	338
	235	339
	238	339
	240	339
	242	339
	243	339
	244	339
	245	339
	247	339
	248	339
	249	338
	250	338
	250	337
	251	336
	251	335
	251	334
	250	333
	250	332
	249	331
	249	330
	248	329
	247	328
	244	326
	243	324
	242	323
	241	322
	240	320
	239	319
	238	318
	237	317
	237	316
	237	315
	237	314
	237	313
	237	312
	238	312
	239	312
	241	313
	242	313
	243	313
	244	314
	246	314
	247	315
	250	316
	251	316
	252	316
	253	316
	254	316
	255	316
	256	316
	256	315
	257	315
	258	314
	258	313
.PEN_UP
.PEN_DOWN
	262	326
	263	326
	264	326
	265	326
	266	326
	267	326
	268	326
	269	326
	272	327
	273	327
	275	327
	276	328
	277	328
	277	329
	278	330
	279	330
	279	331
	280	332
	280	334
	279	335
	279	336
	278	336
	277	336
	275	336
	273	336
	272	336
	270	335
	268	334
	266	333
	264	330
	263	328
	262	326
	262	324
	262	322
	262	321
	263	320
	263	318
	265	317
	266	316
	267	316
	270	316
	275	316
	277	317
	280	318
	283	318
	285	319
	287	320
	290	320
.PEN_UP
.PEN_DOWN
	298	325
	298	324
	297	324
	297	323
	297	322
	297	321
	297	320
	297	318
	298	317
	298	313
	298	311
	299	309
	299	306
	299	304
	300	302
	300	300
	300	298
	300	297
	301	295
	301	294
	301	293
	301	291
.PEN_UP
.PEN_DOWN
	293	328
	293	329
	294	330
	295	330
	296	331
	297	332
	299	332
	300	333
	303	333
	304	333
	306	333
	309	332
	311	331
	311	330
	312	328
	312	327
	312	326
	312	324
	312	323
	312	322
	311	321
	310	320
	308	318
	306	317
	305	317
	303	316
	301	316
	300	316
	298	316
	296	316
	295	317
.PEN_UP
.PEN_DOWN
	311	341
	312	340
	312	338
	313	336
	313	335
	315	332
	316	330
	317	328
	318	327
	319	325
	320	323
	321	322
	321	321
	322	320
	322	319
	322	318
	323	318
	324	319
	324	320
	325	322
	326	323
	327	324
	328	327
	329	328
	330	329
	331	329
	332	329
	332	328
	333	328
	333	327
	333	325
	333	324
	334	322
	334	320
	335	318
	336	317
	337	316
.PEN_UP
.PEN_DOWN
	370	330
	370	329
	369	328
	369	327
	368	327
	367	325
	366	324
	366	322
	364	321
	362	317
	361	314
	360	312
	358	310
	357	307
	356	305
	355	303
	354	302
	353	300
	352	299
	351	298
.PEN_UP
.PEN_DOWN
	350	333
	351	332
	351	331
	352	331
	352	330
	353	329
	354	327
	355	327
	356	326
	357	324
	358	323
	359	322
	360	322
.PEN_UP
.PEN_DOWN
	383	330
	383	328
	383	327
	383	326
	384	324
	384	323
	384	322
	384	321
	385	321
	385	320
	385	319
	386	319
	386	320
	385	321
	385	322
	384	323
	384	324
	383	326
	382	327
	382	328
	382	329
	382	330
	383	331
	384	332
	386	332
	387	333
	390	333
	391	333
	393	334
	394	334
.PEN_UP
.PEN_DOWN
	417	335
	416	335
	415	335
	414	334
	413	334
	412	333
	409	332
	408	332
	407	331
	406	331
	404	331
	403	331
	404	330
	406	330
	408	330
	409	331
	412	331
	413	331
	416	331
	417	331
	419	331
	421	330
	422	330
	424	329
	425	327
	425	326
	425	325
	425	324
	425	323
	424	322
	423	321
	422	320
	420	319
	419	318
	417	317
	415	317
	411	316
	410	316
	408	316
	407	317
	406	317
	406	318
.PEN_UP
.PEN_DOWN
	457	347
	458	347
	459	347
	459	346
	459	345
	459	343
	460	341
	460	340
	460	337
	461	336
	461	334
	462	331
	462	330
	463	326
	463	325
	464	323
	464	322
	465	321
	465	320
.PEN_UP
.PEN_DOWN
	460	337
	461	337
	462	337
	464	337
	465	337
	468	337
	470	337
	472	336
	475	336
	476	336
	479	335
	481	332
	482	331
	484	330
	484	329
	485	327
	485	326
	485	324
	485	322
	484	321
	483	320
	482	319
	481	318
	479	316
	477	316
	475	315
	473	314
	471	314
	469	314
	467	314
	465	314
	464	315
	463	315
	462	315
	461	316
.PEN_UP
.PEN_DOWN
	502	349
	502	348
	503	347
	503	346
	503	345
	504	342
	504	340
	505	339
	505	337
	505	335
	505	333
	505	331
	506	330
	506	328
	506	327
	506	325
	506	324
	507	322
	507	320
	508	319
	509	319
	509	318
.PEN_UP
.PEN_DOWN
	515	332
	514	331
	513	330
	513	329
	512	327
	512	326
	512	324
	512	322
	513	321
	514	320
	514	318
	517	318
	519	318
	520	318
	522	318
	524	318
	526	319
	528	320
	530	321
	531	322
	533	324
	534	325
	536	327
	536	329
	536	330
	536	331
	536	332
	535	333
	533	334
	531	335
	530	335
	527	335
	525	335
	523	335
	519	334
	517	333
.PEN_UP
.PEN_DOWN
	545	332
	545	331
	545	330
	545	329
	545	327
	545	326
	545	325
	546	322
	547	321
	547	320
	548	320
	549	319
	551	319
	552	319
	553	319
	554	319
	556	319
	557	320
	558	321
	561	323
	562	324
	563	326
	563	327
	564	328
	564	329
	564	330
	564	331
	564	332
	563	332
	561	331
	561	330
	560	329
	560	328
	560	327
	560	325
	560	324
	560	323
	561	322
	561	321
	562	320
	563	320
	566	320
	568	320
	570	321
	572	322
	574	322
	576	323
	577	325
	579	326
	581	327
	582	328
	584	330
	586	333
	587	334
	587	336
	587	338
	587	339
	587	340
	586	341
	584	341
	582	341
	580	341
	578	341
.PEN_UP
