
.WRITER_ID IanFelix
.STYLE PRINTED
.PEN_DOWN
	73	297
	74	296
	75	296
	76	296
	77	296
	78	297
	79	298
	80	298
	81	300
	81	301
	82	302
	82	303
	83	304
	83	305
	84	306
	84	307
	84	309
	85	310
	85	311
	85	312
	85	314
	84	315
	84	316
	84	317
	83	317
	82	317
	82	316
	81	316
	80	315
	79	313
	78	312
	77	311
	77	310
	76	308
	76	307
	76	305
	76	303
	76	301
	76	299
	77	297
	77	295
	78	292
	78	290
	79	288
	79	287
	79	285
	79	284
	79	283
	79	282
	79	281
	79	280
.PEN_UP
.PEN_DOWN
	65	293
	67	293
	68	293
	69	293
	71	292
	73	292
	74	291
	76	291
	79	291
	81	290
	82	290
	84	290
	85	290
	86	290
.PEN_UP
.PEN_DOWN
	104	295
	105	295
	105	296
	104	297
	102	297
	100	297
	99	297
	98	297
	97	296
	96	295
	95	294
	94	294
	93	293
	92	292
	92	289
	92	288
	92	287
	93	286
	93	285
	94	285
	96	284
	97	284
	98	284
	99	284
	100	284
	102	285
	103	285
	104	286
	105	287
	106	288
	106	289
	106	290
	105	291
	104	292
	103	292
	103	291
	103	290
	103	289
	103	288
	103	287
	104	286
	105	284
	106	284
.PEN_UP
.PEN_DOWN
	115	291
	116	290
	116	289
	117	289
	117	288
	118	287
	118	286
.PEN_UP
.PEN_DOWN
	107	306
	108	306
.PEN_UP
.PEN_DOWN
	124	313
	125	312
	125	311
	125	309
	125	306
	126	304
	126	302
	126	300
	126	298
	127	297
	127	295
	127	293
	128	291
	128	290
	129	288
	129	287
	129	284
	130	283
	130	282
.PEN_UP
.PEN_DOWN
	134	286
	135	286
	136	286
	137	286
	138	286
	139	286
	140	287
	142	288
	143	289
	144	290
	144	291
	145	292
	146	293
	147	294
	147	295
	147	297
	146	299
	145	299
	144	299
	143	299
	142	299
	141	299
	140	298
	139	297
	138	296
	138	295
	137	294
	137	291
	137	290
	138	289
	139	288
	140	287
	141	286
	142	285
	144	284
	146	284
	147	284
	149	284
	151	284
	153	284
	157	284
	158	284
	160	284
	161	284
.PEN_UP
.PEN_DOWN
	160	314
	160	313
	161	313
	162	312
	162	311
	163	309
	163	308
	164	306
	164	305
	164	303
	164	302
	165	300
	165	298
	165	296
	166	294
	166	293
	166	292
	167	289
	167	288
	167	287
	167	286
	167	287
	167	289
	167	291
	167	292
	165	293
	165	294
	164	295
	163	295
	161	295
	160	294
	159	293
	156	290
	155	288
	154	287
	154	286
	154	284
	154	282
	155	281
	155	280
	156	280
	158	279
	159	279
	162	279
	164	280
	166	280
	169	281
	171	281
	173	282
	175	283
	177	283
.PEN_UP
.PEN_DOWN
	190	288
	191	288
	191	287
	191	286
	191	285
	191	284
	191	283
	192	281
	192	280
	193	279
	194	278
	195	277
	195	276
	197	276
	199	276
	200	276
	201	276
	202	277
	203	278
	204	279
	205	279
	205	280
	206	281
	206	283
	206	284
	206	286
	205	287
	205	288
	205	289
	204	289
	204	288
	204	287
	204	286
	204	283
	204	282
	205	281
	206	279
	206	278
	208	277
	209	277
	211	276
	212	276
	214	276
	215	276
	217	277
	220	278
	222	279
	223	279
	224	280
	225	282
	226	283
	226	284
	226	285
	226	287
	226	288
	226	289
	226	290
	224	293
	223	294
	223	295
.PEN_UP
.PEN_DOWN
	234	289
	234	288
	234	287
	234	285
	234	284
	234	283
	234	282
	234	281
	234	280
	235	279
	235	278
	236	278
	237	278
.PEN_UP
.PEN_DOWN
	236	304
	237	304
	238	304
	240	305
	241	305
	242	305
.PEN_UP
.PEN_DOWN
	245	295
	246	295
	247	295
	247	296
	248	296
	249	296
	251	296
	252	297
	254	297
	255	297
	256	297
	257	296
	258	296
	259	296
	259	295
	260	295
	260	294
	261	293
	261	292
	261	291
	260	290
	259	289
	258	288
	257	287
	256	286
	255	284
	254	283
	252	282
	251	280
	251	279
	251	278
	251	277
	251	276
	252	276
	252	275
	253	275
	253	274
	255	274
	255	273
	257	273
	260	273
	261	273
	263	273
	264	273
	265	274
	267	274
	268	274
	269	274
	270	274
.PEN_UP
.PEN_DOWN
	279	286
	279	287
	279	288
	279	289
	278	290
	278	291
	277	292
	276	292
	275	292
	274	292
	273	292
	272	291
	271	291
	270	290
	270	288
	269	287
	269	284
	269	283
	270	281
	271	280
	272	279
	273	278
	275	278
	277	278
	278	278
	280	278
	281	278
	283	278
	285	280
	286	281
	287	282
	287	283
	287	284
	287	285
	286	286
	285	287
	284	288
	283	288
	282	288
	281	288
	281	287
	281	286
	281	284
	282	283
	282	281
	283	280
	284	279
	285	278
.PEN_UP
.PEN_DOWN
	299	278
	299	277
	299	276
	299	275
	300	275
	301	276
	301	277
	301	278
	301	279
	301	281
	301	283
	300	284
	300	285
	299	287
	299	288
	298	290
	297	291
	296	292
	296	293
	296	294
	296	293
	297	292
	298	291
	299	291
	300	290
	302	290
	304	290
	305	290
	309	290
	311	290
	312	290
	314	290
	316	290
	317	291
.PEN_UP
.PEN_DOWN
	326	306
	327	306
	327	305
	328	305
	328	304
	329	303
	329	302
	329	301
	329	299
	329	298
	329	296
	329	295
	329	293
	330	291
	330	289
	330	285
	331	284
	331	282
	331	281
	331	280
	332	279
	333	278
	332	279
	332	280
	332	281
	332	282
	331	283
	330	284
	329	285
	328	286
	327	287
	325	287
	323	287
	321	287
	318	285
	317	284
	315	282
	314	281
	313	279
	313	277
	313	276
	313	275
	313	274
	313	273
	315	272
	318	271
	321	271
	323	271
	325	271
	328	271
	330	272
	332	273
	335	273
	337	274
	339	274
	341	274
	342	274
.PEN_UP
.PEN_DOWN
	363	309
	363	310
	364	311
	364	312
	364	310
	364	308
	364	306
	364	304
	364	301
	364	298
	364	296
	364	293
	364	289
	364	287
	364	285
	364	284
	364	283
	364	282
	364	281
	364	280
.PEN_UP
.PEN_DOWN
	370	295
	369	295
	368	295
	367	295
	366	295
	365	295
	364	295
	363	294
	362	294
	362	293
	361	293
	360	292
	359	290
	359	289
	359	288
	359	287
	360	286
	361	285
	362	284
	364	282
	365	281
	367	280
	369	279
	372	279
	376	278
	379	277
	381	277
	383	277
	385	277
	387	277
.PEN_UP
.PEN_DOWN
	382	293
	383	293
	383	292
	383	291
	383	290
	383	288
	383	286
	383	285
	383	282
	383	280
	383	279
	383	278
	384	278
	385	278
	386	279
	388	281
	389	283
	390	284
	391	285
	391	286
	392	288
	392	289
	393	290
	393	292
	394	293
	394	294
	395	294
	396	294
	396	293
	396	291
	397	289
	397	288
	397	287
	398	285
	398	284
	399	282
	400	281
	401	279
	402	278
.PEN_UP
.PEN_DOWN
	405	277
	406	277
	407	277
	408	277
	409	277
	410	278
	411	279
	412	280
	414	281
	415	283
	416	284
	417	287
	418	288
	418	289
	418	291
	418	292
	418	293
	417	294
	416	294
	415	294
	414	294
	411	294
	410	293
	408	293
	407	291
	407	290
	406	289
	406	287
	406	285
	406	284
	407	282
	408	280
	409	279
	412	277
	414	276
	415	275
	417	275
	418	275
	420	275
	421	275
	423	275
.PEN_UP
.PEN_DOWN
	432	279
	433	279
	434	277
	434	276
	435	275
	436	275
	437	275
	438	275
	439	275
	440	275
	441	275
	442	276
	443	277
	443	278
	445	279
	445	280
	446	281
	446	284
	446	285
	446	286
	446	287
	446	288
	445	287
	445	285
	445	284
	445	281
	445	279
	445	278
	445	277
	446	276
	447	275
	448	274
	449	273
	450	273
	452	273
	453	273
	455	273
	458	274
	460	275
	461	275
	463	276
	464	278
	465	279
	466	280
	467	282
	468	283
	468	285
	468	287
	468	290
	467	291
	466	293
	464	294
	463	295
.PEN_UP
.PEN_DOWN
	499	310
	499	309
	499	308
	499	307
	499	306
	499	305
	499	303
	499	298
	499	296
	499	294
	499	291
	499	289
	499	287
	499	285
	499	283
	499	281
	499	280
	500	279
	500	278
	500	276
.PEN_UP
.PEN_DOWN
	482	297
	482	295
	482	294
	482	293
	485	292
	486	291
	488	290
	490	290
	493	289
	496	289
	498	288
	501	288
	504	288
	507	288
	510	288
	511	289
.PEN_UP
.PEN_DOWN
	508	306
	508	305
	508	304
	508	303
	508	301
	508	299
	508	295
	508	293
	508	290
	508	288
	508	286
	508	284
	509	281
	509	279
	509	278
	510	276
	510	275
	511	273
	512	273
	512	274
	513	275
	514	277
	514	278
	515	279
	516	281
	517	284
	517	286
	518	287
	519	287
	519	285
	519	284
	519	283
	519	279
	519	278
	520	277
	520	275
	520	274
	521	273
	522	273
	523	272
	524	272
	526	272
.PEN_UP
.PEN_DOWN
	537	285
	537	286
	537	287
	536	289
	535	290
	534	290
	533	290
	532	290
	531	290
	530	290
	530	289
	529	288
	529	287
	529	285
	529	282
	529	281
	530	279
	530	278
	531	278
	532	277
	534	276
	535	276
	537	276
	538	276
	539	277
	541	277
	543	279
	544	279
	544	280
	545	281
	545	282
	545	283
	545	284
	544	284
	544	283
	544	282
	544	281
	544	280
	544	279
	544	277
	545	276
	545	275
	546	274
	548	273
	549	272
	551	271
	554	270
	556	270
.PEN_UP
.PEN_DOWN
	559	311
	559	310
	559	309
	559	307
	559	306
	559	304
	559	302
	559	300
	560	298
	560	296
	560	294
	560	289
	561	288
	561	286
	562	284
	562	283
	562	281
	562	280
	563	279
	563	278
.PEN_UP
.PEN_DOWN
	545	295
	546	295
	547	295
	548	295
	550	295
	552	294
	554	294
	558	294
	560	294
	563	294
	565	294
	567	293
	570	293
	572	293
	573	292
	575	292
	576	292
	577	292
.PEN_UP
.PEN_DOWN
	601	302
	600	302
	599	302
	598	301
	596	301
	593	301
	592	301
	590	300
	588	300
	587	299
	586	299
	585	299
	585	298
	587	297
	588	297
	589	297
	591	296
	593	295
	596	295
	598	294
	599	293
	601	292
	602	291
	603	290
	604	288
	604	287
	604	286
	603	285
	603	284
	601	284
	599	284
	598	284
	596	285
	592	285
	590	286
	589	286
	587	287
	586	287
	585	287
	584	288
.PEN_UP
.PEN_DOWN
	614	294
	613	293
	613	292
	613	291
	613	290
	613	289
	613	288
	613	287
	613	286
	614	285
	615	284
	617	283
	620	282
	622	282
	624	282
	626	282
	628	282
	629	282
	631	283
	632	284
	633	284
	634	285
	634	286
	634	287
	634	289
	634	290
	633	291
	632	292
	631	293
	629	293
	627	294
	625	295
	623	296
	621	297
	618	297
	617	297
.PEN_UP
.PEN_DOWN
	640	293
	640	292
	641	290
	641	289
	641	287
	641	286
	641	285
	641	284
	641	283
	642	282
	642	281
	643	280
	644	280
	645	281
	645	282
	646	283
	646	284
	647	285
	648	286
	648	287
	649	288
	650	289
	651	290
	652	291
	653	292
	654	292
	654	291
	654	290
	653	288
	652	287
	652	285
	652	284
	652	283
	653	283
	654	283
	655	283
	656	283
	656	284
	657	284
	658	286
	659	287
	660	288
	661	289
	662	289
	662	290
	663	290
	664	290
	664	289
	664	288
	664	287
	664	286
	664	285
	665	284
	665	283
	666	282
	667	281
	669	280
	669	279
	671	279
	672	279
	673	279
	674	279
.PEN_UP
.PEN_DOWN
	683	280
	684	280
	685	281
	686	281
	687	282
	688	282
	689	283
	690	284
	691	284
	692	286
	692	287
	692	288
	692	289
	692	290
	691	290
	690	291
	689	292
	688	292
	686	292
	684	292
	683	292
	679	291
	678	290
	676	289
	675	288
	674	287
	674	286
	674	285
	674	284
	674	283
	674	282
	675	281
	677	280
	681	279
	683	278
	685	278
	687	277
	689	277
	692	277
	694	277
	697	277
	699	278
	701	278
	703	278
.PEN_UP
