
.WRITER_ID IanFelix
.STYLE PRINTED
.PEN_DOWN
	77	329
	77	330
	76	330
	75	330
	74	330
	73	331
	71	331
	70	331
	69	331
	68	331
	68	330
	67	330
	66	330
	65	330
	64	329
	63	329
	62	329
	62	328
	61	328
	61	327
	62	327
	63	327
	64	327
	64	326
	64	325
	65	325
	65	324
	65	323
	65	322
	65	321
	65	320
	65	319
	65	317
	65	316
	65	315
	66	312
	67	311
	67	310
	67	309
	68	308
	68	307
	68	306
	69	305
	69	304
	70	305
	71	306
	72	306
	73	306
	74	306
	75	306
	76	306
	77	306
	78	306
	79	306
	80	306
.PEN_UP
.PEN_DOWN
	89	328
	90	328
	90	329
	89	329
	88	329
	87	329
	87	328
	86	328
	84	327
	84	326
	83	326
	82	325
	81	324
	81	323
	82	323
	84	323
	85	322
	86	322
	87	322
	88	321
	88	320
	89	320
	90	319
	90	318
	91	316
	91	315
	91	314
	91	313
	90	313
	89	312
	89	311
	88	311
	87	311
	86	310
	84	310
	82	310
	81	310
	80	310
	79	310
.PEN_UP
.PEN_DOWN
	82	338
	83	338
	83	337
	84	336
	84	334
	84	333
	85	332
	85	330
	85	326
	85	324
	85	322
	85	320
	85	318
	85	316
	84	315
	84	313
	84	312
	84	311
	84	310
	83	309
	83	308
	83	307
.PEN_UP
.PEN_DOWN
	88	334
	88	333
	88	332
	89	331
	89	330
	89	329
	89	328
	89	324
	89	323
	89	321
	89	319
	89	317
	89	315
	89	313
	89	312
	89	311
	89	310
	90	309
	90	308
.PEN_UP
.PEN_DOWN
	108	329
	107	329
	106	329
	105	328
	104	327
	103	327
	102	326
	101	325
	100	325
	100	324
	100	323
	101	323
	101	322
	102	321
	103	321
	104	320
	105	319
	105	318
	106	318
	106	317
	107	316
	107	315
	107	314
	106	314
	105	313
	104	313
	103	312
	102	312
	101	312
	100	312
	98	312
	97	312
	96	313
	95	313
	93	313
	92	313
.PEN_UP
.PEN_DOWN
	101	336
	101	335
	101	334
	101	333
	101	330
	101	329
	101	327
	101	325
	101	323
	101	321
	101	319
	101	317
	100	315
	100	314
	99	313
	99	311
	99	310
	98	309
	98	308
	99	308
	99	309
	99	310
.PEN_UP
.PEN_DOWN
	106	338
	107	338
	107	337
	106	336
	106	335
	105	334
	105	333
	105	330
	104	329
	104	327
	104	325
	104	323
	104	321
	104	320
	104	318
	104	316
	104	315
	104	314
	104	313
	104	311
	105	311
	105	310
.PEN_UP
.PEN_DOWN
	131	327
	132	328
	131	328
	130	328
	129	328
	127	327
	126	327
	125	326
	123	325
	122	324
	121	323
	120	322
	119	322
	118	321
	118	320
	118	319
	119	318
	121	318
	122	318
	123	318
	124	318
	125	318
	126	318
	127	317
	128	317
	129	316
	130	315
	130	314
	129	313
	128	312
	127	312
	126	312
	123	311
	122	311
	121	311
	119	311
	118	311
	117	311
	116	311
	115	311
	114	311
	113	311
.PEN_UP
.PEN_DOWN
	124	336
	125	336
	125	335
	125	334
	125	333
	125	331
	124	330
	124	328
	124	327
	124	325
	123	324
	123	322
	123	320
	122	318
	122	317
	122	315
	122	313
	122	312
	122	311
	122	310
.PEN_UP
.PEN_DOWN
	130	334
	130	333
	130	332
	129	330
	128	327
	128	325
	127	323
	127	321
	126	319
	126	317
	126	315
	126	313
	126	312
	126	311
	126	310
	126	309
	126	308
.PEN_UP
.PEN_DOWN
	143	333
	142	332
	141	331
	140	330
	140	329
.PEN_UP
.PEN_DOWN
	151	324
	151	323
	150	323
	149	322
	148	322
	147	321
	147	320
	144	320
	144	319
	143	318
	142	318
	141	317
	141	316
	140	316
	140	315
	141	314
	142	314
	143	314
	144	313
	145	313
	146	313
	147	313
	148	313
	148	312
	148	311
	147	310
	146	310
	145	310
	144	309
	142	309
	140	309
	139	309
	138	309
	137	309
	136	309
.PEN_UP
.PEN_DOWN
	154	334
	155	334
	156	334
	157	334
	158	334
	159	334
	160	334
	161	334
	163	334
	165	335
	167	335
	168	335
	169	335
	169	334
	168	334
	167	333
	167	332
	166	331
	166	330
	166	329
	166	328
	166	327
	166	326
	166	324
	166	322
	166	321
	166	319
	166	318
	166	317
	166	316
	166	315
	166	314
	166	313
	166	312
	166	311
	165	311
	163	312
	162	312
	161	312
	161	311
	160	311
	159	311
	158	311
	157	311
	156	311
	155	311
	154	311
	154	310
.PEN_UP
.PEN_DOWN
	172	323
	173	323
	174	322
	175	322
	176	322
	177	322
	178	322
	179	322
	180	322
	181	322
	182	322
	183	322
.PEN_UP
.PEN_DOWN
	199	335
	198	335
	197	335
	196	335
	195	336
	194	336
	193	335
	192	335
	191	335
	190	335
	190	334
	190	333
	191	332
	192	332
	192	331
	193	331
	193	330
	194	329
	194	328
	194	327
	193	326
	193	323
	192	322
	192	321
	191	320
	191	319
	190	318
	190	317
	190	316
	189	315
	189	314
	189	313
	189	312
	190	312
	191	312
	191	313
	192	313
	193	313
	194	313
	194	314
	195	314
	196	314
	197	314
	198	314
	198	313
	199	313
	200	313
.PEN_UP
.PEN_DOWN
	224	337
	223	337
	221	335
	220	334
	219	333
	218	332
	217	331
	216	330
	215	328
	214	327
	213	325
	211	324
	210	323
	208	320
	207	319
	206	318
	205	317
.PEN_UP
.PEN_DOWN
	205	337
	205	336
	204	336
	204	335
	204	334
	204	333
	205	332
	205	331
	206	331
	208	331
	209	331
	209	332
	210	332
	211	333
	212	334
	212	335
	211	336
	210	336
	210	337
	209	337
	208	337
	206	337
	205	337
	205	336
.PEN_UP
.PEN_DOWN
	213	322
	212	321
	211	320
	211	319
	212	319
	214	320
	215	320
	216	321
	217	321
	218	322
	218	323
	217	323
	216	323
	215	323
.PEN_UP
.PEN_DOWN
	239	335
	239	334
	240	334
	240	333
	239	333
	239	332
	238	331
	237	330
	236	329
	235	328
	234	326
	233	325
	232	324
	231	322
	230	320
	229	318
	229	317
	228	316
	228	315
.PEN_UP
.PEN_DOWN
	228	336
	228	335
	227	334
	227	333
	227	332
	228	332
	229	332
	230	332
	231	333
	232	334
	233	335
	233	336
	233	337
	232	338
	231	338
	230	338
	229	338
.PEN_UP
.PEN_DOWN
	234	319
	233	318
	233	317
	233	316
	233	315
	234	315
	235	315
	236	317
	237	318
	238	319
	239	320
	239	321
.PEN_UP
.PEN_DOWN
	259	337
	259	336
	259	335
	258	335
	258	334
	257	333
	256	332
	255	330
	254	329
	252	326
	251	325
	250	324
	249	322
	249	321
	248	320
	248	319
	247	318
.PEN_UP
.PEN_DOWN
	248	339
	248	338
	247	338
	247	337
	247	336
	247	335
	248	334
	249	334
	250	334
	251	334
	251	335
	252	336
	252	337
	252	338
	251	339
	250	339
	249	339
	248	339
.PEN_UP
.PEN_DOWN
	255	320
	254	319
	254	318
	255	318
	256	319
	257	320
	258	321
	258	322
	258	323
	258	324
	258	325
	257	325
.PEN_UP
.PEN_DOWN
	277	341
	277	340
	277	339
	277	338
	276	337
	276	336
	275	335
	274	334
	274	333
	273	333
	273	332
	273	331
.PEN_UP
.PEN_DOWN
	286	329
	285	329
	284	329
	283	329
	282	329
	281	328
	279	328
	278	327
	277	326
	276	326
	275	325
	275	324
	276	324
	277	324
	278	324
	280	324
	281	324
	282	324
	283	324
	285	323
	286	323
	286	322
	286	321
	285	321
	285	320
	284	320
	282	320
	281	319
	280	319
	278	319
	277	318
	276	318
	274	318
	273	318
	272	318
.PEN_UP
.PEN_DOWN
	287	342
	288	342
	289	342
	290	342
	291	342
	293	342
	294	342
	295	342
	296	342
	297	342
	299	341
	300	341
	301	341
	302	341
	303	341
	303	340
	302	339
	301	338
	300	338
	300	337
	300	336
	300	335
	300	334
	300	333
	300	331
	299	329
	299	328
	299	327
	299	326
	299	324
	299	323
	300	322
	300	321
	300	320
	300	319
	300	317
	300	316
	299	316
	298	316
	297	316
	296	316
	294	316
	293	316
	291	316
	290	316
	289	316
	288	316
	287	315
	286	315
	285	314
	285	313
	285	312
	286	312
.PEN_UP
.PEN_DOWN
	301	325
	302	325
	303	325
	304	324
	305	324
	307	324
	308	324
	309	324
	310	324
	311	324
	312	325
	313	325
.PEN_UP
.PEN_DOWN
	337	341
	337	342
	336	342
	335	342
	334	342
	333	342
	332	342
	331	342
	330	342
	329	342
	328	342
	327	342
	326	342
	325	341
	324	341
	324	340
	323	339
	323	338
	322	338
	322	337
	322	335
	322	334
	322	333
	323	332
	324	332
	324	331
	325	331
	325	330
	326	330
	327	329
	327	328
	327	327
	327	326
	327	324
	327	323
	327	322
	327	321
	327	320
	326	320
	326	319
	326	318
	325	318
	325	317
	325	316
	326	316
	327	316
	328	316
	330	316
	331	316
	333	316
	334	317
	335	317
	337	317
	338	317
	339	316
	340	316
	341	316
	341	317
.PEN_UP
.PEN_DOWN
	339	339
	338	339
	337	339
	336	338
	335	337
	334	336
	334	335
	332	334
	332	333
	331	332
	331	331
	330	329
	330	328
.PEN_UP
.PEN_DOWN
	347	343
	347	342
	347	341
	346	340
	346	339
	345	338
	344	337
	343	336
	342	335
	341	334
	340	332
	340	331
	339	330
	338	329
	338	328
.PEN_UP
.PEN_DOWN
	322	338
	323	338
	324	339
	325	339
	327	339
	328	339
	330	339
	333	338
	334	338
	336	338
	338	338
	340	337
	341	337
	343	337
	344	337
	345	336
	346	336
.PEN_UP
.PEN_DOWN
	322	331
	323	331
	324	331
	325	331
	328	331
	329	331
	331	332
	333	332
	335	332
	336	332
	338	332
	339	332
	341	332
.PEN_UP
.PEN_DOWN
	362	339
	361	338
	361	337
	359	336
	359	335
	358	333
	357	332
	356	331
	355	330
	353	327
	352	327
	352	326
	352	325
.PEN_UP
.PEN_DOWN
	369	345
	369	344
	369	343
	368	342
	367	342
	367	341
	367	340
	366	338
	365	337
	364	336
	364	335
	363	333
	362	332
	362	331
	361	330
	361	328
	360	327
.PEN_UP
.PEN_DOWN
	348	338
	349	338
	350	338
	351	338
	352	338
	353	338
	355	339
	356	339
	358	339
	359	339
	361	339
	362	339
	363	339
	366	338
	367	338
	368	338
	369	338
	370	337
.PEN_UP
.PEN_DOWN
	344	328
	345	327
	346	326
	347	326
	348	326
	349	326
	351	326
	353	327
	355	328
	357	328
	359	328
	361	329
	363	329
	366	329
	367	330
	368	330
.PEN_UP
.PEN_DOWN
	381	342
	381	341
	380	341
	380	340
	379	340
	378	339
	377	338
	376	336
	375	335
	373	332
	372	330
	371	328
	370	327
	369	325
	369	324
	368	323
	368	322
	368	321
.PEN_UP
.PEN_DOWN
	383	341
	383	340
	383	339
	382	338
	380	336
	380	334
	379	333
	378	332
	378	331
	377	330
	376	329
	376	328
	376	327
	376	326
.PEN_UP
.PEN_DOWN
	367	340
	368	340
	369	340
	371	340
	372	340
	373	341
	374	341
	376	341
	377	341
	378	341
	380	340
	381	340
	382	340
	383	339
	384	339
	385	338
	386	338
	387	338
	387	337
.PEN_UP
.PEN_DOWN
	362	329
	363	329
	364	329
	366	329
	367	329
	368	329
	370	329
	371	329
	373	329
	374	329
	375	329
	377	329
	378	329
	380	329
.PEN_UP
.PEN_DOWN
	394	338
	394	337
	393	336
	393	335
	392	334
	391	333
	389	331
	389	330
	388	329
	387	328
	386	327
.PEN_UP
.PEN_DOWN
	401	331
	400	331
	399	331
	398	331
	397	330
	396	330
	396	329
	396	328
	396	327
	396	326
	397	325
	398	325
	399	324
	400	324
	401	324
	402	323
	403	322
	404	321
	404	320
	404	319
	403	319
	402	319
	402	318
	401	318
	400	318
	398	318
	396	318
	395	318
	393	319
	392	319
	391	319
	390	319
.PEN_UP
.PEN_DOWN
	400	341
	400	340
	401	340
	402	340
	403	339
	404	339
	405	339
	406	339
	407	339
	408	339
	409	339
	411	339
	412	339
	413	339
	415	339
	416	339
	417	339
	417	338
	415	337
	415	336
	415	335
	415	334
	415	333
	415	332
	415	331
	415	329
	415	327
	415	325
	415	324
	416	323
	416	322
	416	321
	416	320
	417	319
	417	318
	418	317
	418	316
	419	315
	419	314
	418	313
	417	313
	414	312
	413	311
	412	311
	411	311
	409	311
	408	311
	406	310
	405	310
	403	310
	402	310
	401	310
	401	309
	399	309
.PEN_UP
.PEN_DOWN
	430	332
	430	331
	431	331
	430	331
	430	330
	430	329
.PEN_UP
.PEN_DOWN
	428	315
	429	314
	430	314
	430	313
	430	312
	430	311
	430	310
	430	309
	429	308
	429	307
	429	305
	428	304
	428	303
	428	302
	427	302
	426	301
.PEN_UP
.PEN_DOWN
	457	344
	457	345
	457	346
	456	346
	456	347
	455	347
	454	347
	453	347
	452	346
	452	345
	451	344
	449	343
	448	342
	447	341
	445	339
	445	338
	444	337
	443	335
	443	334
	443	333
	443	332
	444	331
	446	331
	447	331
	448	331
	449	331
	450	331
	451	331
	452	332
	453	332
	452	332
	451	331
	450	330
	449	330
	448	329
	447	329
	446	328
	445	327
	445	326
	444	326
	444	325
	444	324
	444	323
	444	322
	445	322
	445	321
	446	321
	447	321
	448	321
	447	320
	446	319
	445	318
	444	317
	443	316
	443	315
	442	315
	442	314
	442	313
	442	312
	442	311
	442	310
	443	308
	444	308
	445	307
	446	306
	447	306
	449	306
	450	306
	452	306
	453	306
	455	306
	456	307
	458	307
.PEN_UP
.PEN_DOWN
	474	336
	474	337
	474	336
	475	335
	475	334
	476	334
	477	333
	479	332
	480	331
	481	330
	482	329
	483	328
	484	327
	484	326
	484	325
	484	324
	484	323
	483	322
	482	321
	481	320
	480	319
	480	318
	479	317
	478	316
	476	314
	476	313
	475	312
	475	311
	474	311
	474	310
	474	309
	475	309
.PEN_UP
.PEN_DOWN
	490	340
	490	339
	490	338
	491	337
	491	336
	492	336
	492	335
	494	334
	494	333
	496	333
	496	332
	498	331
	498	330
	499	330
	501	329
	502	328
	502	327
	503	326
	504	325
	504	324
	504	323
	504	322
	503	321
	502	320
	501	319
	500	318
	499	317
	498	316
	498	315
	497	314
	496	313
	495	312
	493	310
	493	309
	493	308
	493	307
.PEN_UP
.PEN_DOWN
	508	336
	508	337
	509	337
	510	337
	512	337
	513	337
	514	336
	515	336
	516	336
	517	335
	517	334
	519	334
	519	333
	520	333
	521	332
	522	330
	523	329
	523	328
	524	328
	524	327
	524	326
	524	325
	524	324
	523	323
	523	322
	522	321
	521	320
	520	319
	520	318
	519	317
	518	316
	516	315
	516	314
	515	313
	514	312
	513	311
	513	310
	513	309
	512	308
	512	307
.PEN_UP
.PEN_DOWN
	534	344
	534	343
	533	342
	533	341
	532	340
	531	339
	530	338
	530	336
	528	334
	528	333
	528	332
.PEN_UP
.PEN_DOWN
	539	328
	538	328
	537	328
	536	328
	535	327
	534	327
	533	326
	532	326
	530	325
	530	324
	529	324
	529	323
	529	322
	530	321
	531	321
	532	321
	533	321
	536	320
	537	320
	538	320
	539	319
	541	319
	541	318
	542	318
	542	317
	542	316
	541	316
	539	315
	538	315
	537	315
	535	314
	534	314
	533	314
	532	314
	531	314
	530	315
.PEN_UP
.PEN_DOWN
	550	344
	550	345
	551	345
	552	345
	553	345
	554	344
	555	343
	556	342
	557	341
	557	340
	557	339
	556	338
	555	337
	554	337
	552	336
	552	335
	551	335
	550	335
	550	334
	550	333
	551	332
	552	331
	553	330
	554	329
	554	328
	555	327
	555	326
	555	325
	555	324
	554	324
	554	323
	553	323
	553	322
	552	321
	552	320
	553	320
	553	319
	554	318
	554	317
	555	317
	555	316
	555	315
	556	315
	556	314
	556	313
	556	312
	556	311
	556	310
	555	310
	555	309
	554	309
	554	308
	553	307
	552	307
	551	307
	550	306
	549	306
	548	306
	546	306
	544	306
.PEN_UP
.PEN_DOWN
	584	334
	584	333
	584	332
	584	331
	584	330
	584	329
	584	327
	583	326
	583	324
	583	321
	583	319
	583	318
	583	317
	583	315
	583	314
	583	313
	584	313
	584	312
.PEN_UP
.PEN_DOWN
	574	326
	575	326
	576	325
	577	325
	578	325
	579	324
	580	324
	581	324
	583	323
	584	323
	586	322
	588	322
	592	322
	594	322
.PEN_UP
.PEN_DOWN
	610	343
	609	343
	608	342
	607	342
	606	342
	605	341
	604	341
	603	341
	601	340
	600	339
	599	338
	599	337
	599	336
	599	335
	600	335
	600	334
	601	334
	602	333
	604	333
	606	332
	607	332
	608	332
	608	331
	609	331
	609	330
	608	330
	607	329
	606	329
	604	327
	603	327
	602	326
	601	326
	600	325
	600	324
	600	323
	600	322
	601	321
	601	320
	602	320
	603	320
	603	319
	604	319
	605	318
	605	317
	604	316
	603	316
	603	315
	602	314
	600	313
	599	312
	598	311
	598	310
	598	309
	598	308
	598	307
	599	306
	600	306
	601	305
	603	305
	605	304
	607	304
	609	304
	611	304
.PEN_UP
.PEN_DOWN
	618	324
	618	323
	619	323
	619	322
	620	322
	620	321
	621	321
	622	321
	624	321
	625	321
	627	321
.PEN_UP
.PEN_DOWN
	641	325
	641	324
	642	324
	643	324
	644	324
	645	323
	646	323
	647	323
	648	322
	649	322
	650	322
	651	322
.PEN_UP
.PEN_DOWN
	662	324
	663	323
	664	323
	665	323
	666	323
	668	323
	669	323
	671	323
	672	323
	673	323
.PEN_UP
.PEN_DOWN
	685	340
	685	339
	685	338
	684	336
	683	335
	683	334
	682	333
	681	332
	681	331
	680	331
.PEN_UP
.PEN_DOWN
	700	328
	700	327
	698	327
	697	326
	696	326
	694	326
	693	326
	692	325
	691	325
	690	324
	689	324
	689	323
	690	322
	691	322
	692	322
	693	321
	695	321
	696	321
	697	321
	699	320
	700	320
	701	319
	702	318
	702	317
	701	316
	700	315
	699	315
	698	314
	697	314
	695	314
	694	314
	692	314
	691	314
	690	314
	689	315
	688	315
.PEN_UP
.PEN_DOWN
	707	343
	707	342
	708	342
	709	342
	710	342
	711	342
	713	342
	714	342
	715	342
	717	341
	718	341
	719	340
	719	339
	719	338
	719	337
	719	336
	718	335
	717	334
	715	333
	714	333
	712	332
	712	331
	711	331
	710	330
	710	329
	710	328
	710	327
	711	326
	712	325
	713	325
	714	324
	716	323
	717	323
	718	322
	719	321
	720	320
	720	319
	720	318
	719	318
	718	317
	717	317
	716	316
	715	315
	714	315
	714	314
	714	313
	715	312
	715	311
	716	311
	717	310
	718	310
	718	309
	719	308
	719	307
	719	306
	718	306
	717	305
	716	305
	715	305
	714	304
	713	304
	711	304
	710	304
	707	303
	706	303
.PEN_UP
