
.WRITER_ID IanFelix
.STYLE PRINTED
.PEN_DOWN
	90	263
	90	264
	90	265
	90	266
	89	267
	89	268
	88	269
	88	270
	87	270
	85	271
	84	272
	83	273
	82	273
	81	274
	80	274
	79	274
	78	274
	77	274
	76	274
	75	273
	74	272
	71	270
	69	269
	69	267
	68	266
	68	264
	68	262
	68	261
	68	260
	69	259
	70	258
	71	258
	74	258
	77	258
	79	259
	81	260
	83	261
	84	262
	86	263
	86	264
	87	265
	87	266
	87	267
	87	269
	86	269
	84	269
	83	269
	82	268
	81	267
	80	266
	80	265
	80	264
	80	262
	80	261
	81	257
	82	255
	85	254
	86	253
	88	252
	90	252
	92	251
	94	251
	96	251
.PEN_UP
.PEN_DOWN
	100	308
	101	308
	102	307
	103	303
	103	300
	104	297
	105	294
	105	290
	105	287
	106	283
	107	279
	107	276
	107	273
	108	270
	109	268
	110	265
	111	264
	111	262
	112	261
.PEN_UP
.PEN_DOWN
	119	306
	120	306
	120	305
	120	303
	120	300
	121	294
	121	291
	121	288
	121	284
	121	281
	122	277
	122	275
	122	272
	122	270
	123	268
	124	267
	125	264
	126	263
	127	263
.PEN_UP
.PEN_DOWN
	136	274
	136	273
	136	272
	136	271
	136	270
	136	269
	136	268
	136	266
	137	265
	137	264
	139	262
	140	261
	142	261
	143	261
	144	261
	146	261
	148	261
	149	261
	151	262
	152	263
	153	264
	154	265
	155	267
	156	268
	156	269
	156	270
	156	271
	155	273
	155	274
	154	275
	152	277
	151	278
	149	279
	147	280
	143	281
	142	281
	141	281
	139	281
.PEN_UP
.PEN_DOWN
	159	275
	159	274
	158	272
	158	271
	158	270
	158	269
	158	268
	159	266
	160	265
	160	264
	161	263
	163	262
	164	262
	165	262
	169	262
	170	262
	172	262
	173	263
	175	264
	176	265
	177	266
	178	267
	179	268
	179	269
	179	270
	179	272
	179	273
	178	274
	177	274
	176	274
	176	273
	175	272
	175	271
	174	270
	174	268
	174	267
	174	264
	175	263
	175	262
	177	261
	178	261
	179	261
	181	261
	182	261
	184	261
	186	261
	187	261
	190	263
	192	264
	194	265
	195	266
	196	267
	197	268
	197	269
	197	270
	197	271
	197	272
	197	273
	196	275
	193	277
	192	278
	191	278
.PEN_UP
.PEN_DOWN
	239	300
	240	299
	240	298
	240	297
	240	294
	241	293
	241	290
	241	288
	241	285
	241	279
	241	277
	242	275
	242	273
	242	271
	242	270
	243	268
	243	267
	244	267
	244	266
.PEN_UP
.PEN_DOWN
	227	292
	226	292
	226	291
	227	291
	228	291
	229	291
	231	291
	233	291
	234	291
	237	291
	239	291
	241	291
	243	291
	246	292
	248	292
	250	292
	252	292
	256	292
	257	292
	259	292
	260	292
.PEN_UP
.PEN_DOWN
	260	294
	261	294
	261	293
	261	292
	262	290
	262	288
	262	286
	263	281
	263	278
	264	275
	264	273
	264	270
	265	269
	265	267
	265	266
	265	264
	265	263
	265	262
	265	261
	265	262
	266	263
	266	265
	267	266
	267	268
	268	270
	269	274
	269	276
	271	278
	271	280
	272	281
	272	282
	273	282
	274	282
	274	280
	274	279
	275	275
	275	273
	275	270
	276	269
	276	267
	277	266
	278	264
	278	263
	280	262
	280	261
	282	261
	283	260
	285	260
	286	260
	287	260
.PEN_UP
.PEN_DOWN
	294	276
	295	276
	295	275
	295	274
	295	273
	296	272
	296	270
	296	269
	296	267
	296	266
	296	265
.PEN_UP
.PEN_DOWN
	294	295
	295	295
	295	296
	295	295
	295	294
	294	293
	294	292
	294	291
	295	291
.PEN_UP
.PEN_DOWN
	330	279
	331	279
	331	280
	330	280
	329	280
	327	280
	326	280
	324	280
	323	279
	321	279
	318	278
	316	277
	315	277
	314	276
	313	275
	312	275
	311	275
	311	274
	312	274
	314	273
	316	273
	318	273
	320	273
	323	273
	324	273
	327	273
	328	272
	330	271
	331	271
	331	270
	332	270
	332	268
	332	267
	332	266
	331	266
	331	265
	330	264
	329	263
	328	263
	327	262
	325	262
	323	261
	322	261
	318	261
	316	261
	315	261
	314	261
.PEN_UP
.PEN_DOWN
	347	263
	348	263
	349	263
	350	263
	351	262
	351	261
	351	259
	350	258
	350	256
	349	255
	348	253
	347	251
	346	250
	345	248
	344	246
.PEN_UP
.PEN_DOWN
	387	284
	386	284
	385	284
	383	284
	382	283
	381	282
	379	281
	378	281
	376	279
	375	279
	374	278
	372	276
	372	275
	373	274
	374	274
	376	274
	378	274
	379	274
	381	274
	385	274
	386	274
	387	273
	388	273
	389	272
	389	271
	389	270
	389	269
	389	268
	388	267
	387	266
	385	265
	384	264
	382	264
	381	263
	379	263
	377	263
	376	262
	374	262
	373	262
	371	262
	370	262
	369	262
.PEN_UP
.PEN_DOWN
	407	278
	407	277
	407	276
	407	275
	407	274
	407	273
	407	271
	407	270
	406	269
	406	267
	406	266
.PEN_UP
.PEN_DOWN
	407	291
	407	290
	408	290
.PEN_UP
.PEN_DOWN
	427	279
	427	276
	427	275
	427	274
	427	272
	427	271
	427	270
	427	268
	427	267
	427	266
	428	267
	428	268
	429	269
	429	270
	430	270
	430	272
	431	274
	431	275
	432	276
	433	278
	433	279
	434	280
	435	281
	436	281
	437	279
	437	278
	437	276
	437	275
	438	273
	438	272
	438	270
	439	269
	439	268
	440	267
	441	266
	443	265
	444	264
	445	264
	446	264
	447	263
.PEN_UP
.PEN_DOWN
	463	279
	463	278
	463	277
	463	276
	463	275
	463	274
	463	273
	463	271
	463	270
	462	271
	462	272
	462	273
	462	274
	462	275
	462	276
	461	277
	461	278
	461	279
	460	280
	460	281
	459	281
	459	282
	458	282
	457	282
	456	281
	455	280
	454	280
	453	279
	452	277
	451	276
	451	275
	450	273
	450	271
	450	270
	450	267
	450	266
	451	265
	452	264
	453	263
	455	262
	457	261
	459	261
	461	261
	463	260
	464	260
	469	260
	470	260
	472	260
.PEN_UP
.PEN_DOWN
	482	266
	482	265
	483	264
	484	264
	485	264
	486	265
	487	265
	488	266
	490	267
	491	268
	492	269
	492	270
	493	271
	493	272
	493	274
	493	275
	493	276
	491	278
	490	279
	488	279
	487	279
	485	279
	483	278
	481	277
	480	276
	478	275
	477	273
	476	272
	475	270
	475	267
	475	266
	476	265
	477	264
	478	263
	480	263
	482	262
	485	262
	488	261
	491	261
	493	261
	496	261
	502	261
	504	260
	507	260
	509	259
	510	259
.PEN_UP
.PEN_DOWN
	534	289
	534	290
	534	289
	534	288
	534	286
	534	284
	534	282
	533	279
	533	277
	533	275
	533	272
	532	270
	532	268
	532	266
	532	264
	532	263
	533	260
	533	259
	534	259
.PEN_UP
.PEN_DOWN
	518	279
	519	279
	520	279
	521	279
	522	278
	524	278
	526	277
	528	276
	531	275
	533	275
	536	275
	541	274
	543	274
	546	273
	548	273
	550	273
	552	273
.PEN_UP
.PEN_DOWN
	551	292
	552	290
	552	289
	552	288
	552	286
	552	284
	552	282
	552	279
	552	274
	552	271
	552	269
	552	267
	553	266
	553	264
	553	263
	554	262
	554	261
	555	260
	556	259
	557	259
	558	259
	558	260
	559	261
	560	262
	560	263
	561	264
	562	265
	563	267
	564	268
	565	269
	566	270
	567	270
	567	269
	568	268
	568	267
	568	266
	569	264
	569	262
	570	261
	571	260
	572	259
	572	258
	573	258
	575	257
	576	257
	577	257
.PEN_UP
.PEN_DOWN
	590	270
	590	271
	588	271
	587	272
	586	272
	585	272
	584	272
	583	272
	582	271
	581	271
	580	270
	579	269
	579	268
	579	267
	579	266
	579	265
	579	264
	579	263
	581	261
	582	261
	583	261
	584	261
	585	261
	586	261
	587	262
	589	262
	589	263
	590	264
	591	265
	592	265
	592	267
	592	268
	591	269
	590	269
	589	269
	589	268
	589	267
	589	266
	590	263
	591	262
	592	261
	593	260
	594	259
	595	258
	597	257
	598	257
.PEN_UP
.PEN_DOWN
	605	298
	606	297
	606	296
	606	294
	606	293
	606	292
	606	290
	606	286
	606	284
	606	281
	606	279
	606	276
	606	274
	606	272
	607	270
	607	268
	607	266
	607	265
	607	263
	607	261
	607	260
	607	259
.PEN_UP
.PEN_DOWN
	591	279
	592	279
	593	279
	594	279
	595	279
	597	279
	598	279
	600	279
	602	279
	604	278
	606	278
	610	277
	612	277
	615	276
	617	276
	618	275
.PEN_UP
.PEN_DOWN
	638	264
	639	264
	640	264
	641	264
	643	264
	644	265
	644	266
	646	266
	647	267
	647	268
	648	268
	649	270
	649	271
	649	272
	649	273
	648	274
	647	274
	646	275
	645	275
	644	275
	643	275
	642	275
	639	275
	638	274
	636	272
	635	271
	635	270
	635	269
	635	267
	635	266
	635	265
	636	264
	637	262
	641	261
	643	260
	645	259
	647	259
	649	258
	652	258
	654	258
	655	258
.PEN_UP
.PEN_DOWN
	657	267
	657	266
	657	265
	657	263
	657	262
	657	261
	657	260
	657	258
	658	258
	659	258
	660	258
	660	259
	661	260
	661	261
	662	261
	662	262
	663	264
	664	265
	664	266
	665	267
	665	268
	666	269
	666	270
	665	269
	665	267
	665	266
	665	265
	665	264
	665	263
	665	262
	665	261
	666	260
	667	259
	668	258
	669	257
	672	256
	673	256
	674	255
	676	255
	678	255
.PEN_UP
.PEN_DOWN
	688	266
	687	267
	686	268
	685	268
	685	269
	684	269
	683	269
	682	269
	681	268
	680	267
	679	266
	678	265
	678	264
	678	263
	678	262
	678	261
	678	260
	679	259
	680	258
	681	258
	682	258
	683	258
	684	258
	684	259
	685	260
	685	261
	685	262
	685	263
	685	262
	686	261
	686	260
	687	259
	688	258
	689	257
	691	256
	692	255
	693	254
.PEN_UP
.PEN_DOWN
	704	291
	703	291
	703	290
	703	288
	703	287
	703	286
	703	284
	702	281
	702	279
	702	275
	702	273
	703	271
	703	270
	703	268
	703	267
	703	266
	703	265
	703	264
	703	263
	703	262
	703	261
	703	259
	703	258
.PEN_UP
.PEN_DOWN
	703	269
	704	269
	705	268
	707	268
	708	267
	709	266
	710	265
	711	264
	712	262
	712	261
	713	261
	713	259
	713	258
	713	257
	712	257
	711	256
	710	255
	708	255
	707	255
	706	255
	705	255
	702	255
.PEN_UP
.PEN_DOWN
	726	292
	727	292
	727	288
	727	287
	727	284
	727	282
	727	279
	727	277
	727	275
	727	273
	727	271
	727	269
	727	267
	728	264
	728	263
	728	262
	728	261
	729	260
.PEN_UP
.PEN_DOWN
	734	262
	735	262
	736	262
	737	262
	737	263
	739	263
	740	264
	741	265
	742	266
	743	267
	744	268
	744	269
	744	270
	744	271
	743	271
	741	271
	740	271
	739	271
	737	270
	735	269
	735	268
	734	266
	734	265
	734	263
	734	262
	734	261
	735	259
	736	258
	738	257
	740	257
	742	256
	745	256
	747	256
	750	256
	752	256
	754	257
.PEN_UP
.PEN_DOWN
	765	290
	765	289
	765	288
	765	287
	765	285
	765	284
	765	281
	765	279
	765	277
	765	275
	765	271
	765	270
	765	268
	766	267
	766	266
	766	265
	767	264
	767	263
	767	262
	767	263
	767	264
	767	265
	767	266
	767	267
	766	268
	765	269
	764	270
	763	270
	760	270
	759	270
	757	270
	756	269
	754	268
	753	267
	751	266
	750	265
	750	263
	750	262
	750	261
	750	259
	751	258
	753	257
	755	257
	757	257
	759	257
	762	257
	765	257
	768	257
	770	257
	773	257
	775	257
	779	258
.PEN_UP
