
.WRITER_ID IanFelix
.STYLE PRINTED
.PEN_DOWN
	75	304
	75	305
	76	306
	76	307
	76	306
	76	305
	76	304
	76	302
	76	301
	76	299
	76	297
	76	294
	76	292
	76	290
	76	288
	76	284
	76	283
	76	281
	76	280
	76	279
.PEN_UP
.PEN_DOWN
	80	306
	79	306
	79	307
	78	307
	78	308
	78	307
	77	306
	76	305
	76	304
	76	303
	75	302
	74	301
	74	300
	73	299
	73	298
.PEN_UP
.PEN_DOWN
	64	283
	65	283
	65	282
	66	282
	67	282
	68	281
	69	281
	71	280
	72	280
	73	280
	74	280
	76	280
	79	280
	80	281
	82	281
.PEN_UP
.PEN_DOWN
	95	302
	94	303
	93	302
	93	301
	92	300
	92	299
	91	297
	91	295
	91	294
	91	293
	91	291
	91	290
	92	289
	93	288
	94	288
	95	287
	97	287
	98	287
	101	288
	102	288
	104	289
	105	289
	106	290
	107	291
	108	292
	108	293
	109	294
	109	295
	109	296
	109	298
	108	299
	108	300
	107	300
	105	301
	104	302
	102	302
	100	302
	98	302
	97	302
	95	301
.PEN_UP
.PEN_DOWN
	110	292
	110	291
	110	290
	110	289
	110	288
	110	287
	111	287
	112	286
	113	285
	114	285
	115	285
	118	286
	119	286
	121	287
	122	288
	123	289
	125	290
	126	291
	127	293
	128	294
	129	295
	129	296
	129	297
	128	299
	127	300
	126	300
	125	301
	123	301
	121	301
	119	301
	118	301
.PEN_UP
.PEN_DOWN
	160	313
	159	312
	158	311
	155	308
	154	307
	153	306
	152	304
	150	302
	149	301
	148	299
	146	297
	146	295
	144	293
	144	292
	143	291
	142	289
	142	288
.PEN_UP
.PEN_DOWN
	142	314
	143	315
	143	316
	143	315
	143	314
.PEN_UP
.PEN_DOWN
	161	289
	161	288
.PEN_UP
.PEN_DOWN
	195	302
	195	303
	195	304
	194	304
	193	304
	191	303
	190	302
	189	301
	189	299
	189	298
	189	297
	190	297
	190	296
	191	295
	192	295
	194	294
	195	294
	197	294
	198	294
	200	295
	201	295
	202	296
	203	296
	203	297
	203	298
	203	299
	203	301
	202	301
	200	302
	199	303
	196	303
	196	304
	195	304
	193	304
	192	304
.PEN_UP
.PEN_DOWN
	211	302
	212	301
	212	300
	214	301
	215	302
	216	303
	217	305
	218	306
	218	307
	220	309
	220	311
	221	312
	222	314
	222	315
	222	318
	222	319
	222	320
	221	321
	220	321
	219	321
	218	321
	217	321
	216	320
	215	319
	215	318
	214	316
	213	313
	213	311
	213	309
	213	307
	213	305
	213	303
	213	301
	214	299
	214	298
	215	296
	215	295
	216	293
	216	292
	216	291
	217	290
	217	289
	217	288
	216	288
.PEN_UP
.PEN_DOWN
	201	298
	202	298
	203	298
	204	298
	206	298
	208	299
	209	299
	211	300
	213	300
	215	301
	217	301
	218	301
	220	301
	221	301
	223	301
.PEN_UP
.PEN_DOWN
	251	311
	252	311
	252	312
	251	312
	251	311
	250	311
	249	310
	249	309
	248	308
	247	307
	246	306
	245	304
	244	302
	242	300
	241	298
	241	297
	241	296
	242	296
.PEN_UP
.PEN_DOWN
	263	316
	264	316
	264	315
	263	315
	263	314
	262	313
	261	312
	260	310
	259	309
	257	307
	257	306
	255	303
	254	302
	254	301
	254	300
	254	299
.PEN_UP
.PEN_DOWN
	234	311
	235	312
	236	313
	238	313
	239	314
	241	314
	243	314
	245	314
	249	314
	251	314
	253	314
	255	313
	257	313
	258	312
	260	312
	261	311
	262	311
	263	311
	265	310
	267	310
	268	309
.PEN_UP
.PEN_DOWN
	237	302
	238	302
	239	302
	241	302
	242	302
	244	303
	245	303
	247	303
	249	303
	251	303
	252	303
	254	303
	258	303
	260	303
	261	303
	262	303
	263	302
.PEN_UP
.PEN_DOWN
	283	320
	282	319
	282	318
	281	317
	281	316
	280	315
	279	314
	277	312
.PEN_UP
.PEN_DOWN
	295	307
	294	306
	293	306
	292	306
	291	305
	289	305
	288	304
	287	303
	285	303
	284	302
	283	302
	282	301
	282	300
	282	299
	283	299
	285	299
	286	299
	288	299
	289	299
	293	299
	294	298
	295	298
	297	297
	299	296
	299	295
	299	294
	299	293
	297	292
	295	292
	294	291
	292	291
	290	291
	288	291
	285	290
	283	290
	281	290
	279	289
.PEN_UP
.PEN_DOWN
	332	322
	330	321
	330	320
	329	319
	328	318
	327	316
	325	315
	324	313
	322	311
	321	310
	319	308
	318	306
	317	304
	314	301
	313	300
	313	299
	312	298
	312	297
.PEN_UP
.PEN_DOWN
	336	309
	335	309
	334	308
	333	307
	332	304
	331	303
	331	302
	331	301
	331	300
	332	298
	333	298
	334	297
	336	296
	338	296
	340	296
	342	296
	347	296
	349	296
	351	297
	353	297
	355	298
	357	300
	358	301
	359	302
	360	304
	361	305
	361	306
	361	307
	361	310
	361	311
	361	312
	361	313
	361	314
	361	315
	351	315
	348	315
	346	315
	343	314
	341	314
	338	313
.PEN_UP
.PEN_DOWN
	391	308
	391	309
	391	310
	390	311
	387	311
	386	311
	385	311
	384	311
	383	311
	382	310
	381	309
	380	308
	379	307
	379	306
	378	304
	378	303
	378	300
	378	299
	378	297
	379	297
	380	296
	381	296
	383	296
	385	296
	387	296
	389	296
	390	297
	391	297
	394	299
	395	300
	395	301
	396	302
	396	303
	396	304
	396	305
	395	305
	395	306
	393	306
	390	306
	389	306
	388	306
	386	305
	386	304
	385	303
	385	302
	385	301
	385	300
	385	299
	386	298
	387	297
	389	296
	391	296
	392	296
	394	296
	396	296
	397	296
.PEN_UP
.PEN_DOWN
	406	306
	407	306
	407	305
	408	304
	409	302
	409	301
	410	300
	410	299
	410	298
	411	297
	412	297
	411	298
	411	299
	411	300
	411	301
	410	301
	409	302
	409	303
	408	304
	408	305
	408	306
	408	307
	409	308
	409	309
	410	309
	410	310
	411	310
	412	310
	413	310
	415	310
	416	310
	417	310
	419	310
	420	310
.PEN_UP
.PEN_DOWN
	426	295
	427	295
	428	295
	429	295
	431	297
	432	298
	432	299
	433	300
	433	302
	433	303
	433	304
	433	305
	432	306
	430	306
	428	306
	427	306
	425	306
	424	305
	423	303
	422	302
	421	301
	421	300
	421	298
	421	297
	421	296
	423	294
	424	294
	426	293
	428	293
	430	293
	432	292
	434	292
	436	292
	438	292
	440	292
	443	292
.PEN_UP
.PEN_DOWN
	464	315
	463	315
	463	314
	462	314
	461	313
	460	311
	459	310
	457	307
	456	306
	455	304
	455	303
	454	302
	454	301
	455	301
	456	302
	457	303
	458	304
	459	306
	459	307
	460	309
	461	310
	461	312
	462	313
	462	315
	463	317
	463	318
	464	320
	464	321
	464	320
	463	320
	463	318
	463	317
	463	315
	463	312
	464	311
	464	310
	465	308
	465	307
	466	306
	467	304
	469	303
	470	302
	471	301
	472	300
	474	298
	475	298
	475	297
	476	297
.PEN_UP
.PEN_DOWN
	487	311
	487	310
	486	308
	486	307
	486	306
	486	303
	486	302
	486	300
	486	299
	487	298
	488	298
	489	297
	490	297
	492	297
	493	297
	494	298
	496	299
	499	301
	500	302
	501	303
	502	304
	503	306
	503	308
	503	309
	503	310
	503	311
	503	312
	502	312
	501	312
	500	311
	500	310
	500	309
	499	308
	499	307
	499	305
	499	304
	500	303
	501	301
	502	300
	503	300
	505	299
	506	299
	507	299
	509	299
	510	299
.PEN_UP
.PEN_DOWN
	515	314
	515	313
	515	312
	515	311
	515	310
	514	309
	514	307
	514	306
	513	305
	513	303
	513	302
	514	301
	514	300
	514	299
	514	298
	515	298
	515	299
	515	300
	516	301
	516	302
	516	304
	516	305
	517	306
	517	308
	517	309
	518	310
	518	311
	519	313
	520	313
	520	312
	520	311
	520	310
	521	309
	521	307
	521	306
	522	304
	522	303
	523	302
	523	301
	524	301
	524	300
	525	299
	526	299
	526	298
.PEN_UP
.PEN_DOWN
	535	328
	536	328
	537	328
	537	327
	537	326
	537	325
	537	323
	537	322
	537	320
	537	318
	537	316
	538	314
	538	312
	538	310
	538	309
	539	306
	539	304
	539	303
	539	302
	540	301
	540	300
	540	302
	540	303
	540	304
	540	305
	539	306
	539	307
	538	309
	537	310
	537	311
	536	311
	535	311
	532	311
	532	310
	530	309
	530	307
	529	306
	528	304
	528	303
	528	302
	528	300
	528	299
	529	299
	530	298
	533	297
	534	296
	536	296
	537	296
	539	296
	541	296
	543	296
	544	297
.PEN_UP
.PEN_DOWN
	552	297
	553	298
	554	298
	554	299
	555	299
	555	300
	557	302
	558	303
	559	304
	559	305
	559	306
	559	307
	559	308
	558	308
	557	309
	556	309
	553	309
	552	309
	550	308
	549	307
	549	306
	548	305
	548	304
	548	302
	548	300
	549	299
	552	297
	553	297
	555	297
	556	297
	558	297
	561	297
	563	297
.PEN_UP
.PEN_DOWN
	573	307
	574	307
	574	306
	575	306
	575	307
	576	308
	576	309
	577	310
	577	311
	578	312
	578	313
	579	314
	579	315
	579	316
	579	317
	579	319
	579	320
	578	321
	577	321
	576	321
	575	321
	574	320
	573	319
	572	318
	571	316
	570	313
	570	312
	569	310
	569	309
	569	307
	569	306
	569	304
	570	303
	570	302
	571	301
	572	300
	574	298
	575	297
	576	296
	577	295
	578	295
.PEN_UP
.PEN_DOWN
	565	306
	566	306
	567	306
	568	306
	569	306
	570	306
	571	306
	572	306
	573	305
	576	305
	577	305
	578	304
	580	304
	581	304
	582	304
	584	304
	585	304
.PEN_UP
.PEN_DOWN
	588	308
	588	307
	588	306
	588	305
	588	304
	588	303
	588	302
	588	299
	588	298
	589	297
	589	296
.PEN_UP
.PEN_DOWN
	588	315
	588	314
	589	314
.PEN_UP
.PEN_DOWN
	598	307
	598	306
	598	305
	599	305
	599	304
	599	303
	599	302
	599	300
	599	299
	599	298
	599	297
	600	297
	600	296
	601	296
	601	297
	602	297
	603	298
	604	299
	604	300
	605	301
	605	302
	606	303
	606	304
	607	305
	607	306
	608	306
	609	306
	610	305
	610	304
	610	303
	610	302
	610	301
	610	300
	610	298
	611	297
	612	296
	613	295
	614	294
	615	294
	616	293
	617	293
	618	293
	619	293
.PEN_UP
.PEN_DOWN
	626	295
	626	296
	627	296
	628	297
	629	298
	630	299
	631	300
	632	301
	632	302
	632	303
	632	304
	632	305
	631	306
	629	306
	627	306
	626	306
	625	305
	623	304
	622	303
	622	302
	621	301
	620	300
	620	298
	620	297
	620	296
	621	295
	622	294
	623	293
	624	293
	626	293
	627	292
	629	292
	631	292
	633	292
	635	292
	636	293
	638	293
	640	293
	641	294
.PEN_UP
.PEN_DOWN
	645	320
	645	319
	645	318
	646	317
	646	316
	646	315
	647	312
	647	311
	648	310
	648	309
	648	307
	648	306
	649	305
	649	304
	649	302
	649	301
	649	300
	650	299
	650	300
	649	300
	649	301
	649	302
	648	303
	647	303
	646	304
	645	304
	644	304
	643	304
	641	304
	640	303
	639	302
	638	301
	637	300
	636	299
	636	297
	636	296
	636	295
	637	294
	638	293
	639	293
	640	293
	642	293
	644	293
	646	293
	649	293
	653	293
	655	293
	658	294
.PEN_UP
.PEN_DOWN
	659	304
	659	305
	659	306
	659	307
	659	308
	659	309
	659	310
	659	311
	659	312
	660	313
	660	314
	660	315
	661	316
	661	317
	662	318
	662	319
	662	320
	663	321
	663	322
	664	322
	664	323
	664	324
	665	324
	666	324
	666	323
	666	322
	667	322
	667	321
	667	320
	668	318
	668	317
	668	316
	669	315
	669	314
	669	313
	669	312
	669	311
	670	310
	671	309
	671	308
	672	307
	673	305
	674	305
	675	305
.PEN_UP
