
.WRITER_ID IanFelix
.STYLE PRINTED
.PEN_DOWN
	117	332
	116	332
	115	332
	114	332
	113	333
	112	333
	110	333
	109	334
	108	335
	107	335
	106	335
	105	336
	104	336
	103	336
	102	337
	100	337
	99	337
	98	337
	96	337
	95	337
	94	337
	93	337
	92	337
	93	337
	93	336
	94	335
	95	334
	95	333
	95	332
	96	332
	96	331
	96	330
	96	329
	96	327
	96	326
	96	324
	96	322
	96	320
	96	317
	95	314
	95	312
	95	311
	95	309
	95	308
	96	307
	96	306
	96	305
	97	305
	98	305
	99	305
	100	305
	101	305
	103	305
	104	305
	105	306
	107	306
	108	306
	110	307
	111	307
	112	307
	113	307
	114	307
	114	306
.PEN_UP
.PEN_DOWN
	136	335
	136	336
	136	337
	135	336
	135	335
	134	334
	133	332
	132	329
	131	327
	131	324
	131	323
	131	321
	131	319
	131	318
	131	316
	132	315
	133	314
	134	313
	136	311
	137	311
	138	310
	140	310
	141	310
.PEN_UP
.PEN_DOWN
	161	335
	161	334
	162	333
	162	332
	162	331
	162	329
	162	328
	162	327
	162	326
	162	324
	162	323
	162	319
	162	318
	162	316
	162	315
	162	314
	162	313
	162	311
	163	311
	163	310
.PEN_UP
.PEN_DOWN
	165	337
	165	336
	165	335
	164	334
	163	333
	162	332
	161	331
	160	330
	159	329
	159	328
	158	327
	156	326
	156	325
.PEN_UP
.PEN_DOWN
	152	313
	154	313
	154	312
	155	312
	156	312
	157	312
	158	312
	159	311
	160	311
	161	311
	163	311
	164	311
	165	311
	169	311
	170	311
.PEN_UP
.PEN_DOWN
	181	344
	182	344
	183	344
	184	343
	184	342
	185	341
	185	340
	186	339
	186	338
	187	337
	187	336
	188	334
	188	333
	188	332
	188	330
	188	327
	187	326
	187	324
	186	323
	185	321
	184	320
	184	318
	183	317
.PEN_UP
.PEN_DOWN
	205	341
	205	340
	204	339
	203	338
	202	337
	201	336
	200	334
	199	333
	199	332
	198	330
	198	329
	197	328
	197	326
	197	323
	197	322
	197	320
	197	319
	197	317
	198	316
	198	315
	199	313
	200	312
	200	311
	201	311
	203	310
.PEN_UP
.PEN_DOWN
	215	332
	216	332
	217	332
	219	332
	221	332
	222	332
	223	332
	224	331
	225	330
	225	329
	225	328
	225	326
	225	325
	224	323
	222	320
	221	319
	219	317
	218	315
	217	315
	215	314
	215	313
	214	312
	213	312
	214	312
	215	312
	217	313
	218	313
	220	313
	221	313
	223	314
	225	314
	227	314
	230	315
	232	315
	233	315
	234	315
.PEN_UP
.PEN_DOWN
	234	344
	235	343
	236	342
	237	341
	238	340
	239	339
	240	336
	241	335
	242	333
	242	332
	242	330
	242	329
	242	327
	242	325
	242	323
	241	322
	240	320
	240	318
	238	315
	237	314
	236	313
	235	311
	234	311
.PEN_UP
.PEN_DOWN
	260	335
	259	335
	257	334
	257	333
	256	332
	255	331
	254	329
	254	328
	253	326
	252	325
	252	323
	251	321
	251	319
	251	317
	252	314
	252	312
	253	311
	254	309
	255	308
	256	307
	258	306
	259	306
	261	305
	262	305
.PEN_UP
.PEN_DOWN
	268	330
	269	330
	270	330
	271	331
	272	331
	273	331
	274	331
	276	331
	277	331
	278	330
	279	329
	280	329
	280	328
	280	327
	280	326
	280	325
	279	324
	278	323
	277	323
	276	322
	274	321
	272	320
	271	320
	270	320
	270	321
	271	321
	272	322
	275	322
	276	322
	277	322
	279	321
	280	321
	281	320
	282	320
	283	319
	284	318
	284	317
	284	316
	284	315
	284	313
	284	312
	283	311
	282	311
	281	310
	280	309
	278	309
	277	308
	275	308
	274	308
	273	308
	272	308
	270	309
	269	309
	268	310
	268	311
.PEN_UP
.PEN_DOWN
	292	341
	292	339
	293	338
	294	338
	294	336
	296	333
	296	332
	297	330
	298	329
	299	327
	299	325
	299	323
	299	321
	299	319
	299	317
	298	315
	298	314
	296	311
	295	310
	294	308
	292	307
.PEN_UP
.PEN_DOWN
	324	340
	323	339
	323	338
	322	338
	321	336
	320	335
	319	333
	318	332
	317	330
	316	328
	315	326
	315	322
	315	320
	316	317
	316	315
	316	314
	318	312
	318	311
	320	310
	321	309
	323	308
	325	307
	326	307
.PEN_UP
.PEN_DOWN
	334	332
	334	331
	333	331
	333	330
	332	329
	332	328
	331	327
	331	326
	331	325
	331	324
	331	323
	332	323
	333	322
	334	321
	336	321
	338	321
	339	320
	340	320
	342	320
	344	320
	345	319
	348	319
	349	319
.PEN_UP
.PEN_DOWN
	348	339
	349	338
	349	337
	348	335
	348	333
	347	331
	347	329
	347	327
	346	325
	346	323
	346	321
	346	319
	346	317
	346	315
	346	314
	346	312
	347	310
	348	309
	348	308
.PEN_UP
.PEN_DOWN
	362	338
	362	337
	363	336
	364	334
	365	333
	366	331
	367	329
	368	327
	368	325
	368	320
	368	318
	367	316
	366	314
	365	312
	364	311
	363	309
	362	308
	360	307
	358	306
	357	305
.PEN_UP
.PEN_DOWN
	395	340
	395	339
	393	338
	392	338
	391	337
	390	336
	390	335
	389	333
	388	332
	387	330
	386	327
	386	325
	386	323
	386	321
	386	319
	387	317
	388	315
	390	314
	391	313
	393	311
	395	311
.PEN_UP
.PEN_DOWN
	412	334
	411	334
	409	333
	408	333
	407	333
	406	332
	404	331
	403	331
	401	330
	399	329
	398	328
	398	327
	398	326
	400	325
	402	324
	403	324
	406	324
	408	323
	412	322
	413	322
	415	321
	416	320
	417	319
	418	319
	418	318
	418	317
	418	316
	418	315
	417	314
	416	314
	415	313
	414	313
	413	313
	411	313
	409	313
	408	313
	406	313
	404	314
	402	314
	401	315
	400	315
.PEN_UP
.PEN_DOWN
	410	336
	411	336
	412	336
	413	336
	415	336
	416	336
	418	336
	419	336
	420	336
	421	336
	423	336
	424	335
	425	335
	426	334
	427	334
.PEN_UP
.PEN_DOWN
	428	345
	429	344
	430	343
	430	342
	431	339
	432	338
	433	337
	433	335
	434	334
	435	332
	435	331
	435	329
	435	327
	435	325
	434	323
	434	321
	431	317
	430	316
	428	315
	426	313
	424	312
	422	311
	420	311
.PEN_UP
.PEN_DOWN
	447	342
	447	343
	448	343
	449	343
	449	344
	451	344
	452	344
	453	344
	454	344
	455	344
	457	344
	458	344
	460	343
	461	343
	463	342
	465	342
	466	341
	468	341
	470	340
	471	340
	472	340
	473	340
	473	339
	472	339
	472	338
	471	338
	470	337
	470	336
	469	335
	469	334
	468	333
	468	332
	468	330
	468	329
	468	327
	468	326
	468	324
	468	323
	468	320
	468	319
	469	317
	469	315
	469	314
	469	311
	469	310
	469	309
	469	308
	468	308
	468	309
	467	309
	466	310
	465	310
	464	310
	463	310
	460	310
	459	310
	455	311
	453	311
	451	311
	449	312
	447	312
	446	313
	444	313
	443	313
.PEN_UP
