
.WRITER_ID IanFelix
.STYLE PRINTED
.PEN_DOWN
	79	320
	80	318
	80	317
	80	316
	80	315
	80	314
	80	313
	80	311
	80	310
	80	308
	80	306
	80	305
	80	303
	80	300
	80	298
	80	297
	80	295
	79	294
	79	293
	79	292
	79	291
	79	290
	79	289
.PEN_UP
.PEN_DOWN
	66	318
	67	318
	67	319
	68	319
	70	319
	71	319
	73	319
	75	319
	78	320
	80	320
	85	321
	87	321
	89	321
	91	322
	92	322
	94	323
	95	323
	96	323
	97	323
.PEN_UP
.PEN_DOWN
	86	302
	87	302
	88	302
	88	301
	88	300
	88	297
	88	296
	88	294
	88	293
	88	292
	89	291
	89	290
	90	290
	91	290
	92	290
	93	291
	95	292
	96	293
	97	294
	98	295
	98	296
	99	297
	99	298
	99	299
	99	300
	99	301
	98	301
	98	300
	98	299
	98	297
	98	296
	98	295
	98	294
	99	293
	101	292
	102	292
	103	292
	105	292
	107	293
	108	293
	110	294
	111	295
	112	296
	113	297
	114	298
	114	299
	115	301
	115	302
	115	303
	115	304
	114	305
	114	306
	113	306
	112	307
	111	308
	110	309
.PEN_UP
.PEN_DOWN
	119	300
	119	299
	119	298
	119	297
	119	296
	120	295
	120	294
	121	293
	122	293
	124	293
	125	293
	126	293
	128	293
	129	294
	131	294
	132	295
	134	296
	135	297
	136	298
	136	299
	136	300
	136	301
	135	301
	135	302
	133	303
	132	304
	131	305
	128	306
	126	306
	124	306
	122	306
	120	306
	119	306
.PEN_UP
.PEN_DOWN
	158	310
	159	310
	160	311
	160	312
	161	313
	161	314
	161	316
	162	317
	162	319
	162	320
	162	321
	162	322
	162	323
	162	324
	161	326
	161	328
	161	329
	160	329
	159	329
	158	329
	158	328
	157	327
	156	324
	155	321
	155	319
	155	316
	154	314
	154	311
	154	309
	154	307
	155	305
	155	303
	155	302
	156	300
	157	297
	157	296
	158	296
	158	295
	158	294
	158	293
.PEN_UP
.PEN_DOWN
	144	305
	145	305
	146	305
	147	305
	148	306
	149	306
	151	306
	153	306
	155	306
	157	306
	159	306
	160	306
	161	306
	162	306
	163	305
	164	305
	165	305
.PEN_UP
.PEN_DOWN
	168	321
	167	320
	167	319
	167	317
	167	315
	167	312
	167	310
	167	308
	167	306
	167	304
	167	302
	167	298
	168	297
	168	296
	168	295
	168	294
	169	293
.PEN_UP
.PEN_DOWN
	175	304
	175	303
	175	302
	175	301
	175	299
	176	298
	176	297
	177	297
	178	296
	179	296
	180	296
	181	296
	182	296
	184	296
	184	297
	186	298
	187	299
	187	300
	188	300
	188	301
	188	302
	188	303
	188	304
	187	305
	187	306
	186	306
	185	307
	182	309
	181	310
	179	311
	178	311
	176	311
	175	311
	174	311
.PEN_UP
.PEN_DOWN
	195	307
	195	306
	195	305
	195	304
	194	303
	194	302
	194	301
	194	300
	195	298
	195	297
	196	297
	196	296
	197	296
	198	296
	199	296
	200	296
	202	297
	203	297
	204	298
	206	300
	207	301
	208	302
	208	303
	208	304
	208	305
	208	306
	207	306
	206	305
	206	304
	206	302
	206	301
	206	300
	206	298
	206	297
	207	296
	208	295
	209	295
	212	295
	213	295
	214	295
	215	296
	217	296
	217	297
	219	297
	220	298
	221	299
	222	300
	222	301
	222	302
	222	304
	222	305
	221	306
	220	307
	219	308
	218	308
	217	309
	216	309
	215	309
.PEN_UP
.PEN_DOWN
	223	294
	224	293
	225	293
	226	293
	227	293
	228	293
	228	294
	229	295
	229	296
	230	297
	231	297
	231	298
	232	299
	232	300
	232	302
	232	303
	232	305
	232	306
	231	306
	229	306
	228	305
	227	304
	226	303
	226	302
	225	300
	225	297
	225	296
	225	295
	226	293
	227	293
	228	292
	229	291
	231	290
	232	290
	233	290
	236	291
	237	291
	238	291
	239	292
	240	292
	241	293
	242	293
.PEN_UP
.PEN_DOWN
	243	300
	244	298
	244	297
	245	296
	245	295
	245	294
	245	293
	246	293
	246	292
	247	292
	247	291
	247	292
	248	292
	248	293
	248	294
	248	295
	248	296
	248	297
	247	299
	247	300
	246	301
	246	302
	245	302
	245	303
	246	303
	247	304
	248	304
	249	304
	251	304
	252	304
	253	305
	255	305
	257	305
	259	306
	260	306
	262	307
	263	307
.PEN_UP
.PEN_DOWN
	278	316
	278	317
	277	317
	277	316
	277	315
	277	314
	276	313
	276	309
	276	307
	276	305
	276	303
	276	301
	276	298
	276	296
	276	293
	276	292
	276	290
	276	288
	276	287
	276	284
	277	284
	277	283
	278	283
	278	284
	279	286
	279	287
	280	288
	281	290
	282	293
	283	294
	283	296
	284	298
	285	300
	285	301
	286	302
	287	302
	288	301
	289	298
	289	297
	290	295
	291	293
	291	292
	292	290
	293	289
	294	288
	294	286
	295	285
	296	284
	297	284
	300	283
	301	283
	302	283
.PEN_UP
.PEN_DOWN
	308	297
	308	298
	307	299
	307	300
	306	300
	305	301
	304	302
	303	302
	302	302
	301	302
	300	302
	298	301
	296	299
	295	298
	294	297
	294	296
	294	295
	294	294
	294	293
	295	292
	296	291
	297	290
	298	290
	299	290
	303	290
	304	290
	306	290
	307	291
	308	291
	309	292
	310	293
	311	294
	311	295
	311	296
	311	297
	310	298
	309	298
	308	298
	308	297
	307	296
	307	295
	307	293
	307	292
	307	291
	308	288
	310	288
	311	287
	312	287
	313	287
	314	287
.PEN_UP
.PEN_DOWN
	325	317
	325	316
	326	315
	326	314
	326	313
	327	310
	327	309
	327	307
	327	306
	328	304
	328	302
	328	301
	328	300
	328	298
	328	297
	328	296
	328	294
	327	295
	327	296
	326	296
	324	298
	324	299
	323	300
	322	300
	321	300
	320	300
	319	299
	318	299
	317	297
	316	296
	316	295
	315	293
	315	291
	315	290
	316	289
	317	288
	318	288
	319	287
	321	287
	323	287
	325	287
	327	287
	329	288
	331	288
	334	289
.PEN_UP
.PEN_DOWN
	358	299
	358	298
	358	297
	358	296
	357	295
	357	293
	357	291
	357	289
	356	287
	356	283
	356	280
	356	278
	356	277
	356	275
	356	274
	357	273
	357	272
	357	271
	358	270
.PEN_UP
.PEN_DOWN
	354	302
	354	303
	355	303
	357	303
	358	303
	359	303
	361	303
	366	303
	368	303
	370	303
	372	302
	373	302
	374	301
	374	300
	374	298
	374	297
	374	296
	373	295
	372	294
	369	292
	367	291
	366	290
	365	290
	363	289
	362	289
	361	289
	360	289
	359	289
	358	289
.PEN_UP
.PEN_DOWN
	382	299
	381	299
	381	298
	380	298
	380	297
	379	297
	379	296
	378	296
	378	295
	378	294
	378	293
	378	292
	379	291
	379	290
	380	289
	381	289
	382	288
	383	288
	385	288
	387	288
	388	288
	390	289
	391	289
	393	291
	394	292
	395	293
	395	294
	395	295
	395	296
	395	297
	394	297
	393	298
	391	299
	390	299
	387	301
	385	302
	384	303
	382	304
	380	305
	379	305
.PEN_UP
.PEN_DOWN
	413	301
	412	301
	411	301
	409	301
	408	300
	407	300
	405	300
	403	300
	402	299
	401	299
	400	298
	398	298
	397	298
	397	297
	398	297
	399	296
	400	296
	402	296
	403	296
	404	295
	406	295
	408	294
	408	293
	409	293
	409	292
	409	291
	409	290
	409	289
	408	288
	407	288
	405	287
	404	287
	403	287
	402	287
	401	287
	400	287
	399	287
	398	287
	397	287
.PEN_UP
.PEN_DOWN
	415	287
	416	287
	417	287
	418	287
	419	288
	420	289
	421	289
	422	290
	423	291
	423	292
	424	293
	424	294
	424	295
	424	296
	423	296
	417	295
	416	294
	415	293
	414	292
	414	291
	414	290
	414	289
	414	287
	414	286
	415	285
	417	284
	418	284
	420	283
	421	283
	424	283
	426	283
	428	283
	430	283
	432	284
.PEN_UP
.PEN_DOWN
	445	314
	446	313
	447	313
	447	312
	447	311
	447	310
	447	308
	447	307
	447	306
	447	304
	447	302
	447	299
	447	297
	447	296
	447	294
	447	293
	448	292
	448	291
	448	290
	449	289
	449	290
	449	291
	449	292
	449	293
	449	294
	448	295
	447	296
	446	296
	445	297
	441	297
	440	297
	438	296
	436	296
	435	295
	434	293
	432	292
	431	291
	430	290
	430	288
	430	287
	430	286
	432	284
	433	283
	435	283
	437	282
	438	282
	441	282
	443	282
	445	282
	448	282
	450	283
	452	283
	456	284
	458	284
.PEN_UP
.PEN_DOWN
	488	297
	488	298
	489	298
	489	299
	489	300
	489	301
	489	302
	488	303
	487	304
	486	304
	485	304
	484	304
	483	304
	482	304
	481	304
	480	303
	478	302
	477	301
	477	300
	476	299
	476	298
	476	297
	476	296
	477	295
	478	293
	479	293
	480	292
	482	292
	486	292
	488	292
	489	292
	491	292
	492	293
	493	293
	494	294
	495	295
	496	296
	496	297
	496	298
	495	299
	494	299
	493	299
	492	299
	492	298
	492	297
	492	296
	492	293
	493	292
	494	291
	495	290
	497	290
	498	289
	499	289
.PEN_UP
.PEN_DOWN
	505	324
	505	323
	505	322
	505	321
	505	320
	505	318
	505	315
	505	311
	505	309
	505	307
	505	306
	506	303
	506	302
	506	300
	506	299
	507	297
	507	296
	507	295
	507	294
	508	292
	508	291
.PEN_UP
.PEN_DOWN
	516	304
	515	304
	514	304
	514	303
	513	302
	513	301
	512	300
	512	298
	512	297
	512	296
	513	293
	514	292
	514	291
	516	291
	517	290
	519	290
	520	290
	522	290
	524	291
	525	292
	527	292
	528	293
	530	295
	531	297
	532	297
	532	298
	532	300
	532	301
	532	302
	531	303
	530	304
	528	305
	527	306
	524	308
	522	308
	520	308
	518	308
	516	307
.PEN_UP
.PEN_DOWN
	533	299
	533	298
	533	297
	533	296
	534	295
	534	294
	534	293
	534	292
	534	291
	535	290
	536	290
	536	291
	536	292
	537	293
	537	294
	538	295
	538	296
	539	297
	539	298
	540	299
	541	300
	541	301
	542	301
	543	302
	544	302
	544	303
	545	303
	545	302
	545	301
	545	300
	545	299
	544	298
	544	297
	544	296
	544	293
	545	293
	545	292
	546	291
	547	290
	548	289
	549	288
.PEN_UP
.PEN_DOWN
	568	297
	567	298
	566	299
	566	300
	565	301
	565	302
	564	302
	563	302
	562	303
	560	303
	559	303
	558	302
	557	302
	557	301
	557	300
	557	299
	557	298
	557	297
	557	296
	558	295
	560	294
	561	293
	562	293
	564	293
	565	293
	566	293
	567	293
	568	294
	569	294
	569	295
	568	295
	568	294
	567	294
	567	293
	566	293
	566	292
	566	290
	566	289
	566	287
	566	286
	566	284
	566	283
	566	282
	566	280
	566	279
	566	278
	566	276
	566	275
	566	274
	566	272
	566	270
	566	269
	566	268
	565	267
	564	266
	562	266
	561	266
	559	266
	557	266
	555	266
	551	266
	548	267
	547	267
	545	267
	544	268
.PEN_UP
.PEN_DOWN
	591	307
	590	306
	589	306
	588	306
	587	306
	586	305
	584	305
	583	304
	582	304
	581	303
	580	303
	579	303
	579	302
	580	302
	580	301
	581	301
	582	301
	583	301
	584	300
	585	300
	586	300
	588	299
	589	299
	589	298
	591	297
	591	296
	591	295
	591	294
	591	293
	590	293
	590	292
	589	292
	588	292
	587	292
	584	292
	583	292
	581	292
	579	292
	578	292
	576	292
	575	292
	574	293
	573	293
	572	293
.PEN_UP
.PEN_DOWN
	594	301
	594	300
	595	299
	595	298
	595	297
	595	296
	595	295
	595	294
	595	293
	596	291
	596	290
	597	290
	597	289
.PEN_UP
.PEN_DOWN
	590	316
	591	317
	592	317
.PEN_UP
.PEN_DOWN
	614	325
	615	324
	615	323
	616	322
	616	321
	617	319
	617	318
	617	317
	618	315
	618	314
	618	312
	618	311
	618	309
	618	307
	618	305
	618	304
	618	302
	617	300
	617	299
	617	298
	617	297
	617	298
	617	299
	616	300
	615	301
	615	302
	614	303
	613	304
	611	304
	610	304
	608	304
	607	304
	605	304
	602	302
	601	301
	599	298
	598	297
	597	296
	597	295
	597	294
	597	293
	598	292
	599	291
	601	290
	604	289
	607	289
	609	289
	611	289
	614	289
	616	290
	618	290
	620	290
.PEN_UP
.PEN_DOWN
	635	296
	635	297
	636	297
	636	298
	637	299
	637	300
	638	301
	638	302
	638	303
	637	304
	636	305
	635	305
	634	305
	633	305
	632	304
	630	304
	628	303
	627	302
	626	301
	625	300
	624	297
	624	296
	624	295
	625	293
	627	293
	628	292
	630	292
	633	291
	635	291
	637	291
	640	291
	644	291
	646	291
	649	292
	650	292
.PEN_UP
.PEN_DOWN
	691	296
	691	297
	690	298
	690	299
	689	300
	688	300
	688	301
	687	302
	686	302
	685	302
	684	302
	683	302
	680	301
	678	301
	677	300
	675	299
	674	297
	673	297
	673	296
	673	295
	673	294
	673	293
	674	292
	676	292
	678	292
	679	292
	681	292
	683	292
	685	293
	686	293
	688	293
	689	294
	690	295
	690	297
	689	297
	689	296
	688	296
	688	295
	687	294
	687	293
	687	291
	687	290
	689	288
	690	286
	692	285
	694	285
.PEN_UP
