
.WRITER_ID IanFelix
.STYLE PRINTED
.PEN_DOWN
	78	338
	77	337
	76	337
	75	337
	73	337
	72	336
	71	336
	70	336
	69	335
	68	335
	67	334
	66	334
	65	333
	65	332
	64	332
	64	331
	65	331
	66	331
	70	331
	72	331
	74	331
	77	331
	79	331
	81	330
	82	330
	83	329
	85	328
	86	328
	87	327
	87	326
	88	324
	88	323
	88	322
	88	321
	87	320
	86	319
	84	318
	83	317
	81	317
	79	316
	77	315
	73	314
	71	314
	69	314
	67	314
	65	314
	64	314
	63	314
.PEN_UP
.PEN_DOWN
	104	333
	105	332
	104	331
	104	330
	104	327
	104	326
	104	324
	104	322
	104	320
	104	319
	104	317
	104	316
	104	315
	104	314
	105	313
.PEN_UP
.PEN_DOWN
	89	312
	90	312
	91	312
	92	312
	93	313
	94	313
	96	313
	97	313
	99	313
	101	313
	102	313
	104	313
	106	313
	109	312
	110	312
	111	312
.PEN_UP
.PEN_DOWN
	89	329
	91	329
	92	329
	93	329
	95	329
	96	329
	98	330
	99	330
	101	330
	103	330
	104	330
	106	330
	110	331
	112	331
	114	331
	115	332
	117	332
.PEN_UP
.PEN_DOWN
	136	331
	135	331
	135	330
	134	330
	134	329
	133	328
	132	328
	132	327
	131	326
	130	325
	128	323
	127	321
	125	320
	124	319
	123	318
	122	316
	121	315
	121	314
	120	314
	119	313
.PEN_UP
.PEN_DOWN
	120	336
	121	336
	121	335
	122	334
	122	333
	122	332
	123	331
	123	330
	124	328
	125	327
	126	325
	127	323
	128	323
	129	322
	130	321
	131	319
	132	319
	133	318
	135	318
	136	317
	137	316
	138	316
.PEN_UP
.PEN_DOWN
	160	333
	160	334
	161	334
	161	333
	162	333
	162	332
	162	331
	162	330
	163	329
	163	328
	163	326
	163	324
	163	323
	163	321
	163	320
	163	319
	163	318
	163	317
	163	316
.PEN_UP
.PEN_DOWN
	159	335
	160	335
	160	336
	161	336
	163	336
	164	336
	165	337
	166	337
	167	337
	168	337
	170	337
	171	337
	172	337
	173	337
	174	337
	174	336
	174	335
	174	334
	174	333
	174	332
	173	331
	172	330
	171	329
	169	329
	168	328
	166	328
	165	328
	160	328
	161	328
	162	328
	163	328
	164	328
	165	328
	166	328
	168	328
	169	328
	172	328
	173	328
	175	327
	177	326
	178	325
	178	324
	179	323
	179	322
	179	321
	179	320
	179	319
	178	319
	178	318
	177	318
	176	317
	175	316
	174	316
	173	316
	172	315
	171	315
	168	314
	166	314
	165	314
	164	314
	162	314
	161	314
	160	314
	159	314
	158	314
	157	314
	157	313
.PEN_UP
.PEN_DOWN
	197	333
	196	332
	196	331
	196	330
	196	328
	196	327
	196	324
	196	323
	196	321
	196	320
	196	319
	197	318
	197	317
	197	316
.PEN_UP
.PEN_DOWN
	184	314
	185	314
	186	314
	187	314
	188	314
	190	314
	191	314
	192	314
	193	314
	195	314
	196	314
	198	314
	201	314
	203	314
	205	314
	207	314
	208	314
	209	314
.PEN_UP
.PEN_DOWN
	184	334
	187	334
	189	334
	191	335
	193	335
	195	335
	198	336
	200	336
	202	336
	205	337
.PEN_UP
.PEN_DOWN
	229	339
	229	338
	229	337
	230	337
	230	336
	230	334
	230	333
	231	332
	231	331
	231	330
	231	329
	231	328
	232	328
	233	329
	233	330
	233	331
	233	332
	233	333
	233	334
	232	336
	231	336
	231	337
	229	337
	228	337
	227	337
	225	337
	224	336
	223	335
	221	334
	220	333
	217	330
	216	329
	216	328
	215	326
	214	324
	214	323
	214	322
	214	321
	214	319
	214	317
	216	315
	217	314
	219	313
	220	313
	222	312
	223	312
	225	312
	227	312
	228	312
	230	313
	231	313
	234	313
	235	314
	236	314
	237	315
	238	315
	239	316
	239	317
	239	318
	239	319
	239	320
	239	321
	238	321
	238	322
	237	323
	236	324
	235	325
	234	326
	233	326
	233	327
	231	327
	229	328
	227	328
	226	328
	225	327
	224	327
.PEN_UP
.PEN_DOWN
	261	331
	261	330
	261	328
	261	326
	261	324
	261	323
	260	322
	260	320
	260	319
	260	318
	261	317
	261	316
	261	315
	261	314
	261	313
.PEN_UP
.PEN_DOWN
	254	338
	255	338
	256	338
	257	338
	258	337
	260	337
	262	337
	264	336
	268	334
	270	333
	272	332
	273	331
	275	330
	276	329
	278	328
	278	326
	279	325
	279	324
	279	322
	279	321
	279	319
	278	317
	277	316
	276	315
	274	314
	273	314
	271	314
	270	313
	268	313
	267	313
	265	313
	264	314
	261	314
	260	315
	259	315
	258	315
	257	316
.PEN_UP
.PEN_DOWN
	290	332
	290	331
	289	330
	289	329
	289	328
	289	327
	288	325
	288	324
	288	323
	288	322
	287	321
	287	320
	287	319
	287	318
	287	317
	287	316
	287	314
	286	314
	286	313
	287	313
	288	313
	289	313
	289	312
	290	312
	291	312
	292	312
	293	312
	294	312
	295	312
	297	312
	298	312
	299	312
	300	312
	301	312
	302	311
	303	311
	304	311
	305	311
	307	311
	308	310
	309	310
	312	310
	313	310
	314	310
.PEN_UP
.PEN_DOWN
	289	326
	290	326
	291	326
	292	326
	293	326
	294	325
	297	325
	299	325
	300	325
	301	325
	302	324
	303	324
	304	324
	305	324
	306	324
	307	324
.PEN_UP
.PEN_DOWN
	289	336
	290	336
	291	336
	292	336
	293	336
	294	336
	296	336
	297	336
	298	335
	300	335
	301	335
	303	335
	306	334
	308	334
	309	334
.PEN_UP
.PEN_DOWN
	313	330
	314	331
	315	331
	316	331
	317	331
	318	331
	319	329
	320	328
	320	326
	321	325
	321	323
	322	322
	323	320
	323	319
	324	318
	324	317
	325	316
	326	315
	327	314
	327	313
	328	312
.PEN_UP
.PEN_DOWN
	338	331
	337	330
	336	329
	335	328
	333	326
	332	324
	331	323
	330	322
	329	320
	327	318
	327	316
	326	315
	326	314
	325	314
	325	313
	325	312
.PEN_UP
.PEN_DOWN
	351	336
	351	335
	351	334
	351	332
	350	331
	350	329
	350	328
	350	327
	350	326
	350	325
	350	323
	350	322
	350	321
	350	319
.PEN_UP
.PEN_DOWN
	333	314
	334	314
	335	314
	336	314
	337	314
	339	314
	340	314
	342	314
	344	314
	349	314
	351	314
	353	314
	356	314
	358	315
	360	315
	361	315
	362	315
	363	314
	364	314
.PEN_UP
.PEN_DOWN
	338	334
	339	334
	341	334
	343	334
	344	334
	346	334
	347	334
	349	334
	352	334
	354	334
	356	335
	358	335
	360	335
	364	335
	366	335
	367	335
	368	335
	370	335
.PEN_UP
.PEN_DOWN
	379	333
	379	332
	380	332
	380	331
	380	329
	380	328
	380	327
	380	326
	380	324
	379	323
	379	322
	378	320
	378	319
	378	318
	378	317
	378	316
	378	315
	378	314
	379	314
	380	313
	381	313
	382	313
	383	313
	384	313
	386	314
	389	314
	390	314
	392	314
	393	314
	394	314
	395	314
	396	314
	397	314
	398	314
	399	313
	400	313
.PEN_UP
.PEN_DOWN
	409	333
	408	333
	407	333
	406	332
	405	332
	404	332
	403	332
	402	332
	401	331
	400	331
	400	330
	399	330
	399	329
	400	328
	401	328
	402	327
	403	327
	405	327
	406	326
	408	326
	409	325
	413	323
	414	323
	415	322
	416	321
	417	320
	417	319
	418	318
	419	317
	419	316
	419	315
	419	314
	418	314
	417	313
	416	313
	415	313
	414	313
	412	313
	410	313
	408	313
	405	313
	402	313
	400	313
.PEN_UP
.PEN_DOWN
	460	336
	461	336
	461	337
	462	337
	461	336
	461	332
	461	330
	460	328
	460	326
	459	324
	459	322
	459	319
	459	318
	459	316
	460	315
	460	314
	460	313
	461	312
	461	311
.PEN_UP
.PEN_DOWN
	460	334
	462	334
	463	334
	464	334
	466	335
	467	335
	469	336
	471	336
	473	336
	475	337
	477	337
	479	337
	482	337
	485	337
	486	337
	488	337
.PEN_UP
.PEN_DOWN
	461	323
	463	324
	464	324
	465	324
	466	324
	467	324
	468	324
	470	324
	471	324
	472	323
	474	323
.PEN_UP
.PEN_DOWN
	496	333
	495	333
	495	332
	495	331
	494	330
	494	329
	494	328
	493	327
	493	326
	493	324
	493	322
	493	321
	493	319
	493	317
	493	314
	493	313
	493	312
	493	311
	493	310
	493	309
	494	308
	494	307
.PEN_UP
.PEN_DOWN
	489	335
	490	336
	491	336
	492	336
	494	336
	495	336
	496	336
	498	335
	499	335
	501	334
	502	334
	504	333
	505	332
	506	331
	507	329
	509	327
	509	326
	509	325
	509	324
	509	323
	509	322
	509	321
	508	321
	507	320
	506	320
	505	319
	504	319
	502	319
	500	319
	497	320
	495	320
	494	321
	492	322
.PEN_UP
.PEN_DOWN
	490	320
	491	319
	492	319
	493	318
	495	317
	496	317
	497	316
	499	315
	500	314
	502	313
	504	311
	505	310
	507	309
	509	308
	510	307
	510	306
	512	305
.PEN_UP
.PEN_DOWN
	524	330
	523	330
	522	329
	521	328
	520	326
	519	325
	518	324
	517	322
	517	320
	516	318
	516	316
	516	314
	516	313
	516	311
	518	309
	519	309
	523	308
	524	308
	527	308
	528	308
	530	308
	532	308
	533	309
	535	310
	537	311
	538	313
	539	314
	539	316
	539	317
	538	319
	537	320
	536	322
	535	324
	533	326
	531	328
	527	330
	526	330
	524	330
	523	330
.PEN_UP
.PEN_DOWN
	546	330
	546	329
	546	328
	546	325
	546	323
	546	322
	546	320
	546	318
	546	317
	546	315
	547	314
	547	313
	548	311
	549	310
	550	309
	550	308
.PEN_UP
.PEN_DOWN
	547	334
	548	334
	549	334
	549	333
	550	333
	551	332
	552	331
	553	329
	554	328
	554	326
	555	325
	556	323
	556	322
	557	321
.PEN_UP
.PEN_DOWN
	565	328
	564	328
	563	328
	562	328
	561	328
	560	328
	558	327
	557	327
	556	326
	555	325
	554	324
	553	323
	552	322
	551	321
	551	319
	551	318
	551	317
	551	316
	552	316
	553	316
	554	316
	555	316
	556	317
	557	318
	559	320
	560	321
	561	322
.PEN_UP
.PEN_DOWN
	563	332
	563	331
	563	330
	562	329
	562	328
	562	326
	562	325
	562	323
	563	320
	563	319
	564	318
	564	316
	566	315
	566	314
	567	313
	568	312
	569	311
	570	310
	571	309
	572	308
	574	307
	575	306
	576	305
	577	305
.PEN_UP
.PEN_DOWN
	618	332
	618	331
	618	330
	618	329
	618	328
	617	327
	617	326
	617	325
	617	323
	618	322
	618	320
	618	319
	618	318
	618	317
	618	316
	618	315
	618	314
	618	313
	618	312
	617	312
	617	311
	616	311
	615	311
	614	311
	613	311
	612	312
	611	312
	610	313
	609	313
	607	314
.PEN_UP
.PEN_DOWN
	603	332
	604	332
	605	332
	606	332
	608	332
	610	332
	612	332
	614	332
	617	332
	619	332
	622	332
	624	333
	626	333
	628	333
	630	333
	634	333
	635	332
	636	332
.PEN_UP
.PEN_DOWN
	649	337
	648	336
	648	335
	646	333
	645	332
	644	330
	642	328
	641	326
	639	323
	637	321
	636	319
	635	316
	634	314
	633	312
	633	310
	632	309
	632	308
	633	308
.PEN_UP
.PEN_DOWN
	646	336
	647	335
	647	334
	647	333
	647	332
	647	330
	648	329
	648	328
	648	326
	649	324
	650	321
	650	320
	650	319
	651	317
	651	316
	652	314
	653	313
	653	312
	653	311
	653	310
.PEN_UP
.PEN_DOWN
	638	321
	639	321
	640	322
	643	322
	645	323
	647	323
	649	323
	651	323
	653	324
	655	324
	656	324
.PEN_UP
.PEN_DOWN
	668	329
	668	328
	668	327
	668	325
	668	324
	668	323
	668	321
	668	319
	668	316
	668	315
	668	314
	668	313
	669	312
.PEN_UP
.PEN_DOWN
	669	337
	670	337
	671	337
	672	337
	674	337
	675	336
	676	335
	677	335
	679	334
	680	333
	681	332
	683	331
	684	330
	685	329
	685	328
	685	327
	685	326
	685	325
	684	325
	683	324
	681	324
	680	323
	676	323
	674	323
	672	323
	670	324
	668	324
	666	324
.PEN_UP
.PEN_DOWN
	692	333
	692	332
	692	331
	691	330
	690	329
	688	326
	688	324
	687	323
	686	321
	685	319
	684	316
	683	314
	682	313
	681	311
	680	310
	679	308
.PEN_UP
.PEN_DOWN
	692	334
	692	333
	693	333
	693	332
	694	330
	695	329
	695	328
	696	327
	697	325
	697	324
	698	320
	699	319
	700	317
	700	316
	701	314
	701	313
	702	312
	702	310
	703	309
	703	308
	703	307
	703	306
.PEN_UP
.PEN_DOWN
	686	324
	687	324
	688	323
	689	323
	690	323
	691	322
	692	322
	695	321
	696	321
	697	321
	699	321
	701	320
	702	320
	703	320
.PEN_UP
.PEN_DOWN
	718	331
	718	330
	718	329
	718	328
	717	326
	717	325
	717	322
	716	320
	716	319
	716	317
	716	315
	716	313
	716	312
	716	310
	716	309
	716	308
.PEN_UP
.PEN_DOWN
	717	330
	717	329
	718	328
	720	328
	721	326
	722	325
	723	324
	725	323
	726	321
	727	320
	729	318
	731	316
	732	314
	733	314
	734	312
	735	312
	735	311
	736	310
.PEN_UP
.PEN_DOWN
	735	334
	736	334
	736	333
	736	332
	737	330
	737	328
	737	327
	737	325
	737	323
	737	322
	737	319
	737	318
	737	316
	736	314
	736	312
	736	311
.PEN_UP
