
.WRITER_ID IanFelix
.STYLE PRINTED
.PEN_DOWN
	71	318
	72	318
	72	317
	72	315
	72	314
	72	313
	72	311
	72	310
	72	308
	72	306
	72	304
	72	302
	72	301
	72	300
	73	298
	73	296
	74	295
	74	294
	75	294
	75	293
.PEN_UP
.PEN_DOWN
	56	305
	56	306
	57	306
	57	307
	59	307
	62	308
	64	308
	67	309
	69	309
	72	309
	74	309
	76	308
	78	308
	79	308
	80	308
	81	307
	83	306
.PEN_UP
.PEN_DOWN
	83	300
	83	299
	83	298
	84	297
	84	296
	85	295
	85	294
	86	294
	86	293
	88	293
	89	293
	91	293
	92	293
	94	293
	95	294
	96	295
	98	296
	100	297
	101	298
	102	300
	102	301
	103	303
	103	304
	103	305
	102	306
	101	307
	100	308
	99	309
	97	310
	95	311
	93	311
	91	311
	87	311
	85	310
	84	309
	83	308
.PEN_UP
.PEN_DOWN
	153	304
	153	305
	152	305
	150	306
	148	307
	146	307
	145	307
	144	307
	143	307
	141	307
	140	307
	139	306
	137	306
	135	303
	134	302
	133	300
	133	298
	133	297
	133	295
	133	293
	134	292
	134	291
	136	290
	137	290
	141	290
	144	290
	145	290
	148	291
	149	292
	151	293
	152	293
	154	295
	155	296
	156	297
	156	298
	156	299
	156	300
	155	301
	154	301
	153	301
	152	301
	151	301
	151	300
	151	299
	151	298
	151	297
	151	295
	152	293
	153	292
	155	291
	156	290
.PEN_UP
.PEN_DOWN
	169	299
	170	297
	170	295
	171	294
	172	293
	172	291
	173	289
	174	288
	175	287
	176	287
	177	287
	177	289
	177	290
	177	291
	176	291
	175	292
	175	293
	174	294
	173	295
	173	297
	172	298
	171	299
	170	300
	170	302
	171	303
	172	303
	173	303
	174	303
	175	303
	177	304
	179	304
	182	305
	184	305
.PEN_UP
.PEN_DOWN
	193	294
	193	293
	194	292
	194	291
	195	290
	195	289
	195	288
	195	287
	196	287
	197	286
	197	287
	197	288
	197	289
	197	290
	197	291
	196	292
	196	293
	195	296
	194	297
	193	298
	193	300
	193	301
	193	302
	193	303
	193	304
	193	305
	194	305
	195	305
	197	305
	199	305
	201	305
	202	304
	204	304
	206	304
.PEN_UP
.PEN_DOWN
	223	302
	222	302
	221	302
	219	302
	218	301
	217	301
	215	300
	215	299
	214	298
	213	297
	212	296
	211	294
	211	293
	211	292
	211	290
	212	288
	213	288
	214	287
	216	287
	217	287
	219	287
	220	287
	222	287
	224	288
	225	288
	226	289
	229	291
	230	293
	230	294
	230	295
	230	296
	230	297
	229	297
	229	298
	228	298
	228	297
	228	296
	228	295
	228	293
	228	291
	229	290
	230	289
	231	288
	232	288
	234	287
	235	286
.PEN_UP
.PEN_DOWN
	246	300
	246	297
	246	296
	246	295
	246	293
	247	292
	247	291
	247	290
	247	289
	248	288
	248	287
	249	287
	250	288
	251	289
	251	290
	251	291
	251	292
	251	293
	251	295
	251	296
	251	298
	251	299
	252	301
	252	302
	253	302
	253	303
	254	303
	255	302
	256	301
	256	300
	257	297
	257	296
	258	294
	259	293
	259	292
	260	291
	262	290
	263	289
	264	288
	265	288
.PEN_UP
.PEN_DOWN
	283	297
	283	298
	282	298
	281	299
	280	299
	279	299
	278	299
	277	299
	276	298
	275	297
	274	296
	273	296
	272	295
	271	293
	271	291
	271	289
	272	289
	273	288
	275	288
	277	288
	278	288
	280	288
	281	289
	282	290
	282	291
	282	292
	281	292
	281	291
	280	290
	280	289
	280	288
	280	286
	280	285
	280	284
	281	282
	281	281
	282	279
	282	278
	283	276
	283	275
	283	274
	283	272
	284	270
	284	268
	284	267
	284	266
	283	265
	282	264
	281	264
	280	264
	279	264
	278	264
	277	264
	274	265
	273	266
	271	266
	269	267
	268	268
.PEN_UP
.PEN_DOWN
	294	289
	295	288
	296	288
	297	288
	298	288
	299	288
	300	289
	301	290
	302	290
	302	291
	303	292
	304	293
	305	294
	306	295
	306	297
	306	298
	306	299
	305	300
	304	301
	303	301
	302	301
	301	301
	298	300
	297	300
	296	299
	295	298
	294	297
	293	296
	293	294
	293	293
	293	292
	293	291
	293	290
	293	289
	296	287
	297	286
	299	286
	301	285
	303	285
	305	285
	307	285
	310	286
	312	286
	314	287
	316	287
	321	288
.PEN_UP
.PEN_DOWN
	345	307
	346	307
	346	308
	347	307
	347	306
	347	304
	348	302
	348	299
	348	297
	348	292
	348	289
	348	287
	348	285
	349	283
	350	282
	350	280
	351	279
	352	278
.PEN_UP
.PEN_DOWN
	329	297
	330	297
	331	297
	332	297
	334	297
	337	297
	339	297
	341	297
	343	296
	346	296
	348	295
	350	295
	353	294
	355	294
	358	294
	360	294
	362	294
	367	294
	369	295
	371	295
.PEN_UP
.PEN_DOWN
	368	311
	369	311
	369	310
	369	309
	369	308
	369	307
	370	304
	370	302
	370	300
	370	297
	370	295
	371	293
	371	291
	371	290
	371	288
	371	287
	371	285
	371	284
	372	283
	372	282
	372	283
	373	284
	374	285
	374	286
	376	288
	377	290
	377	291
	378	293
	379	293
	380	294
	381	294
	381	293
	382	292
	382	291
	382	288
	382	286
	383	285
	383	284
	384	283
	384	282
	385	281
	385	280
	386	280
	387	279
	388	279
.PEN_UP
.PEN_DOWN
	394	281
	395	281
	396	282
	397	283
	398	284
	398	285
	399	286
	400	287
	400	288
	400	289
	401	290
	401	291
	402	292
	402	293
	402	294
	401	295
	401	296
	400	296
	399	296
	398	296
	397	296
	395	295
	394	294
	393	293
	391	292
	390	291
	389	289
	389	287
	389	286
	389	284
	390	284
	391	283
	392	282
	394	282
	395	281
	397	281
	399	281
	401	281
	403	281
	409	281
	412	281
	415	282
.PEN_UP
.PEN_DOWN
	450	285
	451	284
	451	282
	451	280
	451	279
	451	276
	451	274
	451	270
	451	269
	451	267
	451	266
	451	264
	451	263
	451	262
	451	261
.PEN_UP
.PEN_DOWN
	439	289
	439	290
	439	291
	439	292
	439	293
	440	294
	441	295
	442	296
	443	297
	445	297
	447	297
	449	297
	450	297
	452	297
	454	296
	456	295
	458	294
	460	293
	462	292
	463	290
	465	288
	466	287
	466	286
	466	285
	466	284
	465	284
	463	283
	462	283
	461	283
	459	283
	456	283
	454	283
.PEN_UP
.PEN_DOWN
	476	290
	476	289
	476	288
	477	287
	477	285
	477	284
	477	282
	478	280
	478	279
	479	279
	479	278
.PEN_UP
.PEN_DOWN
	472	305
	473	305
	473	306
	474	306
	474	307
	475	307
.PEN_UP
.PEN_DOWN
	491	294
	492	293
	492	292
	492	291
	493	290
	493	289
	493	288
	493	287
	494	287
	494	288
	494	289
	494	290
	494	291
	494	292
	494	293
	494	295
	493	295
	492	296
	491	296
	489	296
	487	295
	486	294
	485	293
	484	291
	483	289
	483	288
	483	286
	483	284
	483	283
	484	281
	485	280
	487	279
	490	278
	492	278
	495	277
	497	277
	499	277
	501	277
	503	277
.PEN_UP
.PEN_DOWN
	518	310
	519	310
	519	309
	519	308
	519	304
	519	303
	519	301
	519	299
	519	296
	520	294
	520	292
	521	290
	521	288
	521	287
	522	286
	522	284
	522	282
	522	281
.PEN_UP
.PEN_DOWN
	501	294
	502	294
	503	294
	504	294
	505	295
	507	295
	508	295
	510	295
	511	295
	513	295
	515	294
	517	294
	519	294
	521	293
	525	293
	528	293
	530	293
.PEN_UP
.PEN_DOWN
	531	292
	532	291
	532	290
	532	288
	532	287
	532	286
	532	285
	532	283
	533	282
	534	281
	535	280
	536	279
	537	278
	539	278
	542	277
	543	277
	545	277
	546	277
	547	278
	549	279
	550	279
	551	280
	551	281
	552	282
	552	284
	552	285
	552	287
	552	288
	552	290
	552	291
	551	291
	551	292
	551	291
	551	290
	551	289
	551	286
	551	284
	551	283
	551	281
	552	280
	553	279
	554	278
	555	277
	557	276
	558	276
	559	276
.PEN_UP
.PEN_DOWN
	573	284
	573	283
	574	282
	574	281
	574	280
	574	279
	574	280
	574	281
	574	282
	573	283
	572	285
	571	285
	570	286
	569	287
	568	288
	567	288
	566	289
	565	290
	564	290
	564	291
	563	292
	564	293
	565	293
	566	293
	567	293
	569	293
	570	293
	572	293
	574	293
	576	293
	580	293
	582	293
	583	293
	585	293
.PEN_UP
.PEN_DOWN
	594	286
	594	287
	594	288
	594	289
	593	290
	592	290
	591	290
	590	290
	589	290
	587	289
	586	289
	585	288
	584	287
	584	286
	583	284
	583	283
	583	282
	583	281
	584	281
	584	280
	585	279
	587	279
	588	279
	590	278
	592	278
	594	278
	599	278
	602	279
	605	279
	608	279
	611	279
.PEN_UP
.PEN_DOWN
	625	282
	625	281
	625	280
	625	279
	626	278
	626	276
	626	274
	626	273
	626	270
	626	269
	626	268
	626	266
	625	266
	625	265
	624	264
	624	263
	622	262
	621	262
	620	262
.PEN_UP
.PEN_DOWN
	649	294
	648	294
	647	293
	646	293
	645	293
	643	293
	642	292
	641	292
	640	292
	639	291
	638	290
	637	289
	637	288
	636	288
	636	286
	636	285
	636	284
	637	283
	638	282
	640	281
	641	280
	642	280
	644	280
	645	280
	647	280
	648	280
	649	281
	651	282
	652	283
	653	284
	654	284
	654	285
	654	286
	654	287
	654	288
	653	288
	653	289
	652	289
	651	288
	651	287
	651	285
	651	284
	651	283
	652	282
	653	281
	654	280
	656	279
	657	279
	659	278
.PEN_UP
.PEN_DOWN
	666	294
	667	294
	668	293
	668	292
	668	291
	668	290
	668	289
	668	288
	668	286
	668	285
	668	284
	668	282
	668	281
	668	279
	669	279
	670	279
	671	280
	671	282
	672	283
	674	285
	674	286
	675	288
	677	289
	678	290
	679	291
	680	292
	681	293
	682	293
	683	293
	684	293
	684	292
	685	289
	685	288
	685	286
	685	284
	685	283
	686	281
	686	280
	687	279
	687	278
	688	277
	690	276
.PEN_UP
.PEN_DOWN
	705	313
	705	312
	706	311
	706	310
	707	309
	707	307
	707	305
	709	301
	709	299
	709	297
	710	295
	710	293
	710	291
	710	289
	710	288
	711	286
	711	285
	711	284
	712	283
	712	282
	713	282
	713	283
	713	284
	713	285
	713	286
	713	287
	712	288
	711	291
	710	292
	709	293
	707	293
	705	293
	704	293
	702	293
	700	292
	699	291
	698	290
	696	288
	696	286
	696	284
	696	282
	696	281
	696	280
	698	279
	700	279
	702	278
	705	278
	708	278
	710	278
	713	278
	716	278
.PEN_UP
