
.WRITER_ID IanFelix
.STYLE PRINTED
.PEN_DOWN
	90	330
	89	330
	88	330
	87	330
	86	330
	86	329
	85	329
	85	328
	84	328
	84	327
	83	326
	82	324
	82	322
	81	320
	81	319
	81	317
	80	316
	80	314
	80	313
	80	312
	81	311
	81	309
	81	308
	82	307
	84	307
	85	307
	86	307
	88	307
	90	307
	92	308
	93	309
	95	310
	96	311
	97	312
	98	313
	99	315
	99	317
	99	318
	99	320
	98	322
	97	323
	96	324
	95	325
	93	326
	92	327
	90	328
	88	329
	86	329
.PEN_UP
.PEN_DOWN
	124	333
	124	332
	124	331
	124	329
	124	328
	124	327
	124	325
	123	324
	123	322
	123	320
	123	319
	122	317
	122	315
	122	313
	122	312
	122	310
	122	309
	122	308
.PEN_UP
.PEN_DOWN
	125	332
	126	332
	126	333
	125	334
	124	334
	123	334
	123	333
	122	333
	121	332
	120	331
	118	329
	118	328
	117	328
.PEN_UP
.PEN_DOWN
	110	305
	111	305
	113	305
	114	306
	115	306
	118	306
	121	307
	123	308
	125	308
	127	309
	128	309
	130	310
	132	310
	133	310
	134	310
	135	310
	136	310
	137	310
.PEN_UP
.PEN_DOWN
	166	335
	167	335
	168	336
	167	335
	167	334
	166	333
	165	333
	164	331
	163	330
	161	329
	159	327
	158	325
	156	323
	155	321
	152	317
	151	315
	149	314
	149	313
	148	312
	148	311
.PEN_UP
.PEN_DOWN
	173	329
	174	329
	174	330
	175	330
	176	330
	177	330
	178	331
	179	331
	181	331
	182	331
	183	331
	185	331
	186	330
	187	329
	187	328
	187	327
	187	326
	186	324
	185	323
	184	321
	183	320
	182	318
	179	314
	178	313
	177	312
	176	311
	176	310
	176	309
	176	308
	177	307
	178	307
	181	307
	183	307
	185	308
	187	308
	189	308
	191	309
	193	309
	195	309
	197	310
.PEN_UP
.PEN_DOWN
	202	329
	203	329
	203	330
	204	331
	205	331
	206	331
	207	332
	208	332
	210	332
	211	332
	212	332
	213	331
	213	330
	213	329
	213	328
	213	327
	212	326
	211	325
	209	324
	208	323
	206	322
	205	321
	204	320
	203	320
	204	319
	206	319
	207	319
	208	319
	210	319
	213	318
	214	318
	215	318
	217	317
	218	316
	219	316
	220	315
	221	315
	221	314
	221	313
	221	312
	220	311
	219	311
	218	311
	216	310
	214	310
	212	309
	210	309
	207	308
	205	308
	203	308
	200	307
	199	307
.PEN_UP
.PEN_DOWN
	248	342
	249	342
	250	343
	249	342
	248	342
	248	341
	246	340
	245	338
	244	337
	243	335
	242	333
	239	329
	238	326
	237	324
	235	322
	234	320
	234	319
	233	317
	233	315
	233	314
	233	313
.PEN_UP
.PEN_DOWN
	250	333
	250	332
	249	331
	249	330
	248	330
	248	329
	248	328
	248	327
	248	326
	248	325
	249	324
	251	324
	252	323
	254	323
	256	323
	258	323
	260	323
	261	323
	263	323
	265	323
	267	323
.PEN_UP
.PEN_DOWN
	264	337
	264	336
	264	335
	264	334
	264	333
	264	332
	264	331
	265	330
	265	329
	265	327
	265	326
	265	324
	265	323
	265	322
	266	320
	266	318
	266	317
	267	316
	267	315
	267	314
	268	314
	268	313
.PEN_UP
.PEN_DOWN
	284	335
	283	335
	282	334
	281	334
	280	334
	279	334
	279	333
	278	333
	277	333
	277	332
	277	331
	278	330
	279	329
	280	329
	281	329
	282	328
	284	328
	285	327
	288	326
	289	325
	290	324
	291	324
	292	323
	292	322
	293	321
	293	320
	293	319
	293	318
	292	318
	292	317
	291	315
	290	315
	289	315
	288	314
	287	314
	286	314
	285	314
	284	314
	282	314
	281	314
	280	315
	278	315
.PEN_UP
.PEN_DOWN
	286	334
	287	334
	288	334
	289	334
	290	335
	291	335
	293	336
	294	336
	296	336
	298	337
	301	337
	302	337
	303	337
	305	337
	306	337
	307	337
.PEN_UP
.PEN_DOWN
	321	339
	321	338
	321	337
	322	336
	322	334
	323	333
	324	332
	325	331
	327	330
	328	329
	329	329
	329	328
.PEN_UP
.PEN_DOWN
	345	327
	345	326
	345	325
	345	324
	344	322
	344	321
	344	320
	344	319
	344	317
	344	316
	344	315
	344	314
.PEN_UP
.PEN_DOWN
	342	340
	343	340
	344	340
.PEN_UP
.PEN_DOWN
	375	332
	375	333
	374	333
	373	333
	372	332
	370	332
	369	332
	368	332
	367	332
	366	331
	365	331
	364	331
	363	331
	362	331
	362	330
	362	329
	363	329
	364	329
	366	329
	367	328
	370	328
	372	327
	373	327
	374	326
	376	326
	376	325
	378	324
	379	323
	380	322
	380	321
	380	320
	380	318
	380	317
	380	316
	379	316
	378	315
	376	315
	375	315
	374	315
	372	315
	370	315
	367	315
	366	315
	365	316
	364	316
	363	317
.PEN_UP
.PEN_DOWN
	399	345
	399	344
	399	343
	399	341
	399	340
	399	338
	399	337
	399	335
	399	333
	399	332
	399	330
	399	329
	399	327
	399	326
	399	324
	399	322
	399	321
.PEN_UP
.PEN_DOWN
	400	336
	401	336
	403	336
	404	336
	406	336
	407	335
	408	335
	410	334
	411	333
	412	332
	414	330
	415	329
	415	327
	415	326
	416	325
	416	324
	416	323
	416	322
	416	320
	415	320
	414	319
	413	318
	411	317
	409	316
	408	315
	406	315
	405	315
	403	315
	402	315
	401	316
	400	316
	399	317
	398	318
	397	319
.PEN_UP
.PEN_DOWN
	425	321
	426	321
	428	322
	429	323
	430	323
	430	324
	431	324
	431	325
	432	327
	432	328
	432	329
	431	329
	430	329
	429	330
	428	330
	427	330
	425	330
	424	329
	423	329
	420	328
	419	326
	419	325
	419	324
	419	322
	419	321
	419	320
	419	319
	420	318
	422	317
	423	316
	425	316
	428	315
	430	315
	432	315
	434	315
	436	315
	438	315
.PEN_UP
.PEN_DOWN
	450	326
	451	326
	451	327
	452	327
	452	328
	453	329
	454	329
	454	330
	455	331
	456	332
	457	334
	457	335
	457	336
	457	337
	457	338
	457	339
	456	340
	455	341
	455	342
	454	343
	453	344
	452	344
	451	344
	450	344
	449	344
	448	343
	448	342
	447	342
	447	340
	447	339
	447	338
	447	336
	447	333
	447	331
	447	329
	448	328
	448	326
	449	325
	450	324
	450	322
	451	321
	451	320
	451	319
	451	318
	451	316
	451	315
.PEN_UP
.PEN_DOWN
	438	329
	439	328
	440	328
	441	328
	442	328
	443	328
	445	328
	446	328
	448	328
	451	328
	453	328
	454	328
	455	328
	457	327
	458	327
	459	327
	460	327
	461	327
.PEN_UP
.PEN_DOWN
	464	325
	463	325
	463	324
	463	323
	463	322
	463	321
	463	320
	463	319
	464	318
	465	316
	466	315
	468	315
	469	314
	471	314
	472	314
	474	314
	475	315
	476	315
	478	316
	479	317
	480	318
	482	320
	482	321
	482	323
	482	324
	482	325
	482	326
	481	328
	480	329
	478	330
	477	331
	475	332
	474	333
.PEN_UP
.PEN_DOWN
	492	333
	493	331
	494	330
	494	329
	494	328
	494	327
	495	325
	495	324
	496	323
	496	322
	496	321
	497	320
	498	319
	498	318
	498	319
	497	319
	497	320
	496	321
	496	322
	496	323
	496	324
	496	325
	496	326
	495	327
	495	328
	495	329
	495	330
	495	331
	496	331
	497	331
	498	331
	499	331
	500	331
	501	331
	503	331
	505	331
	506	331
	508	331
	509	331
.PEN_UP
.PEN_DOWN
	515	319
	516	319
	517	320
	519	321
	520	322
	521	323
	521	324
	521	325
	521	326
	520	326
	520	327
	519	327
	517	328
	516	328
	515	328
	514	327
	512	327
	510	326
	509	325
	507	324
	505	322
	505	321
	505	320
	505	317
	505	316
	506	315
	507	314
	508	313
	509	312
	511	312
	513	311
	514	311
	516	311
	518	310
	522	310
	525	310
	528	311
	530	311
	532	311
	534	311
	535	311
	537	312
	538	312
.PEN_UP
.PEN_DOWN
	548	344
	547	343
	546	343
	545	342
	544	341
	543	340
	542	339
	541	338
	541	337
	541	336
.PEN_UP
.PEN_DOWN
	571	331
	570	331
	570	330
	569	330
	569	329
	568	329
	567	329
	567	328
	566	328
	565	326
	564	325
	564	324
	564	323
	564	322
	564	320
	564	319
	564	317
	564	315
	564	314
	565	313
	566	312
	569	310
	570	309
	572	309
	574	309
	576	309
	578	309
	579	309
	581	310
	583	311
	584	311
	585	312
	585	313
	585	315
	585	316
	585	317
	584	317
	583	318
	581	319
	580	319
	578	319
	576	319
	574	319
	573	319
	570	318
.PEN_UP
.PEN_DOWN
	611	345
	611	344
	610	344
	610	343
	609	342
	608	341
	607	340
	606	339
	604	336
	603	334
	602	333
	601	331
	600	329
	599	327
	598	326
	597	324
	596	322
	596	320
	595	319
	595	317
	595	316
	595	315
.PEN_UP
.PEN_DOWN
	612	335
	613	335
	614	335
	615	336
	616	336
	617	336
	618	336
	619	336
	621	336
	622	336
	624	336
	626	336
	627	336
	628	336
	629	336
	630	336
	631	335
	631	334
	631	333
	631	332
	630	331
	630	330
	630	329
	629	329
	629	327
	628	326
	628	325
	627	324
	627	323
	626	322
	624	319
	624	318
	624	316
	623	315
	623	314
	623	313
	623	312
	623	311
	624	310
	625	310
.PEN_UP
.PEN_DOWN
	616	326
	617	326
	618	326
	620	326
	621	326
	624	327
	626	327
	628	327
	630	327
	632	327
	634	327
	635	327
	638	327
	639	327
	641	327
	642	327
.PEN_UP
.PEN_DOWN
	664	348
	663	348
	663	347
	662	346
	662	345
	660	343
	660	342
	659	340
	657	337
	656	335
	655	333
	654	331
	653	329
	652	327
	651	325
	651	324
	650	323
	650	322
	650	321
.PEN_UP
.PEN_DOWN
	672	333
	672	332
	671	332
	671	331
	670	331
	669	330
	669	329
	668	329
	668	328
	668	327
	668	326
	668	325
	668	324
	669	324
	669	323
	670	322
	671	321
	672	320
	674	319
	676	319
	677	319
	679	319
	680	320
	681	320
	682	321
	683	321
	684	322
	684	323
	684	324
	684	326
	684	327
	683	328
	683	329
	682	329
	681	330
	680	331
	679	331
	679	332
	678	333
	677	333
	676	335
	675	336
	674	336
	674	337
	673	337
	673	338
	672	338
	672	339
	672	340
	672	341
	672	342
	673	342
	674	343
	675	343
	676	344
	677	344
	678	344
	679	344
	680	344
	681	344
	681	343
	682	343
	682	342
	683	342
	683	341
	683	340
	683	338
	681	337
	681	335
	679	334
	679	333
	678	333
.PEN_UP
.PEN_DOWN
	706	335
	707	335
	707	336
	707	337
	708	338
	708	339
	708	340
	707	342
	707	343
	706	343
	705	344
	703	344
	702	344
	701	344
	700	343
	699	343
	697	342
	695	341
	694	339
	694	338
	694	337
	694	336
	694	335
	694	334
	695	333
	696	333
	697	333
	699	332
	701	332
	703	332
	704	332
	705	333
	706	333
	707	333
	706	332
	705	331
	704	330
	703	329
	702	327
	702	326
	701	325
	701	324
	701	322
	701	321
	701	319
	701	317
	702	316
	702	315
.PEN_UP
