
.WRITER_ID IanFelix
.STYLE PRINTED
.PEN_DOWN
	79	290
	79	289
	79	288
	79	287
	80	286
	80	285
	80	284
	81	284
	82	284
	83	284
	84	285
	85	286
	86	288
	87	289
	88	291
	89	292
	90	293
	91	295
	91	296
	91	297
	91	298
	91	299
	90	300
	89	301
	88	302
	86	302
	85	302
	84	302
	83	302
	82	302
	81	301
	79	299
	78	297
	77	296
	76	293
	75	289
	75	286
	75	284
	75	282
	76	280
	77	279
	79	278
	81	277
	84	277
	86	277
	89	277
	92	278
	98	279
	100	279
.PEN_UP
.PEN_DOWN
	104	297
	104	296
	104	295
	104	294
	104	293
	104	292
	104	290
	104	289
	104	288
	104	286
	104	285
	104	284
	105	284
	105	285
	106	286
	107	289
	107	290
	108	291
	108	293
	108	294
	108	295
	109	297
	110	298
	110	299
	111	299
	112	297
	112	296
	112	294
	113	293
	113	292
	114	290
	114	288
	115	287
	115	286
	116	284
	118	283
	119	282
	120	282
	121	281
	122	281
	123	281
.PEN_UP
.PEN_DOWN
	139	298
	139	299
	138	299
	137	300
	136	300
	135	300
	133	299
	131	297
	130	296
	129	295
	128	293
	127	292
	127	291
	127	289
	127	288
	127	287
	127	286
	128	286
	130	286
	131	286
	133	286
	135	287
	136	287
	137	288
	138	288
	139	288
	139	289
	139	288
	138	287
	138	286
	137	285
	137	284
	137	282
	137	281
	137	279
	137	278
	137	275
	138	273
	138	271
	139	270
	139	268
	140	267
	140	265
	141	264
	141	262
	141	261
	141	260
	140	258
	139	258
	139	257
	137	257
	135	257
	134	258
	132	258
	131	258
	131	259
	130	260
	128	261
.PEN_UP
.PEN_DOWN
	160	295
	160	296
	160	297
	159	298
	158	298
	157	298
	156	298
	155	298
	155	297
	154	297
	153	297
	152	296
	152	295
	151	295
	151	293
	151	292
	151	291
	151	290
	151	289
	152	288
	152	287
	153	287
	154	287
	155	287
	157	287
	158	287
	161	288
	162	288
	163	289
	163	290
	164	291
	164	292
	164	293
	164	294
	163	294
	161	293
	161	292
	161	291
	161	290
	161	288
	161	287
	162	286
	163	285
	164	284
	165	283
.PEN_UP
.PEN_DOWN
	194	303
	194	304
	193	304
	192	305
	190	305
	189	305
	188	305
	187	305
	185	304
	184	304
	182	303
	181	302
	180	302
	180	301
	178	299
	178	298
	178	297
	179	296
	179	295
	180	295
	181	295
	183	295
	184	295
	186	295
	187	295
	189	296
	190	297
	191	298
	191	299
	190	299
	189	299
	188	298
	187	297
	187	296
	187	295
	187	294
	187	293
	187	292
	187	290
	187	289
	188	288
	189	285
	190	284
	191	282
	192	281
	192	280
	193	278
	193	277
	193	275
	193	273
	193	272
	193	271
	192	270
	192	269
	191	269
	190	268
	189	268
	188	267
	186	267
	185	267
	183	267
	182	267
	180	267
	179	267
	176	267
	175	267
	175	268
.PEN_UP
.PEN_DOWN
	199	286
	200	286
	200	287
	201	287
	202	287
	203	288
	204	288
	204	289
	205	290
	206	291
	207	292
	208	293
	209	295
	209	296
	209	297
	208	297
	206	298
	205	298
	204	298
	203	298
	201	298
	200	297
	198	296
	197	295
	197	294
	197	292
	197	291
	197	290
	198	288
	199	288
	200	287
	202	286
	204	285
	206	285
	211	284
	213	284
	215	284
	217	284
	219	284
	220	284
	222	284
.PEN_UP
.PEN_DOWN
	225	314
	226	313
	227	312
	227	311
	228	310
	228	309
	228	308
	229	306
	229	305
	229	303
	229	302
	230	300
	230	298
	231	296
	231	295
	231	292
	231	291
	231	290
	231	289
	231	288
	231	289
	230	290
	230	291
	229	292
	228	292
	227	293
	226	293
	225	293
	223	293
	222	293
	220	293
	218	293
	215	291
	214	290
	214	289
	212	288
	212	286
	212	285
	212	284
	212	283
	214	282
	215	281
	217	281
	219	280
	224	280
	226	280
	229	280
	232	280
	234	280
	237	281
	239	281
	240	281
	242	282
	243	282
	244	282
.PEN_UP
.PEN_DOWN
	277	294
	277	293
	277	292
	277	291
	277	289
	276	288
	276	287
	275	285
	275	284
	275	283
	275	282
.PEN_UP
.PEN_DOWN
	272	305
	272	306
	273	306
.PEN_UP
.PEN_DOWN
	289	291
	290	289
	291	288
	291	287
	291	285
	291	284
	291	282
	291	281
	292	281
	292	280
	292	281
	293	282
	293	283
	293	284
	293	285
	293	286
	294	289
	294	290
	295	291
	295	293
	296	294
	297	295
	298	296
	299	296
	300	296
	300	293
	300	292
	300	290
	300	288
	300	287
	300	285
	301	283
	302	282
	304	280
	305	279
	307	278
	308	278
	312	277
	313	277
	315	277
.PEN_UP
.PEN_DOWN
	355	321
	356	320
	356	318
	356	317
	356	315
	356	313
	356	311
	356	306
	356	303
	355	301
	355	299
	355	297
	355	295
	355	293
	355	292
	355	290
	355	289
.PEN_UP
.PEN_DOWN
	330	310
	330	309
	330	308
	331	308
	332	307
	334	307
	336	306
	338	306
	340	305
	343	305
	346	304
	349	304
	355	303
	359	303
	362	303
	365	303
	367	303
	369	303
	371	303
	373	303
	375	304
	377	304
	379	305
	381	306
	384	307
	385	307
	386	308
	387	309
	388	309
	388	310
	388	311
.PEN_UP
.PEN_DOWN
	381	324
	381	323
	381	322
	381	321
	381	319
	381	317
	381	315
	381	313
	381	311
	381	306
	381	304
	380	302
	380	300
	380	298
	380	296
	380	295
	380	293
	379	293
	379	292
	379	291
	380	291
	380	292
	380	293
	380	294
	380	295
	381	297
	381	298
	382	299
	382	301
	384	304
	384	305
	385	306
	386	307
	387	307
	388	307
	388	306
	388	305
	389	302
	389	301
	389	299
	390	298
	390	297
	391	295
	391	294
	392	293
	393	292
	393	290
	395	289
	395	288
	397	287
	398	287
	398	286
	399	286
	400	286
	401	286
.PEN_UP
.PEN_DOWN
	409	292
	410	292
	411	292
	412	293
	413	294
	414	295
	415	297
	415	298
	416	299
	416	300
	416	302
	416	303
	415	304
	414	304
	413	304
	411	304
	410	304
	408	304
	406	303
	404	302
	401	299
	400	297
	399	296
	399	294
	399	293
	399	291
	400	290
	401	288
	403	288
	405	287
	407	286
	409	286
	414	286
	417	286
	420	286
	422	286
	425	286
	427	286
	429	287
	431	287
.PEN_UP
.PEN_DOWN
	480	319
	480	317
	479	316
	479	315
	478	312
	478	310
	477	307
	477	304
	477	302
	477	299
	477	296
	477	294
	477	292
	477	288
	477	286
	478	284
	478	283
	478	282
	479	281
.PEN_UP
.PEN_DOWN
	464	324
	464	325
	465	326
	466	327
	469	327
	471	327
	473	327
	476	327
	479	326
	483	326
	486	325
	490	325
	493	324
	496	323
	498	321
	499	320
	500	317
	500	315
	500	314
	499	312
	498	310
	497	309
	495	307
	493	306
	491	305
	489	304
	487	303
	485	302
	480	302
	478	301
	476	301
	474	301
	472	301
.PEN_UP
.PEN_DOWN
	510	324
	509	323
	509	322
	509	321
	508	319
	508	318
	508	316
	507	312
	506	311
	506	308
	505	306
	505	305
	505	303
	505	301
	504	299
	504	297
	504	295
	504	294
	504	291
	505	290
.PEN_UP
.PEN_DOWN
	537	291
	537	292
	537	293
	537	294
	536	295
	536	296
	535	297
	534	297
	533	299
	532	300
	531	300
	530	300
	529	300
	528	300
	527	300
	526	300
	525	299
	524	299
	523	298
	522	297
	520	295
	520	294
	520	293
	520	292
	520	291
	520	290
	521	289
	521	288
	522	288
	523	288
	524	288
	525	288
	528	288
	529	288
	530	289
	531	290
	532	291
	533	291
	533	292
	534	293
	534	294
	533	294
	533	293
	533	292
	532	291
	532	290
	532	289
	532	287
	533	286
	533	284
	534	283
	537	280
	538	279
	539	278
	541	277
.PEN_UP
.PEN_DOWN
	543	302
	544	302
	545	302
	546	302
	548	302
	549	302
	551	302
	553	302
	555	302
	557	302
	559	302
	560	301
	562	301
	564	301
	565	300
	565	299
	565	298
	565	297
	565	296
	564	296
	563	295
	562	294
	561	293
	559	292
	558	292
	556	291
	555	290
	553	290
	551	288
	550	287
	549	286
	549	285
	549	284
	549	283
	549	282
	550	281
	552	281
	554	280
	558	279
	560	279
	563	279
	565	279
	567	279
	569	279
.PEN_UP
.PEN_DOWN
	590	295
	590	296
	590	297
	590	298
	589	300
	588	301
	587	301
	586	301
	585	301
	584	301
	583	301
	582	301
	581	301
	577	299
	576	298
	575	297
	574	296
	573	294
	573	293
	573	291
	573	290
	573	288
	573	287
	574	286
	576	285
	578	285
	580	285
	582	285
	583	285
	585	286
	587	287
	588	288
	589	289
	590	290
	591	291
	592	292
	592	293
	592	294
	591	295
	590	295
	589	295
	588	295
	587	294
	587	293
	586	293
	586	292
	586	290
	586	288
	587	286
	588	285
	589	283
	592	282
	594	281
	596	280
	598	280
	600	279
.PEN_UP
.PEN_DOWN
	635	300
	636	301
	637	301
	637	302
	637	303
	636	304
	635	304
	633	304
	633	303
	632	302
	631	302
	629	301
	628	300
	627	299
	626	296
	626	295
	626	293
	626	292
	626	291
	626	290
	627	289
	629	289
	630	289
	632	289
	634	289
	635	289
	639	290
	641	291
	642	292
	643	293
	644	294
	645	295
	646	296
	646	297
	646	298
	646	299
	645	300
	643	302
	641	303
	640	304
	638	305
	637	306
	635	306
.PEN_UP
.PEN_DOWN
	655	299
	656	299
	656	300
	658	302
	660	303
	661	304
	662	306
	663	307
	665	309
	665	310
	666	311
	666	313
	667	315
	667	317
	667	318
	667	322
	667	323
	667	324
	666	325
	665	326
	664	326
	663	326
	662	326
	661	326
	660	326
	660	325
	659	324
	658	321
	657	319
	657	317
	656	315
	656	313
	656	311
	656	309
	656	307
	657	305
	657	304
	657	302
	658	299
	659	297
	659	296
	660	295
	660	293
	660	292
	660	291
	660	290
	660	289
	659	288
	659	287
	659	286
	658	286
.PEN_UP
.PEN_DOWN
	645	300
	646	300
	647	301
	648	301
	649	302
	650	302
	652	302
	654	302
	655	302
	659	302
	661	302
	664	302
	666	302
	668	302
	671	302
	673	302
	675	302
	677	303
	679	303
	680	303
.PEN_UP
