
.WRITER_ID IanFelix
.STYLE PRINTED
.PEN_DOWN
	62	347
	62	346
	62	345
	62	344
	62	343
	62	342
	62	341
	62	340
	62	338
	62	336
	62	335
	62	334
	61	333
	61	332
	61	331
	61	329
	62	329
.PEN_UP
.PEN_DOWN
	61	318
	61	317
	61	316
	61	315
.PEN_UP
.PEN_DOWN
	83	337
	82	338
	81	338
	80	338
	79	338
	78	338
	77	337
	76	337
	76	336
	75	335
	75	334
	74	333
	74	332
	74	331
	75	331
	76	330
	77	330
	78	330
	79	331
	80	331
	81	331
	82	332
	83	333
	84	333
	84	334
	84	335
	84	336
	83	336
	82	336
	81	336
	80	336
	79	336
	78	336
	78	335
	77	334
	76	333
	75	332
	75	331
	75	330
	75	329
	75	328
	75	327
	75	326
	75	325
	76	324
	78	323
	79	323
	80	323
	81	323
	82	323
	83	323
	84	324
	85	325
	86	326
	87	327
	88	328
	89	329
	90	332
	90	333
	90	334
	90	336
	90	337
	90	338
	88	340
	87	341
	86	342
	85	343
	83	344
	80	344
	78	344
	76	343
	75	342
	73	341
	72	339
	71	338
	71	336
	71	333
	71	331
	71	329
	71	327
	75	325
	79	324
	81	324
	84	324
.PEN_UP
.PEN_DOWN
	108	343
	108	342
	107	342
	107	341
	105	341
	105	340
	104	339
	103	338
	102	337
	101	334
	100	333
	99	332
	99	331
	99	330
	99	329
.PEN_UP
.PEN_DOWN
	114	345
	113	344
	112	343
	111	343
	111	342
	110	341
	109	340
	108	339
	107	338
	106	336
	105	334
	105	333
	105	332
.PEN_UP
.PEN_DOWN
	92	344
	92	343
	93	342
	94	342
	95	342
	96	341
	98	341
	99	341
	101	340
	103	340
	104	340
	105	339
	107	339
	108	338
	109	338
	110	337
	111	336
.PEN_UP
.PEN_DOWN
	96	336
	95	335
	95	334
	95	333
	96	333
	97	332
	99	332
	99	331
	101	331
	103	331
	104	331
	106	330
	109	330
	110	330
.PEN_UP
.PEN_DOWN
	147	346
	146	347
	145	347
	144	347
	143	347
	141	347
	140	346
	139	346
	138	345
	137	344
	136	344
	135	343
	134	342
	133	342
	132	341
	132	340
	133	340
	134	340
	135	340
	136	340
	137	340
	138	340
	139	340
	141	339
	141	338
	141	337
	141	336
	141	335
	140	334
	140	333
	139	333
	138	332
	136	331
	135	330
	134	330
	133	330
	132	330
	131	330
	130	330
	129	330
	128	330
	127	330
	126	330
	125	331
.PEN_UP
.PEN_DOWN
	138	351
	139	350
	139	349
	139	348
	139	347
	138	345
	138	344
	137	343
	137	342
	136	340
	135	339
	135	338
	134	337
	133	334
	132	333
	132	331
	131	330
	131	329
	131	328
	131	327
	131	326
.PEN_UP
.PEN_DOWN
	143	349
	143	348
	143	347
	143	346
	142	346
	141	345
	141	344
	140	342
	138	340
	138	339
	137	337
	136	336
	136	335
	136	333
	136	332
	136	331
	136	330
	136	329
.PEN_UP
.PEN_DOWN
	171	345
	170	344
	170	343
	169	342
	168	342
	167	341
	166	340
	165	338
	163	336
	162	335
	161	334
	160	333
	159	332
	158	331
	158	330
	157	329
	156	329
	156	328
.PEN_UP
.PEN_DOWN
	161	347
	160	347
	160	346
	160	345
	160	344
	160	343
	161	343
	162	343
	163	343
	163	344
	163	345
	163	346
	162	347
	161	347
	160	347
	159	347
.PEN_UP
.PEN_DOWN
	167	329
	168	329
	169	329
	170	330
	171	331
	171	332
	171	333
	170	333
.PEN_UP
.PEN_DOWN
	182	340
	183	341
	182	341
	182	340
	181	340
	181	339
	181	338
	180	338
	180	337
	179	334
	178	333
	178	332
	177	331
	177	330
	176	329
	175	328
	175	327
	175	328
	176	329
	177	330
	177	332
	178	333
	179	334
	180	336
	180	337
	181	339
	181	340
	182	342
	183	343
	183	344
	183	343
	182	343
	182	341
	182	340
	182	339
	182	338
	182	337
	182	336
	182	335
	183	334
	183	333
	184	332
	184	331
	185	330
	186	330
	186	329
	187	329
	188	329
	188	328
	189	328
.PEN_UP
.PEN_DOWN
	206	350
	206	349
	206	348
	206	347
	206	345
	206	344
	206	343
	205	342
	205	340
	205	339
	205	338
	204	336
	204	335
	204	333
	204	331
	204	330
	204	329
	204	328
	205	328
	205	329
	205	330
	205	332
	205	333
	203	334
	203	335
	203	336
	203	337
	202	338
	202	339
	201	340
	200	340
	199	340
	198	340
	197	340
	196	339
	195	338
	194	338
	193	337
	193	336
	192	335
	192	334
	192	333
	193	332
	194	332
	195	332
	196	332
	197	332
	199	332
	200	332
	202	333
	204	333
	208	334
	209	334
	210	334
	211	335
.PEN_UP
.PEN_DOWN
	225	343
	225	342
	226	341
	226	340
	226	339
	226	338
	226	337
	227	336
	227	335
	227	334
	227	332
	228	331
	228	330
	228	329
	229	328
	229	327
.PEN_UP
.PEN_DOWN
	217	333
	218	333
	219	333
	220	334
	221	334
	222	334
	223	335
	224	335
	227	335
	228	335
	229	335
	231	335
	232	335
	233	335
	234	335
	235	335
	236	335
	237	335
	238	335
.PEN_UP
.PEN_DOWN
	241	342
	240	342
	239	342
	237	341
	237	340
	235	340
	234	339
	233	338
	232	338
	231	337
	230	336
	228	335
	227	334
	225	333
	222	331
.PEN_UP
.PEN_DOWN
	256	346
	256	345
	255	344
	254	344
	254	343
	253	342
	252	341
	252	340
	251	340
	251	339
	251	338
	250	335
	249	334
	249	333
	249	332
	249	330
	249	329
	250	328
	250	327
	251	327
	252	326
	254	326
	255	325
.PEN_UP
.PEN_DOWN
	269	347
	270	347
	270	346
	270	345
	270	344
	271	344
	271	343
	271	342
	272	340
	272	339
	272	338
	272	337
	272	336
	272	335
	272	334
	272	333
	271	332
	271	331
	271	330
	270	329
	269	328
	268	327
.PEN_UP
.PEN_DOWN
	280	347
	280	346
	280	345
	281	344
	281	343
	282	342
	282	341
	283	340
	285	339
	285	338
	286	338
	287	337
	288	337
	288	336
.PEN_UP
.PEN_DOWN
	299	330
	299	329
	298	329
	299	329
	299	330
	299	331
	299	332
	299	333
	299	334
	300	335
	300	336
	301	336
	302	336
	303	336
	304	336
	305	335
	305	333
	306	332
	306	331
	307	330
	307	329
	309	329
	310	329
	311	329
	313	329
	314	329
	316	330
.PEN_UP
.PEN_DOWN
	329	336
	330	336
	331	336
	332	336
	333	337
	334	337
	335	337
	337	338
	338	338
	339	338
	340	338
	341	338
	343	338
	344	338
.PEN_UP
.PEN_DOWN
	352	322
	352	321
	353	321
	355	321
	356	321
	357	320
	358	320
	359	320
	360	320
	361	320
	362	320
	363	320
	365	320
	366	320
	368	320
	369	320
	370	320
	372	320
	373	320
	374	320
	376	320
.PEN_UP
.PEN_DOWN
	384	338
	384	337
	384	336
	384	335
	384	334
	384	333
	384	332
	384	331
	383	330
	383	328
	383	327
	383	326
	383	325
	383	324
	383	323
.PEN_UP
.PEN_DOWN
	380	331
	382	331
	383	331
	385	331
	386	331
	387	331
	388	331
	389	331
	390	331
	392	330
.PEN_UP
.PEN_DOWN
	402	333
	403	333
	404	333
	405	333
	405	334
	407	334
	408	334
	409	334
	409	333
	410	333
	411	333
	412	333
	413	332
	414	332
	415	332
	416	331
.PEN_UP
.PEN_DOWN
	401	322
	402	322
	402	321
	403	321
	405	321
	406	321
	407	321
	408	321
	410	321
	411	321
	412	321
	414	321
	415	321
.PEN_UP
.PEN_DOWN
	439	342
	438	342
	437	342
	436	342
	435	342
	434	342
	433	343
	432	343
	431	343
	430	343
	429	343
	428	343
	427	343
	426	343
	425	342
	424	342
	423	342
	424	342
	424	341
	425	341
	425	340
	425	339
	426	338
	426	337
	426	336
	426	335
	427	334
	427	333
	427	332
	427	331
	426	329
	426	328
	426	327
	426	326
	426	325
	425	324
	425	323
	425	322
	425	321
	426	321
	427	322
	428	322
	429	322
	430	322
	431	322
	432	322
	433	322
	434	322
	435	322
	435	321
	436	321
	437	320
.PEN_UP
.PEN_DOWN
	443	341
	444	341
	445	341
	446	341
	447	341
	448	341
	449	341
	450	341
	452	341
	453	341
	454	341
	455	341
	456	341
	457	341
	458	341
	459	341
	459	340
	459	339
	458	339
	458	338
	457	338
	457	337
	456	336
	456	335
	456	334
	455	333
	455	332
	455	331
	455	330
	455	329
	455	328
	455	327
	455	326
	455	324
	455	323
	455	322
	455	321
	454	321
	453	321
	452	321
	452	322
	451	322
	451	323
	450	323
	449	323
	448	323
	447	322
	446	322
	445	322
	445	321
	443	321
	443	320
	444	320
.PEN_UP
.PEN_DOWN
	483	345
	482	346
	481	346
	481	345
	480	345
	479	345
	478	345
	477	345
	476	344
	475	344
	474	344
	473	343
	472	343
	471	343
	471	342
	470	342
	469	342
	467	341
	466	340
	466	339
	465	338
	465	337
	465	336
	465	335
	466	335
	467	334
	468	334
	468	333
	469	333
	470	333
	471	333
	472	333
	473	333
	474	333
	474	334
	473	334
	472	334
	471	334
	469	334
	468	334
	467	333
	466	333
	465	332
	464	332
	464	331
	464	330
	465	330
	466	330
	467	330
	468	330
	469	330
	470	330
	470	331
	471	331
	472	330
	471	329
	470	329
	469	328
	468	327
	467	325
	466	325
	466	324
	466	323
	466	322
	466	321
	466	320
	466	319
	468	319
	468	318
	469	318
	472	317
	474	317
	475	317
.PEN_UP
.PEN_DOWN
	485	344
	486	343
	487	343
	488	343
	489	343
	490	343
	491	343
	493	343
	494	342
	495	342
	496	342
	496	341
	496	340
	495	339
	494	339
	492	338
	491	338
	490	337
	488	337
	488	336
	487	336
	486	336
	485	335
	485	334
	486	334
	486	333
	487	333
	488	333
	489	333
	490	333
	491	333
	492	333
	493	332
	495	332
	495	331
	495	330
	494	329
	493	329
	492	328
	491	327
	490	327
	490	326
	490	325
	491	324
	492	324
	493	324
	493	323
	494	322
	495	322
	495	321
	496	320
	496	319
	496	318
	495	318
	495	317
	494	317
	493	317
	493	316
	491	316
	490	316
	489	316
	487	315
	486	315
	485	315
.PEN_UP
.PEN_DOWN
	509	339
	509	338
	508	338
	508	337
	508	336
	508	335
	509	335
	509	334
	510	333
	511	332
	511	331
	512	330
	513	329
	513	328
	514	327
	514	326
	515	325
	516	324
	516	323
	517	322
	518	321
	519	321
	519	320
	520	319
.PEN_UP
.PEN_DOWN
	527	320
	528	320
	528	319
	528	318
	528	317
	528	316
	528	315
	527	313
	527	312
	526	311
.PEN_UP
.PEN_DOWN
	559	341
	559	340
	558	340
	558	339
	557	339
	556	338
	555	337
	554	336
	552	334
	550	333
	549	331
	548	330
	546	329
	545	328
	544	327
	543	326
	543	325
	542	324
	541	323
	541	321
.PEN_UP
.PEN_DOWN
	562	338
	563	338
	564	339
	566	339
	567	340
	568	340
	569	340
	571	340
	572	340
	573	339
	574	338
	574	337
	574	336
	573	335
	573	334
	572	333
	571	333
	571	332
	570	332
	569	332
	569	331
	568	331
	567	331
	566	331
	565	331
	564	331
	564	332
	564	331
	564	330
	564	329
	564	328
	564	327
	564	326
	564	325
	564	324
	564	323
	563	323
	563	322
	563	321
.PEN_UP
.PEN_DOWN
	565	314
	565	313
	566	312
	567	312
.PEN_UP
.PEN_DOWN
	584	342
	584	341
	584	340
	584	339
	584	338
	584	337
	584	336
	585	336
	585	335
	586	334
	587	334
.PEN_UP
.PEN_DOWN
	597	339
	598	339
	599	338
	599	337
	600	336
	601	336
	601	335
	602	334
	603	334
	603	333
	604	333
.PEN_UP
.PEN_DOWN
	601	341
	602	340
	603	339
	603	338
	604	338
	604	337
	605	337
	605	336
	606	335
	607	334
.PEN_UP
.PEN_DOWN
	629	330
	630	330
	629	330
	628	330
	627	329
	626	329
	624	329
	623	328
	622	328
	621	327
	621	326
	620	326
	619	325
	618	325
	618	324
	617	324
	617	323
	616	323
	616	322
	616	321
	616	320
	617	320
	617	319
	618	318
	619	318
	620	317
	621	317
	622	316
	623	315
	624	315
	625	315
	626	314
	627	314
.PEN_UP
.PEN_DOWN
	642	338
	641	337
	641	336
	641	335
	641	334
	641	333
	641	332
	641	331
	641	330
	641	329
	641	328
	641	327
	641	325
	641	324
	641	323
	641	321
	641	320
	642	319
	642	318
	642	317
	643	316
.PEN_UP
.PEN_DOWN
	653	335
	654	335
	654	334
	655	334
	656	333
	657	333
	657	332
	658	331
	658	330
	659	330
	659	329
	660	329
	661	328
	661	327
	661	326
	662	326
	662	325
	662	324
	663	324
	663	323
	663	322
	662	322
	661	321
	660	321
	659	320
	658	320
	657	319
	656	319
	655	318
	655	317
	654	316
	654	315
.PEN_UP
.PEN_DOWN
	676	340
	676	339
	675	339
	674	338
	673	337
	672	337
	671	336
	670	335
	669	335
	669	334
	668	334
	668	333
	667	333
.PEN_UP
.PEN_DOWN
	681	338
	680	338
	678	336
	677	336
	676	335
	675	334
	674	334
	673	333
	673	332
	672	332
.PEN_UP
.PEN_DOWN
	697	320
	697	319
	697	318
.PEN_UP
.PEN_DOWN
	696	308
	696	307
	696	306
	696	305
	696	304
	695	303
	695	302
	695	301
	694	300
	694	299
.PEN_UP
.PEN_DOWN
	716	324
	716	323
.PEN_UP
.PEN_DOWN
	714	307
	714	306
	715	306
	716	306
.PEN_UP
.PEN_DOWN
	734	308
	734	307
	733	307
	733	306
.PEN_UP
