
.WRITER_ID IanFelix
.STYLE PRINTED
.PEN_DOWN
	68	331
	69	331
	69	330
	70	330
	70	329
	71	329
	72	329
	73	330
	74	331
	75	332
	75	333
	76	334
	77	336
	78	337
	79	339
	79	340
	80	342
	80	344
	80	345
	81	348
	81	349
	81	351
	80	352
	80	353
	79	354
	79	355
	78	356
	77	356
	76	357
	75	357
	73	356
	73	355
	72	354
	71	354
	71	352
	70	351
	70	349
	70	348
	70	346
	69	344
	69	343
	69	339
	70	337
	70	335
	70	333
	70	331
	70	329
	71	327
	71	326
	72	324
	72	323
	72	322
	73	320
	74	318
	74	317
	75	317
	75	316
.PEN_UP
.PEN_DOWN
	62	323
	63	323
	64	323
	66	323
	68	323
	69	323
	70	324
	71	324
	74	325
	75	325
	77	325
	78	325
	79	326
	80	326
.PEN_UP
.PEN_DOWN
	96	328
	95	328
	95	329
	94	329
	93	329
	92	329
	91	329
	90	328
	89	327
	88	326
	88	324
	88	323
	88	322
	88	320
	88	319
	88	318
	88	317
	89	316
	90	315
	91	314
	92	314
	95	314
	97	315
	98	316
	100	317
	102	317
	103	318
	104	320
	106	321
	106	322
	107	323
	108	325
	108	326
	108	327
	107	328
	106	328
	105	329
	103	329
	102	330
	100	330
.PEN_UP
.PEN_DOWN
	132	334
	133	334
	133	333
	132	333
	131	333
	130	331
	129	331
	128	330
	127	329
	125	327
	125	326
	124	325
	123	323
	122	322
	121	321
	121	320
	120	318
	119	316
.PEN_UP
.PEN_DOWN
	116	332
	117	332
	118	332
	119	331
	120	331
	121	330
	123	329
	123	328
	125	327
	126	326
	127	325
	128	324
	131	322
	131	321
	132	320
.PEN_UP
.PEN_DOWN
	154	323
	153	322
	152	320
	151	319
	150	317
	148	313
	147	312
	147	310
	146	309
	145	307
	145	305
.PEN_UP
.PEN_DOWN
	143	333
	144	332
	144	330
	145	329
	145	328
	145	327
	145	325
	146	324
	146	323
	147	322
	147	321
	148	320
	149	319
	150	319
	151	318
	152	318
	153	318
.PEN_UP
.PEN_DOWN
	182	332
	183	331
	184	331
	185	331
	186	332
	188	332
	189	332
	191	333
	193	333
	194	333
	195	334
	198	334
	199	334
	200	333
	201	333
	202	332
	202	331
	203	331
	203	330
	203	329
	203	328
	202	327
	201	325
	200	324
	199	323
	199	322
	198	321
	197	320
	196	319
	195	318
	194	317
	193	316
	192	314
	191	313
	189	311
	189	310
	188	309
	188	308
	188	307
	189	307
	191	307
	192	307
	194	307
	195	308
	196	308
	197	309
	199	309
	200	309
	202	309
	203	309
	204	310
	207	310
	208	309
	209	309
	210	309
	211	308
.PEN_UP
.PEN_DOWN
	217	330
	216	330
	216	328
	216	327
	216	326
	216	325
	216	323
	216	322
	217	320
	217	319
	218	318
	219	317
	220	316
	222	316
	224	316
	225	316
	226	316
	227	317
	229	318
	230	318
	231	320
	232	321
	233	322
	234	322
	234	323
	235	325
	235	327
	235	328
	235	329
	234	329
	233	330
	232	330
	232	329
	232	327
	232	325
	232	323
	232	322
	233	320
	233	318
	234	316
	235	314
	236	312
	237	311
	238	311
	239	310
	242	310
.PEN_UP
.PEN_DOWN
	247	340
	247	339
	247	338
	247	336
	248	335
	248	334
	248	333
	248	331
	248	330
	248	327
	249	325
	249	323
	249	322
	249	320
	250	318
	250	317
	250	315
	250	314
	250	313
	250	312
	251	310
.PEN_UP
.PEN_DOWN
	256	328
	256	326
	256	325
	256	324
	257	323
	257	322
	257	321
	258	319
	258	318
	259	317
	260	316
	262	315
	263	315
	264	315
	265	315
	267	316
	269	317
	270	317
	271	318
	272	319
	273	320
	275	321
	275	322
	277	324
	277	325
	277	326
	277	327
	277	328
	277	329
	277	330
	276	330
	275	330
	274	328
	274	327
	273	325
	273	323
	273	322
	273	320
	273	318
	273	317
	274	315
	275	314
	275	313
	276	313
	278	313
	279	313
.PEN_UP
.PEN_DOWN
	302	333
	302	332
	301	332
	300	331
	299	330
	298	330
	296	329
	295	328
	293	327
	292	326
	291	325
	290	325
	290	324
	289	324
	289	323
	289	322
	290	322
	292	322
	294	322
	295	322
	296	322
	297	322
	298	322
	300	322
	301	321
	302	321
	303	320
	304	320
	305	318
	305	317
	305	316
	305	315
	305	314
	305	313
	304	312
	303	311
	302	311
	299	310
	298	310
	296	310
	295	310
	293	310
	292	310
	291	310
.PEN_UP
.PEN_DOWN
	350	325
	350	326
	350	327
	350	328
	350	329
	349	329
	348	330
	347	330
	346	330
	345	330
	343	330
	342	329
	340	328
	339	327
	337	326
	336	325
	335	324
	333	322
	333	320
	333	319
	333	318
	333	317
	333	316
	334	315
	335	314
	336	314
	338	314
	339	314
	343	316
	344	317
	345	318
	346	318
	347	319
	348	320
	349	321
	348	320
	347	318
	347	317
	346	316
	346	315
	345	313
	344	312
	344	310
	344	308
	344	306
	343	302
	343	300
	343	298
	343	296
	343	294
	343	293
	343	291
	343	290
	343	288
	343	286
	343	285
	342	284
	342	282
	342	281
	342	280
	342	279
	343	279
	344	279
	344	280
	345	281
	346	282
	347	283
	347	284
	348	284
	348	285
	349	285
	349	284
.PEN_UP
.PEN_DOWN
	347	283
	348	284
	348	285
	349	286
	351	287
	351	288
	352	289
	353	290
	354	291
	355	292
	356	293
	357	294
.PEN_UP
.PEN_DOWN
	364	331
	364	330
	364	328
	364	327
	364	326
	364	324
	364	322
	365	320
	365	318
	366	317
	367	316
	367	315
	368	315
	369	315
	370	315
	372	315
	373	315
	374	315
	377	316
	378	317
	379	318
	380	318
	380	319
	382	320
	382	321
	383	322
	383	323
	383	324
	383	325
	383	326
	383	328
	383	329
	382	330
	382	331
	381	330
	381	329
	381	327
	381	326
	381	322
	381	321
	382	320
	382	318
	383	318
	384	317
	384	316
	385	315
	386	315
.PEN_UP
.PEN_DOWN
	398	324
	398	323
	398	322
	399	321
	399	320
	399	319
	399	318
	399	317
	399	316
.PEN_UP
.PEN_DOWN
	395	341
	395	342
	396	343
.PEN_UP
.PEN_DOWN
	411	329
	411	327
	411	326
	412	324
	412	323
	412	322
	412	321
	412	320
	413	319
	413	318
	413	317
	413	316
	414	315
	414	314
	414	313
	415	313
	416	313
	416	312
	416	313
	417	313
	417	314
	418	315
	419	316
	419	318
	420	319
	422	322
	423	323
	424	325
	425	326
	426	327
	427	328
	427	329
	428	330
	429	331
	429	332
	430	332
.PEN_UP
.PEN_DOWN
	433	314
	434	314
	435	315
	436	315
	437	316
	437	317
	439	318
	439	319
	440	320
	442	322
	442	323
	443	324
	443	325
	443	326
	443	327
	442	327
	441	327
	440	327
	437	326
	436	325
	435	324
	434	323
	433	322
	432	321
	432	319
	431	318
	431	317
	431	316
	431	315
	432	313
	433	313
	433	312
	435	312
	436	312
	437	312
	439	312
	441	313
	442	313
	444	313
	446	314
	448	315
	451	316
	452	316
	453	316
.PEN_UP
.PEN_DOWN
	460	326
	460	325
	460	324
	461	323
	461	322
	461	321
	461	320
	461	319
	461	318
	462	317
	462	316
	462	315
	462	314
	463	313
	463	314
	463	315
	463	316
	463	318
	462	318
	462	319
	462	320
	461	321
	461	322
	460	322
	460	323
	460	324
	460	325
	460	327
	461	328
	462	329
	464	330
	465	331
	466	331
	468	332
	469	333
	471	334
	473	334
	476	334
	477	334
	479	334
.PEN_UP
.PEN_DOWN
	499	331
	499	330
	498	329
	498	327
	498	326
	497	323
	497	322
	497	321
	498	320
	498	319
	498	318
	499	318
	500	318
	501	318
	502	318
	503	318
	504	318
	505	319
	506	320
	507	321
	507	322
	507	323
	507	324
	507	325
	507	326
	507	327
	506	327
	506	326
	505	325
	505	324
	505	322
	505	321
	505	319
	505	318
	505	316
	507	315
	507	314
	508	314
	509	314
	510	314
	511	314
	512	315
	513	316
	513	317
	514	318
	515	318
	515	319
	516	321
	516	322
	516	323
	516	324
	516	325
	515	326
	515	327
.PEN_UP
.PEN_DOWN
	522	336
	522	335
	522	333
	522	331
	522	330
	522	328
	522	326
	522	323
	522	321
	522	320
	523	319
	523	318
	523	317
	523	316
	523	315
	524	315
	524	314
	525	314
	525	315
	526	317
	527	318
	527	319
	528	320
	528	321
	529	322
	529	323
	531	326
	531	327
	532	327
	532	326
	532	325
	532	323
	531	322
	531	321
	531	319
	531	317
	532	316
	532	315
	533	314
	534	314
	534	313
	535	313
	536	313
.PEN_UP
.PEN_DOWN
	545	326
	545	325
	545	324
	545	323
	545	322
	545	321
	545	319
	545	318
	545	317
	545	316
	545	314
	545	313
	545	312
	545	311
	545	310
	545	309
	546	308
.PEN_UP
.PEN_DOWN
	546	342
	546	341
	546	340
	546	339
.PEN_UP
.PEN_DOWN
	558	342
	558	341
	558	340
	559	339
	559	338
	559	336
	559	335
	559	333
	559	331
	559	328
	559	326
	559	322
	559	320
	559	318
	560	316
	560	314
	561	313
	561	312
	562	310
	562	309
	563	309
	563	308
	563	307
.PEN_UP
.PEN_DOWN
	570	317
	571	316
	572	316
	572	315
	573	315
	575	315
	576	315
	577	316
	578	317
	579	317
	581	318
	582	319
	583	320
	584	321
	585	322
	586	323
	587	323
	587	325
	587	326
	587	327
	586	327
	585	328
	584	328
	583	328
	582	328
	581	328
	579	328
	576	326
	574	324
	573	323
	571	322
	571	320
	570	318
	570	317
	570	315
	570	314
	571	313
	572	312
	574	311
	577	310
	579	310
	581	310
	583	310
	586	310
	587	310
	589	310
	591	310
	593	310
.PEN_UP
.PEN_DOWN
	629	341
	629	340
	629	339
	629	338
	628	337
	628	336
	628	332
	628	331
	628	328
	628	326
	628	324
	628	322
	629	320
	629	318
	629	317
	630	316
	630	315
	631	315
	631	314
	631	315
	631	316
	631	317
	631	318
	631	319
	630	320
	628	322
	628	324
	626	325
	625	326
	624	326
	623	326
	622	326
	620	325
	619	324
	618	323
	617	321
	615	318
	615	316
	615	314
	615	313
	615	312
	615	311
	616	309
	617	309
	618	308
	620	308
	622	308
	625	308
	630	308
	632	308
.PEN_UP
.PEN_DOWN
	638	318
	638	316
	638	314
	638	313
	639	313
	639	312
	639	311
	640	310
	640	309
	641	309
	642	309
	642	310
	641	310
	641	311
	640	312
	639	313
	638	314
	638	315
	637	316
	637	317
	636	317
	636	318
	636	319
	637	319
	639	320
	640	321
	642	321
	643	321
.PEN_UP
.PEN_DOWN
	651	319
	651	318
	651	317
	651	316
	651	315
	651	314
	651	313
	651	311
	651	310
	651	309
	651	308
	652	307
.PEN_UP
.PEN_DOWN
	648	330
	649	330
	650	331
	651	331
.PEN_UP
.PEN_DOWN
	662	319
	662	318
	663	318
	663	317
	663	316
	663	315
	663	314
	663	313
	662	311
	662	310
	662	309
	662	308
	663	307
	663	306
	664	306
	664	307
	665	308
	665	309
	665	310
	666	311
	666	312
	667	313
	667	314
	668	316
	669	317
	670	318
	670	319
	671	320
	672	321
	673	321
	673	320
	673	319
	673	318
	673	316
	673	315
	673	314
	674	312
	674	311
	675	310
	675	309
	676	309
	676	308
	677	308
	678	307
.PEN_UP
.PEN_DOWN
	679	335
	679	334
	679	333
	679	332
	680	331
	680	330
	680	329
	681	327
	682	326
	682	323
	683	321
	683	319
	684	318
	684	316
	684	314
	684	312
	685	310
	685	309
	686	308
.PEN_UP
.PEN_DOWN
	693	319
	692	319
	691	319
	690	319
	689	319
	688	318
	687	318
	687	317
	686	317
	686	316
	686	315
	686	314
	687	312
	687	311
	688	310
	689	309
	690	309
	692	308
	693	308
	694	308
	695	308
	696	307
	698	307
	699	307
.PEN_UP
.PEN_DOWN
	702	319
	702	318
	702	317
	702	316
	701	315
	701	314
	701	313
	702	311
	702	310
	703	309
	704	308
.PEN_UP
.PEN_DOWN
	700	334
	701	334
	702	335
	703	335
	704	335
.PEN_UP
.PEN_DOWN
	710	317
	710	316
	710	315
	710	314
	709	313
	709	312
	709	310
	708	309
	708	308
	708	307
	708	306
	709	305
	709	304
	710	304
	711	304
	711	305
	712	305
	712	306
	713	307
	714	308
	714	309
	715	310
	716	313
	716	314
	717	315
	718	317
	719	318
	720	318
	720	317
	720	315
	720	314
	720	313
	720	312
	720	310
	721	309
	722	308
	722	307
	723	307
	724	306
.PEN_UP
.PEN_DOWN
	741	318
	742	318
	742	319
	742	320
	741	320
	740	320
	739	320
	737	320
	735	319
	734	319
	733	318
	732	318
	731	318
	730	317
	729	316
	729	315
	729	314
	729	313
	729	312
	729	311
	730	310
	731	310
	732	310
	733	310
	735	310
	736	310
	738	311
	739	312
	740	312
	741	313
	742	313
	741	313
	740	312
	740	311
	740	310
	740	309
	739	307
	739	306
	739	305
	739	304
	739	303
	739	301
	740	300
	740	299
	740	298
	740	297
	740	296
	739	295
	739	294
	739	293
	739	292
	738	291
	737	291
	736	291
	735	291
	734	291
	733	291
	731	291
	729	291
	728	291
	727	291
.PEN_UP
