
.WRITER_ID IanFelix
.STYLE PRINTED
.PEN_DOWN
	113	326
	112	326
	111	326
	111	327
	110	327
	108	327
	107	328
	106	328
	105	328
	104	328
	103	328
	101	328
	100	329
	99	329
	98	329
	95	329
	94	329
	93	329
	92	329
	91	329
	90	329
	88	329
	87	329
	86	328
	86	327
	87	325
	87	324
	87	323
	88	322
	88	320
	88	319
	88	317
	88	315
	88	313
	88	311
	88	307
	88	306
	88	304
	88	302
	88	300
	88	299
	88	297
	88	296
	88	295
	88	294
	88	293
	88	292
	89	291
	89	290
	90	290
	91	290
	92	290
	94	291
	96	291
	97	291
	98	290
	99	290
	101	289
	102	289
	103	288
	104	288
	106	287
	107	287
	108	286
	109	286
.PEN_UP
.PEN_DOWN
	133	312
	132	312
	132	311
	131	310
	130	308
	130	306
	129	305
	129	303
	129	301
	129	300
	129	298
	130	297
	131	296
	131	295
	132	294
	134	294
	138	294
	141	294
	143	295
	146	296
	148	297
	150	298
	151	299
	152	301
	154	302
	155	303
	156	305
	156	308
	156	309
	156	311
	156	312
	155	314
	154	315
	153	317
	151	319
	150	320
	148	322
	146	323
	144	324
	140	325
	138	325
	137	325
	135	324
	134	323
.PEN_UP
.PEN_DOWN
	165	317
	165	315
	165	314
	165	312
	165	310
	165	308
	165	306
	165	305
	165	303
	165	301
	165	300
	166	298
	166	297
	167	296
.PEN_UP
.PEN_DOWN
	162	320
	162	321
	163	322
	164	322
	165	323
	166	324
	167	324
	168	324
	170	325
	171	325
	172	325
	174	325
	175	325
	177	325
	178	324
	178	323
	179	322
	179	321
	179	320
	179	318
	179	317
	179	316
	179	314
	179	313
	178	312
	177	310
	176	309
	175	309
	174	308
	173	308
	172	308
	171	308
	170	309
	169	309
	168	309
	167	310
	166	311
	165	312
	165	313
	164	314
.PEN_UP
.PEN_DOWN
	166	311
	167	311
	167	310
	168	310
	169	309
	170	308
	170	307
	171	306
	172	305
	173	304
	173	303
	174	302
	175	301
	176	300
	176	299
	177	297
	179	296
	180	295
	181	295
.PEN_UP
.PEN_DOWN
	216	320
	215	320
	214	320
	213	320
	212	319
	212	317
	211	316
	211	315
	211	313
	210	311
	210	310
	210	309
	210	307
	210	306
	211	305
	211	304
	212	303
	214	302
	215	302
	216	302
	217	302
	219	302
	220	302
	222	302
	223	302
	225	302
	227	302
	228	302
	230	302
	231	302
	232	301
	232	300
	233	300
	234	299
	234	298
	235	297
	235	296
	235	295
	236	294
.PEN_UP
.PEN_DOWN
	216	316
	217	316
	218	316
	220	316
	221	316
	222	316
	223	316
	225	316
	226	316
	228	315
	229	315
	231	314
	232	313
	234	313
	235	313
	237	312
	238	312
	239	312
.PEN_UP
.PEN_DOWN
	209	327
	210	327
	212	327
	213	327
	215	326
	216	326
	219	326
	221	326
	223	326
	226	326
	228	325
	231	325
	235	325
	237	325
	239	324
.PEN_UP
.PEN_DOWN
	253	322
	253	321
	253	320
	252	319
	252	318
	252	316
	252	315
	251	313
	251	310
	251	309
	251	307
	251	306
	251	305
	251	304
	251	303
	251	302
	251	301
	252	301
	252	300
	253	300
	255	299
	256	299
	257	299
	259	300
	260	300
	261	300
	262	300
	264	300
	266	300
	267	300
	268	300
	270	299
	271	299
	273	298
	274	297
	275	297
	276	297
.PEN_UP
.PEN_DOWN
	290	323
	289	324
	287	324
	284	323
	283	323
	281	323
	280	322
	278	322
	277	321
	276	321
	275	320
	274	320
	274	319
	275	317
	276	316
	277	316
	278	315
	280	315
	282	314
	284	313
	285	313
	287	312
	289	311
	290	310
	292	308
	293	307
	293	306
	294	306
	294	305
	294	304
	294	303
	293	302
	292	302
	291	301
	290	301
	288	301
	286	301
	284	301
	283	301
	280	301
	278	302
	276	302
	274	302
	272	302
	270	302
.PEN_UP
.PEN_DOWN
	314	318
	314	319
	313	319
	312	317
	312	316
	311	316
	311	315
	311	314
	310	313
	310	312
	310	311
	310	310
	310	309
	310	308
	311	306
	311	305
	312	304
	313	304
	313	303
	314	302
	316	302
	317	302
	318	301
	319	301
	321	300
	323	300
	325	299
	327	299
	328	299
	329	298
	331	298
	332	298
	333	298
	334	298
	335	298
	336	298
	338	298
.PEN_UP
.PEN_DOWN
	318	315
	319	314
	321	314
	322	313
	323	313
	325	313
	327	313
	330	313
	331	313
.PEN_UP
.PEN_DOWN
	312	325
	313	325
	314	325
	315	325
	316	325
	319	326
	321	326
	323	327
	325	327
	327	327
	329	327
	331	327
	333	327
	334	327
	336	326
	338	326
	339	324
.PEN_UP
.PEN_DOWN
	384	331
	384	332
	383	332
	382	332
	382	333
	381	333
	380	333
	379	333
	378	333
	376	333
	375	332
	374	332
	373	331
	371	331
	370	330
	369	330
	368	329
	367	329
	366	328
	366	327
	365	326
	364	325
	364	324
	364	323
	364	322
	364	321
	365	321
	366	320
	367	319
	368	319
	371	319
	373	319
	374	318
	375	318
	376	318
	377	318
	378	318
	377	318
	376	318
	375	317
	374	317
	373	317
	372	316
	371	316
	370	315
	369	314
	368	313
	367	313
	367	312
	368	312
	368	311
	369	311
	370	311
	372	310
	373	310
	374	310
	374	309
	375	309
	375	308
	374	307
	373	307
	372	306
	371	305
	370	305
	369	304
	368	303
	367	302
	366	302
	365	301
	365	300
	364	299
	364	297
	364	296
	365	295
	366	293
	367	293
	369	292
	371	292
	373	291
	375	291
	378	291
	381	291
	385	291
	388	291
	390	291
.PEN_UP
.PEN_DOWN
	416	304
	416	303
	415	302
	414	301
	412	299
	412	298
	410	297
	409	295
	408	294
	407	292
	405	290
	404	288
	403	286
	402	284
	401	283
	400	281
	399	279
	399	278
	399	277
.PEN_UP
.PEN_DOWN
	401	306
	402	306
	403	305
	404	304
	404	303
	405	302
	406	301
	407	300
	407	299
	409	299
	409	298
	411	297
	412	297
.PEN_UP
.PEN_DOWN
	423	304
	423	303
	423	302
	423	301
	423	300
	423	299
	423	297
	424	297
	425	296
	426	295
	427	295
	429	294
	430	294
	431	294
	432	294
	433	295
	435	295
	436	296
	438	297
	438	298
	439	299
	440	300
	440	301
	440	302
	439	303
	439	304
	438	305
	437	306
	434	307
	432	308
	431	308
	429	309
	428	309
	426	309
	425	309
	424	308
	423	308
	423	307
.PEN_UP
.PEN_DOWN
	443	304
	444	304
	444	303
	445	302
	445	301
	446	300
	446	299
	448	298
	449	297
	451	296
	452	296
	453	296
	454	296
	455	296
	456	297
	457	297
	459	298
	459	299
	460	300
	460	301
	460	302
	461	302
	461	303
	461	304
	461	305
	460	305
	459	304
	459	303
	458	302
	458	301
	458	300
	458	298
	459	297
	459	296
	461	296
	462	295
	465	294
	467	293
	469	293
	471	293
	473	293
	475	292
.PEN_UP
.PEN_DOWN
	485	326
	485	325
	485	324
	485	322
	485	320
	484	318
	484	316
	483	311
	483	310
	483	307
	483	305
	484	303
	484	302
	484	300
	485	299
	485	298
	486	297
	486	296
	487	294
.PEN_UP
.PEN_DOWN
	498	309
	497	309
	497	310
	496	310
	495	310
	494	310
	493	311
	492	311
	491	311
	490	311
	489	310
	488	310
	487	310
	485	309
	484	308
	483	307
	482	306
	482	305
	482	304
	482	303
	482	302
	483	301
	485	300
	487	299
	488	298
	490	297
	491	296
	493	296
	495	295
	497	295
	498	294
	499	294
	500	293
	502	293
.PEN_UP
.PEN_DOWN
	503	302
	504	300
	504	299
	504	298
	504	297
	505	296
	505	295
	505	294
	505	293
	506	292
	507	292
	508	292
	508	293
	509	293
	510	294
	510	295
	511	296
	512	297
	513	298
	514	301
	515	302
	515	303
	516	304
	516	305
	517	306
	517	305
	516	302
	516	301
	516	299
	516	298
	516	296
	516	295
	516	294
	517	293
	517	292
	518	291
	519	290
	520	289
	521	289
.PEN_UP
.PEN_DOWN
	523	304
	523	303
	523	302
	523	301
	523	300
	523	299
	523	298
	523	297
	523	296
	523	295
	524	294
	524	293
	526	292
	527	291
	529	291
	530	291
	531	291
	532	291
	534	292
	534	293
	536	293
	537	294
	537	296
	539	298
	539	299
	539	301
	539	302
	539	303
	538	304
	537	306
	535	307
	534	308
	532	309
	530	310
	529	310
	527	310
	525	310
.PEN_UP
.PEN_DOWN
	540	302
	540	301
	541	300
	541	299
	541	298
	542	297
	543	296
	543	295
	543	294
	544	293
	545	293
	547	292
	548	292
	549	292
	550	292
	551	292
	552	292
	553	293
	554	293
	555	294
	556	295
	557	296
	559	298
	559	299
	560	300
	560	301
	560	302
	560	303
	559	303
	558	303
	557	303
	556	301
	556	300
	555	299
	555	298
	555	297
	555	296
	556	295
	556	294
	557	293
	558	293
	558	292
	561	292
	562	292
	563	292
	565	292
	566	292
	568	293
	569	293
	571	294
	573	295
	574	296
	576	297
	577	299
	578	302
	578	303
	578	304
	578	305
	578	306
	577	307
	576	308
	574	308
	572	308
	571	308
.PEN_UP
.PEN_DOWN
	603	304
	603	305
	603	304
	602	304
	602	303
	601	302
	600	301
	599	300
	598	298
	598	297
	598	295
	598	294
	599	293
	599	292
	600	292
	601	292
	602	292
	603	292
	605	292
	606	293
	607	293
	609	294
	611	296
	611	297
	612	298
	613	299
	613	300
	614	301
	614	302
	614	304
	614	305
	613	306
	612	305
	612	304
	612	303
	611	301
	611	300
	611	298
	611	297
	612	296
	613	294
	614	294
	616	293
	617	293
	618	293
	620	293
	622	293
	623	294
	624	294
	626	295
	626	296
	627	297
	628	298
	628	299
	628	302
	628	303
	628	304
	627	305
	626	307
	625	308
	624	309
	623	310
	622	311
	621	312
	619	312
.PEN_UP
.PEN_DOWN
	629	323
	630	323
	630	324
	630	323
	629	320
	629	318
	629	316
	629	314
	629	311
	629	309
	629	306
	629	304
	629	302
	629	301
	629	299
	629	297
	629	296
	630	295
	630	296
	631	297
	632	298
	633	300
	633	302
	634	303
	635	305
	636	307
	637	309
	639	311
	640	312
	640	313
	641	314
	641	313
	641	312
	641	311
	641	309
	641	307
	640	306
	640	304
	640	302
	640	301
	640	299
	640	298
	641	295
	642	294
	643	293
	644	293
	644	292
	645	291
	646	291
	647	291
	648	291
	649	291
	650	292
.PEN_UP
.PEN_DOWN
	662	303
	662	304
	662	305
	662	306
	662	308
	662	309
	662	310
	661	310
	660	311
	659	311
	658	311
	657	311
	655	310
	654	309
	652	308
	651	306
	649	303
	648	302
	648	300
	648	299
	648	298
	649	297
	649	296
	650	296
	651	295
	652	295
	654	295
	656	295
	658	296
	660	296
	661	297
	662	297
	663	298
	664	299
	665	300
	665	301
	665	302
	665	303
	665	304
	664	304
	663	304
	663	303
	662	303
	662	302
	661	301
	661	300
	661	298
	661	297
	662	296
	662	295
	663	294
	665	293
	666	293
	668	292
	669	292
	671	291
	672	291
	673	290
	674	290
	675	290
.PEN_UP
.PEN_DOWN
	679	327
	679	326
	679	325
	679	324
	679	323
	679	322
	679	320
	679	319
	679	317
	679	313
	679	311
	679	309
	679	306
	679	304
	680	302
	680	301
	680	299
	680	297
	680	295
	680	294
	680	293
	680	291
	680	290
	680	289
	680	288
.PEN_UP
.PEN_DOWN
	665	312
	666	312
	667	312
	668	312
	670	312
	672	312
	674	312
	677	311
	679	311
	682	311
	687	310
	689	309
	691	308
	694	308
	695	307
	697	307
	698	306
	700	306
.PEN_UP
.PEN_DOWN
	703	328
	703	327
	703	326
	703	324
	702	323
	702	321
	702	320
	702	319
	702	318
	702	317
	702	316
	702	315
	702	313
	702	312
	702	311
	702	310
	703	310
	703	309
.PEN_UP
.PEN_DOWN
	697	298
	697	297
	697	296
	696	296
	697	296
	698	296
	699	296
.PEN_UP
.PEN_DOWN
	714	326
	715	326
	715	327
	716	327
	717	327
	717	326
	718	326
	719	326
	720	326
	721	325
	723	324
	724	323
	725	322
	726	321
	727	320
	727	319
	728	319
	728	318
	728	317
	728	316
	728	315
	727	315
	726	314
	725	313
	724	313
	723	312
	722	312
	721	312
	720	312
	719	312
	717	312
	716	312
	715	311
	714	311
	713	311
	714	310
	715	310
	716	309
	717	309
	718	308
	720	307
	721	306
	723	306
	723	305
	724	304
	725	303
	726	302
	726	301
	726	300
	724	299
	724	298
	723	298
	722	297
	721	297
	720	297
	719	297
	718	296
	717	296
	717	295
	717	294
	718	293
	719	293
	720	292
	721	292
	722	291
	723	290
	723	288
	724	287
	724	286
	724	285
	724	284
	723	284
	722	283
	721	283
	720	283
	718	283
	717	283
	715	283
	712	283
	710	283
.PEN_UP
.PEN_DOWN
	735	329
	736	329
	737	329
	738	329
	739	329
	740	329
	741	329
	742	328
	743	328
	744	327
	745	327
	746	326
	747	326
	749	325
	749	324
	750	324
	751	324
	751	323
	751	322
	750	322
	750	321
	750	320
	749	319
	749	318
	748	317
	748	315
	748	314
	748	310
	749	309
	749	307
	749	306
	749	304
	750	303
	750	302
	751	300
	751	299
	751	298
	752	297
	753	295
	753	294
	753	293
	753	292
	753	291
	753	290
	752	290
	751	290
	750	290
	748	291
	747	291
	746	291
	745	291
	741	291
	739	291
	737	291
	735	291
	734	291
	732	291
	731	292
	730	292
	729	292
	728	292
	727	291
	727	290
.PEN_UP
.PEN_DOWN
	769	292
	768	292
	767	291
	767	290
	768	289
.PEN_UP
