
.WRITER_ID IanFelix
.STYLE PRINTED
.PEN_DOWN
	66	328
	67	327
	67	326
	67	325
	67	324
	67	322
	67	321
	67	320
	67	318
	67	314
	67	312
	67	311
	67	310
	67	308
	67	307
	67	306
	68	305
	68	304
.PEN_UP
.PEN_DOWN
	61	331
	62	331
	64	331
	65	330
	68	330
	69	329
	70	329
	71	328
	73	326
	74	325
	75	324
	76	323
	76	322
	77	320
	77	319
	77	317
	77	315
	76	313
	76	312
	75	311
	74	311
	74	310
	73	309
	71	309
	70	308
	69	307
	68	307
	67	307
	65	306
	64	306
	63	306
.PEN_UP
.PEN_DOWN
	85	321
	86	321
	86	320
	87	319
	87	318
	87	317
	87	316
	87	315
	87	314
	87	312
	87	311
	87	309
	87	308
	88	307
	88	306
	88	305
.PEN_UP
.PEN_DOWN
	78	306
	79	306
	80	306
	82	306
	83	306
	85	307
	89	307
	91	307
	92	307
	93	307
	94	307
	95	307
	96	307
.PEN_UP
.PEN_DOWN
	76	323
	77	324
	79	324
	80	324
	81	324
	84	325
	86	325
	88	325
	90	325
	91	324
	92	324
	94	324
	95	324
	96	324
	97	324
	98	323
.PEN_UP
.PEN_DOWN
	101	324
	101	323
	102	323
	103	324
	104	324
	105	324
	106	324
	107	324
	108	324
	109	323
	110	323
	111	322
	112	322
	113	321
	114	320
	114	319
	114	318
	113	317
	112	316
	111	315
	110	315
	109	314
	108	313
	107	312
	105	310
	104	309
	104	308
	104	307
	104	306
	105	305
	106	305
	108	304
	109	304
	110	304
	111	304
	113	304
	114	304
	116	304
	117	304
	118	305
	119	305
	120	305
	121	305
	122	305
.PEN_UP
.PEN_DOWN
	120	329
	120	328
	121	328
	122	328
	123	328
	124	328
	125	327
	126	327
	128	327
	129	327
	131	327
	132	326
	134	326
	135	325
	135	324
	135	323
	135	322
	134	321
	133	320
	132	319
	131	318
	128	317
	127	316
	126	315
	125	315
	125	314
	124	313
	124	312
	124	311
	124	310
	125	310
	126	309
	126	308
	127	308
	128	308
	130	307
	131	307
	132	307
	133	307
	134	307
	136	307
	137	306
	139	306
	140	306
	141	306
.PEN_UP
.PEN_DOWN
	154	324
	154	323
	153	322
	152	321
	152	320
	151	319
	150	318
	149	317
	148	315
	147	314
	146	312
	146	311
	144	309
	143	308
	143	307
	143	306
.PEN_UP
.PEN_DOWN
	143	330
	144	330
	145	329
	146	329
	146	328
	146	327
	147	326
	148	324
	149	324
	150	322
	150	321
	151	320
.PEN_UP
.PEN_DOWN
	181	324
	181	323
	181	321
	181	320
	181	319
	180	317
	180	315
	180	314
	180	312
	180	311
	180	309
	181	307
	181	304
	181	303
	181	302
	181	301
	181	299
	182	298
	182	297
.PEN_UP
.PEN_DOWN
	193	323
	193	322
	192	322
	191	322
	190	322
	190	321
	189	321
	188	320
	187	319
	186	319
	186	318
	185	317
	185	316
	184	316
	184	315
	184	314
	184	313
	184	312
	185	311
	186	310
	187	309
	188	309
	189	308
	191	308
	192	307
	194	307
	195	306
	197	306
	198	305
	199	305
	201	303
	202	302
	203	302
	204	301
	204	300
.PEN_UP
.PEN_DOWN
	206	321
	206	320
	206	319
	206	317
	206	316
	206	315
	206	314
	206	312
	206	311
	206	309
	206	308
	207	306
	208	305
	208	304
	209	303
	209	302
	210	302
	211	301
	212	301
	213	301
	215	300
	216	300
	217	300
	218	300
	220	300
	221	300
	222	300
	223	300
	224	299
	225	299
	226	299
.PEN_UP
.PEN_DOWN
	221	319
	222	318
	222	317
	222	316
	222	315
	222	314
	222	313
	222	312
	222	311
	222	309
	222	308
	223	306
	224	306
	225	305
	226	305
	227	305
	228	305
	229	305
	230	305
	231	305
	232	306
	232	307
	233	308
	234	310
	235	311
	235	312
	235	313
	235	314
	235	316
	235	317
	235	318
	235	317
	235	315
	235	314
	235	313
	235	311
	236	309
	236	308
	237	305
	237	304
	238	303
	240	302
	241	301
.PEN_UP
.PEN_DOWN
	252	322
	253	320
	254	320
	254	319
	254	318
	254	317
	254	316
	254	315
	254	313
	254	312
	253	310
	253	309
	253	306
	253	304
	253	303
	253	302
	254	301
	254	300
	254	299
	254	298
	254	297
.PEN_UP
.PEN_DOWN
	256	320
	256	319
	257	317
	258	315
	259	314
	260	313
	261	311
	262	310
	263	309
	264	307
	265	306
	267	305
	267	304
	268	303
	269	302
.PEN_UP
.PEN_DOWN
	269	329
	270	328
	270	327
	270	325
	270	324
	270	323
	270	322
	270	320
	271	319
	271	317
	271	315
	271	313
	271	311
	271	310
	271	308
	271	306
	271	305
	271	304
	271	303
	271	302
.PEN_UP
.PEN_DOWN
	285	327
	287	325
	287	324
	287	322
	287	320
	287	318
	287	317
	288	315
	288	313
	288	312
	288	310
	288	309
	288	307
	288	305
	288	304
	288	303
.PEN_UP
.PEN_DOWN
	298	322
	298	321
	297	321
	296	321
	295	321
	294	320
	293	320
	292	320
	290	319
	289	318
	288	318
	287	317
	286	316
	285	316
	285	315
	284	315
	283	314
	283	312
	283	311
	284	310
	284	309
	285	309
	285	308
	286	308
	287	307
	288	307
	290	306
	294	305
	295	305
	297	305
	299	304
	301	304
	302	304
	304	303
	306	303
	307	302
	308	302
	309	302
	310	302
	311	301
	311	300
.PEN_UP
.PEN_DOWN
	315	320
	315	319
	315	318
	315	317
	315	316
	315	315
	314	314
	314	313
	314	312
	314	310
	314	309
	314	308
	314	307
	314	306
	315	305
	315	304
	316	303
	317	303
	317	302
	318	302
	320	301
	321	300
	323	300
	324	300
	325	300
	327	300
	328	300
	329	300
	330	300
	331	300
	332	300
.PEN_UP
.PEN_DOWN
	316	313
	317	312
	318	312
	319	312
	321	312
	323	312
	324	312
	327	312
	328	312
	330	311
	332	311
	333	311
	334	311
.PEN_UP
.PEN_DOWN
	320	321
	322	321
	323	321
	325	322
	327	322
	330	322
	334	322
	335	322
	338	322
	339	322
	341	322
	342	321
.PEN_UP
.PEN_DOWN
	346	325
	346	324
	346	323
	346	322
	345	320
	345	319
	345	317
	345	315
	346	314
	346	312
	346	310
	346	308
	346	305
	346	304
	346	302
	346	301
	346	300
	346	299
	346	298
	346	297
.PEN_UP
.PEN_DOWN
	341	324
	342	324
	343	325
	344	325
	345	326
	347	326
	349	326
	351	326
	352	326
	354	326
	355	325
	357	324
	358	324
	358	323
	359	321
	359	320
	359	319
	358	316
	358	315
	357	314
	357	313
	356	312
	355	312
	355	311
	354	311
	353	311
	352	310
	351	310
	349	311
	348	311
	347	311
	346	311
	345	312
	343	312
	343	313
	343	314
	342	315
.PEN_UP
.PEN_DOWN
	349	314
	350	314
	351	314
	351	313
	353	312
	353	311
	354	310
	355	308
	355	307
	356	306
	356	304
	357	303
	357	302
	357	301
	358	300
	359	299
	360	297
	361	297
.PEN_UP
.PEN_DOWN
	385	322
	384	322
	383	322
	382	322
	381	322
	380	321
	379	321
	377	320
	376	320
	374	320
	373	319
	371	319
	369	318
	369	317
	369	316
	369	315
	370	315
	371	315
	373	314
	375	313
	376	313
	378	312
	380	312
	381	311
	383	311
	384	310
	385	309
	386	308
	386	307
	386	305
	386	304
	385	304
	385	303
	384	303
	383	302
	382	302
	380	302
	379	302
	378	302
	376	302
	373	302
	371	302
	370	303
	368	303
.PEN_UP
.PEN_DOWN
	408	325
	408	326
	407	326
	408	326
	408	325
	410	324
	411	324
	411	323
	412	323
	412	322
	413	322
	414	321
	415	321
	416	320
	417	320
	418	319
	419	318
	419	317
	419	316
	419	315
	418	315
	417	314
	415	312
	414	312
	413	311
	412	311
	411	310
	410	309
	409	309
	408	308
	407	307
	407	306
	407	305
	407	304
	408	304
	409	303
	410	303
	411	303
	412	302
	414	302
	415	302
	417	302
	418	302
	420	302
	421	302
	423	302
	425	303
	426	303
	428	303
	430	303
	431	303
.PEN_UP
.PEN_DOWN
	444	321
	445	321
	445	320
	445	319
	445	318
	445	317
	445	316
	445	315
	445	313
	444	312
	444	311
	444	310
	444	309
	444	308
	445	306
	445	305
	445	304
.PEN_UP
.PEN_DOWN
	431	302
	432	302
	433	302
	435	302
	437	302
	438	302
	440	302
	442	302
	444	302
	446	302
	449	302
	451	302
	453	302
	454	302
	455	302
	457	302
	458	302
	459	302
	460	302
.PEN_UP
.PEN_DOWN
	434	322
	435	322
	436	322
	437	322
	438	322
	440	321
	441	321
	445	320
	446	320
	448	320
	450	320
	452	319
	453	319
	455	319
.PEN_UP
.PEN_DOWN
	471	323
	471	322
	471	321
	471	320
	471	319
	471	318
	471	317
	471	315
	471	314
	471	313
	471	312
	471	311
	472	311
	472	310
	473	310
	474	311
	474	313
	474	314
	474	315
	474	316
	474	317
	473	318
	472	318
	471	319
	470	319
	469	319
	467	318
	466	318
	464	316
	463	315
	462	314
	461	313
	460	311
	460	310
	459	308
	459	306
	459	305
	459	304
	459	303
	460	301
	461	301
	462	300
	464	300
	465	299
	466	299
	468	299
	469	299
	470	299
	472	300
	473	300
	475	301
	475	302
	475	303
	475	304
	475	305
	473	305
	472	305
	471	305
	469	305
	467	305
	465	304
.PEN_UP
.PEN_DOWN
	482	322
	483	322
	484	323
	485	323
	486	323
	487	323
	488	323
	489	323
	490	322
	491	321
	491	320
	491	319
	491	318
	491	317
	490	316
	489	315
	488	315
	487	314
	486	313
	485	313
	484	312
	483	311
	482	311
	481	310
	481	309
	481	308
	481	307
	481	306
	482	306
	482	305
	483	305
	484	305
	486	304
	487	304
	488	304
	489	304
	491	304
	492	303
	494	303
	495	303
	496	303
	497	303
	498	303
	499	304
.PEN_UP
.PEN_DOWN
	512	324
	511	323
	511	322
	509	320
	509	318
	508	316
	507	315
	506	313
	505	311
	504	309
	504	308
	503	306
	502	305
	502	303
	501	302
	501	301
	500	301
	500	300
.PEN_UP
.PEN_DOWN
	509	328
	510	327
	510	326
	510	325
	510	323
	511	320
	511	318
	511	316
	511	315
	512	313
	512	311
	513	310
	513	309
	513	308
	514	306
	514	305
	514	304
	514	302
	514	301
	513	301
.PEN_UP
.PEN_DOWN
	502	315
	503	315
	505	315
	507	314
	508	314
	510	313
	511	313
	513	313
	514	313
	515	312
	516	312
	517	312
	519	312
.PEN_UP
.PEN_DOWN
	534	323
	535	323
	535	322
	535	321
	535	320
	535	318
	535	317
	535	316
	536	315
	536	314
	536	313
	537	313
	538	314
	538	315
	538	316
	539	317
	539	318
	539	320
	539	321
	538	322
	537	323
	536	323
	534	323
	533	323
	532	322
	531	321
	530	320
	529	319
	528	318
	527	316
	526	315
	524	312
	524	311
	524	309
	524	308
	524	307
	524	306
	524	305
	525	304
	525	303
	526	302
	527	302
	528	301
	530	300
	531	300
	532	300
	533	300
	534	300
	536	300
	537	300
	538	301
	539	301
	540	302
	541	303
	542	303
	543	305
	543	306
	543	307
	542	308
	541	308
	540	309
	538	309
	537	309
	535	309
	532	309
	531	309
	530	309
.PEN_UP
.PEN_DOWN
	560	322
	561	322
	561	321
	561	320
	562	319
	562	318
	562	317
	562	316
	562	315
	562	314
	562	313
	562	312
	562	313
	562	314
	562	315
	562	316
	562	317
	562	318
	562	319
	561	320
	561	321
	560	322
	559	322
	558	322
	557	322
	556	322
	555	321
	555	320
	553	319
	553	318
	551	315
	550	314
	549	312
	549	311
	549	310
	549	308
	549	307
	549	306
	550	305
	551	304
	551	303
	554	302
	555	302
	556	301
	558	301
	559	301
	561	301
	562	301
	563	302
	564	302
	565	302
	566	303
	566	305
	566	306
	565	306
	564	306
	562	307
	561	307
	559	307
	558	307
	555	307
	554	307
.PEN_UP
.PEN_DOWN
	573	322
	573	321
	573	320
	573	319
	573	318
	572	316
	572	315
	572	314
	571	313
	571	312
	571	311
	570	310
	570	307
	570	306
	570	305
	570	304
	570	303
	571	302
	572	302
	573	301
	574	301
	575	301
	577	301
	579	301
	580	301
	581	301
	582	301
	583	301
	584	301
	585	301
	586	300
	587	300
	588	300
	589	300
	590	300
.PEN_UP
.PEN_DOWN
	572	315
	573	314
	575	314
	576	314
	577	313
	578	313
	580	313
	581	313
	584	313
	586	313
	588	313
	589	313
	590	313
	591	313
.PEN_UP
.PEN_DOWN
	572	323
	573	323
	574	323
	575	323
	576	323
	577	323
	579	323
	581	323
	582	323
	584	323
	586	323
	587	323
	589	323
	590	323
	592	323
.PEN_UP
.PEN_DOWN
	595	322
	595	321
	595	320
	595	319
	595	317
	595	316
	595	315
	595	311
	595	310
	595	308
	595	306
	595	305
	595	304
	595	303
	595	302
	595	301
.PEN_UP
.PEN_DOWN
	588	328
	589	328
	590	328
	591	328
	592	328
	593	328
	595	328
	596	327
	597	327
	599	327
	600	326
	602	325
	603	324
	605	323
	606	321
	608	319
	609	317
	609	316
	610	314
	610	313
	610	312
	610	311
	610	309
	610	308
	610	307
	609	306
	609	305
	607	304
	607	303
	605	303
	604	302
	603	302
	601	302
	600	301
	598	301
	597	301
	596	300
	594	300
	593	300
	592	300
	590	300
	589	300
.PEN_UP
.PEN_DOWN
	620	315
	620	314
	621	314
	621	313
	622	313
.PEN_UP
.PEN_DOWN
	619	303
	619	302
	620	302
	620	301
	620	300
	620	299
	621	298
	621	297
	621	296
	621	295
	621	294
	621	293
	621	292
.PEN_UP
.PEN_DOWN
	637	320
	637	319
	637	318
	637	317
	637	316
	637	315
	637	314
	637	313
	637	311
	637	308
	637	307
	637	306
	637	305
	637	303
	637	302
	637	301
	637	300
	637	299
	637	300
	636	300
	636	301
	635	302
	634	303
	633	304
	632	305
	631	307
	630	308
	629	308
	629	309
	628	309
	627	309
	627	308
	627	307
	627	306
	628	305
	629	305
	630	305
	632	305
	633	305
	635	305
	637	305
	639	306
	643	306
.PEN_UP
.PEN_DOWN
	646	317
	646	318
	645	318
	645	317
	645	316
	645	315
	646	314
	646	313
	646	311
	646	310
	646	309
	646	308
	647	307
	647	306
	647	305
	647	304
	647	303
	648	302
	648	301
	649	300
.PEN_UP
.PEN_DOWN
	655	307
	655	306
	654	305
	654	304
	652	302
	652	301
	651	300
	651	299
	650	299
	650	298
.PEN_UP
.PEN_DOWN
	652	305
	652	304
	653	303
	654	302
	655	301
	655	300
	656	300
	657	300
	657	299
	658	299
	658	298
	659	298
.PEN_UP
.PEN_DOWN
	662	314
	663	314
	663	315
	663	316
	662	315
	662	314
	662	313
	662	312
	661	311
	661	309
	660	308
	660	307
	659	306
	659	305
	658	304
	658	303
	657	301
	657	300
	656	299
	656	298
.PEN_UP
.PEN_DOWN
	671	314
	671	313
	671	312
	671	311
	670	311
	670	310
	670	309
	669	308
	669	307
	668	306
	668	305
	667	304
	667	302
	666	301
	666	300
	665	298
	665	297
	664	295
	663	294
	663	293
.PEN_UP
.PEN_DOWN
	672	314
	672	313
	672	312
	672	311
	672	310
	672	309
	673	308
	673	306
	673	305
	673	304
	673	303
	673	302
	673	301
	673	300
	673	299
	673	298
	673	297
	673	296
	673	295
.PEN_UP
.PEN_DOWN
	668	302
	669	302
	671	302
	673	301
	674	301
.PEN_UP
.PEN_DOWN
	683	315
	683	314
	683	313
	683	312
	684	310
	684	309
	684	308
	685	306
	685	305
	685	304
	686	303
	686	302
	686	301
	687	299
	687	298
	688	297
	688	296
	688	295
.PEN_UP
.PEN_DOWN
	694	311
	693	311
	693	310
	693	309
	692	309
	691	308
	691	307
	690	306
	690	305
	690	304
	689	303
	689	301
	689	300
	689	299
	688	298
	688	297
	688	296
.PEN_UP
.PEN_DOWN
	695	303
	695	302
	695	301
	694	300
	694	299
	694	298
	694	297
	695	296
	695	295
	696	295
	697	295
	698	295
	699	295
	700	295
	701	295
	702	295
	703	295
	704	295
	705	295
	706	295
	707	295
.PEN_UP
.PEN_DOWN
	699	304
	700	304
	701	304
	702	304
	703	305
	704	305
	706	305
	708	306
	709	306
.PEN_UP
.PEN_DOWN
	698	312
	699	312
	701	312
	702	312
	704	312
	705	312
	706	312
	708	313
.PEN_UP
.PEN_DOWN
	713	311
	713	310
	713	308
	712	307
	712	306
	712	304
	712	303
	712	302
	712	301
	712	300
	712	299
	712	298
	712	297
.PEN_UP
.PEN_DOWN
	715	313
	717	313
	718	312
	719	312
	720	310
	722	309
	722	308
	723	307
	723	306
	724	305
	724	304
	725	303
	725	302
	725	301
	725	300
	723	298
	723	297
	722	297
	721	297
	720	296
	719	296
	717	296
	716	296
	715	296
	713	296
	712	296
	711	296
.PEN_UP
.PEN_DOWN
	730	309
	730	308
.PEN_UP
.PEN_DOWN
	729	297
	729	295
	729	294
	729	293
	729	292
	729	291
	729	290
	729	289
	729	288
	728	288
	728	287
	727	287
.PEN_UP
.PEN_DOWN
	741	315
	741	314
	742	314
	742	313
	742	312
	742	311
	742	310
	742	309
	742	307
	742	306
	741	305
	741	304
	741	302
	741	301
	741	300
	741	299
	741	298
	741	299
	741	300
	740	301
	740	302
	740	303
	739	304
	738	305
	738	306
	737	306
	736	306
	735	306
	735	305
	734	305
	734	304
	733	303
	732	302
	732	301
	733	300
	734	299
	735	299
	736	299
	738	299
	740	300
	743	300
	745	300
.PEN_UP
.PEN_DOWN
	745	318
	746	317
	746	316
	746	315
	746	313
	746	311
	747	310
	747	309
	747	307
	748	306
	748	305
	749	302
	749	301
	750	300
	750	299
.PEN_UP
.PEN_DOWN
	755	308
	755	307
	754	307
	753	306
	753	305
	752	304
	752	303
	752	302
	751	301
	751	300
	750	299
	750	298
.PEN_UP
.PEN_DOWN
	752	308
	753	307
	754	306
	754	305
	755	304
	756	303
	757	302
	759	301
	760	301
	761	300
	762	300
.PEN_UP
.PEN_DOWN
	767	315
	767	314
	766	313
	765	311
	765	310
	764	309
	763	307
	763	306
	763	305
	762	304
	762	303
.PEN_UP
.PEN_DOWN
	778	318
	778	317
	778	316
	777	315
	776	314
	775	313
	775	312
	774	311
	773	310
	773	309
	772	308
	772	306
	771	305
	770	304
	770	302
	770	301
	769	300
	769	299
.PEN_UP
.PEN_DOWN
	778	317
	778	316
	778	315
	779	314
	779	313
	779	311
	779	310
	779	309
	779	307
	779	305
	779	304
	780	302
	780	301
	780	300
	780	299
.PEN_UP
.PEN_DOWN
	778	307
	779	307
	780	307
.PEN_UP
.PEN_DOWN
	794	319
	795	319
	794	318
	794	317
	793	316
	792	315
	792	314
	790	312
	789	311
	789	310
	788	309
	787	307
	786	306
	785	305
	785	304
	785	303
	784	302
.PEN_UP
.PEN_DOWN
	784	318
	784	316
	785	315
	785	314
	785	313
	785	312
	786	311
	786	310
	787	309
	788	309
	789	308
	789	307
	790	307
	792	306
	793	305
.PEN_UP
.PEN_DOWN
	796	314
	796	313
	795	312
	795	311
	795	310
	794	309
	794	308
	794	307
	794	306
	795	305
	795	304
	795	303
	796	303
	796	302
	797	302
	798	302
	799	302
	800	302
	801	302
	802	301
	803	301
	804	301
	805	301
	806	301
.PEN_UP
.PEN_DOWN
	800	312
	801	311
	802	311
	803	311
	805	311
	806	311
	808	310
	809	310
	810	310
.PEN_UP
.PEN_DOWN
	798	317
	799	317
	800	317
	802	318
	804	318
	805	318
	807	318
.PEN_UP
.PEN_DOWN
	809	310
	809	309
	810	308
	810	306
	810	305
	810	304
	810	303
	810	302
	810	301
.PEN_UP
.PEN_DOWN
	812	318
	813	318
	815	317
	816	316
	818	315
	819	314
	819	313
	820	312
	821	311
	822	310
	822	309
	822	308
	822	306
	822	304
	821	303
	820	302
	819	302
	818	301
	817	300
	816	300
	815	300
	814	300
	813	300
	812	300
	811	300
	809	300
.PEN_UP
.PEN_DOWN
	829	325
	830	325
	830	324
	830	322
	830	321
	830	320
	830	318
	830	317
	830	316
	830	315
	830	314
	830	312
	830	311
	831	310
	831	309
.PEN_UP
.PEN_DOWN
	832	299
	833	299
	833	298
	833	297
	833	296
	833	295
.PEN_UP
