
.WRITER_ID IanFelix
.STYLE PRINTED
.PEN_DOWN
	82	319
	83	320
	84	320
	84	321
	83	321
	83	320
	82	320
	82	319
	81	318
	81	317
	80	317
	79	314
	78	313
	77	311
	76	310
	75	308
	74	306
	73	304
	71	303
	71	301
	70	300
	69	299
	68	298
	68	297
	67	296
.PEN_UP
.PEN_DOWN
	66	321
	67	320
	68	320
	70	318
	71	317
	73	316
	74	315
	75	313
	76	312
	77	311
	78	310
	79	309
	80	307
	81	306
	82	305
	83	303
	84	303
	85	302
	85	301
	86	301
.PEN_UP
.PEN_DOWN
	101	324
	101	323
	101	322
	101	321
	101	320
	100	319
	99	317
	98	316
	98	314
	97	312
	96	311
	95	309
	94	307
	92	303
	92	301
	91	300
	90	299
	90	298
	90	297
	91	297
.PEN_UP
.PEN_DOWN
	98	326
	99	326
	99	325
	99	324
	99	322
	100	321
	100	320
	101	316
	101	315
	102	313
	103	311
	103	309
	104	308
	104	306
	105	305
	105	303
	106	302
	106	301
	107	299
	107	298
.PEN_UP
.PEN_DOWN
	93	307
	94	307
	95	307
	97	308
	98	308
	100	308
	101	309
	103	309
	104	309
	106	310
	108	310
	109	310
	110	310
	111	310
	112	309
.PEN_UP
.PEN_DOWN
	116	313
	116	314
	116	315
	117	314
	118	313
	118	312
	119	311
	120	310
	121	308
	121	306
	122	305
	124	302
	125	301
	126	300
	126	299
	128	298
	128	297
	129	297
	130	296
	131	296
.PEN_UP
.PEN_DOWN
	139	321
	140	321
	141	321
	141	320
	141	319
	140	318
	140	316
	139	315
	138	314
	137	312
	137	311
	136	309
	135	307
	133	306
	131	303
	131	302
	130	301
	130	300
	130	299
.PEN_UP
.PEN_DOWN
	154	319
	154	318
	154	316
	153	315
	153	314
	153	312
	153	311
	153	310
	153	309
	153	308
	153	307
	154	306
	154	305
	154	304
.PEN_UP
.PEN_DOWN
	143	301
	144	300
	145	300
	146	300
	147	301
	148	301
	149	301
	151	301
	152	301
	153	301
	155	301
	157	301
	160	302
	161	302
	163	302
	164	302
	165	303
	166	303
	167	303
.PEN_UP
.PEN_DOWN
	146	321
	147	321
	147	322
	148	322
	149	322
	150	322
	151	322
	153	322
	155	322
	156	322
	158	322
	159	321
	160	321
	162	321
	163	321
.PEN_UP
.PEN_DOWN
	177	318
	176	316
	176	315
	175	314
	175	313
	175	312
	175	311
	175	309
	174	308
	174	307
	174	306
	174	304
	175	304
	175	303
	175	302
	176	302
	177	301
	178	301
	179	301
	180	301
	181	302
	183	302
	185	302
	186	302
	187	302
	188	302
	189	302
	190	302
	192	301
	193	301
	193	300
	194	300
.PEN_UP
.PEN_DOWN
	177	312
	178	313
	178	314
	179	314
	180	315
	181	315
	182	315
	183	316
	184	316
	186	316
	187	316
	188	316
	189	316
	192	316
	193	316
	194	316
	195	316
	195	315
	196	315
.PEN_UP
.PEN_DOWN
	176	322
	177	322
	178	322
	179	323
	181	323
	182	324
	184	324
	186	325
	188	326
	189	326
	191	326
	192	326
	195	326
	197	326
	198	326
	199	326
.PEN_UP
.PEN_DOWN
	205	326
	206	327
	207	327
	207	328
	208	328
	208	329
	210	329
	210	330
	211	330
	212	330
	212	329
	212	328
	212	325
	211	323
	211	321
	210	319
	210	317
	210	315
	209	313
	209	311
	209	309
	208	308
	208	306
	208	304
	209	303
	209	302
	209	301
.PEN_UP
.PEN_DOWN
	209	328
	210	329
	211	329
	212	329
	213	330
	214	330
	216	330
	217	330
	218	330
	219	330
	220	329
	220	328
	220	327
	220	326
	220	324
	220	322
	220	321
	220	320
	219	319
	219	318
	218	317
	216	316
	215	315
	214	315
	213	315
	212	315
	211	315
	210	316
	209	316
	208	317
	207	318
.PEN_UP
.PEN_DOWN
	214	317
	214	316
	214	315
	215	314
	215	313
	215	312
	216	310
	217	309
	218	307
	218	306
	219	305
	220	304
	221	303
	221	302
	222	302
.PEN_UP
.PEN_DOWN
	238	328
	239	328
	238	327
	238	326
	237	326
	235	324
	235	323
	234	322
	233	320
	231	319
	230	318
	229	316
	228	315
	228	314
.PEN_UP
.PEN_DOWN
	251	320
	250	320
	249	320
	248	320
	247	320
	246	319
	245	319
	242	318
	241	318
	240	317
	239	317
	239	316
	239	315
	240	315
	242	314
	244	314
	245	313
	246	313
	248	312
	249	312
	250	311
	251	311
	252	310
	253	310
	254	308
	254	307
	254	306
	254	305
	254	304
	254	303
	253	302
	252	302
	251	301
	250	301
	249	300
	247	299
	245	299
	244	299
	243	299
	242	299
	241	299
	240	299
	240	300
	240	301
.PEN_UP
.PEN_DOWN
	290	334
	290	335
	290	336
	289	336
	288	336
	287	336
	286	336
	285	336
	284	336
	284	335
	283	335
	282	334
	281	333
	279	332
	279	331
	278	330
	277	329
	277	328
	276	327
	276	326
	276	325
	276	324
	277	324
	278	324
	279	324
	281	324
	282	324
	284	324
	286	324
	287	324
	286	324
	285	324
	284	323
	283	322
	282	321
	281	321
	280	320
	279	320
	278	319
	278	318
	278	317
	278	316
	278	315
	279	315
	280	315
	280	314
	281	314
	282	314
	282	313
	283	313
	283	312
	282	311
	281	310
	281	309
	280	309
	279	308
	279	307
	278	307
	278	306
	277	306
	277	305
	277	304
	277	303
	277	302
	277	301
	278	300
	278	299
	279	299
	280	298
	282	298
	283	297
	285	297
	287	297
	289	297
	290	297
.PEN_UP
.PEN_DOWN
	307	333
	308	333
	308	332
	307	332
	306	330
	306	329
	304	328
	304	327
	302	326
	301	324
	300	323
	299	321
	299	320
	298	319
	298	318
.PEN_UP
.PEN_DOWN
	313	333
	312	333
	311	331
	310	331
	310	330
	309	329
	308	328
	307	327
	307	325
	306	324
	306	323
	305	322
	305	321
	305	320
	305	319
.PEN_UP
.PEN_DOWN
	289	330
	290	330
	291	330
	292	330
	293	330
	294	330
	296	330
	298	330
	301	329
	303	328
	305	328
	306	327
	308	326
	309	325
	310	325
	311	324
	312	324
	313	323
	314	323
	315	322
.PEN_UP
.PEN_DOWN
	292	322
	292	321
	293	321
	295	321
	297	321
	298	321
	300	321
	301	321
	303	320
	305	320
	306	320
	307	319
	308	319
	309	318
	311	317
	312	317
.PEN_UP
.PEN_DOWN
	332	325
	333	325
	332	325
	332	324
	331	324
	330	322
	330	321
	329	320
	328	319
	328	318
	327	317
	326	316
	326	315
	325	314
.PEN_UP
.PEN_DOWN
	336	313
	336	312
	335	312
	333	311
	331	311
	328	310
	327	309
	326	309
	325	308
	325	307
	326	307
	328	307
	330	307
	331	307
	333	307
	334	307
	336	307
	337	307
	338	307
	339	306
	340	306
	341	306
	341	305
	341	304
	341	303
	340	303
	340	302
	339	302
	337	301
	336	300
	335	300
	333	300
	331	299
	330	299
	328	299
	327	299
	326	299
	325	300
.PEN_UP
.PEN_DOWN
	345	330
	345	331
	346	331
	347	331
	348	331
	349	331
	351	331
	352	331
	353	331
	355	331
	356	330
	357	330
	357	329
	358	329
	358	327
	358	326
	357	325
	356	324
	355	323
	353	323
	352	322
	350	321
	349	320
	347	320
	346	320
	344	319
	343	319
	342	318
	343	317
	344	317
	345	316
	346	316
	349	316
	351	316
	352	315
	353	315
	354	315
	355	314
	355	313
	354	312
	353	311
	352	311
	351	311
	351	310
	350	310
	351	309
	352	308
	353	307
	354	306
	355	306
	355	305
	356	304
	356	303
	357	303
	357	302
	357	301
	356	301
	356	300
	355	300
	355	299
	353	299
	353	298
	352	298
	352	297
	351	297
	350	297
	349	296
	348	296
	348	295
	347	295
	347	293
.PEN_UP
.PEN_DOWN
	371	321
	370	321
	369	320
	370	320
	371	321
	372	321
	374	323
	375	324
	376	324
	376	325
	378	325
	378	326
	379	326
	379	327
	380	327
	381	326
	381	325
	381	324
	381	322
	381	321
	381	320
	381	319
	381	318
	382	317
	383	316
	384	316
	385	316
	387	316
	388	317
	390	317
	391	318
	393	319
	395	320
	396	321
	397	323
	398	324
	399	325
	400	326
.PEN_UP
.PEN_DOWN
	403	332
	404	332
	405	332
	406	332
	407	332
	408	332
	409	332
	411	331
	412	331
	413	331
	414	331
	415	329
	415	328
	415	327
	415	326
	414	325
	413	324
	412	323
	411	321
	409	320
	407	318
	406	317
	404	315
	403	314
	403	313
	402	311
	402	310
	402	309
	402	308
	402	307
	403	306
	405	306
	406	305
	408	305
	410	305
	412	305
	414	305
	415	306
	417	306
	418	306
	420	306
	421	307
	422	307
	423	307
	423	308
.PEN_UP
.PEN_DOWN
	437	331
	437	330
	437	329
	436	329
	436	328
	435	326
	434	325
	433	323
	432	321
	432	320
	430	316
	430	314
	430	313
	429	312
	429	311
	429	310
.PEN_UP
.PEN_DOWN
	437	334
	437	332
	437	331
	437	330
	437	328
	437	327
	437	324
	437	323
	437	320
	437	318
	437	316
	437	314
	437	312
	438	309
	438	308
	439	307
	439	306
	440	306
.PEN_UP
.PEN_DOWN
	428	316
	429	316
	430	316
	431	316
	433	316
	434	316
	436	316
	437	316
	438	316
	440	316
.PEN_UP
.PEN_DOWN
	449	324
	449	323
	449	321
	450	320
	450	319
	450	317
	450	316
	451	315
	451	314
	451	312
	451	311
	451	310
	451	309
	451	308
.PEN_UP
.PEN_DOWN
	441	329
	442	330
	443	330
	444	330
	445	330
	446	330
	448	330
	449	329
	451	329
	452	329
	454	328
	456	328
	458	326
	459	325
	460	324
	460	323
	460	322
	460	321
	460	320
	459	320
	458	319
	455	318
	454	318
	453	318
	451	318
	450	318
	448	318
	447	318
	446	318
	445	318
.PEN_UP
.PEN_DOWN
	464	327
	465	327
	466	327
	467	328
	467	329
	468	329
	469	330
	469	331
	470	331
	470	332
	471	333
	472	333
	473	332
	474	331
	474	330
	475	329
	475	328
	476	327
	477	326
	478	325
	480	325
	481	325
	483	325
	484	326
	485	326
	487	327
	488	328
	489	329
	491	329
	492	329
	493	330
.PEN_UP
.PEN_DOWN
	497	319
	498	318
	498	317
	498	316
	499	316
	499	315
	500	314
.PEN_UP
.PEN_DOWN
	498	307
	498	306
	498	305
	498	303
	498	302
	497	301
	497	300
	496	299
	496	298
	496	297
.PEN_UP
.PEN_DOWN
	528	335
	527	334
	527	333
	526	333
	525	333
	524	333
	524	332
	522	331
	521	331
	521	330
	520	330
	519	330
	519	329
	520	329
	521	328
	522	328
	524	328
	525	328
	526	327
	527	327
	528	326
	528	325
	528	324
	529	322
	529	321
	529	320
	528	319
	528	318
	527	317
	526	317
	526	316
	525	316
	524	315
	523	315
	522	315
	521	315
	520	315
	519	315
	518	315
	518	316
	517	316
	517	317
	517	318
.PEN_UP
.PEN_DOWN
	523	342
	524	342
	524	341
	524	340
	524	338
	524	337
	524	334
	524	333
	524	331
	524	329
	524	328
	524	326
	524	324
	523	323
	523	321
	523	320
	522	319
	522	317
	522	316
	521	315
	522	315
	522	316
	522	318
.PEN_UP
.PEN_DOWN
	528	341
	528	340
	528	339
	528	338
	528	337
	528	336
	528	334
	528	333
	528	331
	527	329
	527	326
	526	324
	526	322
	526	320
	526	319
	526	318
	526	316
	527	315
	527	314
.PEN_UP
.PEN_DOWN
	547	336
	547	335
	546	334
	545	333
	544	333
	543	332
	543	331
	542	331
	541	330
	541	329
	541	328
	541	327
.PEN_UP
.PEN_DOWN
	553	324
	554	324
	553	324
	552	324
	551	324
	550	324
	549	323
	548	323
	547	322
	547	321
	546	321
	545	320
	545	319
	545	318
	546	318
	547	318
	548	317
	549	317
	550	317
	552	317
	553	316
	555	315
	556	315
	557	314
	557	313
	556	313
	555	312
	554	312
	552	312
	550	311
	549	311
	548	311
	547	311
	545	311
	544	312
	543	312
	543	313
.PEN_UP
.PEN_DOWN
	574	334
	574	333
	574	332
	573	331
	573	330
	572	329
	572	328
	572	327
	572	326
	571	325
	571	324
	571	323
	571	322
	570	321
	570	320
	571	319
	571	318
	572	317
	572	316
	573	316
	573	315
	574	315
	576	314
	577	314
	578	314
	579	314
	581	314
	582	314
	583	314
	584	314
	586	314
	587	314
	588	313
	589	313
	590	313
	590	312
.PEN_UP
.PEN_DOWN
	577	328
	577	327
	578	327
	580	327
	582	327
	583	327
	584	327
	585	327
	586	327
	588	327
	589	327
	590	327
	591	327
	592	327
.PEN_UP
.PEN_DOWN
	575	337
	576	337
	577	337
	578	337
	579	337
	581	337
	583	337
	585	338
	587	338
	591	338
	593	338
	595	338
	596	338
	598	338
.PEN_UP
.PEN_DOWN
	607	330
	607	329
	607	328
	606	326
	604	324
	603	323
	602	322
	601	320
	600	319
	598	317
	597	316
	596	315
	595	314
	594	313
	594	312
.PEN_UP
.PEN_DOWN
	594	330
	595	329
	596	327
	597	326
	598	325
	599	324
	600	322
	601	321
	602	320
	603	319
	605	318
	606	317
	607	316
	608	315
	610	314
	611	313
	612	312
.PEN_UP
.PEN_DOWN
	618	331
	618	330
	619	328
	619	327
	619	326
	619	324
	619	323
	619	322
	620	320
	620	319
	620	318
	620	316
	620	315
	620	314
.PEN_UP
.PEN_DOWN
	617	337
	618	337
	619	338
	620	338
	622	338
	623	338
	626	337
	627	336
	628	336
	630	335
	631	334
	632	334
	632	333
	632	332
	632	331
	632	330
	632	329
	632	328
	629	327
	628	326
	626	325
	624	325
	622	324
	621	324
	619	324
	617	324
.PEN_UP
.PEN_DOWN
	643	328
	643	327
	643	326
	643	325
	643	324
	643	323
	643	321
	643	320
	643	319
	643	318
	643	317
	643	316
.PEN_UP
.PEN_DOWN
	629	312
	630	312
	631	311
	632	311
	633	311
	634	311
	635	312
	637	312
	638	312
	640	312
	642	312
	646	313
	648	313
	649	314
	651	314
	652	315
	653	315
	654	315
.PEN_UP
.PEN_DOWN
	631	329
	632	329
	633	329
	634	329
	636	329
	638	330
	640	330
	642	330
	644	330
	648	331
	650	331
	652	331
	654	331
.PEN_UP
.PEN_DOWN
	658	330
	658	329
	658	327
	658	326
	658	325
	658	323
	658	322
	658	320
	658	317
	658	315
	658	314
	658	313
	658	312
.PEN_UP
.PEN_DOWN
	658	335
	660	335
	662	336
	663	336
	664	336
	666	336
	667	335
	668	335
	669	335
	670	334
	670	333
	671	333
	671	332
	671	331
	670	329
	670	328
	669	327
	669	326
	668	326
	667	325
	666	324
	665	324
	664	323
	662	323
.PEN_UP
.PEN_DOWN
	658	323
	659	322
	660	321
	660	320
	661	320
	661	319
	662	318
	663	317
	665	315
	666	315
	667	314
	668	313
	669	313
	669	312
	671	311
	672	311
	672	310
	673	310
	674	310
.PEN_UP
.PEN_DOWN
	683	330
	683	329
	682	328
	682	327
	681	326
	681	324
	680	324
	680	323
	680	322
	680	321
	680	320
	680	319
	680	318
	680	317
	680	315
	680	314
	680	313
	681	313
	681	312
	682	312
	683	311
	684	311
	685	310
	686	310
	687	310
	688	310
	689	310
	690	310
	691	310
	692	311
	693	311
	694	311
	696	311
	697	311
	698	311
	699	311
	700	311
	701	311
	701	310
	702	310
.PEN_UP
.PEN_DOWN
	686	327
	687	327
	688	327
	689	326
	690	326
	691	326
	693	326
	694	326
	695	326
	696	326
	697	326
	698	326
	699	326
.PEN_UP
.PEN_DOWN
	684	333
	685	333
	686	333
	688	333
	689	333
	691	333
	693	333
	695	333
	696	333
	698	333
	700	333
	701	333
.PEN_UP
.PEN_DOWN
	721	322
	720	322
	719	321
	718	320
	718	319
	718	318
	718	317
	719	316
	720	315
	721	315
	722	315
	723	315
	724	315
	725	315
	726	316
	727	317
	728	318
	728	319
	727	319
	727	320
	726	320
	725	321
	724	321
	723	321
	722	321
	721	321
	720	320
	719	320
	718	320
	718	319
	717	318
	716	317
	716	316
	715	315
	714	313
	714	312
	714	311
	715	311
	715	310
	716	310
	716	309
	717	309
	718	309
	720	309
	721	309
	722	309
	724	310
	725	310
	726	310
	728	311
	728	312
	729	313
	730	315
	730	316
	730	317
	730	320
	729	320
	728	322
	727	323
	726	324
	724	325
	723	326
	722	327
	720	327
	718	327
	717	327
	715	327
	712	326
	711	325
	710	323
	709	322
	709	320
	709	318
	709	316
	709	315
	710	314
	711	312
	713	311
	716	311
	722	309
	725	309
	728	309
	731	309
	733	309
.PEN_UP
.PEN_DOWN
	743	334
	744	334
	745	333
	746	333
	748	333
	750	333
	751	333
	752	333
	753	333
	754	333
	755	332
	756	332
	757	332
	757	331
	757	330
	756	330
	756	329
	755	329
	754	329
	753	328
	752	328
	751	328
	750	327
	748	327
	747	326
	745	326
	745	325
	745	324
	746	324
	747	324
	748	323
	749	323
	750	323
	752	322
	753	321
	755	321
	755	320
	756	320
	757	319
	757	318
	757	317
	757	316
	755	315
	754	314
	753	314
	752	313
	751	313
	750	313
	748	313
	747	313
	746	313
	745	313
	744	313
	742	313
	741	313
	741	312
.PEN_UP
.PEN_DOWN
	769	328
	769	327
	769	326
	769	325
.PEN_UP
.PEN_DOWN
	770	312
	770	311
	770	310
.PEN_UP
.PEN_DOWN
	797	337
	797	336
	798	336
	798	335
	798	334
	798	333
	797	331
	797	330
	797	329
	797	326
	797	325
	797	324
	797	323
	797	322
	797	320
	798	319
	798	318
	798	317
.PEN_UP
.PEN_DOWN
	799	340
	799	339
	799	338
	798	338
	798	337
	796	335
	795	333
	794	333
	793	331
	793	330
.PEN_UP
.PEN_DOWN
	780	310
	781	309
	782	309
	783	309
	784	309
	786	309
	787	309
	791	310
	793	310
	796	311
	798	311
	800	311
	802	311
	803	312
	805	312
	806	313
	808	313
	809	313
.PEN_UP
.PEN_DOWN
	820	316
	821	316
	821	317
	820	317
	820	316
	820	315
	819	315
	819	314
	820	314
.PEN_UP
