
.WRITER_ID IanFelix
.STYLE PRINTED
.PEN_DOWN
	70	328
	69	328
	68	327
	68	326
	67	325
	66	325
	66	324
	65	324
	65	323
	64	322
	64	321
	63	320
	63	319
	63	318
	62	316
	62	315
	62	314
	62	313
	63	312
	63	311
	64	310
	64	309
	64	308
	65	307
	66	306
	67	306
	69	305
	71	305
	72	305
	74	305
	75	305
	76	305
	78	306
	79	307
	80	308
	81	309
	82	310
	83	311
	85	313
	85	314
	86	315
	86	316
	86	317
	86	318
	86	319
	86	320
	85	321
	84	321
	83	322
	82	322
	81	323
	80	323
	78	324
	77	324
	76	325
	74	325
	73	325
	72	325
	71	325
.PEN_UP
.PEN_DOWN
	92	324
	92	323
	93	322
	93	321
	94	320
	94	319
	95	318
	95	317
	96	316
	96	315
	97	314
	98	312
	98	311
	98	310
	99	309
	100	308
	101	307
	102	306
	102	305
	103	305
	104	304
	105	304
	105	306
	105	307
	105	308
	105	309
	105	311
	106	312
	106	313
	106	314
	106	316
	106	317
	106	318
	107	320
	107	321
	108	322
	108	323
	109	324
	110	325
	111	326
.PEN_UP
.PEN_DOWN
	119	310
	121	309
	122	309
	122	308
	123	308
	124	308
	125	308
	126	308
	127	308
	128	308
	129	308
	131	309
	132	310
	133	311
	134	312
	135	313
	136	314
	136	315
	137	316
	138	316
	138	317
	138	318
	138	319
	138	320
	138	321
	137	321
	136	322
	135	323
	134	323
	133	324
	132	324
	131	324
	130	324
	129	324
	127	324
	126	323
	125	323
	124	322
	123	321
	122	319
	122	318
	121	317
	121	316
	121	315
	121	314
	122	312
	122	311
	122	309
	123	308
	124	308
	125	307
	126	307
	127	306
	128	306
	129	306
	130	306
	133	306
	135	306
	136	306
	138	307
	139	307
	140	307
	141	307
	143	307
.PEN_UP
.PEN_DOWN
	149	320
	150	320
	150	319
	151	317
	151	316
	151	315
	152	314
	152	313
	152	312
	152	311
	153	310
	153	309
	153	308
	155	307
	155	306
	155	305
	156	304
	157	304
	157	303
	157	304
	157	305
	156	306
	156	307
	155	307
	155	308
	155	309
	154	310
	153	311
	153	312
	152	313
	152	314
	152	315
	152	316
	152	317
	152	318
	153	319
	154	320
	154	321
	156	323
	157	324
	158	325
	160	325
	161	326
	162	327
	163	328
	164	328
	165	328
	166	328
.PEN_UP
.PEN_DOWN
	218	337
	218	338
	218	339
	219	339
	219	338
	219	336
	220	335
	220	334
	220	332
	220	330
	220	328
	221	323
	221	321
	221	319
	221	317
	221	316
	221	314
	222	313
	222	312
	222	311
	222	310
	223	309
	223	308
	224	308
.PEN_UP
.PEN_DOWN
	206	322
	207	322
	208	322
	209	323
	210	323
	211	324
	214	325
	215	325
	217	326
	219	326
	221	326
	223	327
	224	327
	226	327
	228	327
	229	328
	230	328
	232	328
	234	328
	235	328
	237	328
	237	327
	238	327
	239	327
	240	326
	241	326
.PEN_UP
.PEN_DOWN
	249	340
	249	339
	249	338
	249	336
	249	334
	249	333
	249	332
	249	330
	249	329
	249	327
	249	326
	250	324
	250	323
	251	321
	251	318
	252	317
	252	315
	252	314
	252	312
	252	311
	252	310
	252	309
	252	307
	253	306
	253	305
	253	303
	254	303
	254	304
	253	305
	253	306
	253	307
	253	308
	253	309
	253	310
	253	311
	252	311
	252	312
	252	313
	252	314
	253	314
	253	315
	253	316
	254	317
	254	318
	254	319
	255	320
	256	320
	256	321
	257	322
	258	323
	259	324
	260	325
	261	325
	262	325
	263	325
	264	325
	265	324
	265	323
	266	322
	267	321
	268	320
	268	318
	269	317
	269	316
	269	314
	270	312
	270	311
	270	310
	270	308
	271	307
	271	306
	272	305
	272	304
	273	303
	274	303
	275	303
.PEN_UP
.PEN_DOWN
	284	311
	284	310
	285	309
	285	308
	286	308
	286	307
	287	307
	288	307
	289	307
	290	307
	292	308
	293	309
	294	310
	295	311
	296	312
	297	313
	297	314
	298	315
	299	316
	299	317
	299	318
	299	319
	298	319
	298	320
	297	321
	296	321
	295	321
	294	321
	293	321
	292	321
	291	321
	290	321
	289	320
	288	320
	287	319
	287	318
	286	317
	286	316
	285	316
	285	315
	285	314
	285	313
	285	312
	286	311
	286	309
	286	307
	287	307
	287	306
	288	305
	289	304
	290	304
	292	304
	293	304
	296	304
	299	304
	301	305
	303	305
	305	306
	307	306
	309	307
	310	307
	311	308
	313	308
	314	308
.PEN_UP
.PEN_DOWN
	345	337
	346	338
	346	339
	346	338
	346	337
	346	336
	346	335
	346	334
	346	332
	346	330
	346	329
	346	327
	346	325
	346	323
	346	322
	346	320
	347	318
	347	316
	347	315
	347	314
	348	311
	348	310
	348	309
	349	308
	349	307
	349	306
.PEN_UP
.PEN_DOWN
	371	321
	370	322
	369	323
	368	323
	367	323
	366	323
	365	323
	364	323
	363	322
	362	322
	361	321
	359	319
	359	318
	358	317
	358	316
	358	315
	358	313
	358	312
	358	311
	358	310
	358	308
	359	307
	361	306
	362	306
	363	306
	365	306
	366	307
	368	308
	370	308
	371	310
	372	311
	373	312
	375	312
	376	315
	376	316
	377	316
	377	317
	377	318
	376	319
	375	319
	373	319
	372	318
	372	317
	371	316
	371	315
	371	314
	371	313
	372	312
	373	311
	374	310
	375	310
	376	309
	377	309
	378	308
	380	308
	380	307
	381	307
	382	306
	383	305
	384	304
	385	303
.PEN_UP
.PEN_DOWN
	388	322
	389	322
	390	322
	391	322
	392	322
	393	322
	394	323
	395	323
	396	323
	398	323
	399	324
	400	324
	402	324
	404	324
	406	324
	407	324
	408	323
	409	322
	410	322
	410	321
	410	320
	409	318
	408	318
	408	317
	407	316
	406	316
	404	314
	402	313
	401	312
	400	311
	398	310
	396	308
	395	307
	394	306
	394	305
	393	304
	392	303
	392	302
	392	301
	392	300
	393	300
	394	300
	395	300
	396	300
	397	300
	399	301
	400	301
	401	302
	403	303
	404	303
	406	303
	407	304
	409	304
	411	304
	412	304
	414	304
	415	304
	416	303
	417	303
	417	302
	418	301
	418	300
.PEN_UP
.PEN_DOWN
	445	321
	446	322
	446	323
	447	323
	447	324
	446	324
	445	322
	445	321
	444	321
	443	320
	442	318
	441	316
	440	315
	438	312
	436	310
	435	308
	433	306
	431	303
	428	299
	427	297
	426	295
	425	293
	424	292
	423	290
	423	289
	422	289
	422	288
	422	287
.PEN_UP
.PEN_DOWN
	426	320
	427	320
	427	319
	427	318
	427	317
	427	316
	427	315
	427	314
	427	313
	428	312
	428	311
	429	309
	430	308
	431	308
	432	307
	433	306
	434	306
	435	306
.PEN_UP
.PEN_DOWN
	480	339
	480	340
	481	340
	480	340
	480	339
	481	339
	481	338
	481	337
	481	336
	481	335
	481	334
	481	333
	481	332
	481	330
	481	329
	481	328
	480	325
	480	324
	480	322
	480	321
	480	319
	480	317
	480	316
	481	314
	481	313
	481	312
	482	310
	482	308
	482	306
	482	305
	482	304
	482	303
	482	302
	482	301
	483	301
.PEN_UP
.PEN_DOWN
	482	321
	483	321
	484	321
	485	322
	486	322
	487	322
	488	323
	489	323
	490	323
	491	323
	492	323
	493	322
	494	321
	495	320
	495	319
	496	317
	497	316
	497	315
	497	314
	497	313
	497	312
	497	311
	497	310
	497	309
	497	308
	497	307
	496	306
	496	305
	496	304
	495	303
	494	303
	494	302
	493	302
	491	301
	490	300
	489	300
	487	300
	485	300
	484	300
	483	300
	482	300
	481	300
	480	301
	479	301
.PEN_UP
.PEN_DOWN
	511	334
	511	333
	512	333
	512	332
	512	331
	512	330
	513	329
	513	328
	513	327
	513	326
	513	325
	513	323
	513	321
	513	319
	513	318
	513	316
	513	314
	513	312
	513	311
	513	309
	513	308
	513	307
	513	306
	513	304
	514	304
	514	303
	515	303
.PEN_UP
.PEN_DOWN
	544	316
	543	317
	542	317
	542	318
	541	318
	540	318
	539	318
	538	318
	537	318
	536	318
	535	317
	534	317
	533	317
	533	316
	531	316
	531	315
	530	315
	530	314
	529	313
	528	312
	528	311
	527	310
	527	309
	527	307
	527	305
	527	304
	528	303
	528	302
	529	301
	529	300
	530	299
	531	298
	532	298
	533	298
	534	298
	535	298
	538	298
	539	298
	540	299
	541	300
	542	301
	544	302
	545	303
	546	304
	546	305
	547	306
	547	307
	547	308
	547	310
	547	311
	547	312
	546	312
	546	313
	545	312
	544	311
	544	310
	544	308
	544	307
	544	306
	544	305
	544	304
	545	303
	545	302
	545	301
	546	301
	547	300
	548	299
	553	299
	555	299
	556	299
	557	299
	558	299
.PEN_UP
.PEN_DOWN
	568	315
	569	314
	569	313
	570	312
	570	311
	570	310
	570	309
	570	308
	570	307
	570	306
	570	307
	570	308
	570	309
	569	310
	569	311
	568	312
	568	313
	568	314
	568	315
	567	315
	567	316
	566	316
	565	316
	564	316
	563	316
	562	313
	561	312
	560	310
	559	309
	558	307
	558	305
	558	304
	558	302
	558	301
	558	300
	559	299
	560	298
	563	297
	566	297
	568	297
	570	297
	573	297
	575	297
	578	297
	580	296
	581	296
	583	296
	584	296
	585	296
.PEN_UP
.PEN_DOWN
	585	332
	585	331
	585	330
	585	328
	585	326
	585	325
	585	323
	585	322
	586	320
	586	319
	586	317
	586	316
	586	314
	586	312
	586	309
	586	308
	586	306
	587	305
	587	304
	587	303
	587	302
	587	301
	588	300
	588	299
.PEN_UP
.PEN_DOWN
	599	314
	598	313
	597	312
	596	312
	595	312
	594	311
	593	310
	592	310
	591	309
	591	308
	590	308
	589	307
	588	307
	588	306
	587	306
	587	305
	588	305
	588	304
	589	303
	590	303
	591	302
	592	302
	593	302
	594	302
	595	301
	596	301
	597	301
	598	301
	599	301
	600	300
	601	300
	602	299
	603	299
	604	299
	605	299
	606	298
	607	298
	608	298
	609	298
	610	298
	611	297
	612	297
	612	296
.PEN_UP
.PEN_DOWN
	660	333
	660	332
	661	331
	661	330
	661	329
	661	328
	661	327
	661	326
	661	325
	661	324
	661	323
	661	322
	662	319
	662	318
	662	317
	662	315
	662	314
	662	312
	662	311
	662	309
	662	308
	662	307
	661	305
	661	304
	661	302
	661	301
	661	300
	661	299
	662	299
	662	300
	662	301
	662	302
	662	303
	662	304
	661	305
	661	306
	660	306
	660	307
	659	308
	659	309
	658	309
	658	310
	657	311
	656	312
	655	313
	654	313
	653	315
	652	315
	652	316
	651	316
	650	316
	649	316
	648	315
	647	314
	646	313
	645	311
	644	309
	644	308
	644	306
	644	305
	644	303
	644	302
	645	301
	646	300
	647	298
	648	298
	651	296
	653	296
	654	296
	656	295
	657	295
	659	295
	660	295
	662	295
	663	295
	664	295
	665	295
	666	295
	668	295
.PEN_UP
.PEN_DOWN
	681	313
	679	313
	679	312
	678	312
	678	311
	677	311
	677	310
	676	309
	676	308
	676	307
	676	305
	676	304
	676	303
	676	300
	676	299
	677	298
	678	297
	678	296
	679	295
	680	294
	681	294
	683	294
	684	293
	685	293
	686	293
	689	293
	690	294
	692	294
	693	294
	694	295
	695	296
	696	297
	697	298
	697	299
	698	300
	698	302
	698	304
	698	305
	696	308
	695	309
	692	310
	692	311
	691	312
	689	313
	688	314
	687	314
	686	314
	684	314
	682	314
	681	313
.PEN_UP
.PEN_DOWN
	720	305
	720	306
	721	306
	721	307
	721	308
	720	308
	720	309
	719	310
	718	311
	717	311
	716	311
	715	311
	714	311
	713	311
	710	310
	708	309
	707	308
	705	307
	705	306
	704	305
	703	304
	703	303
	703	301
	703	300
	703	299
	703	298
	705	297
	707	297
	708	297
	710	297
	713	297
	714	298
	716	298
	718	298
	719	299
	721	300
	721	301
	722	301
	723	303
	723	304
	722	304
	721	304
	721	303
	720	303
	720	302
	719	301
	719	300
	719	299
	719	298
	719	297
	719	296
	719	295
	720	294
	720	293
	720	292
	721	291
	722	289
	722	288
	723	287
	723	286
	724	285
	724	284
	724	283
	724	282
	724	281
	723	280
	723	279
	721	278
	720	277
	719	276
	718	276
	716	275
	715	275
	713	275
	712	275
	710	275
	708	275
	707	275
	705	275
	702	275
	701	275
	700	275
.PEN_UP
