
.WRITER_ID IanFelix
.STYLE PRINTED
.PEN_DOWN
	71	348
	71	347
	71	345
	71	344
	71	343
	72	342
	72	341
	72	339
	72	338
	72	336
	73	335
	73	333
	73	331
	73	328
	73	326
	72	322
	72	321
	72	319
	72	317
	71	316
	71	315
	71	314
	71	313
	72	313
.PEN_UP
.PEN_DOWN
	70	327
	71	327
	72	327
	73	327
	74	326
	75	326
	76	325
	76	324
	78	323
	79	322
	80	321
	81	320
	82	319
	83	319
	84	318
	85	317
	86	316
	86	315
	86	313
	85	313
	84	312
	83	311
	82	309
	80	309
	79	308
	77	307
	76	306
	75	305
	74	305
	73	305
.PEN_UP
.PEN_DOWN
	100	328
	100	327
	100	326
	100	325
	100	324
	100	322
	100	321
	100	320
	100	319
	100	318
	100	317
	101	316
	101	315
	101	314
.PEN_UP
.PEN_DOWN
	96	331
	96	332
.PEN_UP
.PEN_DOWN
	127	323
	127	324
	127	325
	127	326
	127	328
	127	329
	126	330
	125	330
	124	330
	123	330
	122	329
	121	329
	120	328
	119	327
	118	325
	116	322
	116	320
	116	318
	116	316
	116	314
	116	313
	116	312
	117	312
	118	312
	119	312
	120	312
	123	313
	124	314
	125	315
	126	316
	127	317
	128	318
	129	320
	129	321
	129	322
	128	322
	127	322
	126	321
	126	320
	125	320
	125	319
	124	318
	124	317
	124	316
	125	315
	125	314
	126	313
	127	311
	128	310
	128	309
	129	308
	129	307
	130	306
	130	305
	131	304
	132	303
	132	302
	132	301
	132	300
	132	299
	131	299
	130	298
	129	298
	128	297
	126	297
	124	296
	123	295
	119	294
	118	294
	116	293
	115	292
	114	291
.PEN_UP
.PEN_DOWN
	170	330
	170	329
	171	329
	171	328
	172	326
	172	324
	172	323
	172	322
	172	320
	172	319
	172	318
	172	317
	172	316
	173	315
	173	314
	174	314
.PEN_UP
.PEN_DOWN
	167	344
	167	345
.PEN_UP
.PEN_DOWN
	187	326
	187	325
	187	324
	187	323
	187	322
	188	321
	188	320
	188	318
	188	317
	188	316
	189	315
	189	314
	190	314
	191	314
	191	315
	191	316
	192	318
	192	320
	193	321
	194	322
	194	324
	195	325
	195	326
	196	327
	196	328
	197	328
	198	328
	199	328
	199	327
	199	326
	200	325
	200	324
	201	323
	202	322
	202	321
	202	320
	203	319
	203	318
	204	317
	205	316
	206	316
	207	316
	208	315
	209	315
.PEN_UP
.PEN_DOWN
	214	350
	214	351
	214	352
	214	351
	214	349
	215	347
	215	343
	215	340
	216	338
	216	336
	216	333
	216	331
	216	329
	216	327
	217	326
	217	324
	218	323
	219	322
	219	321
.PEN_UP
.PEN_DOWN
	232	331
	232	332
	231	332
	230	332
	229	332
	228	332
	227	332
	225	332
	223	331
	221	330
	220	329
	219	328
	218	327
	217	326
	217	325
	217	324
	217	323
	217	322
	219	321
	221	321
	222	321
	224	321
	226	321
	228	321
	230	321
	231	321
	232	321
	234	321
	236	321
	238	320
	239	320
	240	320
	241	320
.PEN_UP
.PEN_DOWN
	264	328
	264	327
	263	327
	262	326
	262	325
	260	322
	258	320
	256	318
	255	316
	253	313
	251	311
	250	309
	249	306
	247	304
	246	302
	245	301
	245	300
	244	298
.PEN_UP
.PEN_DOWN
	245	328
	247	328
	248	327
	249	327
	250	326
	251	325
	252	324
	253	323
	254	322
	255	320
	256	320
	256	319
	257	318
	258	318
	258	317
.PEN_UP
.PEN_DOWN
	314	342
	314	343
	314	342
	314	341
	314	340
	314	339
	314	337
	314	335
	314	333
	314	331
	314	329
	314	327
	314	325
	314	322
	315	319
	315	317
	315	316
	316	315
	316	314
	316	313
	317	313
	317	314
	317	315
	317	316
	317	317
	317	318
	316	319
	316	320
	315	321
	314	322
	313	324
	311	325
	309	326
	307	326
	306	326
	305	325
	303	324
	302	323
	301	322
	300	320
	299	318
	299	317
	299	316
	299	313
	300	313
	301	312
	302	311
	304	311
	306	311
	309	311
	311	312
	314	312
	316	313
	319	313
	321	314
.PEN_UP
.PEN_DOWN
	330	315
	331	315
	332	316
	332	317
	333	318
	333	319
	334	321
	334	322
	334	323
	334	324
	334	325
	333	325
	332	325
	331	325
	329	324
	328	323
	327	322
	326	320
	325	317
	325	316
	325	314
	325	313
	325	312
	326	310
	328	309
	329	309
	330	308
	332	308
	334	308
	335	308
	340	309
	342	310
	344	310
.PEN_UP
.PEN_DOWN
	351	323
	352	323
	352	322
	352	321
	354	318
	354	317
	355	315
	356	314
	356	313
	357	312
	358	311
	359	310
	360	310
	361	310
	363	311
	364	312
	365	313
	366	313
	367	315
	368	316
	369	318
	370	319
	370	320
	371	321
	371	322
	371	323
	371	326
	371	327
.PEN_UP
.PEN_DOWN
	377	317
	377	315
	376	313
	375	311
	375	309
	375	308
	375	307
	375	306
	376	306
	376	305
	377	305
.PEN_UP
.PEN_DOWN
	375	337
	376	338
	376	339
	377	340
.PEN_UP
.PEN_DOWN
	398	338
	397	336
	397	335
	397	334
	397	332
	397	329
	397	327
	397	325
	397	323
	397	321
	397	320
	397	318
	397	317
	397	316
	398	314
	398	313
	398	312
	399	310
.PEN_UP
.PEN_DOWN
	420	327
	422	327
	422	328
	420	328
	418	327
	417	327
	416	326
	414	326
	413	325
	412	325
	411	324
	411	323
	410	323
	410	322
	410	321
	410	320
	411	320
	412	320
	413	320
	414	320
	416	319
	417	319
	419	319
	420	319
	422	319
	423	318
	424	318
	424	317
	424	316
	424	315
	424	314
	424	313
	424	312
	423	312
	423	311
	422	310
	420	309
	419	309
	418	309
	416	309
	415	309
	413	309
	412	309
	411	309
.PEN_UP
.PEN_DOWN
	454	327
	454	328
	453	329
	453	328
	453	325
	453	323
	453	321
	453	319
	454	317
	454	315
	455	313
	456	312
	457	312
	457	311
	459	310
	461	310
	463	310
	464	311
	465	312
	467	313
	468	314
	469	316
	471	317
	472	318
	472	320
	473	321
	473	322
	473	324
	473	325
	472	326
	471	326
	471	325
	470	324
	470	322
	469	320
	469	318
	469	316
	469	311
	470	309
	471	307
	472	306
	473	305
	475	305
	477	305
	479	305
	481	305
	482	305
	485	306
	487	308
	489	309
	490	310
	491	312
	492	313
	493	314
	493	316
	493	317
	493	318
	493	320
	492	321
	492	323
	490	325
	488	326
	487	327
	485	327
	484	327
.PEN_UP
.PEN_DOWN
	509	319
	508	320
	507	320
	506	320
	506	319
	504	319
	503	318
	502	317
	501	316
	501	314
	501	312
	501	311
	501	309
	502	308
	503	308
	505	308
	506	308
	508	308
	509	308
	511	309
	513	311
	514	312
	515	313
	516	314
	516	315
	516	316
	516	317
	516	318
	515	319
	514	319
	512	319
	511	318
	510	318
	510	317
	510	315
	510	314
	510	312
	510	311
	511	309
	511	308
	512	307
	514	305
	515	305
.PEN_UP
.PEN_DOWN
	543	322
	542	322
	541	321
	540	321
	538	320
	537	319
	536	318
	535	318
	533	316
	531	315
	530	313
	529	311
	527	309
	526	306
	525	305
	525	304
.PEN_UP
.PEN_DOWN
	524	321
	524	320
	524	319
	524	318
	526	317
	528	316
	529	315
	530	314
	532	313
	534	312
	535	311
	537	310
	540	310
	541	309
	543	308
	546	307
	547	307
	548	306
	548	305
	549	304
.PEN_UP
.PEN_DOWN
	561	322
	561	321
	561	320
	561	318
	561	317
	561	315
	561	311
	561	310
	561	309
	562	308
	562	307
	563	306
	564	306
	564	307
	565	308
	566	309
	566	311
	566	312
	567	313
	568	315
	568	317
	568	318
	569	319
	569	321
	569	322
	570	323
	571	325
	572	325
	573	325
	573	324
	573	323
	573	322
	573	320
	573	318
	573	317
	574	316
	574	313
	575	313
	575	312
	576	312
	577	312
	578	312
	579	313
	580	313
	580	314
	581	315
	582	318
	583	320
	583	321
	583	322
	584	322
	585	324
	585	325
	585	323
	585	321
	585	320
	585	318
	585	317
	585	315
	585	314
	586	313
	586	312
	587	311
	588	310
	590	309
	591	309
	592	309
	593	309
.PEN_UP
.PEN_DOWN
	599	309
	600	309
	600	310
	601	311
	602	312
	602	313
	603	313
	604	314
	604	315
	605	318
	606	319
	606	320
	607	321
	607	322
	607	323
	606	323
	605	323
	604	323
	602	322
	599	320
	598	319
	597	318
	596	316
	595	314
	595	312
	595	311
	595	309
	596	308
	597	307
	598	306
	602	306
	603	306
	605	306
	608	306
	610	306
.PEN_UP
.PEN_DOWN
	619	311
	619	310
	619	309
	620	309
	620	308
	621	307
	621	306
	622	306
	622	305
	622	306
	622	307
	622	308
	622	309
	622	310
	621	311
	621	312
	620	313
	620	314
	619	315
	617	315
	616	317
	615	317
	615	318
	616	318
	617	318
	618	318
	619	318
	620	318
	621	318
	625	319
	627	319
	628	320
	630	320
	632	320
	633	321
.PEN_UP
.PEN_DOWN
	652	318
	653	318
	654	319
	654	320
	654	321
	654	322
	654	323
	654	324
	654	325
	654	326
	653	327
	652	327
	651	327
	650	327
	649	327
	648	326
	647	325
	646	324
	645	323
	644	322
	643	321
	642	319
	641	316
	640	315
	640	314
	640	313
	640	312
	640	310
	640	309
	641	309
	642	308
	642	307
	643	307
	644	306
	647	305
	649	305
	650	305
	651	305
	653	305
	654	305
	656	304
	657	304
.PEN_UP
.PEN_DOWN
	671	320
	671	319
	671	318
	670	318
	670	317
	670	315
	670	314
	670	313
	670	311
	670	309
	670	308
	670	307
	670	306
	670	305
	671	304
	671	303
.PEN_UP
.PEN_DOWN
	668	331
	669	331
.PEN_UP
.PEN_DOWN
	692	322
	693	322
	694	322
	695	322
	696	323
	698	323
	698	324
	699	325
	700	326
	702	327
	702	328
	704	329
	705	332
	706	333
	706	334
	706	335
	706	336
	706	337
	706	338
	705	339
	704	339
	703	340
	702	340
	700	340
	698	340
	697	339
	696	338
	695	337
	694	336
	694	334
	693	332
	692	331
	692	328
	692	327
	692	324
	692	322
	692	318
	693	317
	693	315
	694	313
	695	312
	695	311
	696	309
	696	308
	696	307
	697	306
	697	304
	697	303
.PEN_UP
.PEN_DOWN
	685	317
	687	317
	688	317
	689	317
	691	317
	693	318
	694	318
	696	318
	698	318
	699	318
	701	317
	703	317
	705	316
	706	316
.PEN_UP
.PEN_DOWN
	709	314
	709	313
	709	312
	708	312
	708	311
	708	310
	708	309
	708	308
	708	307
	708	306
	709	305
	709	304
	711	303
	712	303
	713	303
	714	303
	715	303
	716	303
	717	303
	718	304
	719	304
	719	305
	720	306
	720	307
	721	309
	721	310
	721	311
	720	311
	720	310
	721	308
	721	307
	721	306
	722	305
	723	304
	724	304
	724	303
	726	302
	727	302
	728	301
	729	301
	730	301
.PEN_UP
.PEN_DOWN
	741	334
	741	333
	741	332
	741	331
	741	330
	741	328
	741	327
	741	325
	741	322
	741	320
	741	319
	740	317
	740	315
	740	313
	740	311
	740	309
	740	308
	740	306
	740	305
	740	304
	741	302
	741	301
.PEN_UP
