
.WRITER_ID IanFelix
.STYLE PRINTED
.PEN_DOWN
	73	353
	74	354
	74	355
	75	355
	74	355
	74	354
	74	352
	74	350
	73	348
	73	345
	72	343
	72	340
	70	338
	70	335
	69	332
	68	329
	67	327
	67	324
	66	320
	65	318
	65	317
	65	316
	65	315
	65	314
.PEN_UP
.PEN_DOWN
	72	354
	72	353
	72	351
	73	350
	73	348
	74	344
	75	342
	76	340
	76	338
	77	336
	78	335
	79	333
	80	331
	81	330
	81	329
	82	328
	84	325
	84	324
	85	324
.PEN_UP
.PEN_DOWN
	72	330
	72	329
	72	328
	73	328
	74	328
	75	328
	76	329
	77	329
	79	330
	80	331
	82	331
	84	332
	85	332
	88	333
	89	333
.PEN_UP
.PEN_DOWN
	124	350
	124	351
	123	351
	122	351
	121	351
	120	350
	119	349
	118	348
	118	347
	117	346
	117	345
	116	343
	115	340
	115	338
	115	336
	115	335
	115	333
	115	331
	115	330
	115	329
	116	327
	117	325
	118	324
	120	323
	121	322
	123	322
	124	322
	126	322
	127	323
	129	323
	131	324
	132	325
	133	326
	134	327
	136	329
	137	330
	137	331
	137	332
	137	333
	137	335
	137	336
	137	337
	136	338
	136	339
	135	340
	134	341
	131	344
	129	345
	127	346
	126	346
	124	346
.PEN_UP
.PEN_DOWN
	130	331
	130	329
	130	328
	130	327
	130	326
	131	324
	131	323
	131	322
	131	321
	132	320
	134	319
	135	318
.PEN_UP
.PEN_DOWN
	147	346
	147	345
	147	344
	147	343
	147	342
	147	341
	147	340
	147	339
	147	337
	147	336
	147	334
	147	333
	147	331
	147	330
	148	329
	148	327
	149	327
	150	326
	152	325
	153	325
	154	325
	156	326
	157	327
	159	327
	160	328
	162	329
	163	331
	164	332
	165	333
	166	334
	167	337
	168	338
	168	340
	168	341
	168	342
	168	344
	167	345
	166	346
	166	348
	165	349
	164	350
	163	351
	162	351
	161	351
	161	350
	161	349
	161	347
	161	346
	161	345
	161	343
	162	341
	163	340
	163	339
	164	338
	165	337
	166	336
	167	335
	168	334
	169	333
	170	332
	171	331
	171	330
	173	328
.PEN_UP
.PEN_DOWN
	192	343
	192	342
	192	341
	192	340
	192	339
	192	338
	192	337
	193	336
	193	334
	193	332
	193	331
	193	329
	193	327
	193	325
	193	322
	193	321
	193	320
	193	319
.PEN_UP
.PEN_DOWN
	178	322
	179	321
	180	321
	182	321
	182	320
	184	320
	185	320
	188	320
	190	320
	192	320
	194	320
	196	321
	198	321
	199	321
	201	322
	203	322
	204	322
	206	322
.PEN_UP
.PEN_DOWN
	182	341
	183	341
	184	341
	185	341
	186	341
	187	341
	188	341
	189	341
	192	342
	194	342
	195	342
	197	343
	199	343
	201	343
	202	343
.PEN_UP
.PEN_DOWN
	226	343
	227	342
	227	341
	227	340
	227	339
	227	338
	227	337
	227	336
	228	335
	228	334
	228	335
	228	336
	228	337
	228	338
	227	339
	227	340
	227	341
	227	342
	226	343
	226	344
	225	345
	224	346
	223	346
	221	346
	220	345
	219	344
	218	343
	216	341
	216	339
	215	336
	214	334
	213	332
	213	330
	213	328
	213	327
	214	324
	215	323
	216	323
	217	322
	219	322
	221	322
	223	322
	225	322
	227	322
	228	322
	230	322
	234	323
.PEN_UP
.PEN_DOWN
	233	344
	233	343
	233	341
	233	340
	234	338
	234	336
	234	335
	235	333
	235	331
	236	329
	236	328
	236	327
	237	325
	238	324
	239	323
.PEN_UP
.PEN_DOWN
	249	345
	248	345
	246	344
	246	343
	245	343
	245	342
	244	341
	243	341
	242	340
	241	339
	239	338
	238	337
	236	335
	235	334
	234	333
	234	332
	234	331
	235	331
	236	330
	237	330
	238	330
	240	330
	242	330
	243	330
	245	330
	246	330
	248	330
	249	329
	250	329
	251	329
	252	328
	253	327
	254	325
	254	324
	255	323
	255	322
.PEN_UP
.PEN_DOWN
	281	345
	280	344
	280	343
	280	341
	280	340
	280	339
	280	338
	280	336
	280	335
	280	334
	280	331
	280	330
	280	329
	281	328
	281	327
	281	326
	281	325
	282	325
.PEN_UP
.PEN_DOWN
	275	351
	277	351
	279	352
	280	352
	282	352
	283	352
	285	352
	287	352
	288	351
	290	351
	292	349
	292	348
	293	347
	293	345
	293	344
	293	343
	293	342
	292	340
	291	339
	290	338
	289	337
	288	336
	285	334
	284	333
	282	333
	281	332
	280	332
	279	332
	278	332
	278	333
	279	333
	281	334
	282	334
	284	335
	286	335
	288	336
	289	336
	291	336
	293	336
	294	335
	295	335
	296	334
	297	332
	298	331
	298	330
	298	328
	297	327
	297	326
	296	326
	295	325
	294	324
	293	323
	292	322
	289	322
	287	322
	285	322
	284	322
	282	322
	281	323
	279	323
.PEN_UP
.PEN_DOWN
	312	347
	312	346
	312	345
	312	344
	312	342
	312	341
	312	340
	312	338
	312	337
	312	334
	312	333
	312	331
	312	330
	313	329
	313	328
	313	327
	313	326
	314	325
.PEN_UP
.PEN_DOWN
	308	351
	309	352
	310	353
	311	353
	312	353
	313	354
	314	354
	315	354
	316	354
	317	353
	319	352
	320	351
	320	350
	321	349
	321	347
	322	346
	322	345
	322	344
	323	343
	323	342
	323	341
	323	340
	323	339
	323	338
	322	338
	322	337
	321	337
	320	337
	319	336
	318	336
	316	336
	315	336
	313	336
	312	336
	311	336
	310	336
	309	336
	309	335
	308	335
.PEN_UP
.PEN_DOWN
	315	337
	315	336
	316	335
	316	334
	317	333
	317	332
	318	331
	320	330
	320	329
	321	329
	322	328
	323	327
	324	327
	326	326
	327	326
.PEN_UP
.PEN_DOWN
	340	349
	339	349
	338	348
	338	347
	337	347
	337	346
	336	345
	335	344
	335	343
	334	342
	334	341
	334	339
	333	338
	333	335
	333	333
	333	331
	333	330
	334	328
	335	327
	336	326
	337	325
	339	324
	340	324
	342	324
	344	324
	348	325
	350	325
	352	326
	353	327
	354	327
	356	328
	357	329
	358	330
	358	331
	359	332
	359	334
	359	335
	359	336
	358	338
	357	339
	356	340
	355	341
	353	342
	351	344
	349	345
.PEN_UP
.PEN_DOWN
	365	349
	365	348
	365	347
	365	345
	365	344
	365	342
	366	341
	366	340
	367	338
	367	337
	368	335
	369	334
	370	333
	371	331
	372	331
	373	330
	373	329
	374	328
	374	327
	375	327
	375	326
.PEN_UP
.PEN_DOWN
	380	339
	380	338
	380	337
	379	336
	378	335
	377	334
	377	333
	375	331
	374	330
	374	329
	373	328
	372	327
	371	326
	370	325
.PEN_UP
.PEN_DOWN
	380	338
	380	337
	381	337
	381	336
	382	335
	382	334
	383	333
	383	332
	384	331
	385	330
	386	328
	387	327
	388	327
	389	326
	390	325
.PEN_UP
.PEN_DOWN
	397	346
	397	345
	396	344
	395	343
	394	342
	393	340
	392	339
	391	337
	390	335
	389	334
	388	331
	387	330
	387	329
	387	328
	387	327
.PEN_UP
.PEN_DOWN
	407	352
	407	351
	407	350
	407	349
	407	348
	407	347
	407	345
	407	344
	407	340
	407	339
	407	337
	407	336
	407	335
	407	334
	407	333
	407	332
	407	331
	407	330
	407	329
.PEN_UP
.PEN_DOWN
	408	348
	409	346
	410	345
	411	343
	412	342
	413	340
	414	339
	415	338
	416	336
	417	336
	418	335
	420	333
	420	332
	421	331
.PEN_UP
.PEN_DOWN
	423	352
	423	351
	422	350
	422	349
	422	347
	422	345
	421	342
	421	340
	421	339
	421	337
	421	336
	421	334
	422	333
	422	332
	422	331
	423	330
	423	329
	425	327
.PEN_UP
.PEN_DOWN
	452	351
	452	350
	452	349
	452	348
	453	347
	453	345
	453	344
	453	343
	453	340
	453	339
	453	337
	453	336
	453	335
	453	334
	453	333
	453	332
.PEN_UP
.PEN_DOWN
	451	355
	452	355
	453	355
	454	355
	456	354
	457	354
	458	354
	459	354
	461	353
	462	353
	463	353
	464	353
	465	353
	467	353
	468	353
	469	353
	470	353
.PEN_UP
.PEN_DOWN
	452	340
	453	339
	454	339
	456	338
	458	338
	459	338
	460	338
	461	338
	462	338
	463	338
	463	337
	464	337
.PEN_UP
.PEN_DOWN
	480	353
	479	353
	479	352
	478	352
	478	351
	477	350
	476	349
	476	347
	475	346
	474	344
	474	341
	474	340
	474	339
	474	338
	474	337
	475	336
	476	335
	477	335
	478	334
	479	334
	480	334
	484	334
	485	335
	487	336
	489	336
	490	337
	491	338
	492	339
	492	340
	492	341
	492	342
	492	343
	491	345
	490	345
	489	346
	487	347
	485	348
.PEN_UP
.PEN_DOWN
	512	348
	511	347
	510	345
	509	345
	508	343
	507	342
	505	340
	504	339
	502	338
	501	336
	498	334
	497	333
	497	332
	496	331
.PEN_UP
.PEN_DOWN
	499	351
	499	350
	499	349
	499	348
	499	347
	499	346
	500	345
	501	344
	502	343
	502	342
	503	341
	504	340
	506	339
	507	338
	510	336
	512	336
	513	335
	514	334
	515	333
	516	333
	516	332
	517	331
.PEN_UP
.PEN_DOWN
	555	351
	555	350
	556	350
	556	349
	557	349
	557	348
	557	347
	558	346
	558	345
	559	344
	559	342
	559	341
	560	340
	560	339
	560	337
	560	336
	560	334
	560	333
	559	332
	559	331
	558	330
	557	329
	556	329
	555	328
	554	328
	553	328
	552	328
	550	328
	549	328
	548	329
	547	329
	546	330
	545	331
.PEN_UP
.PEN_DOWN
	542	352
	543	352
	544	352
	545	352
	546	352
	547	352
	549	351
	551	350
	552	350
	553	350
	555	350
	557	350
	558	349
	560	349
	561	349
	563	349
	564	349
	565	349
	567	349
.PEN_UP
.PEN_DOWN
	570	350
	570	349
	570	348
	570	347
	570	346
	570	345
	570	344
	570	342
	570	341
	570	340
	571	339
	571	338
	572	337
	573	336
	574	334
	575	333
	576	333
	577	332
	578	332
	579	331
	580	331
	581	331
	582	331
	583	332
	584	333
	585	333
	586	334
	587	335
	588	336
	589	338
	590	339
	591	340
	591	342
	591	344
	591	345
	591	346
	591	349
	590	350
	590	351
	590	352
	589	353
	588	353
	588	352
	588	350
	588	349
	588	348
	588	347
	588	345
	588	344
	588	342
	588	341
	588	340
	589	339
	589	338
	591	336
	592	335
	593	334
	594	334
.PEN_UP
.PEN_DOWN
	606	350
	606	349
	606	347
	606	345
	606	344
	606	342
	606	341
	606	339
	606	337
	607	336
	607	335
	607	333
	608	332
	608	331
	608	330
	609	329
.PEN_UP
.PEN_DOWN
	606	354
	606	353
	607	353
	607	352
	607	351
	607	350
	608	349
	608	348
	608	346
	609	345
	609	344
	610	343
	611	342
	612	341
	613	341
	614	341
	614	340
	615	340
	616	340
.PEN_UP
.PEN_DOWN
	622	351
	622	350
	621	350
	621	349
	620	349
	618	347
	617	346
	616	345
	615	344
	614	343
	613	342
	612	341
	612	340
	611	340
	611	339
.PEN_UP
.PEN_DOWN
	624	355
	624	354
	624	353
	624	351
	624	350
	624	349
	624	347
	624	346
	624	344
	624	343
	624	341
	624	340
	624	338
	624	336
	624	334
	624	333
	625	332
	625	331
	626	331
	626	330
.PEN_UP
.PEN_DOWN
	641	352
	641	351
	641	350
	640	348
	640	347
	640	345
	639	344
	639	342
	639	340
	639	339
	638	337
	638	336
	638	334
	639	333
	639	332
	639	331
.PEN_UP
.PEN_DOWN
	640	357
	642	357
	643	358
	644	358
	646	358
	647	358
	648	357
	650	356
	651	356
	652	355
	653	354
	653	353
	654	352
	654	351
	654	349
	654	348
	654	347
	653	346
	651	345
	651	344
	649	343
	648	342
	647	342
	645	342
	644	342
	643	342
.PEN_UP
.PEN_DOWN
	679	354
	678	354
	677	354
	676	354
	674	354
	673	354
	671	354
	670	353
	668	353
	667	353
	666	353
	665	352
	664	352
	663	352
	662	352
	662	351
	661	351
	660	351
	660	350
	660	349
	660	348
	661	347
	664	346
	665	346
	667	345
	668	345
	670	345
	671	344
	673	343
	674	343
	675	342
	676	340
	677	340
	677	338
	677	336
	677	335
	677	334
	677	333
	676	332
	675	331
	674	331
	673	331
	672	331
	670	331
	668	331
	666	331
	665	331
	663	331
	662	332
	660	332
	659	333
	658	333
	658	334
	657	334
.PEN_UP
