
.WRITER_ID IanFelix
.STYLE PRINTED
.PEN_DOWN
	84	327
	84	326
	84	325
	84	324
	84	322
	85	320
	85	318
	85	315
	85	313
	85	309
	85	307
	85	305
	85	304
	86	303
	86	302
	86	301
	87	301
.PEN_UP
.PEN_DOWN
	67	326
	68	326
	68	325
	69	325
	70	324
	71	324
	72	323
	74	322
	77	321
	79	321
	81	321
	83	321
	85	322
	87	323
	89	323
	91	324
	93	324
	95	325
	97	326
	100	327
.PEN_UP
.PEN_DOWN
	105	329
	106	329
	107	328
	107	327
	107	326
	107	324
	108	322
	108	320
	108	318
	108	315
	109	313
	109	309
	109	307
	109	305
	109	303
	109	302
	109	301
	109	300
.PEN_UP
.PEN_DOWN
	122	333
	122	332
	122	331
	122	330
	122	328
	123	327
	123	325
	123	323
	123	320
	123	318
	123	316
	124	312
	124	310
	124	308
	125	307
	125	305
	126	304
	126	303
	126	302
.PEN_UP
.PEN_DOWN
	111	316
	112	316
	113	316
	115	317
	118	318
	121	318
	123	318
	125	318
	126	318
	128	318
	129	318
	131	318
	132	317
	133	317
	135	316
	136	316
.PEN_UP
.PEN_DOWN
	142	328
	142	327
	142	326
	142	325
	141	324
	141	323
	141	321
	141	319
	140	317
	139	314
	139	311
	139	309
	139	308
	139	307
	139	306
	140	306
	140	305
	141	305
	142	305
	143	305
	144	305
	146	305
	148	305
	149	306
	150	306
	152	307
	153	307
	155	307
	156	307
	157	307
	158	307
	159	307
	160	307
	161	306
	162	306
.PEN_UP
.PEN_DOWN
	141	321
	142	321
	143	321
	144	321
	145	321
	147	321
	150	322
	151	322
	153	323
	154	323
	155	323
	157	323
	157	324
.PEN_UP
.PEN_DOWN
	143	330
	144	330
	145	331
	146	331
	148	331
	149	332
	151	332
	152	333
	154	333
	156	333
	158	333
	160	333
	160	332
.PEN_UP
.PEN_DOWN
	213	330
	212	330
	211	330
	210	330
	209	329
	207	329
	205	328
	200	326
	198	325
	197	324
	196	323
	195	323
	195	322
	195	321
	197	320
	198	320
	200	320
	201	320
	203	320
	205	319
	207	319
	209	319
	211	318
	212	317
	213	316
	214	315
	216	313
	216	312
	216	311
	216	310
	216	309
	216	308
	216	307
	215	307
	214	306
	213	306
	212	306
	208	305
	205	305
	203	305
	201	305
	199	305
	197	305
	196	305
.PEN_UP
.PEN_DOWN
	224	329
	224	328
	224	327
	225	324
	225	322
	226	321
	226	319
	227	317
	228	315
	228	314
	229	313
	230	312
	231	311
	233	310
	234	310
	236	309
	237	309
	238	309
	239	310
	240	310
	241	311
	242	312
	243	314
	244	315
	245	316
	245	318
	246	319
	246	322
	246	324
	246	326
	246	327
	246	328
	245	328
	244	328
	244	324
	244	323
	243	321
	243	319
	243	317
	243	315
	243	313
	244	312
	244	311
	245	310
	246	310
	246	309
	249	308
	250	308
.PEN_UP
.PEN_DOWN
	268	331
	268	330
	268	329
	268	328
	268	326
	268	324
	267	322
	267	320
	266	318
	266	315
	266	314
	266	311
	266	310
	266	307
	266	306
	266	305
	267	305
.PEN_UP
.PEN_DOWN
	263	331
	263	330
	264	330
	265	330
	266	329
	267	328
	269	328
	270	327
	273	326
	274	325
	276	324
	278	322
	279	320
	280	319
	283	316
	284	315
	285	314
.PEN_UP
.PEN_DOWN
	285	336
	285	335
	285	334
	285	332
	285	331
	285	329
	285	327
	284	324
	284	319
	283	316
	282	314
	282	312
	282	310
	282	308
	282	306
	282	305
	283	304
.PEN_UP
.PEN_DOWN
	333	329
	333	328
	333	327
	333	326
	333	325
	333	323
	333	322
	333	320
	333	319
	333	318
	333	317
	334	316
	334	315
	334	316
	335	317
	335	319
	335	320
	334	322
	334	323
	332	325
	332	326
	332	327
	332	328
	332	329
	326	329
	325	328
	324	328
	323	326
	322	323
	320	318
	319	315
	319	312
	319	310
	319	307
	319	305
	320	304
	321	303
	323	302
	325	302
	327	302
	330	302
	335	302
	338	302
	340	302
.PEN_UP
.PEN_DOWN
	360	331
	361	331
	361	330
	360	330
	359	329
	359	328
	358	326
	357	324
	356	322
	355	320
	354	318
	354	316
	353	314
	353	312
	352	308
	351	306
	351	305
	350	303
	350	302
	350	301
	350	302
	350	304
	351	306
.PEN_UP
.PEN_DOWN
	355	337
	356	337
	356	336
	357	335
	357	333
	358	331
	358	330
	359	328
	360	326
	361	324
	362	322
	364	320
	365	318
	366	316
	367	314
	369	312
	370	310
	371	309
	371	308
.PEN_UP
.PEN_DOWN
	350	315
	351	315
	352	315
	353	315
	354	316
	355	316
	357	316
	358	316
	360	316
	362	316
	365	315
	366	314
	367	314
	368	313
.PEN_UP
.PEN_DOWN
	383	322
	383	321
	383	319
	383	318
	383	316
	383	314
	384	312
	384	311
	385	309
	387	307
	388	306
	389	306
	391	306
	392	306
	393	306
	395	306
	396	306
	397	307
	398	308
	400	309
	400	310
	402	314
	403	315
	403	317
	403	318
	403	320
	403	322
	403	323
	402	325
	401	326
	400	326
	399	326
	398	325
	398	323
	397	321
	397	318
	397	316
	397	313
	397	311
	398	309
	399	307
	399	306
	400	305
	403	303
.PEN_UP
.PEN_DOWN
	430	326
	429	326
	428	325
	427	325
	426	324
	425	324
	423	323
	422	322
	420	320
	418	320
	417	319
	416	319
	416	318
	415	318
	415	317
	416	317
	417	317
	418	317
	420	317
	422	317
	424	317
	426	317
	428	317
	430	317
	432	316
	433	315
	435	314
	436	312
	437	310
	437	309
	437	308
	437	307
	436	306
	435	306
	434	305
	433	304
	432	304
	430	303
	428	303
	424	303
	422	303
	420	303
	417	303
	416	303
	415	304
	413	304
	412	305
	411	305
.PEN_UP
.PEN_DOWN
	443	324
	443	323
	443	322
	443	321
	443	320
	442	319
	442	318
	442	316
	442	315
	442	312
	442	310
	442	309
	442	308
	442	307
	442	305
	443	304
	443	303
	444	303
	445	302
	446	302
	448	302
	449	302
	451	301
	452	301
	453	301
	454	301
	456	301
	457	301
	458	301
	459	301
	460	301
	462	300
	464	299
.PEN_UP
.PEN_DOWN
	443	319
	444	319
	444	320
	445	320
	448	320
	449	320
	451	320
	452	320
	454	320
	455	320
	457	320
	458	320
	460	320
	461	319
	462	319
	464	319
.PEN_UP
.PEN_DOWN
	444	327
	445	327
	447	328
	448	328
	450	328
	454	330
	457	330
	459	331
	461	331
	463	331
	465	332
.PEN_UP
.PEN_DOWN
	475	323
	475	322
	475	321
	475	320
	475	319
	475	318
	475	316
	475	313
	475	311
	475	310
	475	308
	476	307
	476	305
	476	304
	476	303
	476	302
	476	301
.PEN_UP
.PEN_DOWN
	475	333
	477	333
	478	333
	480	333
	481	332
	484	331
	485	329
	487	328
	488	327
	489	325
	490	323
	491	322
	491	320
	492	318
	493	316
	493	314
	493	311
	493	310
	492	308
	492	307
	490	305
	489	304
	488	303
	486	303
	485	303
	483	303
	481	303
	479	303
	477	303
	474	304
	472	304
	470	304
	469	304
.PEN_UP
.PEN_DOWN
	527	324
	527	323
	526	321
	525	320
	524	318
	523	317
	522	315
	521	313
	520	311
	519	310
	518	308
	518	306
	517	305
	517	302
	517	301
.PEN_UP
.PEN_DOWN
	521	334
	521	333
	521	332
	521	331
	521	328
	521	326
	522	324
	522	322
	523	320
	523	318
	523	316
	524	314
	524	313
	525	311
	526	310
	527	309
	528	307
	528	306
	529	305
	529	304
.PEN_UP
.PEN_DOWN
	513	311
	514	312
	515	312
	516	313
	517	314
	519	314
	520	315
	522	315
	523	315
	525	315
.PEN_UP
.PEN_DOWN
	558	322
	558	321
	558	319
	558	317
	558	315
	558	313
	558	311
	558	309
	558	308
	558	306
	558	305
	558	304
	559	303
.PEN_UP
.PEN_DOWN
	556	332
	557	332
	558	333
	559	333
	560	333
	562	333
	563	333
	565	333
	567	333
	569	333
	571	333
	573	333
	578	334
	579	334
	581	334
	582	334
.PEN_UP
.PEN_DOWN
	557	315
	558	315
	559	315
	560	315
	561	316
	562	316
	564	317
	566	317
	568	318
	570	319
	571	319
	573	320
	576	320
	577	320
.PEN_UP
.PEN_DOWN
	597	328
	597	327
	597	326
	597	325
	597	324
	597	323
	597	321
	597	319
	597	318
	597	315
	597	314
	597	311
	596	307
	596	305
	596	304
	596	302
	596	301
	596	300
	596	299
	596	298
.PEN_UP
.PEN_DOWN
	593	327
	594	327
	594	328
	595	328
	596	328
	597	329
	598	329
	600	330
	601	330
	602	331
	604	331
	605	332
	606	332
	607	332
	609	331
	610	331
	611	330
	611	329
	611	328
	612	328
	612	326
	612	325
	612	324
	612	323
	611	321
	611	320
	610	319
	609	318
	609	317
	608	316
	607	316
	606	315
	605	315
	603	315
	602	314
	600	314
	599	314
	597	314
	595	314
	594	314
	593	314
.PEN_UP
.PEN_DOWN
	600	314
	601	314
	601	313
	601	312
	602	310
	603	309
	604	307
	605	306
	605	305
	606	305
	607	304
	608	303
	609	302
	610	302
	613	301
.PEN_UP
.PEN_DOWN
	635	333
	634	332
	634	331
	633	330
	632	328
	632	327
	631	326
	630	324
	628	319
	627	317
	627	315
	626	313
	625	311
	625	310
	624	309
	624	308
	623	307
	623	306
	623	305
.PEN_UP
.PEN_DOWN
	631	332
	631	331
	631	330
	632	329
	632	327
	632	326
	633	322
	633	320
	633	318
	634	315
	634	313
	634	311
	635	310
	635	308
	636	306
	636	305
	637	304
	637	303
	638	301
	639	301
.PEN_UP
.PEN_DOWN
	625	316
	626	316
	627	316
	628	316
	629	316
	630	315
	631	315
	632	314
	633	314
	634	314
	635	314
	637	314
	638	314
.PEN_UP
.PEN_DOWN
	667	332
	667	331
	667	330
	667	328
	667	327
	667	326
	667	325
	667	324
	667	323
	667	322
	667	321
	666	321
	666	322
	666	323
	666	324
	666	325
	666	326
	665	327
	664	328
	663	328
	662	329
	661	329
	660	329
	659	329
	658	329
	657	328
	656	326
	654	324
	653	322
	651	318
	650	315
	649	313
	648	311
	648	310
	648	308
	648	307
	648	306
	649	305
	650	305
	650	304
	651	303
	653	302
	654	301
	656	301
	657	300
	659	300
	660	300
	662	300
	664	300
	666	301
	668	302
	669	303
	672	305
	673	306
	674	307
	674	308
	674	309
	674	310
	673	310
	671	311
	669	311
.PEN_UP
.PEN_DOWN
	686	327
	686	326
	686	325
	686	324
	686	323
	686	322
	686	320
	686	319
	686	317
	686	315
	686	314
	686	312
	686	309
	687	307
	687	306
	687	305
	687	304
	687	303
	688	302
	688	301
.PEN_UP
.PEN_DOWN
	684	331
	685	331
	685	330
	686	329
	687	328
	688	328
	689	327
	690	326
	691	325
	693	324
	694	323
	695	323
	696	322
	698	321
	700	319
	701	319
	701	318
	702	317
	703	317
	703	316
.PEN_UP
.PEN_DOWN
	708	327
	708	328
	707	328
	706	327
	705	326
	704	325
	703	324
	702	323
	701	321
	699	319
	698	318
	697	316
	695	314
	693	311
	693	310
	692	310
	692	309
	693	309
	694	310
.PEN_UP
.PEN_DOWN
	707	328
	707	327
	707	326
	708	324
	708	323
	708	321
	708	320
	708	319
	708	317
	708	315
	709	314
	709	312
	710	310
	710	309
	711	308
	712	305
	712	304
	713	303
	713	302
.PEN_UP
.PEN_DOWN
	721	323
	721	322
	721	321
	721	319
	720	318
	720	317
	720	315
	720	314
	719	313
	719	311
	719	309
	719	308
	719	307
	720	307
	720	306
	721	306
	722	306
	723	306
	725	306
	726	306
	727	307
	730	307
	732	307
	733	307
	734	307
	735	307
	736	307
	737	306
	738	306
	739	305
	740	304
.PEN_UP
.PEN_DOWN
	730	321
	731	321
	732	320
	733	320
	734	319
	735	319
	736	319
	737	319
	738	319
	739	319
.PEN_UP
.PEN_DOWN
	722	323
	723	323
	725	324
	727	325
	729	325
	730	325
	732	326
	733	326
	735	326
	736	326
	737	326
	739	326
	740	326
	741	326
.PEN_UP
.PEN_DOWN
	750	331
	750	330
	750	329
	750	327
	749	326
	749	324
	748	323
	748	321
	748	319
	748	317
	748	314
	748	312
	748	311
	748	310
	749	308
	749	307
	749	306
	749	305
.PEN_UP
.PEN_DOWN
	751	326
	752	325
	752	324
	753	323
	754	322
	755	320
	755	319
	757	318
	757	316
	758	315
	759	314
	760	313
	762	311
.PEN_UP
.PEN_DOWN
	766	332
	766	331
	766	330
	766	328
	766	327
	766	325
	765	323
	765	321
	764	319
	764	317
	764	315
	764	313
	764	312
	764	309
	764	308
	764	307
.PEN_UP
.PEN_DOWN
	791	333
	792	333
	792	332
	792	331
	791	330
	791	328
	791	327
	791	325
	790	323
	790	322
	790	320
	790	318
	790	316
	790	314
	790	311
	790	310
	790	309
	791	308
	791	307
	791	306
.PEN_UP
.PEN_DOWN
	775	335
	776	334
	777	334
	778	334
	779	334
	780	334
	782	333
	783	333
	785	333
	787	333
	788	332
	791	332
	792	332
	794	332
	798	331
	800	330
	802	330
	804	330
	805	330
	807	330
	809	330
	811	330
.PEN_UP
