
.WRITER_ID IanFelix
.STYLE PRINTED
.PEN_DOWN
	75	329
	75	328
	75	327
	75	326
	75	325
	75	324
	75	323
	75	321
	76	318
	76	316
	76	314
	76	311
	76	310
	76	307
	76	306
	76	304
	76	302
	76	301
	76	299
	76	297
	77	297
.PEN_UP
.PEN_DOWN
	58	303
	59	303
	60	303
	62	303
	63	303
	64	303
	66	303
	68	303
	70	304
	72	304
	75	305
	77	306
	80	306
	81	307
	85	308
	87	308
	88	309
.PEN_UP
.PEN_DOWN
	89	324
	89	323
	90	321
	90	320
	90	318
	90	316
	91	314
	91	312
	92	309
	93	307
	93	305
	93	303
	93	302
	93	301
	93	299
	93	298
	93	297
	94	297
	94	298
	95	300
	96	301
	96	302
	97	303
	97	305
	98	306
	99	307
	100	309
	101	310
	102	310
	103	310
	103	309
	103	307
	104	306
	104	305
	104	303
	105	302
	105	300
	106	297
	107	297
	107	296
.PEN_UP
.PEN_DOWN
	123	307
	123	308
	123	309
	123	310
	123	311
	123	312
	122	312
	122	313
	120	313
	119	313
	118	313
	117	313
	116	312
	116	311
	115	310
	115	308
	115	307
	115	306
	115	304
	115	302
	116	302
	116	301
	118	301
	119	301
	120	301
	121	301
	122	301
	124	301
	124	302
	125	302
	126	303
	127	305
	127	306
	128	306
	128	307
	127	307
	126	307
	126	306
	126	305
	126	304
	126	303
	127	302
	128	301
	129	300
	131	300
	132	299
	133	299
	134	299
.PEN_UP
.PEN_DOWN
	141	333
	141	331
	142	331
	142	330
	142	329
	142	328
	142	326
	143	325
	143	323
	143	321
	144	319
	144	317
	144	315
	145	311
	146	309
	146	308
	146	306
	147	305
	147	304
	147	303
	147	302
	147	301
.PEN_UP
.PEN_DOWN
	130	308
	131	308
	132	309
	133	309
	135	310
	137	311
	140	311
	142	312
	145	313
	147	314
	149	315
	153	315
.PEN_UP
.PEN_DOWN
	189	313
	190	313
	190	314
	191	315
	192	315
	193	316
	194	318
	195	319
	195	321
	196	322
	197	326
	198	328
	198	329
	198	330
	198	331
	198	332
	197	333
	197	335
	195	335
	195	336
	194	336
	193	336
	191	336
	190	335
	189	334
	189	333
	188	332
	188	330
	188	328
	188	326
	188	323
	188	321
	188	319
	189	314
	190	311
	190	310
	191	308
	192	307
	193	306
	194	305
	195	304
	196	303
	196	302
.PEN_UP
.PEN_DOWN
	177	310
	178	310
	179	310
	180	310
	181	310
	182	311
	184	311
	187	312
	189	313
	191	314
	193	315
	195	315
	197	316
	199	317
	201	317
	203	317
	204	318
.PEN_UP
.PEN_DOWN
	204	310
	204	309
	204	308
	205	308
	205	307
	206	306
	206	304
	207	304
	207	303
	208	303
	207	304
	207	305
	206	306
	206	307
	206	308
	205	309
	205	310
	205	311
	205	312
	205	313
	205	314
	206	315
	206	316
	209	317
	210	318
	211	318
	212	318
	214	319
	215	319
.PEN_UP
.PEN_DOWN
	219	313
	219	312
	219	311
	219	310
	219	309
	219	308
	220	307
	221	306
	222	306
	223	306
	226	305
	227	305
	228	305
	229	306
	231	306
	232	306
	232	307
	233	308
	234	308
	234	309
	235	310
	235	311
	235	313
	234	314
	233	315
	231	316
	230	317
	228	317
	227	318
	225	319
	223	319
	221	320
.PEN_UP
.PEN_DOWN
	240	319
	240	320
	240	321
	241	321
	242	321
	243	321
	244	321
	246	321
	248	321
	250	321
	251	321
	254	321
	256	320
	257	320
	258	319
	259	318
	260	317
	260	316
	260	315
	259	315
	258	313
	257	312
	255	311
	254	310
	253	309
	252	308
	250	307
	249	306
	248	305
	247	304
	246	303
	246	302
	246	300
	246	299
	246	298
	247	298
	248	297
	250	297
	252	297
	254	297
	256	297
	259	297
	261	297
	264	297
	268	298
	270	299
	271	299
.PEN_UP
.PEN_DOWN
	264	310
	265	310
	266	310
	266	309
	267	309
	268	308
	269	308
	270	308
	271	308
	273	308
	274	308
	276	308
	277	309
	278	309
	280	311
	281	311
	281	312
	281	313
	280	314
	279	315
	278	315
	276	316
	275	316
	272	316
	271	315
	269	315
	267	314
	267	313
	265	311
	265	310
	265	308
	265	307
	265	306
	266	305
	268	304
	271	303
	274	303
	277	303
	279	303
	282	303
	285	304
	288	304
	291	305
.PEN_UP
.PEN_DOWN
	317	331
	317	330
	317	329
	317	325
	317	324
	317	321
	317	319
	317	316
	317	314
	317	312
	317	310
	317	307
	317	305
	318	303
	318	302
	319	299
	319	298
	319	297
	320	297
	320	296
.PEN_UP
.PEN_DOWN
	301	316
	303	315
	305	314
	306	313
	308	313
	311	312
	313	312
	316	312
	319	312
	321	312
	324	312
	327	312
	330	312
.PEN_UP
.PEN_DOWN
	330	324
	330	323
	330	322
	330	320
	331	319
	331	317
	331	312
	331	310
	331	308
	332	306
	332	304
	333	302
	333	301
	333	300
	333	299
	334	298
	334	297
	335	297
	336	297
	337	298
	337	299
	338	300
	338	301
	339	302
	339	304
	340	305
	342	307
	343	307
	344	307
	345	307
	345	306
	345	305
	346	304
	346	303
	347	301
	347	300
	349	297
	350	296
	351	295
.PEN_UP
.PEN_DOWN
	365	302
	366	302
	366	303
	366	304
	366	305
	367	306
	367	307
	367	308
	367	309
	366	309
	364	309
	363	308
	362	307
	361	306
	360	305
	359	304
	358	302
	357	302
	357	301
	357	300
	357	299
	358	298
	360	297
	361	297
	362	296
	364	296
	366	296
	368	296
	370	296
	373	296
	375	297
	378	297
	380	298
	382	298
	386	299
.PEN_UP
.PEN_DOWN
	404	331
	404	330
	404	329
	404	328
	403	327
	403	326
	403	324
	402	323
	402	319
	402	317
	402	315
	402	313
	403	311
	403	309
	403	307
	403	306
	404	304
	404	303
	405	301
	405	299
	406	298
	406	297
.PEN_UP
.PEN_DOWN
	415	311
	415	310
	415	308
	415	307
	415	306
	415	305
	415	304
	415	303
	415	302
	415	301
.PEN_UP
.PEN_DOWN
	416	321
	417	320
.PEN_UP
.PEN_DOWN
	432	310
	431	310
	430	310
	427	310
	426	309
	424	309
	423	308
	422	308
	422	307
	422	306
	422	305
	422	304
	422	303
	422	302
	423	302
	426	301
	428	301
	429	301
	431	301
	432	301
	433	301
	434	302
	435	302
	435	303
	434	303
	433	303
	432	303
	432	302
	431	302
	431	301
	431	300
	432	299
	432	297
	433	297
	433	296
	433	294
	434	293
	434	291
	434	290
	434	289
	434	288
	434	286
	433	286
	432	285
	431	284
	430	284
	429	284
	428	284
	426	285
	425	285
	424	285
	423	286
	421	286
	420	287
	419	287
	419	288
.PEN_UP
.PEN_DOWN
	437	329
	438	328
	438	327
	438	326
	438	323
	438	321
	439	319
	440	316
	440	314
	441	312
	441	310
	442	308
	443	307
	443	306
	444	304
	445	304
	446	302
	447	302
	448	303
	448	304
	449	305
	449	306
	450	306
	451	308
	451	310
	452	311
	452	312
	453	313
	454	313
	454	312
	454	311
	454	309
	455	306
	455	305
	455	304
	455	303
	456	302
	457	301
	458	300
	459	299
	460	299
	461	299
	462	299
.PEN_UP
.PEN_DOWN
	463	331
	464	329
	465	329
	465	328
	465	327
	466	325
	466	324
	467	322
	468	320
	468	318
	469	316
	469	315
	469	313
	470	311
	470	309
	470	308
	470	306
	470	305
	470	304
.PEN_UP
.PEN_DOWN
	455	315
	455	314
	456	314
	457	314
	458	315
	462	316
	464	316
	466	317
	469	317
	472	318
	474	318
	477	318
	479	318
	481	318
	482	318
	483	318
.PEN_UP
.PEN_DOWN
	524	333
	524	332
	524	331
	524	329
	524	326
	524	324
	524	322
	524	320
	524	317
	524	315
	525	313
	525	311
	525	309
	526	307
	526	306
	527	305
	527	302
	528	301
	528	300
.PEN_UP
.PEN_DOWN
	506	317
	507	317
	508	317
	509	317
	510	317
	512	317
	513	317
	518	317
	520	317
	522	316
	525	316
	528	315
	531	315
	533	315
	536	315
	539	314
	541	314
	543	314
	545	314
.PEN_UP
.PEN_DOWN
	541	333
	541	331
	541	329
	541	327
	541	324
	541	321
	542	316
	543	313
	543	311
	544	310
	544	308
	545	307
	545	306
	546	305
	546	304
	546	303
	547	303
	548	303
	549	304
	549	305
	550	306
	550	307
	551	308
	552	309
	554	310
	555	310
	556	310
	556	309
	557	309
	557	308
	558	307
	558	306
	559	305
	560	304
	561	303
	562	302
	563	302
.PEN_UP
.PEN_DOWN
	578	313
	578	314
	577	314
	577	315
	576	315
	575	315
	573	315
	572	315
	571	315
	569	315
	567	314
	566	313
	565	312
	565	311
	564	310
	564	308
	564	306
	565	305
	566	304
	567	303
	568	303
	569	303
	571	303
	573	303
	574	303
	576	303
	577	304
	578	304
	581	306
	581	307
	582	308
	582	309
	582	310
	582	311
	581	311
	581	312
	580	312
	579	312
	578	311
	578	310
	578	309
	578	308
	579	307
	579	306
	581	305
	582	304
	583	303
	585	303
	587	302
	590	302
	592	302
	594	302
	596	302
	597	302
.PEN_UP
.PEN_DOWN
	602	339
	602	338
	602	336
	602	335
	602	333
	603	331
	603	327
	603	325
	604	322
	604	320
	605	318
	605	316
	606	314
	606	312
	606	311
	607	310
	607	309
	607	307
	607	306
.PEN_UP
.PEN_DOWN
	586	317
	587	317
	588	317
	589	317
	594	317
	596	317
	598	317
	601	317
	603	317
	606	317
	609	317
	611	317
	613	317
	615	316
	617	316
	620	316
.PEN_UP
