
.WRITER_ID IanFelix
.STYLE PRINTED
.PEN_DOWN
	121	328
	121	329
	120	329
	118	328
	117	327
	116	326
	114	325
	113	324
	111	324
	109	322
	108	321
	106	320
	104	319
	103	318
	100	316
	99	315
	98	315
	97	314
	96	313
	95	313
	94	313
	95	313
	96	313
	97	312
	98	312
	100	312
	101	311
	104	310
	105	310
	107	309
	109	308
	110	307
	112	307
	113	306
	114	306
	116	305
	118	304
	119	304
	120	303
	122	302
	123	302
	124	302
.PEN_UP
.PEN_DOWN
	129	328
	130	328
	131	328
	132	328
	134	328
	135	328
	136	328
	139	328
	141	328
	142	327
	143	326
	143	325
	144	324
	144	323
	144	321
	144	320
	143	320
	142	318
	139	316
	138	316
	136	315
	135	315
	134	315
	133	315
	132	315
	133	315
	135	315
	136	315
	137	315
	139	315
	141	315
	142	315
	144	315
	145	314
	147	314
	147	313
	148	313
	149	311
	149	310
	148	310
	147	309
	146	308
	144	307
	142	307
	140	306
	138	305
	135	305
	132	304
	129	303
	127	303
	126	303
	126	302
.PEN_UP
.PEN_DOWN
	159	325
	160	326
	160	327
	161	327
	161	328
	161	327
	161	326
	161	325
	161	324
	161	320
	161	319
	161	317
	161	315
	161	313
	161	311
	161	310
	162	309
	162	308
	162	306
	163	306
	163	305
	163	304
	164	303
.PEN_UP
.PEN_DOWN
	154	318
	154	317
	155	317
	156	318
	157	318
	159	318
	160	318
	162	318
	164	319
	167	319
	169	319
	173	318
	174	318
	176	318
	177	318
	178	317
.PEN_UP
.PEN_DOWN
	182	329
	183	329
	186	329
	186	328
	192	328
	193	328
	193	327
	193	326
	193	325
	193	324
	193	323
	192	321
	192	320
	190	319
	189	317
	187	316
	186	315
	184	315
	182	314
	181	314
	181	313
	180	313
	181	312
	182	312
	183	312
	184	313
	186	313
	188	313
	189	313
	191	313
	192	312
	194	312
	196	311
	197	310
	198	309
	198	308
	198	307
	197	306
	196	305
	194	304
	191	303
	190	303
	188	302
	186	302
	184	302
	182	302
	181	302
	180	302
	179	302
	178	302
	177	302
.PEN_UP
.PEN_DOWN
	205	332
	205	333
	205	334
	205	335
	206	335
	207	334
	208	333
	209	333
	210	332
	211	332
	213	331
	216	329
	218	329
	220	328
	222	327
	223	326
	225	325
	226	324
	228	324
	228	323
	229	322
	230	321
	231	320
	231	319
	232	318
	232	317
	232	316
	231	315
	231	314
	230	314
	229	313
	228	312
	226	311
	225	310
	223	309
	222	309
	221	308
	220	307
	218	306
	217	306
	216	305
	215	304
	214	304
	213	303
	211	303
	212	302
	213	302
.PEN_UP
.PEN_DOWN
	244	316
	244	317
	245	317
	246	317
	247	316
	248	316
	249	316
	250	315
	251	315
	252	315
	256	315
	257	314
	258	314
	259	314
	261	314
	262	314
	262	313
	263	313
.PEN_UP
.PEN_DOWN
	242	304
	242	303
	243	303
	244	302
	245	302
	246	302
	248	302
	249	302
	251	302
	252	302
	254	302
	256	302
	257	302
	259	303
.PEN_UP
.PEN_DOWN
	291	322
	290	322
	289	321
	288	321
	287	321
	285	321
	283	320
	282	320
	281	320
	280	320
	278	320
	277	319
	276	319
	275	319
	274	318
	273	318
	272	318
	272	317
	271	317
	271	316
	271	315
	272	315
	272	314
	272	313
	273	312
	274	312
	275	310
	277	310
	277	309
	279	308
	280	308
	281	307
	282	306
	284	306
	285	306
	287	305
	288	304
	289	304
	291	303
	293	302
	294	301
	295	301
	296	301
	296	300
	297	300
.PEN_UP
.PEN_DOWN
	306	321
	306	322
	306	323
	306	324
	307	324
	308	324
	309	324
	310	325
	311	325
	313	326
	316	326
	318	326
	320	326
	321	326
	323	325
	324	324
	324	323
	324	321
	324	320
	324	318
	323	317
	321	314
	319	312
	317	309
	315	308
	313	307
	312	306
	311	305
	310	305
	310	304
	310	303
	311	303
	312	303
	313	303
	315	303
	316	303
	318	303
	320	303
	322	303
	326	303
	328	303
	330	303
.PEN_UP
.PEN_DOWN
	347	324
	347	323
	347	322
	347	321
	347	319
	347	317
	347	315
	347	313
	347	311
	347	309
	347	306
	347	304
	347	303
	348	302
	348	301
	348	300
.PEN_UP
.PEN_DOWN
	336	315
	337	315
	338	315
	339	315
	340	314
	342	314
	344	314
	345	314
	349	314
	350	313
	352	313
	354	313
	356	313
	357	312
.PEN_UP
.PEN_DOWN
	366	324
	366	323
	365	323
	365	322
	365	321
	365	320
	366	319
	366	318
	367	318
	368	317
	369	316
	371	315
	373	315
	374	314
	376	314
	379	312
	381	312
	382	311
	384	311
	385	311
	386	310
.PEN_UP
.PEN_DOWN
	382	328
	383	327
	383	326
	383	325
	383	324
	383	322
	384	321
	384	319
	385	315
	385	314
	385	312
	385	310
	385	308
	385	307
	385	305
	385	304
	385	303
	385	302
.PEN_UP
.PEN_DOWN
	389	329
	390	329
	390	328
	390	327
	391	327
	392	326
	393	325
	394	325
	396	324
	398	324
	400	323
	403	321
	406	320
	407	320
	409	319
	410	319
	411	318
	412	317
	413	316
	413	315
	413	314
	413	313
	412	312
	411	312
	410	311
	409	311
	408	311
	407	310
	404	309
	403	309
	402	308
	400	307
	398	307
	397	306
	396	305
	395	304
	394	303
	393	302
	393	301
	394	300
.PEN_UP
.PEN_DOWN
	423	316
	424	317
	425	317
	426	317
	427	317
	428	317
	429	316
	430	316
	431	315
	432	315
	434	315
	435	314
	436	314
	437	314
	438	314
	440	314
	441	314
	442	314
.PEN_UP
.PEN_DOWN
	423	302
	424	302
	425	301
	426	301
	428	301
	429	301
	430	302
	432	302
	434	302
	435	302
	437	302
	438	302
	441	302
	442	302
	443	301
.PEN_UP
.PEN_DOWN
	478	324
	477	324
	476	323
	474	322
	473	322
	472	322
	471	321
	470	321
	469	320
	468	320
	467	320
	466	320
	465	319
	464	319
	463	318
	460	318
	459	317
	458	317
	457	317
	456	317
	455	316
	454	316
	453	315
	452	315
	452	314
	452	313
	452	312
	453	312
	453	311
	455	311
	455	310
	457	310
	458	309
	460	309
	463	307
	464	307
	466	306
	468	306
	469	305
	471	304
	472	303
	474	303
	475	302
	476	301
	478	301
	479	300
	480	299
	481	299
	482	299
.PEN_UP
.PEN_DOWN
	493	323
	493	322
	493	321
	493	320
	493	319
	493	318
	492	316
	492	315
	492	313
	492	312
	492	310
	492	309
	492	307
	492	306
	492	303
	492	302
	493	301
	493	300
	493	299
.PEN_UP
.PEN_DOWN
	497	325
	497	324
	496	323
	495	321
	494	320
	493	319
	492	318
	491	317
	491	316
	490	315
	489	315
	488	314
	488	313
	487	313
.PEN_UP
.PEN_DOWN
	483	302
	484	302
	485	302
	486	302
	487	302
	488	302
	490	302
	491	302
	493	302
	495	302
	498	301
	499	301
	500	301
	501	301
.PEN_UP
.PEN_DOWN
	513	322
	513	320
	513	319
	513	318
	513	317
	513	314
	513	312
	513	311
	513	309
	513	308
	513	306
	513	305
	513	304
	513	303
	514	302
	514	301
	515	300
.PEN_UP
.PEN_DOWN
	502	311
	503	311
	506	310
	508	310
	509	310
	511	310
	513	310
	515	310
	517	310
	519	310
	520	311
	522	311
.PEN_UP
.PEN_DOWN
	537	317
	536	317
	535	317
	534	317
	533	317
	532	317
	531	317
	530	317
	529	317
	529	316
	529	315
	530	315
	530	314
	531	313
	532	313
	535	311
	536	311
	538	310
	539	309
	540	308
	541	307
	542	306
	542	305
	542	304
	542	303
	541	303
	541	302
	540	302
	539	302
	538	302
	537	302
	536	303
	534	303
	533	304
	532	304
	531	305
	530	305
	528	306
	527	306
.PEN_UP
.PEN_DOWN
	531	319
	532	319
	533	319
	534	319
	536	320
	537	320
	538	320
	539	320
	541	320
	543	320
	545	320
	548	320
	549	320
	551	320
	552	320
	553	320
.PEN_UP
.PEN_DOWN
	549	327
	550	326
	551	326
	552	326
	553	326
	555	326
	556	326
	557	326
	558	325
	560	325
	561	325
	562	324
	563	324
	564	324
	565	323
	566	323
	567	322
	568	321
	569	320
	569	319
	569	318
	569	317
	569	316
	568	315
	568	314
	567	313
	567	312
	566	311
	565	311
	564	310
	562	308
	561	307
	560	306
	559	305
	558	304
	557	303
	556	302
	555	302
	555	301
	555	300
	555	299
.PEN_UP
