
.WRITER_ID IanFelix
.STYLE PRINTED
.PEN_DOWN
	77	306
	78	306
	78	307
	78	308
	79	309
	80	310
	80	311
	81	312
	81	313
	82	315
	83	316
	84	317
	84	318
	84	319
	85	319
	86	319
	87	319
	87	318
	88	317
	88	316
	88	315
	89	314
	90	313
	90	312
	91	311
	92	310
	93	309
	94	308
	96	308
	97	308
	99	308
	100	309
	102	309
	103	310
	105	311
	106	312
	107	313
.PEN_UP
.PEN_DOWN
	130	343
	129	342
	128	341
	128	340
	127	339
	127	338
	127	336
	126	334
	126	333
	125	330
	125	328
	125	326
	125	324
	125	320
	125	318
	125	317
	126	315
	126	314
	127	313
	127	312
	128	311
	129	311
	129	310
	130	310
.PEN_UP
.PEN_DOWN
	153	324
	153	325
	153	326
	152	327
	151	327
	150	327
	149	327
	148	327
	147	327
	146	327
	145	322
	144	321
	144	320
	144	318
	144	316
	144	315
	144	314
	144	312
	144	311
	145	311
	146	310
	148	309
	149	309
	150	309
	151	309
	152	310
	153	310
	154	311
	155	311
	156	312
	157	313
	157	314
	158	315
	158	317
	158	318
	158	319
	157	319
	156	319
	156	318
	155	317
	155	315
	155	313
	155	312
	156	311
	156	310
	156	309
	158	308
	159	307
	160	307
	161	306
	163	306
	164	306
	168	306
	169	306
.PEN_UP
.PEN_DOWN
	192	333
	193	333
	193	332
	193	330
	193	329
	193	328
	193	326
	193	325
	193	321
	193	319
	193	317
	193	315
	193	314
	193	313
	193	312
	193	311
	194	311
	194	310
	194	309
	194	310
	194	311
	193	312
	192	315
	192	317
	191	318
	190	320
	189	321
	188	322
	188	323
	187	323
	186	323
	185	323
	183	323
	182	323
	181	322
	180	321
	179	321
	179	320
	178	319
	177	319
	177	318
	177	317
	177	316
	177	315
	178	315
	180	315
	181	315
	183	315
	185	315
	187	315
	189	316
	192	317
	195	317
	197	318
	201	319
	203	319
.PEN_UP
.PEN_DOWN
	211	337
	211	336
	211	335
	211	333
	212	332
	212	329
	212	327
	213	324
	213	322
	214	317
	214	315
	215	313
	215	312
	215	311
	216	309
	216	308
	217	307
.PEN_UP
.PEN_DOWN
	211	323
	212	323
	213	323
	215	323
	216	323
	217	323
	219	323
	221	322
	222	322
	225	320
	227	319
	228	318
	228	317
	229	316
	229	315
	230	314
	231	313
	231	312
	231	311
	230	310
	228	309
	227	309
	226	309
	225	309
	223	309
	221	309
	219	309
	217	309
	215	309
	214	309
	212	309
	209	309
.PEN_UP
.PEN_DOWN
	231	342
	232	342
	234	340
	235	339
	237	338
	238	337
	239	336
	240	334
	242	333
	242	332
	243	330
	244	329
	245	327
	245	325
	245	322
	245	320
	245	319
	245	317
	244	315
	244	314
	243	313
	242	312
	240	311
	239	310
	238	309
	235	307
.PEN_UP
.PEN_DOWN
	260	331
	260	332
	261	332
	262	332
	262	331
	263	331
	264	330
	265	330
	267	329
	268	329
	270	329
	273	329
	274	329
	276	329
	277	329
	279	329
	280	329
	281	329
	282	329
.PEN_UP
.PEN_DOWN
	264	315
	265	315
	266	315
	267	315
	268	315
	271	315
	272	315
	273	315
	275	315
	276	315
	278	315
	279	315
	280	315
	282	316
	283	316
.PEN_UP
.PEN_DOWN
	296	327
	297	327
	297	328
	297	329
	298	330
	298	331
	299	332
	299	333
	300	333
	301	334
	302	335
	303	336
	304	337
	305	337
	307	338
	308	338
	309	338
	310	338
	311	338
	312	338
	313	337
	313	336
	314	335
	315	334
	316	333
	316	332
	318	330
	319	330
	320	330
	322	330
	323	330
	324	330
	326	330
	328	330
	329	331
.PEN_UP
.PEN_DOWN
	350	325
	350	326
	350	327
	350	328
	350	329
	349	329
	349	330
	348	331
	347	332
	346	333
	345	333
	344	333
	343	333
	342	333
	341	332
	340	332
	338	330
	338	329
	336	328
	335	326
	334	323
	333	321
	333	320
	333	319
	333	317
	334	316
	334	315
	335	314
	336	314
	337	313
	338	313
	340	313
	342	313
	344	314
	345	315
	346	315
	347	316
	348	317
	349	318
	350	319
	350	320
	350	321
	350	322
	349	322
	349	321
	348	320
	348	318
	348	317
	349	316
	350	314
	351	313
	352	312
	353	312
	355	311
	356	311
.PEN_UP
.PEN_DOWN
	367	342
	368	342
	368	343
	369	343
	369	342
	369	341
	369	340
	370	339
	370	338
	370	336
	370	334
	370	333
	371	331
	371	329
	371	327
	371	325
	371	323
	371	320
	371	318
	372	317
	372	315
	372	314
	372	313
	372	312
	373	311
.PEN_UP
.PEN_DOWN
	387	328
	387	327
	386	328
	386	329
	386	330
	386	331
	386	332
	387	333
	387	334
	388	335
	389	335
	390	336
	391	336
	392	336
	393	336
	394	336
	395	336
	396	335
	397	334
	398	333
	398	332
	399	332
	400	331
	400	330
	401	329
	402	329
	403	329
	404	329
	406	329
	409	330
	411	331
	412	331
.PEN_UP
.PEN_DOWN
	423	345
	423	344
	424	343
	424	342
	424	340
	425	337
	425	336
	425	334
	426	332
	426	330
	426	329
	426	327
	427	325
	427	323
	428	321
	428	319
	428	316
	428	315
	428	314
	428	313
	428	312
.PEN_UP
.PEN_DOWN
	420	332
	421	332
	422	332
	423	332
	424	332
	426	332
	427	332
	429	331
	432	330
	434	329
	435	329
	436	328
	437	326
	438	325
	440	324
	441	322
	441	321
	442	319
	442	317
	442	314
	441	313
	441	312
	440	311
	438	310
	437	309
	436	308
	434	308
	432	308
	431	308
	429	308
	428	308
	425	310
	424	311
	423	311
	423	312
	422	313
.PEN_UP
