
.WRITER_ID IanFelix
.STYLE PRINTED
.PEN_DOWN
	82	335
	82	336
	83	336
	83	337
	83	338
	83	339
	83	340
	82	341
	81	342
	80	342
	79	342
	78	342
	77	342
	76	342
	75	341
	74	340
	73	339
	71	338
	70	337
	70	336
	69	335
	69	333
	69	332
	69	330
	70	330
	71	329
	72	329
	73	329
	75	329
	77	329
	79	330
	81	330
	82	331
	84	331
	86	333
	87	333
	86	333
	85	332
	84	331
	82	328
	82	327
	81	325
	81	324
	80	322
	80	320
	80	319
	80	317
	80	316
	80	315
	80	313
	81	311
.PEN_UP
.PEN_DOWN
	103	328
	102	328
	101	328
	101	327
	100	327
	99	326
	98	325
	98	324
	97	322
	97	321
	97	320
	98	318
	99	317
	100	317
	101	316
	102	315
	103	315
	105	315
	106	315
	108	315
	110	315
	111	316
	112	317
	113	317
	113	318
	113	319
	113	320
	112	320
	110	322
	110	323
	108	323
	107	324
	106	325
	104	326
	103	327
	102	328
	100	329
	99	329
	98	330
	98	331
	96	332
	96	333
	96	334
	96	335
	97	336
	97	337
	98	337
	99	338
	100	339
	101	340
	102	340
	103	341
	104	341
	105	341
	106	341
	107	341
	108	341
	109	341
	110	340
	110	339
	110	338
	110	337
	110	336
	109	334
	109	333
	108	332
	107	330
	106	329
	104	328
	103	327
	101	325
.PEN_UP
.PEN_DOWN
	126	341
	125	342
	126	342
	127	342
	129	342
	130	342
	131	342
	133	342
	135	342
	136	342
	138	342
	139	342
	140	342
	142	342
	143	341
	144	341
	144	340
	145	340
	145	339
	145	338
	145	337
	144	336
	144	335
	143	334
	143	333
	142	332
	142	331
	141	330
	141	329
	141	327
	140	326
	140	325
	140	324
	140	322
	140	320
	141	319
.PEN_UP
.PEN_DOWN
	129	329
	130	329
	131	330
	132	330
	133	331
	136	331
	137	332
	139	332
	141	332
	143	332
	146	332
	147	331
	148	331
	149	331
	150	330
.PEN_UP
.PEN_DOWN
	163	339
	162	338
	160	336
	159	335
	158	334
	157	333
	156	331
	155	330
	155	328
	155	327
	155	325
	155	324
	156	323
	157	322
	159	321
	161	320
	163	320
	165	320
	166	320
	168	320
	169	321
	171	321
	172	322
	173	322
	174	323
	174	324
	174	325
	173	325
	173	326
	172	326
	170	326
	168	326
	166	326
	164	325
	163	325
	161	324
	159	323
	158	323
	158	322
.PEN_UP
.PEN_DOWN
	202	337
	203	337
	203	338
	202	338
	201	338
	200	338
	199	337
	197	336
	194	335
	193	335
	192	334
	190	333
	189	332
	189	331
	190	331
	191	330
	193	330
	195	329
	198	329
	200	329
	202	329
	204	329
	206	328
	208	327
	209	327
	210	326
	211	325
	211	323
	211	322
	211	321
	210	320
	209	320
	208	319
	207	318
	205	318
	203	317
	201	316
	200	316
	198	316
	195	316
	193	316
	192	316
	191	316
	190	316
	189	317
.PEN_UP
.PEN_DOWN
	199	334
	200	335
	201	335
	202	336
	204	337
	206	338
	209	338
	211	339
	213	340
	215	341
	218	341
	222	341
	223	341
	225	341
	226	341
	227	340
	228	340
.PEN_UP
.PEN_DOWN
	238	340
	237	339
	236	338
	235	338
	235	337
	234	336
	234	334
	234	333
	235	333
	236	332
	237	332
	239	331
	240	331
	242	331
	244	331
	246	330
	250	330
	251	330
	253	329
	254	329
	255	329
.PEN_UP
.PEN_DOWN
	252	344
	252	343
	252	342
	252	341
	252	340
	252	339
	252	338
	252	336
	252	333
	252	332
	252	330
	252	328
	251	326
	251	325
	251	323
	251	322
	251	320
	251	319
	251	318
	251	317
.PEN_UP
.PEN_DOWN
	265	339
	266	339
	267	339
	268	340
	269	340
	271	340
	273	340
	276	340
	278	340
	280	339
	281	339
	282	338
	283	338
	283	337
	283	336
	283	335
	283	334
	282	333
	279	331
	277	330
	276	329
	274	329
	272	328
	271	328
	269	327
	268	327
	267	327
	268	327
	269	327
	270	327
	271	327
	273	327
	274	327
	276	327
	277	327
	279	327
	280	326
	281	326
	282	325
	283	324
	283	323
	283	322
	283	321
	282	321
	281	320
	280	320
	278	319
	277	319
	275	318
	273	318
	270	318
	268	318
	267	318
	266	318
	265	318
.PEN_UP
.PEN_DOWN
	295	338
	295	339
	296	339
	296	340
	297	340
	298	340
	299	340
	300	341
	301	341
	303	341
	305	341
	307	340
	308	339
	310	339
	310	338
	310	337
	310	335
	310	334
	310	333
	309	331
	309	330
	308	329
	306	325
	305	324
	303	323
	301	321
	300	320
	298	319
	297	318
	295	317
	294	316
	293	315
	294	315
	295	315
	296	315
	297	315
	299	314
	300	314
	301	314
	302	313
	306	313
	307	313
	309	312
	311	312
	312	312
	314	312
	315	311
.PEN_UP
.PEN_DOWN
	328	338
	329	339
	329	340
	330	339
	330	337
	330	335
	329	333
	329	331
	329	329
	328	327
	328	325
	328	323
	328	322
	328	320
	328	319
	329	317
	330	316
	330	315
	331	315
.PEN_UP
.PEN_DOWN
	327	342
	328	342
	329	342
	329	341
	329	340
	329	339
	329	338
	328	337
	327	335
	327	334
	326	333
	325	332
	325	331
	324	330
	323	329
	322	328
	321	327
	320	326
	319	326
.PEN_UP
.PEN_DOWN
	321	314
	322	314
	323	314
	324	314
	325	314
	327	314
	329	314
	330	314
	333	314
	338	314
	340	314
	342	314
	344	314
.PEN_UP
.PEN_DOWN
	356	333
	355	333
	354	332
	353	331
	352	331
	351	330
	351	329
	350	328
	349	325
	349	324
	349	322
	349	321
	349	320
	350	319
	351	317
	352	316
	353	316
	355	315
	357	315
	358	315
	362	315
	363	315
	365	315
	367	316
	368	317
	370	318
	371	320
	373	321
	374	323
	374	324
	374	325
	374	328
	373	330
	372	331
	370	332
	368	333
	367	334
	365	335
	362	336
	360	336
	358	336
	356	336
	354	336
.PEN_UP
.PEN_DOWN
	402	329
	403	330
	403	331
	403	332
	403	333
	403	334
	403	335
	403	336
	403	337
	403	338
	402	339
	401	340
	400	340
	399	341
	398	341
	397	341
	395	340
	394	340
	393	339
	392	338
	391	337
	389	334
	389	333
	389	331
	389	329
	390	327
	391	327
	392	326
	394	326
	396	326
	397	326
	400	327
	401	327
	402	327
	403	328
	404	328
	404	329
	403	329
	402	329
	401	328
	400	327
	399	326
	398	324
	397	323
	397	322
	396	320
	396	319
	396	317
	396	316
	396	315
	396	314
	396	312
	397	312
.PEN_UP
.PEN_DOWN
	420	323
	419	323
	419	322
	419	321
	418	321
	418	320
	418	319
	418	318
	418	317
	418	316
	418	315
	418	314
	419	313
	421	311
	423	311
	424	311
	425	311
	426	311
	428	312
	429	313
	430	313
	430	314
	430	315
	430	316
	429	317
	428	318
	426	319
	425	319
	424	320
	423	321
	423	322
	421	324
	420	324
	420	326
	419	327
	418	328
	418	329
	417	329
	417	330
	416	331
	415	331
	415	332
	415	333
	415	334
	415	335
	416	335
	417	336
	417	337
	418	337
	419	338
	420	338
	421	338
	422	339
	424	339
	425	339
	426	339
	426	338
	427	337
	427	335
	427	334
	427	333
	426	331
	425	329
	424	328
	423	327
	422	326
	421	325
	420	324
	418	323
	418	322
	417	322
	416	321
.PEN_UP
.PEN_DOWN
	438	334
	439	335
	440	335
	440	336
	441	336
	442	336
	443	336
	445	336
	447	336
	448	336
	449	335
	450	335
	451	334
	452	334
	453	333
	454	333
	454	332
	455	332
	455	331
	456	329
	456	328
	456	327
	456	326
	455	325
	455	324
	455	323
	455	322
	454	321
	454	320
	454	319
	453	317
	453	316
	453	315
	452	314
	452	313
	452	312
	452	311
	452	310
	452	309
.PEN_UP
.PEN_DOWN
	443	322
	445	322
	446	322
	448	322
	449	322
	451	322
	453	322
	454	322
	456	322
	458	322
	459	322
	460	322
	462	322
	464	322
.PEN_UP
.PEN_DOWN
	489	334
	489	335
	489	336
	488	336
	488	337
	487	337
	486	337
	485	337
	483	337
	480	335
	478	334
	476	333
	474	332
	473	331
	471	329
	470	327
	469	325
	469	324
	469	322
	469	320
	469	318
	471	315
	472	315
	474	314
	475	314
	477	313
	479	313
	481	313
	482	313
	484	314
	486	314
	487	315
	488	316
	490	318
	490	319
	490	320
	490	321
	489	322
	488	323
	487	324
	486	324
	484	325
	482	325
	480	325
	476	324
	475	324
	473	323
	472	323
.PEN_UP
.PEN_DOWN
	521	333
	520	334
	519	334
	518	334
	517	334
	515	334
	514	334
	513	334
	511	334
	510	333
	509	333
	508	333
	506	332
	505	332
	505	331
	505	330
	506	330
	508	329
	509	329
	510	329
	512	329
	516	328
	518	327
	520	327
	521	326
	523	325
	524	324
	525	324
	525	322
	525	321
	525	320
	524	319
	523	318
	522	318
	521	318
	519	317
	518	317
	516	317
	515	317
	514	317
	512	317
	510	318
	509	318
	506	319
	505	319
	504	319
	504	320
.PEN_UP
.PEN_DOWN
	510	334
	511	333
	512	333
	514	334
	516	334
	517	334
	519	334
	520	334
	522	334
	524	334
	525	334
	527	334
	529	334
	530	334
	533	333
	534	333
.PEN_UP
.PEN_DOWN
	539	334
	539	333
	539	332
	539	331
	539	330
	539	329
	540	327
	541	326
	541	325
	542	324
	543	323
	544	323
	545	322
	546	322
	548	321
	549	321
	550	321
.PEN_UP
.PEN_DOWN
	552	338
	553	338
	553	337
	553	336
	553	335
	553	333
	552	331
	552	329
	552	328
	551	327
	551	325
	551	324
	551	322
	551	320
	551	319
	551	318
	551	317
	551	316
	552	314
.PEN_UP
.PEN_DOWN
	577	336
	578	336
	579	336
	581	336
	582	336
	583	336
	584	335
	586	335
	587	334
	588	334
	589	332
	589	331
	589	330
	589	329
	588	329
	587	328
	585	328
	584	327
	582	327
	581	326
	578	326
	577	326
	576	326
	577	326
	578	326
	580	326
	582	326
	585	326
	587	326
	588	325
	590	324
	592	324
	593	323
	594	322
	594	321
	594	320
	594	319
	592	318
	591	317
	590	317
	588	317
	586	317
	584	317
	582	317
	580	317
	578	317
	576	317
	574	317
	571	316
	570	316
	569	316
.PEN_UP
.PEN_DOWN
	601	334
	602	334
	603	334
	604	334
	605	335
	607	335
	609	335
	610	335
	613	334
	615	334
	616	333
	616	332
	617	332
	617	331
	617	330
	617	329
	617	328
	617	326
	616	325
	615	324
	611	322
	610	321
	608	321
	606	320
	605	319
	604	319
	603	319
	602	318
	602	317
	603	316
	604	316
	606	315
	615	315
	618	315
	620	315
	622	315
.PEN_UP
.PEN_DOWN
	634	337
	634	336
	633	335
	633	334
	633	333
	633	332
	632	331
	632	329
	632	328
	631	325
	631	324
	631	323
	631	322
	631	320
	631	319
	632	318
	632	317
	633	316
	633	315
.PEN_UP
.PEN_DOWN
	634	339
	634	338
	633	338
	632	338
	632	337
	631	336
	629	335
	627	333
	625	333
	625	332
	624	332
	623	331
	623	330
	623	329
.PEN_UP
.PEN_DOWN
	621	314
	622	314
	623	314
	624	314
	627	314
	628	314
	629	314
	631	314
	633	314
	635	314
	636	314
	638	314
	640	314
	642	314
.PEN_UP
.PEN_DOWN
	661	333
	660	333
	659	333
	658	332
	657	332
	656	332
	655	331
	654	331
	653	330
	652	329
	651	329
	650	326
	650	325
	650	324
	651	323
	651	321
	652	320
	654	320
	656	319
	658	318
	661	318
	663	317
	666	317
	670	317
	672	318
	674	318
	675	319
	677	320
	677	321
	677	322
	677	323
	677	324
	676	325
	672	329
	670	330
	667	332
	666	333
	664	334
	662	335
	660	336
.PEN_UP
