
.WRITER_ID IanFelix
.STYLE PRINTED
.PEN_DOWN
	64	343
	65	343
	65	342
	66	342
	66	341
	67	340
	67	339
	67	338
	67	337
	67	334
	67	332
	67	331
	67	330
	67	328
	68	326
	68	325
	68	323
	68	322
	69	321
	69	319
	69	317
.PEN_UP
.PEN_DOWN
	62	343
	63	343
	64	343
	65	343
	66	343
	67	343
	69	343
	71	343
	72	343
	76	343
	77	342
	78	342
	79	341
	80	341
	81	340
	81	339
	81	338
	81	337
	80	336
	79	335
	78	335
	77	334
	75	333
	74	333
	72	332
	71	332
	69	332
	68	331
	66	331
	65	331
	64	330
	63	330
	64	330
	65	330
	66	331
	68	331
	69	331
	73	331
	75	331
	76	331
	78	331
	79	331
	81	331
	82	330
	83	330
	84	329
	85	328
	86	328
	86	327
	87	325
	87	324
	87	323
	87	322
	87	321
	86	320
	85	319
	84	318
	83	317
	81	316
	80	316
	77	315
	75	315
	74	315
	72	315
	71	315
	70	316
	69	316
	67	317
	66	317
.PEN_UP
.PEN_DOWN
	109	346
	109	345
	108	345
	107	344
	106	343
	105	342
	104	341
	103	340
	101	337
	100	336
	99	334
	98	332
	97	331
	96	329
	95	327
	94	326
	94	325
	93	324
	93	323
	92	322
.PEN_UP
.PEN_DOWN
	90	342
	91	342
	92	342
	93	341
	94	340
	95	339
	95	338
	95	337
	96	335
	97	334
	97	333
	98	332
	99	332
	99	331
.PEN_UP
.PEN_DOWN
	132	342
	132	341
	132	339
	133	337
	133	335
	133	333
	133	332
	133	330
	133	328
	133	327
	133	325
	133	324
	133	323
	133	322
	133	321
	133	320
.PEN_UP
.PEN_DOWN
	120	342
	121	342
	122	342
	123	342
	124	342
	126	342
	128	342
	129	342
	131	341
	132	341
	134	341
	136	341
	138	341
	139	341
	141	341
	143	341
	144	340
	146	340
	147	340
.PEN_UP
.PEN_DOWN
	149	341
	150	340
	150	339
	150	338
	150	337
	150	335
	150	334
	150	332
	150	331
	150	330
	150	328
	151	327
	151	325
	151	324
	151	323
	151	322
	151	321
	152	319
	152	318
.PEN_UP
.PEN_DOWN
	158	344
	158	343
	158	342
	158	341
	158	340
	158	339
	158	336
	158	335
	158	333
	159	332
	159	331
	160	329
	160	328
	160	327
	161	326
	161	325
	161	324
.PEN_UP
.PEN_DOWN
	149	329
	150	329
	151	329
	153	330
	154	330
	156	330
	157	330
	158	330
	160	330
	161	330
	162	329
	163	329
	164	329
.PEN_UP
.PEN_DOWN
	173	341
	173	340
	173	339
	173	337
	173	336
	173	335
	173	334
	173	333
	173	332
	173	331
	173	330
	173	329
	173	328
	173	326
	173	324
	174	324
	174	323
	175	322
	176	321
	177	321
	178	321
	180	321
	181	321
	182	321
	183	322
	184	322
	185	322
	186	322
	187	322
	188	321
	189	321
	190	321
	191	321
	192	321
	192	320
.PEN_UP
.PEN_DOWN
	180	335
	181	335
	183	335
	184	334
	185	334
	186	333
	187	333
	188	332
	189	332
.PEN_UP
.PEN_DOWN
	172	342
	173	342
	174	342
	175	342
	176	342
	178	342
	179	342
	180	342
	182	342
	183	342
	184	342
	186	342
	188	342
	189	342
	192	342
.PEN_UP
.PEN_DOWN
	221	339
	222	339
	222	338
	222	337
	222	335
	222	334
	223	332
	223	331
	223	329
	223	328
	223	326
	223	325
	223	323
	223	321
	223	319
	223	318
	223	317
.PEN_UP
.PEN_DOWN
	216	336
	217	337
	218	337
	219	337
	220	337
	221	338
	222	338
	224	338
	226	339
	228	339
	230	340
	234	340
	236	341
	237	341
	239	341
	240	341
	241	341
	242	341
.PEN_UP
.PEN_DOWN
	220	329
	221	329
	222	329
	223	329
	224	329
	226	330
	227	330
	229	330
	230	330
	231	330
	233	330
	234	330
	235	330
	237	330
	239	330
.PEN_UP
.PEN_DOWN
	247	339
	247	338
	248	338
	248	336
	249	335
	249	334
	249	333
	249	332
	249	330
	248	329
	248	328
	248	326
	248	325
	247	323
	247	321
	246	320
	246	319
	246	318
	246	317
	246	316
	246	315
	247	315
	248	315
	248	316
	249	316
	250	316
	250	317
	251	317
	252	317
	253	317
	253	318
	255	318
	256	318
	257	318
	258	318
	259	317
	260	317
	261	317
	262	316
	263	316
	263	315
.PEN_UP
.PEN_DOWN
	274	338
	274	337
	274	336
	274	335
	273	334
	273	333
	272	331
	272	330
	271	328
	270	326
	269	323
	268	321
	267	319
	266	315
	265	314
	265	312
	265	311
	265	310
.PEN_UP
.PEN_DOWN
	273	341
	273	340
	273	339
	273	338
	274	337
	275	336
	275	335
	276	333
	276	331
	278	328
	279	326
	279	324
	280	323
	281	322
	282	320
	283	319
	284	318
	285	317
	285	316
	286	316
.PEN_UP
.PEN_DOWN
	270	326
	272	326
	273	325
	274	325
	274	324
	276	324
	277	323
	278	323
	279	322
	280	322
.PEN_UP
.PEN_DOWN
	292	335
	293	335
	293	334
	294	333
	295	332
	296	330
	296	328
	297	327
	298	325
	298	324
	299	323
	300	320
	300	319
	301	319
	301	318
	302	317
	303	316
	303	315
.PEN_UP
.PEN_DOWN
	313	336
	313	335
	313	334
	312	333
	312	332
	311	331
	310	330
	310	328
	308	327
	308	325
	306	324
	306	322
	304	321
	304	319
	303	317
	302	317
	302	316
.PEN_UP
.PEN_DOWN
	322	332
	321	332
	320	331
	320	330
	319	329
	319	328
	318	327
	318	326
	317	325
	316	323
	316	322
	316	320
	316	317
	316	315
	316	314
	317	313
	318	312
	319	312
	320	311
	321	311
	322	311
	323	311
	324	311
	326	312
	329	314
	330	315
	331	316
	332	317
	333	319
	333	320
	333	321
	333	323
	333	324
	333	326
	333	328
	332	329
	331	331
	330	332
	329	333
	328	333
	327	334
.PEN_UP
.PEN_DOWN
	339	331
	339	329
	339	328
	340	326
	340	324
	340	323
	340	321
	340	319
	340	318
	340	317
	340	316
	341	315
	341	314
	342	313
.PEN_UP
.PEN_DOWN
	334	337
	335	337
	336	337
	337	338
	338	338
	340	339
	341	339
	343	339
	344	339
	346	339
	349	338
	351	337
	352	336
	353	335
	354	334
	354	333
	354	331
	354	330
	354	328
	354	327
	353	326
	353	325
	351	323
	351	322
	350	322
	349	321
	348	321
	347	321
	346	321
	345	322
	344	322
	343	323
	342	323
	340	325
	339	326
	338	327
	337	328
	337	329
	336	329
	336	328
	336	327
.PEN_UP
.PEN_DOWN
	338	324
	339	325
	340	325
	341	325
	342	324
	343	324
	343	323
	344	322
	345	321
	346	320
	346	319
	347	318
	348	316
	350	314
	351	313
	352	311
	353	310
	354	310
	355	309
	356	309
	357	308
.PEN_UP
.PEN_DOWN
	368	337
	367	336
	366	336
	365	335
	364	334
	364	333
	363	332
	362	330
	361	327
	361	326
	361	324
	361	323
	361	321
	361	319
	362	319
	363	317
	364	316
	365	315
	366	315
	368	315
	371	315
	373	315
	375	315
	377	316
	378	317
	380	318
	381	319
	382	321
	383	322
	384	324
	384	325
	384	326
	384	329
	383	330
	382	331
	381	332
	380	334
	379	335
	377	337
	376	337
	374	339
	372	339
	371	340
.PEN_UP
.PEN_DOWN
	388	333
	388	334
	388	333
	387	332
	387	331
	387	330
	386	328
	386	324
	386	323
	386	321
	387	319
	387	318
	388	317
	388	316
	389	315
	391	315
	392	315
	393	315
	394	315
	397	316
	398	317
	399	318
	400	319
	402	320
	402	322
	403	323
	403	324
	403	325
	403	326
	403	327
	403	328
	402	330
	401	331
	400	331
	400	330
	399	329
	399	328
	399	326
	398	324
	398	322
	398	319
	399	316
	399	314
	400	313
	400	312
	402	312
.PEN_UP
.PEN_DOWN
	423	332
	422	332
	420	332
	417	331
	416	331
	415	330
	414	330
	412	330
	411	329
	410	329
	409	328
	410	328
	410	327
	411	327
	413	327
	414	326
	415	326
	416	325
	418	324
	419	324
	421	323
	422	322
	424	320
	425	319
	425	318
	426	317
	426	316
	427	316
	427	315
	427	314
	427	313
	426	313
	425	313
	424	313
	423	313
	421	313
	420	313
	418	313
	416	313
	414	313
	412	313
	411	313
	409	313
	408	314
.PEN_UP
.PEN_DOWN
	461	334
	459	334
	458	334
	456	334
	456	333
	454	333
	453	332
	452	332
	451	331
	450	331
	449	330
	449	329
	449	328
	450	328
	451	328
	453	328
	454	328
	457	328
	458	328
	460	327
	461	327
	462	326
	463	325
	464	324
	465	323
	465	322
	465	321
	465	320
	465	318
	464	317
	463	316
	462	316
	461	315
	460	315
	459	315
	457	315
	456	315
	455	315
	452	315
	451	315
	450	316
	449	316
.PEN_UP
.PEN_DOWN
	481	334
	481	335
	481	334
	481	333
	481	332
	480	332
	480	330
	480	329
	479	328
	479	326
	479	324
	479	323
	478	322
	478	320
	478	318
	478	317
	479	316
	479	315
	479	314
	480	314
.PEN_UP
.PEN_DOWN
	465	335
	466	335
	468	335
	469	335
	470	335
	472	335
	473	335
	475	335
	477	335
	479	335
	481	335
	483	335
	485	335
	487	335
	490	335
	492	335
	493	335
	495	335
	496	335
	497	334
	498	334
.PEN_UP
.PEN_DOWN
	506	333
	506	332
	506	331
	505	329
	505	328
	505	326
	505	325
	505	324
	505	322
	505	321
	505	319
	505	318
	505	316
	505	315
	505	314
	506	313
.PEN_UP
.PEN_DOWN
	490	315
	491	315
	492	315
	492	316
	493	316
	496	317
	497	318
	499	318
	501	319
	502	319
	504	319
	506	319
	508	319
	510	319
	511	319
	513	319
	515	319
	516	318
	517	318
	518	317
.PEN_UP
.PEN_DOWN
	492	335
	493	335
	494	335
	495	335
	497	335
	499	335
	503	336
	506	336
	508	336
	511	336
	513	336
	515	336
	517	336
	519	336
.PEN_UP
.PEN_DOWN
	537	335
	536	334
	536	333
	536	332
	536	331
	536	330
	536	329
	536	328
	536	327
	536	326
	536	325
	536	324
	537	324
	537	325
	538	325
	538	326
	538	327
	538	328
	538	330
	538	331
	537	332
	535	333
	535	334
	533	335
	532	336
	531	336
	529	336
	528	336
	527	336
	524	334
	522	333
	521	331
	520	329
	519	328
	518	326
	518	324
	518	322
	518	321
	518	319
	519	318
	520	317
	523	315
	524	315
	527	314
	529	314
	532	314
	534	313
	537	313
	539	313
	541	313
.PEN_UP
.PEN_DOWN
	546	332
	546	330
	547	329
	547	328
	547	327
	548	325
	549	324
	549	321
	550	319
	550	318
	550	317
	550	315
	551	314
	551	313
	551	312
.PEN_UP
.PEN_DOWN
	554	331
	552	330
	551	330
	550	329
	549	329
	547	328
	546	327
	545	327
	544	326
	543	325
	543	324
	543	323
	543	322
	543	321
	544	320
	545	319
	546	319
	547	318
	549	317
	551	317
	553	316
	555	316
	557	315
	561	315
	563	314
	564	314
	566	314
	567	313
.PEN_UP
.PEN_DOWN
	581	325
	579	323
	578	322
	577	320
	575	319
	574	317
	572	315
	570	312
	569	311
	568	310
	568	309
	567	309
	567	308
.PEN_UP
.PEN_DOWN
	569	332
	570	332
	571	332
	572	332
	574	331
	574	330
	575	329
	576	329
	577	328
	578	327
	578	326
	579	325
	580	324
	580	323
	581	322
	582	321
	583	320
	583	319
.PEN_UP
.PEN_DOWN
	619	330
	620	330
	620	331
	621	331
	621	330
	622	329
	622	328
	622	326
	622	325
	622	324
	622	323
	622	320
	622	319
	622	317
	622	316
	621	315
	621	314
	620	313
	619	312
	619	311
	618	311
	617	310
	616	310
	614	310
	613	310
	612	310
	611	311
	610	312
	609	312
	608	313
	607	314
	607	315
	606	316
.PEN_UP
.PEN_DOWN
	616	337
	617	337
	618	337
	620	337
	622	337
	623	337
	625	337
	626	337
	628	337
	629	337
	631	336
	633	336
	634	335
.PEN_UP
.PEN_DOWN
	632	330
	633	328
	633	327
	633	326
	633	325
	633	323
	633	320
	634	319
	635	317
	636	316
	637	315
	638	314
	639	314
	640	314
	641	314
	643	314
	645	314
	647	315
	649	315
	650	316
	651	317
	653	318
	654	319
	655	321
	656	322
	656	323
	656	324
	656	326
	656	327
	656	328
	655	329
	652	328
	652	326
	652	325
	651	324
	651	322
	651	319
	652	318
	652	317
	653	316
	654	315
	655	314
	656	313
	657	313
	658	312
	660	312
.PEN_UP
.PEN_DOWN
	680	331
	680	330
	679	329
	679	328
	679	326
	679	325
	679	323
	679	320
	679	319
	679	318
	680	317
	680	315
	680	314
	681	313
	681	312
.PEN_UP
.PEN_DOWN
	662	314
	663	313
	664	313
	665	313
	667	313
	670	313
	671	313
	674	313
	676	313
	678	313
	680	313
	682	313
	684	313
	685	313
	687	313
	688	313
	690	313
.PEN_UP
.PEN_DOWN
	667	331
	668	331
	669	331
	670	331
	671	331
	673	331
	675	331
	678	330
	682	330
	685	330
	687	330
	690	330
	693	330
	695	330
	697	330
	699	330
.PEN_UP
.PEN_DOWN
	709	332
	710	331
	710	330
	710	329
	710	328
	710	326
	710	325
	710	324
	710	323
	711	323
	712	323
	712	324
	712	325
	712	326
	712	327
	712	328
	711	329
	710	330
	709	330
	707	330
	705	330
	704	330
	702	329
	700	328
	698	326
	697	325
	696	323
	695	322
	694	320
	694	319
	694	317
	695	314
	695	313
	697	312
	698	311
	700	310
	702	310
	704	309
	706	309
	709	309
	711	309
	714	309
	716	309
.PEN_UP
.PEN_DOWN
	731	330
	731	329
	732	329
	732	328
	732	327
	732	326
	732	325
	732	324
	731	323
	731	321
	731	319
	731	318
	731	317
	731	316
	731	315
	731	314
	732	313
	733	312
	734	312
	735	311
	737	311
	738	311
	739	311
	741	311
	742	311
	744	311
	745	311
	747	311
	748	311
	749	311
	750	311
	752	310
	753	310
	754	310
	754	309
.PEN_UP
.PEN_DOWN
	736	327
	738	326
	739	325
	741	325
	742	325
	743	325
	744	325
	746	324
	747	324
	748	324
	749	324
	750	324
	752	324
	754	323
	755	323
.PEN_UP
.PEN_DOWN
	733	332
	735	332
	736	332
	738	333
	739	333
	741	333
	744	333
	746	333
	748	333
	751	333
	753	333
	756	333
.PEN_UP
