
.WRITER_ID IanFelix
.STYLE PRINTED
.PEN_DOWN
	84	346
	84	345
	84	344
	84	343
	84	342
	84	341
	84	340
	84	338
	84	337
	83	336
	83	334
	82	332
	82	330
	81	328
	79	324
	79	322
	78	321
	78	319
	78	318
	77	317
.PEN_UP
.PEN_DOWN
	84	354
	84	353
	84	352
	85	351
	85	349
	85	348
	86	346
	86	344
	88	341
	89	339
	90	337
	91	336
	92	334
	93	332
	94	331
	94	330
	95	328
	95	327
.PEN_UP
.PEN_DOWN
	79	328
	80	328
	81	327
	83	327
	85	327
	86	327
	88	327
	90	327
	91	328
	93	328
	95	328
.PEN_UP
.PEN_DOWN
	110	332
	111	331
	111	330
	111	328
	112	327
	112	326
.PEN_UP
.PEN_DOWN
	105	348
	106	348
	107	348
	108	348
	109	348
	110	348
	111	347
	112	347
	113	346
	116	345
	118	345
	119	344
	120	343
	121	343
	122	342
	123	341
	123	340
	123	339
	123	338
	122	337
	121	336
	120	336
	118	336
	117	335
	116	335
	115	335
	113	335
	112	335
	110	336
	111	336
	113	336
	114	336
	116	336
	117	336
	119	336
	120	336
	124	335
	125	335
	126	334
	128	334
	128	333
	129	332
	130	331
	130	330
	130	329
	130	328
	130	327
	130	326
	128	324
	127	323
	126	322
	125	322
	123	321
	122	321
	120	320
	119	320
	117	320
	115	320
	114	320
	113	321
	110	322
	109	322
	109	323
.PEN_UP
.PEN_DOWN
	146	340
	146	339
	146	338
	146	337
	146	336
	146	335
	146	334
	147	334
	147	335
	147	336
	147	337
	146	338
	146	339
	146	340
	145	341
	144	342
	144	343
	143	343
	142	344
	141	344
	140	344
	139	343
	137	340
	136	339
	135	337
	134	335
	134	333
	134	331
	134	329
	134	327
	134	326
	134	324
	136	323
	138	322
	140	322
	141	322
	143	322
	146	322
	147	322
	149	322
	151	322
	153	322
.PEN_UP
.PEN_DOWN
	160	341
	161	341
	161	340
	162	340
	162	339
	163	338
	163	336
	163	335
	163	334
	163	333
	163	331
	163	330
	163	329
	163	327
	163	326
	163	325
	164	324
	164	323
	164	322
.PEN_UP
.PEN_DOWN
	160	346
	161	346
	162	345
	163	345
	164	345
	166	345
	168	345
	170	344
	172	344
	174	343
	175	342
	177	342
	178	340
	179	339
	180	338
	182	336
	182	335
	183	334
	183	332
	183	331
	183	330
	182	329
	182	328
	181	327
	180	325
	179	324
	179	323
	176	321
	174	321
	173	320
	171	320
	170	320
	169	320
	167	320
	166	320
	165	320
	164	320
	163	321
	163	322
.PEN_UP
.PEN_DOWN
	188	337
	188	336
	188	335
	188	334
	188	332
	188	331
	188	330
	188	328
	188	327
	189	325
	189	324
	189	323
	190	322
	191	322
	192	322
	193	322
	195	323
	196	323
	197	323
	199	323
	200	323
	201	323
	202	322
	203	322
	204	321
	205	321
	206	320
	207	319
	208	318
.PEN_UP
.PEN_DOWN
	192	335
	193	335
	194	335
	195	335
	196	335
	197	335
	199	335
	200	335
	201	335
	202	335
	204	334
.PEN_UP
.PEN_DOWN
	188	339
	188	338
	189	338
	190	338
	191	338
	192	338
	193	338
	194	338
	196	338
	199	338
	201	338
.PEN_UP
.PEN_DOWN
	220	338
	221	338
	221	337
	222	336
	222	335
	223	333
	223	332
	224	331
	224	330
	225	329
	225	328
	225	327
	225	326
	225	325
	225	324
	225	323
	225	322
	225	321
.PEN_UP
.PEN_DOWN
	220	340
	221	340
	221	341
	222	341
	224	342
	225	342
	226	343
	228	343
	229	343
	231	344
	234	344
	236	344
	237	344
	238	344
	239	344
	240	344
	241	344
.PEN_UP
.PEN_DOWN
	221	332
	222	332
	223	332
	224	332
	225	332
	226	332
	228	333
	229	333
	230	333
	232	333
	233	333
	234	333
	235	333
	237	333
.PEN_UP
.PEN_DOWN
	258	343
	259	343
	260	343
	261	343
	261	342
	261	341
	261	340
	261	339
	261	338
	261	337
	261	336
	261	335
	261	334
	261	335
	260	335
	260	336
	260	337
	260	338
	260	339
	259	340
	259	341
	258	342
	257	342
	256	342
	255	341
	254	341
	253	340
	252	338
	251	336
	250	335
	249	333
	249	332
	249	330
	249	329
	249	328
	249	327
	249	326
	250	325
	250	324
	251	323
	253	322
	255	322
	256	322
	258	322
	259	322
	260	322
	261	322
	263	322
	264	322
	265	322
	266	322
	267	323
	269	324
	269	325
	269	326
	268	327
	267	327
	266	327
	265	327
	262	328
	260	328
	259	328
	258	328
	256	328
	255	328
	254	329
	253	329
.PEN_UP
.PEN_DOWN
	280	344
	280	343
	280	342
	280	341
	280	340
	280	339
	280	337
	281	336
	281	334
	281	333
	281	331
	281	330
	282	329
	282	328
	282	327
	282	326
	282	325
	282	324
	282	323
.PEN_UP
.PEN_DOWN
	288	345
	288	344
	288	343
	288	342
	288	340
	288	339
	288	338
	289	337
	289	334
	289	333
	290	332
	290	330
	290	329
	291	328
	291	327
	291	326
	291	325
	291	324
.PEN_UP
.PEN_DOWN
	281	336
	282	336
	283	336
	284	336
	285	336
	286	336
	287	336
	288	335
	290	334
	292	334
	293	334
.PEN_UP
.PEN_DOWN
	313	343
	313	344
	313	343
	313	341
	313	340
	313	339
	313	338
	313	336
	313	335
	313	333
	313	332
	313	331
	313	330
	313	329
	313	327
	313	326
	314	326
.PEN_UP
.PEN_DOWN
	300	326
	301	326
	302	326
	302	325
	304	324
	305	324
	306	323
	307	323
	308	323
	310	322
	311	322
	312	322
	314	322
	316	322
	317	322
.PEN_UP
.PEN_DOWN
	295	344
	296	344
	297	344
	298	344
	300	344
	302	344
	304	344
	306	344
	308	344
	310	344
	312	344
	313	343
	315	343
	317	342
	318	342
.PEN_UP
.PEN_DOWN
	339	340
	340	339
	340	338
	340	336
	341	336
	342	334
	342	333
	343	332
	343	331
	344	331
	344	330
	345	329
	345	328
	345	327
	345	326
	344	326
	344	325
	343	325
	342	325
	341	325
	340	325
	339	325
	337	325
	336	325
	335	325
	334	326
	333	327
	332	327
	331	328
.PEN_UP
.PEN_DOWN
	327	345
	328	344
	329	343
	330	343
	331	343
	333	343
	334	343
	336	343
	339	343
	341	343
	343	344
	346	344
	350	345
	351	345
	353	345
	354	345
	355	345
	356	345
.PEN_UP
.PEN_DOWN
	367	344
	367	343
	367	342
	367	341
	367	340
	368	339
	368	337
	368	336
	368	335
	369	333
	369	331
	370	330
	370	329
	371	328
	371	327
	371	326
	371	325
	372	325
.PEN_UP
.PEN_DOWN
	372	339
	371	339
	370	338
	369	338
	368	337
	367	337
	366	336
	366	335
	365	335
	365	334
	365	333
	366	333
	366	332
	367	332
	368	331
	371	331
	372	331
	374	331
	375	331
	377	331
	379	331
	380	330
	382	330
	383	330
	384	330
	385	329
	386	328
.PEN_UP
.PEN_DOWN
	393	345
	394	344
	394	343
	394	342
	394	341
	395	340
	395	339
	396	338
	396	337
	396	336
	397	334
	397	333
	397	332
	397	331
	397	330
	397	329
	397	328
	397	327
	397	326
	397	325
	398	325
	398	326
	399	327
	400	328
	401	328
	402	328
	403	328
	404	328
	405	327
	406	327
	407	327
	408	326
	409	326
	411	325
	413	325
	414	325
	415	325
	416	324
	417	324
	418	324
	419	324
.PEN_UP
.PEN_DOWN
	423	347
	423	348
	423	347
	424	347
	424	346
	424	345
	424	344
	424	343
	424	342
	424	340
	424	339
	424	337
	424	335
	424	333
	424	331
	424	330
	424	328
	424	327
	424	325
	424	323
	424	322
	424	320
.PEN_UP
.PEN_DOWN
	424	346
	425	345
	425	344
	425	343
	426	342
	427	341
	427	340
	428	340
	429	339
	429	338
	430	338
	431	337
	431	336
	432	336
	433	336
	433	335
	434	335
.PEN_UP
.PEN_DOWN
	439	339
	438	338
	437	337
	436	336
	435	336
	434	335
	434	334
	433	333
.PEN_UP
.PEN_DOWN
	444	345
	445	344
	445	343
	445	342
	445	341
	445	340
	445	339
	445	338
	445	336
	445	335
	445	334
	445	332
	445	330
	446	328
	446	327
	447	326
	447	325
	448	324
	448	322
.PEN_UP
.PEN_DOWN
	469	342
	469	341
	469	340
	469	339
	469	338
	469	337
	469	336
	468	334
	468	333
	468	331
	468	329
	468	328
	468	327
	469	326
	469	325
.PEN_UP
.PEN_DOWN
	471	344
	471	343
	472	343
	472	342
	473	341
	473	340
	474	339
	474	338
	474	337
	475	335
	476	334
	476	333
	476	332
	477	331
	478	330
	479	329
	480	328
	481	327
.PEN_UP
.PEN_DOWN
	487	340
	486	339
	486	338
	485	337
	485	336
	485	335
	485	333
	484	331
	484	330
	484	328
	484	327
	484	326
	484	325
	484	323
	484	322
	484	321
	485	320
.PEN_UP
.PEN_DOWN
	512	339
	512	340
	511	340
	510	340
	509	340
	508	340
	507	339
	506	339
	506	338
	505	337
	504	336
	503	336
	503	335
	502	333
	502	332
	502	331
	502	330
	502	329
	502	328
	502	327
	503	326
	503	325
	504	324
	505	323
	507	323
	510	323
	512	323
	513	324
	515	324
	516	325
	518	326
	519	327
	520	328
	521	329
	521	330
	522	331
	522	333
	522	335
	521	336
	520	337
	519	338
	518	339
	516	340
	514	341
	512	343
	510	344
	508	345
	506	345
	503	345
.PEN_UP
.PEN_DOWN
	532	335
	532	334
	533	333
	533	332
	533	331
	533	330
	533	329
	533	328
	533	326
	533	325
	533	323
	533	322
.PEN_UP
.PEN_DOWN
	528	344
	529	344
	530	344
	531	344
	533	344
	535	343
	536	343
	538	342
	540	342
	542	341
	543	340
	544	340
	545	339
	546	338
	546	337
	546	336
	545	334
	545	333
	544	333
	543	332
	542	332
	540	331
	539	331
	537	331
	536	331
	534	331
	533	331
.PEN_UP
.PEN_DOWN
	559	341
	559	340
	558	338
	557	337
	556	337
	556	336
	555	335
	555	334
	555	333
	555	332
	555	331
	555	330
	555	329
	555	328
	557	325
	558	324
	559	324
	560	323
	562	323
	564	323
	565	323
	568	323
	569	323
	571	324
	573	324
	575	326
	577	327
	578	328
	578	329
	578	330
	577	331
	577	332
	576	333
	575	334
	573	335
	570	337
	568	338
	566	339
	564	340
	563	341
	561	342
	560	342
.PEN_UP
.PEN_DOWN
	565	331
	566	331
	566	330
	566	329
	566	328
	566	327
	566	326
	566	325
	567	324
	567	323
	568	322
	569	322
	570	321
	571	320
.PEN_UP
.PEN_DOWN
	586	346
	586	347
	587	348
	588	348
	588	347
	588	346
	589	345
	589	343
	589	342
	589	341
	588	340
	588	338
	588	337
	588	336
	588	334
	588	332
	588	331
	588	330
	588	329
	588	328
	588	327
.PEN_UP
.PEN_DOWN
	591	350
	592	350
	593	350
	594	350
	595	350
	596	349
	597	349
	598	349
	598	348
	598	347
	599	345
	599	344
	599	343
	598	342
	598	341
	598	340
	597	340
	597	339
	596	339
	594	338
	593	338
	592	338
	591	338
	589	338
	589	339
	588	339
	587	339
	587	340
	586	340
	585	340
.PEN_UP
.PEN_DOWN
	589	339
	590	339
	590	338
	591	337
	591	336
	592	336
	592	335
	593	335
	594	334
	595	333
	595	332
	596	331
	597	331
	597	330
	597	329
	598	329
	598	328
	599	328
	599	327
	600	327
	601	327
	601	326
.PEN_UP
.PEN_DOWN
	623	345
	623	346
	623	347
	622	347
	621	347
	620	347
	619	347
	617	346
	616	346
	616	345
	615	345
	614	345
	613	344
	611	343
	611	342
	610	342
	610	341
	610	340
	611	340
	612	340
	615	340
	616	339
	618	339
	619	339
	621	338
	622	337
	623	337
	624	336
	624	335
	625	334
	626	333
	626	332
	627	331
	627	330
	627	329
	627	328
	626	328
	626	327
	625	326
	624	326
	623	326
	622	325
	619	325
	617	325
	616	325
	614	326
	613	326
	612	326
	611	327
	610	327
.PEN_UP
.PEN_DOWN
	649	347
	649	346
	649	345
	649	344
	649	343
	649	342
	649	341
	649	339
	649	338
	649	337
	649	336
	649	335
	649	333
	649	332
	650	331
	650	330
	650	329
.PEN_UP
.PEN_DOWN
	633	352
	634	351
	635	351
	636	351
	637	350
	638	350
	640	350
	642	350
	644	350
	646	350
	648	350
	650	350
	655	350
	656	350
	658	350
	660	350
	661	350
	662	350
	663	350
	664	350
	665	349
	666	349
.PEN_UP
.PEN_DOWN
	666	342
	666	341
	666	340
	666	339
	666	338
	666	337
	666	336
	666	335
	666	334
	667	332
	668	331
	669	330
	670	329
	671	328
	672	328
	673	328
	674	328
	675	328
	677	328
	678	329
	679	330
	680	331
	681	331
	681	332
	681	333
	682	334
	682	335
	682	336
	683	338
	683	339
	683	340
	683	341
	684	342
	684	343
	684	344
	684	345
	684	346
	684	347
	683	348
	683	349
	682	349
	681	348
	681	346
	680	345
	680	344
	680	343
	680	342
	680	341
	680	340
	681	339
	681	338
	681	337
	682	335
	682	334
	682	333
	683	332
	683	331
	684	330
	684	329
	685	328
	686	327
	687	327
	687	326
	688	326
.PEN_UP
.PEN_DOWN
	692	353
	692	352
	693	352
	693	351
	693	350
	693	349
	693	348
	693	347
	694	347
	694	346
	694	345
	694	344
	695	343
	695	342
	696	341
	696	340
	696	339
	696	337
	697	336
	697	335
	697	334
	698	333
	698	331
	699	330
	699	329
	699	328
	700	327
.PEN_UP
.PEN_DOWN
	707	347
	707	346
	706	345
	706	344
	705	343
	705	341
	704	340
	702	337
	701	336
	701	335
	700	334
	699	332
	698	331
	698	330
	697	329
	696	328
	696	327
.PEN_UP
.PEN_DOWN
	716	346
	716	345
	717	344
	717	343
	718	342
	718	341
	718	340
	719	339
	719	338
	720	337
	720	336
	721	334
	721	333
	721	332
	722	331
	722	330
	722	329
	723	328
	723	327
.PEN_UP
.PEN_DOWN
	732	337
	731	336
	730	336
	729	335
	729	334
	728	333
	727	332
	726	331
	725	330
	724	329
	724	328
	723	328
	723	327
	722	327
.PEN_UP
.PEN_DOWN
	730	336
	730	335
	731	334
	731	333
	731	332
	732	332
	732	331
	732	330
	733	329
	733	328
	734	327
	735	326
	736	326
	736	325
	737	325
.PEN_UP
.PEN_DOWN
	744	345
	743	345
	743	344
	743	343
	742	342
	742	341
	740	340
	740	339
	739	338
	739	336
	737	335
	736	333
	735	331
	734	330
	733	329
	733	328
.PEN_UP
.PEN_DOWN
	774	348
	774	347
	773	347
	773	346
	772	346
	772	345
	771	344
	770	343
	768	341
	767	340
	767	339
	766	338
	765	337
	764	336
	763	335
	763	334
	762	332
	762	331
	761	331
.PEN_UP
.PEN_DOWN
	757	351
	757	350
	758	349
	758	348
	758	347
	759	346
	759	345
	760	343
	761	341
	762	340
	762	339
	763	338
	763	337
	764	336
	765	335
	766	334
	766	333
	767	333
	768	332
	769	331
	769	330
	770	330
.PEN_UP
.PEN_DOWN
	793	345
	792	343
	791	342
	790	340
	789	339
	788	338
	787	336
	786	335
	785	334
	784	333
	783	331
	783	330
	782	330
	782	329
.PEN_UP
.PEN_DOWN
	784	353
	784	352
	784	351
	785	350
	785	349
	785	348
	785	347
	785	346
	785	345
	785	344
	786	343
	786	342
	786	341
	786	340
	787	339
	788	338
	788	337
.PEN_UP
.PEN_DOWN
	805	349
	806	349
	807	349
	808	349
	809	349
	810	349
	811	349
	814	349
	815	349
	816	349
	817	349
	818	348
	819	347
	819	346
	820	345
	820	344
	820	343
	819	343
	818	341
	818	340
	817	340
	816	339
	815	339
	814	338
	813	337
	812	336
	811	335
	810	334
	809	333
	807	331
	806	330
	805	329
	805	328
	804	327
	803	327
	803	326
	803	325
	803	324
	804	324
	805	324
	806	324
	807	324
	808	325
	809	325
	810	325
	811	326
	813	326
	814	326
	815	326
	816	326
	817	326
	818	326
	819	326
	820	326
	821	326
	822	325
	823	325
.PEN_UP
