
.WRITER_ID IanFelix
.STYLE PRINTED
.PEN_DOWN
	67	309
	66	309
	66	308
	65	308
	64	307
	63	306
	63	305
	62	303
	62	302
	62	301
	62	300
	62	299
	62	297
	62	296
	62	295
	63	294
	64	293
	67	293
	68	293
	70	293
	72	294
	74	294
	75	295
	77	296
	78	297
	79	298
	80	299
	81	301
	81	302
	81	303
	81	304
	81	305
	80	306
	79	306
	77	306
	76	307
	73	307
	71	307
	70	307
	68	307
	66	307
.PEN_UP
.PEN_DOWN
	85	305
	86	304
	86	303
	86	302
	86	301
	87	299
	88	298
	88	297
	90	297
	90	296
	91	295
	92	294
	93	294
	93	295
	92	296
	91	296
	91	297
	90	297
	89	298
	88	299
	87	300
	86	302
	85	302
	85	303
	85	304
	85	305
	86	305
	87	306
	88	307
	89	307
	90	308
	92	308
	96	310
	97	310
.PEN_UP
.PEN_DOWN
	126	318
	126	319
	126	318
	127	317
	127	316
	127	313
	128	311
	128	310
	129	308
	129	306
	129	305
	129	303
	129	301
	130	300
	130	298
	130	297
	130	296
	130	293
	131	293
	131	292
	131	291
.PEN_UP
.PEN_DOWN
	108	302
	109	302
	110	302
	112	302
	114	303
	116	304
	119	305
	121	306
	127	307
	130	307
	132	308
	135	308
	137	308
	139	308
	140	307
	142	307
.PEN_UP
.PEN_DOWN
	144	319
	144	318
	144	317
	142	316
	141	315
	138	314
	137	312
	134	310
	132	308
	127	304
	125	302
	122	300
	120	298
	119	297
	118	296
	117	295
.PEN_UP
.PEN_DOWN
	163	324
	164	324
	165	324
	166	324
	167	325
	169	325
	170	326
	173	326
	175	327
	177	327
	178	327
	180	327
	182	327
	183	326
	184	325
	185	324
	185	323
	185	322
	185	321
	185	320
	184	319
	183	317
	182	316
	181	314
	179	313
	176	310
	174	309
	172	307
	170	306
	169	305
	167	303
	166	302
	164	301
	163	300
	163	299
	162	298
	162	297
	162	296
	163	295
	164	295
	165	295
	167	295
	169	296
	171	296
	173	297
	176	297
	181	299
	182	299
	184	300
	186	300
	187	300
	188	300
	189	300
	190	300
	191	299
	191	298
	191	297
.PEN_UP
.PEN_DOWN
	206	327
	207	327
	206	327
	206	325
	205	324
	205	323
	204	321
	204	320
	203	317
	201	313
	200	311
	200	309
	199	308
	198	306
	198	305
	197	304
	197	303
	197	302
	197	301
.PEN_UP
.PEN_DOWN
	206	331
	207	331
	207	330
	208	330
	208	329
	208	328
	208	325
	208	323
	208	322
	208	320
	208	318
	208	316
	209	314
	209	312
	209	310
	210	308
	210	306
	211	305
	212	302
	213	301
	213	300
	214	299
	214	298
.PEN_UP
.PEN_DOWN
	196	310
	197	310
	198	310
	199	310
	200	310
	201	310
	204	311
	207	311
	209	311
	211	311
	213	311
	214	311
	216	311
.PEN_UP
.PEN_DOWN
	230	322
	230	321
	231	317
	231	316
	231	314
	231	312
	231	310
	231	308
	231	307
	231	306
	231	305
	231	303
.PEN_UP
.PEN_DOWN
	220	327
	221	327
	221	328
	222	328
	223	329
	225	329
	226	329
	228	330
	229	330
	232	331
	234	331
	236	331
	241	331
	243	331
	244	330
	245	330
	247	329
	247	327
	247	326
	247	325
	247	323
	247	322
	246	320
	245	319
	242	316
	240	315
	239	314
	237	314
	235	313
	233	313
	232	313
	229	313
	228	313
	227	314
	226	314
	225	314
.PEN_UP
.PEN_DOWN
	271	324
	271	323
	272	323
	272	322
	272	321
	272	318
	272	316
	272	315
	272	313
	272	311
	272	309
	272	307
	272	306
	272	305
	272	303
	272	302
	273	301
	273	300
	273	299
.PEN_UP
.PEN_DOWN
	253	313
	252	312
	253	312
	254	312
	255	312
	257	312
	259	312
	261	313
	264	313
	267	314
	270	314
	273	314
	276	315
	281	315
	283	315
.PEN_UP
.PEN_DOWN
	288	327
	288	326
	287	325
	286	324
	283	323
	281	321
	279	320
	277	318
	274	316
	271	315
	269	313
	266	311
	264	309
	262	307
	260	305
	259	303
.PEN_UP
.PEN_DOWN
	295	301
	295	300
	296	299
	296	298
	296	297
	297	296
	297	295
	297	294
	298	293
	298	292
	298	291
	299	291
	299	290
	299	288
	299	287
	299	286
	298	285
	297	284
	296	284
	295	283
	294	282
.PEN_UP
.PEN_DOWN
	323	325
	323	324
	323	321
	323	320
	324	317
	324	315
	324	313
	324	311
	324	308
	324	306
	324	305
	324	304
	324	302
	325	300
	325	299
.PEN_UP
.PEN_DOWN
	302	310
	303	310
	304	310
	305	310
	307	310
	311	310
	314	310
	317	311
	320	311
	323	311
	326	311
	330	312
	332	312
	335	312
	338	312
	339	312
	340	312
.PEN_UP
.PEN_DOWN
	306	329
	307	329
	308	328
	308	327
	310	324
	312	322
	313	320
	314	318
	315	316
	317	314
	319	313
	321	311
	322	310
	325	309
	327	307
	329	306
	334	305
	335	304
	337	303
	339	302
.PEN_UP
.PEN_DOWN
	351	326
	351	325
	352	325
	352	324
	352	322
	353	321
	353	320
	354	318
	354	316
	355	313
	355	311
	355	310
	355	308
	355	307
	355	306
	356	304
	356	303
	356	302
	357	301
	358	300
.PEN_UP
.PEN_DOWN
	373	324
	373	323
	372	322
	370	321
	369	321
	368	320
	366	319
	364	318
	363	318
	361	317
	359	316
	358	315
	357	315
	356	314
	354	313
	354	312
	353	312
	353	311
	354	311
	354	310
	355	310
	356	310
	358	309
	359	308
	360	308
	362	308
	363	307
	365	307
	366	306
	367	306
	368	306
	370	305
	371	305
	372	304
	374	303
	376	302
	377	301
	378	301
	378	300
	379	300
	379	299
.PEN_UP
.PEN_DOWN
	387	327
	388	327
	388	326
	388	325
	387	324
	386	321
	386	320
	385	318
	384	316
	383	314
	382	312
	381	310
	380	308
	379	306
	379	304
	378	303
	378	302
	378	300
	379	300
.PEN_UP
.PEN_DOWN
	386	328
	386	327
	387	327
	387	326
	389	325
	389	324
	390	323
	391	322
	391	320
	392	317
	392	315
	392	313
	393	311
	393	310
	394	308
	394	306
	395	305
	395	304
	396	303
	396	302
	397	301
	397	300
.PEN_UP
.PEN_DOWN
	381	313
	382	313
	383	313
	384	313
	385	313
	386	313
	388	313
	389	313
	390	313
	392	313
	395	312
	396	312
	398	312
.PEN_UP
.PEN_DOWN
	411	317
	411	315
	412	314
	412	312
	412	310
	412	309
	412	307
	413	305
	413	303
	413	302
	413	299
	413	298
	414	297
.PEN_UP
.PEN_DOWN
	407	327
	408	327
	409	327
	410	327
	411	327
	413	327
	415	327
	417	327
	419	327
	421	327
	423	327
	425	326
	429	325
	430	324
	431	323
	431	321
	431	320
	431	319
	431	318
	431	317
	430	316
	429	316
	428	315
	427	314
	424	313
	422	313
	420	313
.PEN_UP
.PEN_DOWN
	434	317
	433	316
	431	314
	431	312
	430	311
	429	310
	429	308
	429	307
	429	305
	429	304
	430	303
	431	302
	433	302
	434	301
	439	301
	441	301
	443	301
	446	302
	448	302
	450	303
	452	304
	453	305
	454	306
	455	307
	456	308
	456	311
	456	312
	456	313
	455	314
	455	316
	453	317
	452	318
	450	319
	448	320
	446	321
	444	321
	442	321
	437	320
	435	320
.PEN_UP
.PEN_DOWN
	466	318
	466	317
	466	316
	466	315
	466	314
	467	312
	467	311
	467	309
	468	306
	469	304
	470	303
	470	301
	471	300
	472	299
	473	298
	474	297
	475	297
	476	296
	477	296
.PEN_UP
.PEN_DOWN
	483	311
	483	310
	482	310
	482	309
	481	308
	480	307
	478	306
	477	305
	476	303
	474	301
	473	299
	472	298
	471	297
	471	296
	471	295
	471	294
	471	293
.PEN_UP
.PEN_DOWN
	476	311
	476	310
	477	309
	477	308
	479	307
	479	306
	480	306
	482	305
	483	304
	484	302
	486	302
	487	301
	491	299
	493	298
	494	297
	495	297
	496	296
	497	296
	498	295
	499	295
.PEN_UP
.PEN_DOWN
	499	317
	497	315
	495	312
	493	309
	491	307
	490	305
	489	302
	488	300
	487	298
	487	297
.PEN_UP
.PEN_DOWN
	525	324
	526	323
	526	322
	526	321
	525	319
	525	318
	525	316
	525	315
	525	313
	525	311
	525	310
	525	308
	525	307
	525	306
	526	304
	527	303
	528	302
.PEN_UP
.PEN_DOWN
	509	315
	510	315
	512	315
	514	315
	516	315
	517	314
	519	314
	521	314
	522	313
	525	312
	526	312
	528	311
	530	311
	532	311
	533	310
	536	310
.PEN_UP
.PEN_DOWN
	542	319
	541	318
	539	318
	538	317
	536	317
	534	316
	532	315
	530	314
	528	313
	526	311
	524	311
	522	309
	520	308
	517	306
	515	305
	514	304
	513	303
.PEN_UP
.PEN_DOWN
	549	304
	549	303
	549	302
	549	301
	549	300
	549	299
	549	298
	549	297
	549	295
	548	294
	548	293
	547	291
	547	289
	546	288
	545	285
	544	284
	543	283
	543	282
.PEN_UP
.PEN_DOWN
	573	320
	573	319
	572	315
	572	313
	572	311
	572	309
	572	307
	572	305
	572	303
	572	302
	572	301
	573	300
	574	299
	575	297
.PEN_UP
.PEN_DOWN
	558	310
	559	310
	560	310
	562	310
	564	309
	565	309
	567	308
	570	308
	572	307
	578	307
	580	306
	582	306
	583	306
	585	306
.PEN_UP
.PEN_DOWN
	589	317
	587	317
	585	316
	584	315
	582	315
	580	314
	577	312
	575	311
	572	309
	569	307
	566	305
	563	303
	558	300
	556	298
	554	297
	554	296
	554	295
	554	294
.PEN_UP
.PEN_DOWN
	600	325
	600	322
	600	321
	600	320
	600	318
	601	315
	601	313
	601	311
	601	309
	601	307
	601	306
	601	304
	602	301
	602	300
	602	299
	602	297
	603	297
	603	296
	604	295
.PEN_UP
.PEN_DOWN
	617	318
	616	318
	615	318
	614	318
	612	317
	611	316
	609	316
	607	315
	605	314
	603	313
	601	312
	599	311
	598	310
	598	309
	597	308
	596	307
	596	306
	596	305
	596	304
	596	303
	596	302
	597	302
	598	301
	600	299
	602	299
	604	298
	606	298
	609	297
	612	297
	614	297
	617	297
	619	297
	621	296
	623	296
	626	295
	627	295
.PEN_UP
.PEN_DOWN
	624	318
	625	318
	625	317
	625	316
	625	315
	625	314
	624	312
	624	311
	624	310
	623	309
	623	307
	622	306
	622	304
	622	303
	622	301
	622	300
	622	299
	622	298
	623	297
	624	296
	625	296
	626	295
	627	295
	628	295
	631	296
	633	296
	634	296
	636	297
	637	297
	639	297
	640	297
	641	297
	642	297
	643	296
	644	296
.PEN_UP
.PEN_DOWN
	625	306
	626	306
	626	307
	627	307
	628	308
	631	309
	632	309
	634	310
	635	310
	637	310
	639	310
	640	310
	641	310
	643	310
	644	310
	645	310
.PEN_UP
.PEN_DOWN
	623	316
	624	316
	625	316
	627	317
	628	317
	630	317
	632	318
	634	318
	636	318
	640	319
	642	319
	644	319
	645	319
.PEN_UP
.PEN_DOWN
	650	317
	650	315
	650	313
	650	312
	649	311
	649	309
	649	308
	649	306
	649	304
	649	303
	650	301
	650	300
	650	298
	651	296
.PEN_UP
.PEN_DOWN
	645	317
	646	318
	647	318
	648	318
	649	318
	650	318
	651	318
	652	318
	653	318
	654	318
	656	318
	656	317
	657	316
	657	315
	657	314
	657	313
	657	312
	657	311
	656	310
	655	309
	654	309
	653	309
.PEN_UP
.PEN_DOWN
	651	311
	652	310
	652	309
	652	308
	653	307
	653	306
	654	306
	654	304
	655	303
	656	302
	657	301
	658	300
	660	299
	661	298
	662	298
	663	297
	665	296
	666	296
	667	295
.PEN_UP
.PEN_DOWN
	670	319
	670	318
	670	317
	670	316
	670	314
	670	313
	671	312
	671	311
	671	309
	671	308
	671	306
	672	305
	672	304
	672	302
	672	301
	672	300
	672	298
	672	297
	672	296
.PEN_UP
.PEN_DOWN
	665	320
	666	321
	668	321
	670	321
	671	321
	672	321
	674	321
	676	320
	678	320
	680	320
	682	319
	684	318
	686	316
	687	315
	687	313
	687	312
	687	311
	687	310
	686	309
	685	308
	684	307
	683	306
	681	305
	680	305
	677	304
	676	304
	675	304
	674	304
	673	304
.PEN_UP
.PEN_DOWN
	693	315
	693	314
	693	313
	692	311
	691	310
	690	308
	690	307
	689	306
	689	305
	689	304
	688	303
	688	302
	688	301
	688	300
	688	298
	688	297
	689	297
	690	296
	691	296
	692	296
	694	296
	695	296
	697	295
	699	295
	701	295
	702	295
	703	295
	704	295
	706	295
	707	294
	708	293
	709	293
.PEN_UP
.PEN_DOWN
	708	312
	708	311
	708	310
	708	308
	708	307
	708	305
	709	303
	709	302
	710	300
	712	298
	712	297
	713	297
	714	296
	716	296
	717	296
	718	296
	719	297
	720	297
	721	298
	722	299
	723	300
	724	302
	724	303
	724	304
	724	305
	724	306
	724	308
	724	309
	724	311
	723	312
	723	314
	723	315
	722	315
	722	314
	721	312
	721	311
	721	309
	721	307
	721	306
	722	304
	722	302
	723	301
	725	299
	726	297
	727	297
	729	296
	730	295
	731	294
	732	294
	733	293
.PEN_UP
.PEN_DOWN
	734	315
	734	314
	734	313
	734	312
	733	311
	733	309
	733	307
	733	306
	733	304
	733	302
	733	300
	733	299
	733	298
	734	296
	734	295
	734	294
	734	293
	735	293
.PEN_UP
.PEN_DOWN
	731	317
	731	315
	732	314
	732	313
	733	312
	734	312
	735	311
	736	310
	738	309
	739	308
	741	307
	743	306
	744	305
	746	304
	750	302
	751	301
	752	299
	753	299
.PEN_UP
.PEN_DOWN
	749	320
	749	319
	750	319
	750	318
	750	315
	751	314
	751	312
	751	310
	751	308
	751	306
	751	305
	751	303
	751	301
	751	299
	751	297
	752	294
	752	293
	752	292
	752	291
	752	290
	753	289
	753	288
.PEN_UP
.PEN_DOWN
	764	315
	764	313
	764	312
	763	311
	763	310
	763	308
	763	307
	763	305
	763	303
	764	302
	764	299
	765	297
	765	296
	766	294
	766	293
	767	292
	767	291
	767	290
	768	289
	768	288
.PEN_UP
.PEN_DOWN
	781	307
	782	307
	782	308
	781	309
	780	309
	779	309
	778	309
	776	308
	775	308
	774	308
	772	307
	771	306
	769	306
	767	304
	765	303
	764	303
	763	302
	763	301
	762	301
	762	300
	761	299
	761	298
	761	297
	763	296
	764	295
	765	295
	767	295
	769	294
	771	293
	773	293
	775	292
	776	292
	778	291
	779	290
	781	290
	783	289
	784	288
.PEN_UP
.PEN_DOWN
	796	314
	796	313
	797	312
	797	311
	797	310
	797	308
	797	307
	797	305
	797	304
	797	302
	797	301
	797	300
	797	299
	797	298
	797	297
	797	296
	797	295
	797	294
.PEN_UP
.PEN_DOWN
	783	304
	784	304
	785	303
	786	303
	787	303
	790	302
	792	302
	793	302
	795	302
	797	302
	799	302
	802	302
	804	302
	806	302
	809	302
	811	302
.PEN_UP
.PEN_DOWN
	808	312
	807	312
	805	311
	804	310
	802	310
	801	309
	798	308
	796	307
	794	306
	792	305
	788	302
	786	301
	785	300
	784	299
.PEN_UP
.PEN_DOWN
	816	287
	815	287
	814	287
	814	286
	814	285
	814	284
	815	284
.PEN_UP
