
.WRITER_ID IanFelix
.STYLE PRINTED
.PEN_DOWN
	83	338
	83	339
	83	340
	82	340
	82	341
	81	342
	80	342
	80	343
	79	344
	78	344
	77	345
	76	346
	75	346
	74	346
	72	344
	71	343
	70	342
	69	341
	67	339
	67	338
	66	336
	66	335
	66	334
	66	333
	66	332
	67	332
	69	332
	70	332
	73	332
	74	332
	76	333
	77	333
	80	334
	81	335
	82	335
	83	336
	84	337
	83	336
	83	335
	82	335
	81	333
	80	332
	79	331
	79	330
	78	328
	76	325
	76	323
	75	321
	75	319
	74	317
	74	316
	74	315
	74	314
	74	313
	74	312
.PEN_UP
.PEN_DOWN
	100	329
	99	329
	98	329
	98	328
	98	327
	97	327
	97	325
	96	324
	96	323
	96	322
	96	321
	96	320
	96	319
	97	319
	98	318
	99	318
	100	317
	101	317
	103	317
	105	318
	106	318
	107	318
	107	319
	108	319
	108	320
	109	320
	109	321
	109	322
	108	323
	107	324
	106	325
	105	326
	104	327
	103	328
	102	329
	101	330
	100	330
	99	332
	98	332
	97	333
	96	333
	94	335
	93	335
	93	336
	93	337
	93	338
	94	339
	96	340
	97	342
	98	342
	99	343
	101	343
	102	343
	102	344
	103	344
	104	344
	105	344
	106	343
	106	341
	106	340
	106	339
	105	338
	105	337
	104	336
	103	335
	102	334
	100	333
	99	331
	97	330
	96	330
	95	328
.PEN_UP
.PEN_DOWN
	123	339
	124	339
	124	340
	125	340
	126	341
	127	341
	128	341
	129	342
	132	342
	133	343
	135	343
	136	343
	137	343
	137	342
	138	342
	139	342
	139	341
	139	340
	139	339
	139	337
	138	336
	138	335
	138	334
	138	333
	137	332
	137	331
	137	330
	136	329
	136	327
	136	326
	135	325
	134	323
	134	321
	134	320
	133	319
	133	318
	133	317
	133	316
	134	316
	134	315
.PEN_UP
.PEN_DOWN
	126	330
	127	330
	128	330
	131	330
	132	330
	133	330
	135	330
	136	330
	138	330
	140	330
	141	330
	143	330
.PEN_UP
.PEN_DOWN
	158	339
	157	339
	157	338
	156	338
	155	337
	154	335
	154	334
	152	333
	152	331
	151	330
	151	327
	151	325
	151	324
	151	322
	152	321
	152	320
	153	319
	154	319
	156	318
	157	318
	159	318
	160	318
	163	319
	164	319
	165	320
	166	321
	167	322
	168	323
	168	324
	168	325
	167	326
	165	327
	164	327
	163	327
	161	327
	159	327
	157	326
.PEN_UP
.PEN_DOWN
	185	336
	184	336
	183	336
	182	336
	181	336
	180	336
	180	335
	180	334
	181	334
	181	333
	182	333
	183	333
	186	332
	188	332
	189	331
	190	331
	192	330
	193	329
	194	328
	195	327
	195	326
	195	325
	195	323
	194	322
	193	321
	192	320
	191	320
	190	319
	189	319
	188	319
	187	319
	186	319
	185	319
	184	319
	183	320
	182	321
	181	322
.PEN_UP
.PEN_DOWN
	184	339
	185	339
	186	339
	186	340
	187	340
	188	340
	189	341
	191	341
	192	341
	193	341
	195	341
	197	342
	198	342
	200	342
	201	342
	203	342
	204	342
	205	341
	207	340
.PEN_UP
.PEN_DOWN
	220	337
	221	338
	222	338
	222	339
	221	339
	220	338
	219	337
	218	336
	217	335
	217	334
	216	333
	216	332
	217	330
	218	330
	219	330
	220	330
	221	330
	223	330
	225	330
	226	330
	228	330
	229	330
	231	330
	233	330
	235	330
	235	329
	236	329
	237	328
	237	327
	238	327
.PEN_UP
.PEN_DOWN
	235	342
	235	341
	235	340
	236	339
	236	338
	236	337
	236	336
	236	335
	236	333
	236	332
	236	331
	236	329
	236	328
	236	326
	236	323
	236	321
	236	320
.PEN_UP
.PEN_DOWN
	255	342
	256	343
	257	343
	258	343
	259	343
	260	343
	261	343
	262	343
	263	342
	264	342
	265	341
	266	340
	266	339
	266	337
	266	336
	265	335
	264	334
	263	334
	262	333
	261	333
	260	332
	259	332
	257	332
	256	331
	255	331
	255	332
	256	332
	257	332
	258	331
	260	331
	261	331
	263	331
	267	330
	268	329
	269	329
	270	328
	271	327
	272	327
	272	326
	272	325
	272	324
	271	323
	271	322
	269	321
	267	320
	266	320
	264	319
	262	319
	260	319
	258	319
	256	319
	254	319
	252	319
	250	319
	249	319
	247	320
.PEN_UP
.PEN_DOWN
	278	337
	278	338
	278	339
	278	340
	279	341
	280	341
	280	342
	282	342
	283	342
	286	343
	288	343
	290	343
	292	343
	293	343
	295	343
	296	342
	297	341
	298	340
	298	339
	298	338
	297	336
	297	334
	296	333
	295	332
	293	330
	292	329
	290	328
	289	326
	287	325
	286	323
	284	322
	282	321
	280	319
	279	319
	278	318
	278	317
	279	317
	280	317
	281	317
	282	317
	284	317
	288	317
	291	317
	293	317
	296	318
	298	318
	300	318
	302	318
	304	318
.PEN_UP
.PEN_DOWN
	337	341
	337	340
	337	339
	337	338
	337	336
	337	334
	337	332
	337	330
	337	328
	337	327
	337	325
	337	323
	337	322
	337	321
.PEN_UP
.PEN_DOWN
	339	348
	338	348
	337	348
	336	347
	335	347
	334	346
	333	346
	333	345
	332	344
.PEN_UP
.PEN_DOWN
	318	321
	319	320
	320	319
	321	319
	322	319
	323	319
	325	319
	327	319
	329	319
	331	319
	333	319
	336	319
	338	318
	343	318
	345	318
	347	318
	349	318
.PEN_UP
.PEN_DOWN
	367	340
	366	340
	365	340
	364	339
	362	338
	361	337
	360	335
	359	334
	359	333
	359	332
	359	330
	359	329
	359	328
	361	327
	361	326
	365	324
	366	324
	368	323
	370	323
	372	323
	374	323
	376	324
	377	324
	379	325
	380	326
	381	327
	382	328
	382	330
	382	331
	382	332
	381	333
	380	335
	378	336
	376	338
	374	339
	372	340
	370	341
	367	342
.PEN_UP
.PEN_DOWN
	416	339
	416	340
	416	341
	415	342
	415	343
	414	344
	413	345
	412	345
	411	346
	408	346
	407	346
	406	345
	404	345
	402	344
	401	343
	399	341
	398	340
	398	339
	398	338
	398	337
	399	336
	400	335
	401	335
	403	335
	404	335
	406	335
	408	335
	410	335
	412	336
	413	336
	414	337
	415	338
	416	338
	415	338
	414	337
	413	336
	412	335
	411	333
	410	332
	409	330
	408	327
	408	326
	408	324
	408	323
	408	322
	408	321
	409	320
	409	319
	409	318
	410	318
.PEN_UP
.PEN_DOWN
	437	328
	436	328
	435	327
	435	326
	434	325
	434	324
	434	323
	434	322
	434	321
	435	320
	436	318
	437	317
	438	317
	439	316
	440	316
	441	316
	443	316
	444	316
	445	317
	446	317
	447	317
	447	318
	448	319
	448	320
	448	321
	448	322
	447	323
	446	324
	445	325
	443	326
	442	327
	441	328
	439	329
	437	331
	436	332
	435	333
	434	334
	434	335
	433	336
	432	337
	432	338
	432	339
	433	341
	434	342
	435	342
	436	343
	437	343
	438	344
	440	344
	441	345
	442	345
	443	345
	444	345
	445	345
	445	344
	445	343
	445	342
	445	341
	445	340
	445	339
	444	338
	443	337
	441	335
	440	334
	439	333
	437	332
	434	330
	433	329
.PEN_UP
.PEN_DOWN
	468	343
	468	342
	469	342
	470	342
	471	342
	474	342
	476	342
	477	341
	480	341
	482	341
	484	341
	486	341
	488	341
	490	341
	491	341
	492	340
	493	340
	493	339
	493	338
	492	338
	491	337
	490	337
	489	336
	488	335
	487	334
	485	333
	484	332
	482	330
	481	329
	480	328
	480	326
	479	325
	479	324
	478	322
	477	321
	477	320
	477	319
	477	318
	477	317
	478	315
.PEN_UP
.PEN_DOWN
	469	332
	470	332
	471	332
	472	332
	473	332
	474	332
	476	332
	478	332
	480	332
	482	331
	483	331
	487	331
	489	331
.PEN_UP
.PEN_DOWN
	504	337
	503	336
	502	336
	501	335
	500	334
	499	333
	498	332
	498	331
	498	329
	498	328
	498	326
	498	325
	499	322
	500	321
	501	320
	503	319
	505	319
	507	319
	509	319
	511	319
	513	319
	514	319
	515	320
	516	321
	518	323
	518	324
	518	325
	518	327
	517	328
	515	329
	514	329
	512	329
	510	329
	508	329
	506	329
	502	328
	500	328
	500	327
.PEN_UP
.PEN_DOWN
	549	339
	548	339
	547	339
	546	339
	543	339
	541	339
	540	338
	539	338
	538	338
	537	338
	536	337
	535	337
	535	336
	535	335
	536	335
	537	334
	538	334
	539	333
	541	333
	543	332
	545	332
	547	332
	548	331
	550	330
	551	329
	553	328
	553	327
	553	326
	553	325
	553	324
	552	324
	551	323
	550	322
	549	322
	548	322
	546	322
	544	322
	542	322
	540	322
	539	322
	537	322
	536	323
	535	323
	534	323
	533	324
.PEN_UP
.PEN_DOWN
	543	338
	544	338
	545	338
	547	339
	551	339
	553	340
	555	340
	558	340
	560	340
	562	340
	564	340
	566	340
.PEN_UP
.PEN_DOWN
	576	341
	575	341
	575	340
	574	340
	573	339
	573	338
	572	337
	572	336
	572	335
	572	334
	573	334
	574	333
	575	333
	577	332
	579	332
	581	331
	583	331
	586	330
	588	329
	589	329
	590	329
	592	329
	592	328
	593	328
.PEN_UP
.PEN_DOWN
	590	344
	590	343
	590	342
	590	341
	590	340
	590	338
	589	336
	589	334
	589	333
	589	331
	589	330
	589	328
	588	326
	588	325
	588	324
	588	322
	588	321
	588	320
	588	318
.PEN_UP
.PEN_DOWN
	616	343
	617	343
	618	343
	619	343
	622	343
	623	342
	624	342
	625	342
	626	341
	627	340
	628	339
	628	338
	628	337
	628	336
	627	334
	626	334
	624	333
	623	333
	622	333
	620	332
	618	332
	617	332
	616	332
	615	333
	616	333
	616	332
	618	332
	620	332
	621	332
	624	332
	626	331
	628	330
	629	330
	633	329
	634	328
	635	327
	635	326
	635	325
	635	324
	634	324
	633	323
	632	323
	630	322
	628	322
	624	322
	622	322
	620	322
	617	322
	615	322
	613	322
	611	322
	609	322
.PEN_UP
.PEN_DOWN
	653	341
	654	341
	655	340
	657	340
	658	340
	660	340
	662	340
	664	339
	665	339
	668	337
	669	336
	670	335
	671	334
	671	333
	671	332
	671	331
	670	330
	670	329
	669	328
	667	327
	665	326
	662	324
	660	324
	658	324
	656	323
	655	323
	653	323
	652	323
	651	323
	650	323
	651	323
	652	323
	653	323
	655	323
	656	323
	658	323
	660	323
	662	322
	665	322
	667	322
	669	321
	671	321
.PEN_UP
.PEN_DOWN
	711	343
	711	342
	711	341
	711	340
	711	338
	711	336
	711	334
	710	333
	710	331
	710	329
	710	328
	709	326
	709	325
	709	324
	709	323
	709	322
	709	321
.PEN_UP
.PEN_DOWN
	715	347
	714	347
	713	346
	712	345
.PEN_UP
.PEN_DOWN
	693	326
	693	325
	693	324
	694	323
	695	323
	696	322
	698	322
	700	321
	701	321
	703	321
	705	321
	707	321
	710	321
	712	321
	714	321
.PEN_UP
.PEN_DOWN
	748	345
	747	345
	746	344
	745	344
	743	343
	742	342
	740	341
	739	340
	738	339
	737	338
	736	337
	736	335
	736	333
	736	331
	737	329
	737	328
	739	327
	740	326
	742	325
	745	325
	747	325
	749	325
	751	325
	753	325
	754	326
	757	328
	758	329
	759	330
	760	332
	760	333
	760	334
	760	336
	759	337
	759	339
	758	341
	756	342
	755	344
	751	347
	750	347
	748	347
	746	347
.PEN_UP
