
.WRITER_ID IanFelix
.STYLE PRINTED
.PEN_DOWN
	77	339
	76	339
	76	340
	75	340
	74	340
	73	339
	72	338
	71	338
	70	337
	70	336
	69	334
	68	332
	67	330
	66	325
	65	323
	65	320
	65	318
	65	316
	66	314
	67	313
	68	311
	70	310
	71	310
	74	309
	77	309
	79	309
	80	310
	82	311
	83	311
	84	313
	86	314
	87	316
	88	318
	88	320
	88	321
	88	323
	88	324
	88	328
	88	329
	88	330
	88	332
	81	333
	79	334
	77	335
	75	336
	74	337
	71	337
	70	337
.PEN_UP
.PEN_DOWN
	80	321
	80	322
	80	323
	81	323
	81	322
	81	321
	81	320
	81	319
	81	318
	82	315
	82	313
	83	312
	83	310
	84	309
	85	308
	85	307
	86	306
	87	306
	87	305
.PEN_UP
.PEN_DOWN
	93	314
	93	313
	94	312
	95	311
	96	311
	96	310
	97	310
	98	309
	99	309
	100	309
	101	310
	102	310
	103	311
	104	312
	104	313
	105	314
	105	315
	105	316
	105	317
	105	319
	105	320
	104	321
	104	322
	103	322
	103	321
	103	320
	103	319
	103	317
	103	315
	103	314
	104	313
	104	312
	105	311
	105	310
	107	310
	107	309
	108	309
	109	308
.PEN_UP
.PEN_DOWN
	115	311
	116	311
	117	312
	118	312
	118	313
	119	313
	120	315
	121	316
	121	317
	122	318
	122	319
	122	320
	122	321
	122	322
	121	322
	120	322
	118	322
	117	322
	116	321
	115	320
	114	320
	113	319
	113	317
	113	316
	113	315
	113	314
	113	313
	114	312
	115	310
	116	310
	117	309
	118	309
	120	309
	121	309
	122	309
	123	309
	125	309
.PEN_UP
.PEN_DOWN
	131	320
	130	320
	129	320
	127	320
	126	320
	126	319
	127	319
	127	318
	128	317
	129	317
	130	316
	131	316
	134	315
	135	314
	136	313
	137	313
	138	312
	139	311
	140	310
	140	309
	139	308
	138	308
	137	307
	136	307
	135	307
	133	307
	132	307
	131	308
	129	308
	128	308
	127	309
	126	309
.PEN_UP
.PEN_DOWN
	144	338
	144	337
	144	336
	144	335
	144	334
	144	332
	144	330
	144	329
	145	327
	145	325
	145	324
	146	321
	146	319
	146	317
	147	315
	147	314
	148	313
	148	310
	148	309
	148	308
	148	307
	148	306
.PEN_UP
.PEN_DOWN
	136	322
	137	322
	138	322
	139	322
	141	322
	142	323
	143	323
	145	323
	146	323
	148	323
	151	323
	152	323
	154	323
	155	323
	156	323
	158	322
	159	322
	160	322
	161	322
.PEN_UP
.PEN_DOWN
	163	322
	164	321
	164	320
	164	319
	164	318
	164	316
	164	315
	164	314
	164	313
	164	312
	164	311
	165	311
	165	310
	165	309
.PEN_UP
.PEN_DOWN
	167	333
	168	333
	169	334
.PEN_UP
.PEN_DOWN
	173	315
	173	314
	173	313
	173	312
	173	311
	174	311
	175	310
	176	308
	177	308
	178	308
	179	308
	180	308
	181	308
	182	308
	183	308
	184	309
	185	310
	186	312
	186	313
	185	315
	184	315
	183	316
	183	317
	181	318
	180	320
	178	320
.PEN_UP
.PEN_DOWN
	187	315
	188	315
	188	313
	188	312
	188	311
	189	311
	189	310
	189	309
	189	308
	190	307
	190	306
	191	306
	192	306
	193	306
	194	306
	194	307
	195	308
	195	309
	196	310
	197	311
	198	312
	198	313
	199	314
	200	316
	200	317
	201	318
	202	318
	202	317
	202	316
	202	315
	202	314
	202	313
	202	311
	202	310
	203	309
	203	308
	204	307
	206	306
	207	306
	208	305
	210	304
	211	304
.PEN_UP
.PEN_DOWN
	215	338
	216	338
	216	339
	217	339
	218	339
	219	339
	220	339
	222	339
	223	339
	224	339
	225	339
	228	339
	228	338
	229	338
	230	338
	230	337
	230	336
	230	335
	230	334
	230	333
	229	332
	229	331
	227	329
	226	329
	225	328
	224	328
	223	328
	222	328
	221	328
	220	328
	219	328
	218	328
	217	328
	216	328
	215	328
	214	328
	214	327
	214	326
	214	325
	214	324
	215	323
	215	322
	215	321
	215	320
	216	320
	216	319
	217	319
	217	318
.PEN_UP
.PEN_DOWN
	219	307
	220	306
	220	305
	220	304
	220	303
	220	302
	221	302
.PEN_UP
.PEN_DOWN
	250	331
	250	332
	251	332
	251	333
	250	333
	249	333
	249	332
	248	331
	248	330
	247	328
	246	327
	246	325
	245	323
	245	319
	245	316
	245	314
	245	313
	246	311
	247	310
	248	309
	250	309
	252	308
	254	308
	256	308
	258	308
	261	309
	263	309
	264	310
	265	311
	266	312
	267	313
	267	314
	267	315
	267	317
	267	318
	267	319
	266	321
	264	322
	263	324
	261	325
	260	326
	258	328
	256	329
	254	330
	252	330
	251	330
.PEN_UP
.PEN_DOWN
	254	322
	255	321
	256	321
	256	320
	257	320
	258	318
	258	316
	259	315
	259	314
	259	312
	260	311
	260	309
	261	308
	261	307
	261	306
	262	305
	263	304
	264	303
.PEN_UP
.PEN_DOWN
	272	320
	272	319
	272	318
	272	317
	272	316
	273	315
	273	314
	273	313
	274	312
	274	311
	276	311
	276	310
	277	310
	278	309
	280	309
	281	309
	282	309
	283	309
	283	310
	284	310
	285	311
	285	312
	285	313
	285	314
	285	316
	285	317
	284	318
	284	320
	284	321
	284	322
	284	321
	284	319
	284	318
	284	316
	284	315
	284	314
	285	313
	286	312
	287	311
	288	311
	289	310
	290	310
	291	310
	293	310
.PEN_UP
.PEN_DOWN
	298	312
	299	312
	299	311
	300	311
	301	311
	302	311
	303	311
	304	312
	305	312
	306	313
	307	314
	308	314
	308	315
	309	315
	309	316
	309	317
	309	318
	309	319
	308	320
	306	321
	303	321
	302	321
	299	321
	299	320
	298	320
	297	319
	296	318
	296	316
	295	315
	295	314
	295	311
	296	311
	297	310
	298	309
	299	308
	301	308
	303	307
	305	307
	307	307
	310	307
	311	307
	313	307
	316	307
.PEN_UP
.PEN_DOWN
	326	323
	325	323
	324	322
	322	322
	321	322
	320	321
	319	321
	318	321
	318	320
	318	319
	319	319
	321	318
	322	318
	324	318
	325	318
	326	318
	328	317
	329	317
	330	316
	332	315
	332	314
	333	313
	333	312
	332	311
	331	311
	331	310
	330	310
	329	310
	327	309
	324	309
	323	309
	321	309
	319	309
	318	310
	317	310
	316	310
	315	311
	315	312
.PEN_UP
.PEN_DOWN
	338	338
	339	337
	339	336
	339	335
	339	334
	339	333
	339	332
	339	329
	339	327
	340	325
	340	323
	340	321
	340	319
	341	318
	341	316
	341	314
	341	313
	341	312
	341	311
	341	309
	341	308
.PEN_UP
.PEN_DOWN
	330	323
	331	323
	333	323
	334	323
	336	322
	337	322
	339	322
	341	322
	342	322
	344	322
	346	322
	348	322
	349	322
	351	321
	354	321
.PEN_UP
.PEN_DOWN
	353	338
	354	338
	355	338
	356	338
	358	338
	360	338
	361	337
	363	337
	364	337
	365	336
	366	335
	367	335
	368	334
	369	333
	369	332
	369	330
	369	329
	368	328
	367	327
	367	326
	366	326
	365	325
	364	325
	363	324
	362	324
	361	324
	360	324
	359	324
	358	324
	357	324
	357	323
	356	323
	355	323
	355	322
	355	321
	355	320
	354	320
	354	319
	354	318
	355	318
	355	317
.PEN_UP
.PEN_DOWN
	355	307
	356	306
	356	305
	356	304
	357	304
	357	303
.PEN_UP
.PEN_DOWN
	396	334
	396	335
	395	335
	394	335
	393	335
	392	335
	392	334
	391	334
	390	333
	389	332
	389	331
	388	329
	387	327
	387	325
	387	323
	387	320
	387	316
	387	314
	388	312
	389	311
	390	310
	391	309
	393	308
	395	308
	397	308
	400	308
	402	309
	404	309
	408	311
	409	312
	411	314
	412	315
	413	317
	413	318
	413	320
	413	322
	413	323
	413	324
	412	326
	411	327
	408	330
	406	331
	404	332
	401	332
	400	332
	398	332
.PEN_UP
.PEN_DOWN
	398	320
	399	319
	399	318
	399	317
	400	316
	400	314
	401	312
	401	311
	402	310
	402	309
	403	307
	404	306
	405	306
	406	305
	406	304
	407	304
.PEN_UP
.PEN_DOWN
	414	319
	414	318
	414	317
	414	316
	414	315
	415	314
	415	312
	416	311
	417	310
	418	309
	419	309
	420	308
	422	308
	423	308
	424	308
	425	308
	426	308
	428	310
	429	311
	430	312
	430	313
	430	315
	430	316
	430	317
	430	318
	429	319
	429	320
	428	320
	427	319
	426	319
	426	318
	426	317
	426	316
	426	315
	426	313
	426	312
	427	310
	428	310
	429	309
	429	308
	430	308
.PEN_UP
.PEN_DOWN
	440	309
	441	309
	442	309
	442	310
	443	310
	444	311
	445	312
	445	313
	447	315
	447	316
	447	317
	447	318
	447	319
	447	320
	446	321
	446	322
	445	322
	444	322
	443	322
	442	322
	439	321
	439	320
	438	319
	438	317
	437	316
	437	315
	437	313
	437	312
	437	311
	437	310
	438	309
	440	308
	441	308
	442	308
	444	307
	445	307
	446	307
	447	307
	449	308
	451	308
	452	309
.PEN_UP
.PEN_DOWN
	455	315
	455	314
	456	314
	456	313
	457	312
	457	311
	457	310
	457	309
	458	308
	458	307
	458	306
	459	306
	459	307
	459	308
	459	309
	459	310
	459	311
	458	313
	458	314
	458	316
	457	317
	457	318
	457	319
	457	320
	458	320
	458	321
	459	321
	460	321
	463	320
	464	320
	465	320
	466	320
	468	320
	469	319
	471	319
	472	318
	473	318
	474	318
.PEN_UP
.PEN_DOWN
	486	315
	486	314
	486	313
	486	312
	485	312
	484	311
	483	310
	481	309
	480	307
	478	306
	476	305
	472	302
	470	300
	469	299
	467	298
	466	297
	465	296
	465	295
	465	294
.PEN_UP
.PEN_DOWN
	470	318
	470	317
	470	316
	470	315
	470	314
	471	313
	472	313
	473	312
	475	311
	476	310
	477	309
	478	308
	479	307
	480	307
	481	306
	482	306
	483	305
.PEN_UP
.PEN_DOWN
	495	338
	496	338
	498	338
	499	338
	500	338
	501	337
	502	337
	504	336
	505	335
	506	335
	507	333
	507	332
	506	331
	506	330
	505	330
	505	329
	504	329
	503	329
	501	328
	500	328
	499	327
	498	327
	497	326
	496	325
	495	325
	494	324
	494	323
	494	322
	494	321
	494	320
.PEN_UP
.PEN_DOWN
	500	304
	499	304
	499	303
	499	302
	499	301
.PEN_UP
.PEN_DOWN
	528	334
	528	335
	528	336
	528	337
	528	338
	527	338
	526	338
	525	338
	524	337
	523	336
	523	335
	522	334
	521	332
	521	330
	520	328
	520	323
	520	320
	520	317
	521	315
	522	313
	523	311
	525	310
	527	309
	529	308
	531	308
	534	308
	536	308
	541	309
	543	310
	544	310
	546	311
	547	313
	548	314
	549	315
	549	317
	549	318
	549	320
	549	322
	547	325
	545	327
	544	329
	542	331
	540	333
	538	335
	537	336
	535	337
	533	337
	531	337
	530	337
	528	337
.PEN_UP
.PEN_DOWN
	528	323
	528	322
	528	321
	528	320
	529	320
	529	319
	530	318
	530	317
	531	315
	532	314
	533	313
	534	310
	535	309
	536	307
	537	306
	538	305
	539	304
	540	303
	541	303
.PEN_UP
.PEN_DOWN
	545	320
	545	319
	545	318
	545	317
	545	316
	545	315
	546	313
	547	312
	547	311
	548	310
	549	309
	551	307
	552	306
	554	306
	555	306
	556	306
	558	306
	559	306
	560	306
	561	307
	562	307
	563	308
	564	309
	565	311
	565	312
	565	313
	565	314
	565	315
	565	317
	564	318
	564	319
	563	320
	562	319
	562	318
	562	317
	562	315
	562	314
	562	312
	562	311
	562	310
	563	309
	564	308
	565	307
	566	307
.PEN_UP
.PEN_DOWN
	579	317
	578	316
	577	316
	576	316
	575	316
	574	315
	572	315
	571	315
	571	314
	570	313
	570	312
	570	311
	571	311
	571	310
	572	309
	573	308
	576	307
	577	307
	578	307
	580	307
	581	307
	583	307
	585	308
	586	309
	587	310
	587	311
	587	312
	587	313
	587	314
	586	314
	585	315
	584	315
	584	316
	583	316
	583	315
	583	313
	583	312
	583	311
	584	310
	584	309
	585	309
	586	308
	587	307
	588	307
	589	306
	591	306
	593	306
	594	306
	595	306
.PEN_UP
.PEN_DOWN
	595	314
	595	313
	595	311
	595	310
	595	309
	595	308
	595	307
	596	307
	596	306
	596	305
	597	305
	598	305
	599	306
	600	306
	600	307
	602	309
	602	310
	603	311
	603	312
	604	313
	604	314
	604	315
	604	316
	605	317
	605	316
	605	315
	604	314
	604	312
	604	311
	604	310
	604	309
	604	308
	605	306
	606	306
	606	305
	607	305
	609	304
	610	304
	611	304
	612	304
	613	304
.PEN_UP
.PEN_DOWN
	628	336
	628	335
	628	334
	628	333
	628	332
	628	331
	627	329
	627	328
	627	327
	627	325
	627	324
	627	322
	627	320
	627	319
	627	317
	627	316
	627	315
	627	313
	627	312
	626	311
	626	310
	625	311
	624	312
	623	313
	623	314
	622	315
	622	316
	621	316
	620	317
	619	317
	618	317
	616	317
	615	317
	614	316
	612	315
	611	314
	611	313
	610	311
	610	310
	610	309
	610	308
	610	307
	611	305
	613	304
	615	303
	617	303
	619	303
	621	302
	624	302
	626	302
	628	302
	630	302
	632	302
.PEN_UP
.PEN_DOWN
	645	317
	645	318
	644	318
	643	318
	642	317
	641	317
	640	316
	639	315
	638	315
	637	314
	637	313
	636	312
	635	311
	634	309
	634	308
	634	307
	634	306
	634	305
	634	304
	635	303
	636	303
	636	302
	637	302
	638	302
	639	302
	641	302
	642	303
	642	304
	643	304
	644	305
	644	306
	645	307
	645	308
	645	309
	645	310
	645	311
	644	312
	643	312
	643	311
	642	310
	641	308
	641	307
	641	305
	642	304
	643	303
	644	302
	645	302
	646	301
	648	301
	650	300
	651	300
	652	300
.PEN_UP
.PEN_DOWN
	654	308
	654	307
	655	306
	655	305
	656	305
	656	303
	657	303
	657	304
	656	305
	656	306
	656	307
	655	307
	655	308
	655	309
	655	310
	655	311
	655	312
	655	313
	656	313
	657	314
	658	314
	660	314
	661	315
	662	315
	663	315
	665	315
	666	315
	667	315
.PEN_UP
.PEN_DOWN
	681	310
	681	309
	680	309
	680	308
	680	307
	678	306
	677	305
	676	303
	675	302
	673	300
	671	298
	669	296
	667	294
	665	292
	664	290
	662	288
	661	286
	658	283
	657	281
	656	280
	656	279
.PEN_UP
.PEN_DOWN
	663	309
	664	309
	665	308
	666	307
	667	307
	668	305
	669	304
	670	303
	671	302
	672	302
	673	301
	674	301
.PEN_UP
.PEN_DOWN
	693	332
	693	331
	692	331
	691	331
	692	331
	693	332
	694	332
	695	332
	696	332
	697	332
	698	332
	700	332
	701	332
	701	331
	702	330
	702	329
	703	329
	703	328
	703	327
	703	326
	702	325
	702	324
	701	324
	701	323
	699	322
	698	321
	697	321
	696	321
	695	320
	694	320
	693	320
	691	319
	691	318
	690	318
	690	317
	690	316
	690	315
	690	314
	690	313
	690	312
	691	312
	691	311
.PEN_UP
.PEN_DOWN
	690	298
	691	297
	692	297
	693	297
	694	296
	694	295
.PEN_UP
.PEN_DOWN
	722	330
	721	329
	720	329
	719	329
	718	328
	717	327
	717	326
	716	325
	716	324
	715	323
	714	320
	713	318
	713	316
	713	315
	713	313
	713	311
	714	310
	715	309
	716	308
	717	307
	719	306
	723	305
	725	305
	727	305
	729	305
	731	305
	733	306
	734	306
	736	307
	736	308
	738	309
	739	309
	739	310
	740	313
	740	314
	740	315
	739	316
	738	317
	737	319
	736	320
	734	321
	732	323
	730	324
	728	324
	725	325
	721	325
	719	325
	718	325
	717	324
.PEN_UP
.PEN_DOWN
	727	316
	727	315
	728	315
	728	314
	729	313
	729	312
	730	311
	730	310
	730	309
	731	308
	731	307
	731	306
	732	303
	733	302
	733	301
	734	300
	735	299
.PEN_UP
.PEN_DOWN
	746	313
	746	312
	746	311
	746	310
	746	309
	747	308
	747	307
	748	306
	749	305
	750	304
	751	303
	752	303
	754	303
	755	303
	756	303
	757	303
	758	304
	759	305
	760	306
	761	306
	761	307
	762	308
	762	309
	762	310
	762	312
	762	313
	762	314
	761	314
	761	313
	761	312
	761	310
	761	308
	761	307
	762	306
	763	305
	764	304
	765	303
	766	303
	767	302
	768	302
.PEN_UP
.PEN_DOWN
	775	313
	775	312
	775	311
	775	310
	775	309
	775	308
	776	307
	776	306
	776	305
	777	304
.PEN_UP
.PEN_DOWN
	769	331
	770	331
	770	332
	771	332
	772	332
.PEN_UP
.PEN_DOWN
	792	335
	792	334
	792	333
	792	332
	792	330
	792	329
	792	328
	792	326
	792	322
	792	320
	792	318
	792	316
	792	314
	792	312
	792	311
	792	310
	792	309
	792	307
	791	306
	791	305
.PEN_UP
.PEN_DOWN
	778	320
	779	320
	780	320
	781	320
	782	319
	784	319
	786	319
	788	319
	791	319
	793	319
	795	319
	797	319
	801	318
	802	318
.PEN_UP
.PEN_DOWN
	810	333
	811	334
	812	334
	812	333
	812	332
	812	331
	812	329
	812	326
	812	324
	812	322
	812	320
	812	318
	812	316
	812	315
	812	313
	812	312
	812	311
	812	310
	812	309
.PEN_UP
.PEN_DOWN
	811	293
	811	292
	812	292
	812	291
	812	290
	812	289
	811	288
.PEN_UP
