
.WRITER_ID IanFelix
.STYLE PRINTED
.PEN_DOWN
	66	327
	66	328
	66	329
	66	330
	66	331
	67	330
	68	329
	68	328
	69	326
	71	320
	71	317
	72	314
	73	311
	73	309
	74	307
	74	305
	75	304
	76	303
	76	302
	77	301
.PEN_UP
.PEN_DOWN
	94	330
	93	329
	93	328
	92	327
	92	326
	92	325
	91	324
	90	322
	89	320
	88	319
	88	317
	87	314
	85	310
	84	308
	83	306
	82	304
	81	303
	81	301
	81	300
.PEN_UP
.PEN_DOWN
	106	328
	105	328
	105	327
	105	326
	105	324
	105	323
	104	321
	104	319
	104	317
	103	313
	103	311
	103	309
	103	308
	103	306
	103	305
	103	304
	103	303
	103	302
	104	301
	105	301
	106	301
	107	302
	108	302
	109	303
	111	303
	112	304
	113	305
	115	305
	117	306
	118	306
	120	306
	121	306
	122	305
	123	305
	124	304
	125	304
	126	303
	127	303
	128	302
	129	302
.PEN_UP
.PEN_DOWN
	110	318
	112	318
	113	318
	114	318
	115	317
	116	317
	117	316
	118	315
	119	315
	120	315
	122	315
	123	315
.PEN_UP
.PEN_DOWN
	100	327
	101	327
	102	327
	103	327
	104	327
	105	327
	106	328
	109	328
	110	329
	112	329
	114	330
	116	330
	119	331
	121	331
	123	331
	124	331
	126	331
	127	331
	128	331
	129	331
.PEN_UP
.PEN_DOWN
	165	332
	165	331
	164	331
	163	331
	162	330
	161	328
	160	327
	158	325
	157	323
	155	320
	154	318
	152	316
	151	314
	149	309
	148	308
	147	306
	146	305
	146	304
	145	303
.PEN_UP
.PEN_DOWN
	138	323
	139	323
	139	324
	140	324
	141	324
	142	324
	143	324
	144	323
	145	323
	148	320
	149	318
	150	317
	151	315
	152	313
	154	312
	155	310
	156	309
	157	308
	158	307
	160	306
	163	305
.PEN_UP
.PEN_DOWN
	189	330
	189	329
	189	328
	189	327
	189	325
	189	324
	188	322
	188	320
	188	317
	188	315
	188	314
	188	312
	188	311
	189	310
	189	309
.PEN_UP
.PEN_DOWN
	170	306
	171	307
	172	307
	174	307
	175	307
	177	307
	179	307
	180	307
	182	307
	184	307
	185	307
	187	307
	191	307
	192	307
	194	307
	196	307
	197	307
	199	307
	200	307
	202	308
.PEN_UP
.PEN_DOWN
	173	328
	175	329
	176	329
	178	330
	179	330
	181	330
	183	330
	185	330
	187	330
	189	330
	191	330
	193	330
	196	330
	198	330
	200	329
	201	329
	202	329
.PEN_UP
.PEN_DOWN
	218	331
	218	330
	218	327
	218	325
	218	323
	217	321
	217	319
	217	317
	217	314
	217	313
	217	310
	217	309
.PEN_UP
.PEN_DOWN
	214	328
	215	327
	218	326
	220	325
	221	325
	223	323
	224	322
	226	321
	227	319
	228	318
	229	317
	230	315
	231	314
.PEN_UP
.PEN_DOWN
	235	333
	235	332
	235	331
	235	330
	235	328
	235	327
	235	324
	235	322
	235	320
	235	317
	235	312
	235	310
	236	309
.PEN_UP
.PEN_DOWN
	264	335
	265	334
	265	332
	265	330
	265	329
	265	328
	265	327
	265	326
	265	325
	265	324
	265	323
	265	324
	265	325
	265	326
	265	327
	265	328
	264	329
	264	330
	263	331
	262	332
	261	332
	260	332
	259	332
	258	332
	257	332
	255	331
	254	330
	253	328
	252	326
	250	325
	250	323
	248	319
	247	317
	247	315
	247	314
	247	312
	247	311
	248	310
	248	309
	249	308
	250	307
	251	306
	253	306
	256	305
	258	305
	259	304
	261	304
	263	304
	264	304
	266	304
	267	304
	269	305
	270	305
	271	306
	272	306
	274	308
	275	310
	275	312
	275	313
	274	314
	273	314
	272	315
	270	315
	268	315
	266	315
	261	315
	259	315
	257	315
	256	314
.PEN_UP
.PEN_DOWN
	311	331
	311	328
	311	327
	311	325
	311	323
	311	320
	311	318
	311	315
	311	313
	311	310
	311	309
	311	307
	312	306
	313	304
.PEN_UP
.PEN_DOWN
	300	337
	301	337
	302	337
	303	337
	304	337
	306	337
	308	337
	310	336
	314	336
	316	335
	319	335
	322	334
	324	333
	326	332
	329	330
	330	328
	332	327
	333	325
	334	323
	334	319
	334	317
	334	315
	334	314
	334	313
	333	311
	332	310
	331	309
	330	308
	329	308
	327	307
	326	306
	323	306
	321	306
	319	305
	316	305
	314	305
	312	305
	309	305
	308	306
	306	306
	305	306
.PEN_UP
.PEN_DOWN
	357	333
	355	332
	355	330
	354	329
	353	327
	352	324
	351	322
	349	319
	348	316
	347	314
	346	311
	345	309
	344	305
	344	303
	344	302
.PEN_UP
.PEN_DOWN
	356	334
	357	333
	357	332
	358	331
	358	330
	359	329
	360	327
	360	325
	360	323
	361	320
	361	315
	361	313
	361	311
	362	310
	362	308
	363	307
	363	306
.PEN_UP
.PEN_DOWN
	349	315
	351	315
	352	315
	354	315
	356	316
	358	316
	360	316
	362	316
	364	316
	365	316
	367	316
	368	316
	370	316
.PEN_UP
.PEN_DOWN
	381	328
	381	327
	381	326
	381	324
	381	323
	381	322
	381	320
	381	319
	381	317
	381	316
	381	314
	381	311
	381	310
	381	308
	381	307
	381	306
.PEN_UP
.PEN_DOWN
	378	330
	379	331
	380	331
	381	332
	382	332
	383	332
	385	333
	388	333
	390	334
	391	334
	393	334
	394	334
	396	335
	398	335
	399	335
	400	335
	402	334
	403	334
.PEN_UP
.PEN_DOWN
	380	316
	381	316
	384	316
	385	316
	386	317
	388	317
	389	317
	391	318
	392	318
	394	318
	395	318
	396	318
	397	318
	398	318
.PEN_UP
.PEN_DOWN
	415	330
	416	331
	417	330
	417	329
	417	328
	417	326
	417	325
	417	323
	417	321
	417	319
	417	317
	417	315
	418	311
	419	309
	419	308
	419	307
	420	306
	420	305
	420	304
.PEN_UP
.PEN_DOWN
	401	333
	402	333
	403	333
	404	333
	405	333
	407	333
	408	333
	410	333
	412	333
	414	333
	416	333
	419	332
	421	332
	426	332
	428	332
	430	332
	432	332
	434	332
	435	332
	436	332
.PEN_UP
.PEN_DOWN
	482	328
	483	328
	484	328
	484	327
	484	326
	484	324
	484	323
	485	322
	485	320
	485	319
	485	316
	485	315
	485	313
	485	312
	484	311
	484	310
	484	309
	483	308
	482	307
	481	306
	480	305
	478	305
	477	304
	476	304
	475	304
	474	304
	472	304
	471	305
	470	305
	469	305
.PEN_UP
.PEN_DOWN
	469	328
	470	328
	472	328
	474	328
	476	328
	478	328
	480	329
	483	330
	485	330
	488	330
	490	331
	492	331
	494	331
	498	331
	499	330
	500	330
	501	329
.PEN_UP
.PEN_DOWN
	517	326
	517	325
	517	324
	516	322
	516	321
	516	320
	516	318
	516	317
	516	316
	516	314
	516	313
	516	312
	516	310
	516	309
	516	308
.PEN_UP
.PEN_DOWN
	494	305
	495	305
	496	305
	498	305
	499	305
	500	305
	502	305
	504	305
	506	305
	508	305
	510	305
	515	305
	517	305
	519	305
	521	305
	522	305
	524	305
	526	305
	527	305
	528	305
	529	305
.PEN_UP
.PEN_DOWN
	502	326
	504	326
	505	327
	506	327
	508	327
	510	328
	512	328
	514	328
	517	329
	519	329
	521	330
	526	330
	528	330
	530	330
	533	330
.PEN_UP
.PEN_DOWN
	553	323
	553	322
	553	319
	553	317
	553	315
	553	311
	554	310
	554	308
	554	307
	555	305
.PEN_UP
.PEN_DOWN
	551	331
	552	331
	554	330
	555	329
	557	328
	558	327
	560	326
.PEN_UP
.PEN_DOWN
	576	323
	575	323
	574	323
	571	321
	569	320
	568	319
	566	319
	564	318
	563	317
	562	316
	560	315
	559	314
	558	313
	557	313
	557	311
.PEN_UP
.PEN_DOWN
	572	329
	572	328
	572	326
	573	325
	574	324
	574	323
	575	321
	576	320
	577	319
	578	318
	579	316
	580	315
	582	314
	584	310
	585	309
	586	308
	588	306
	588	305
	589	304
.PEN_UP
