
.WRITER_ID IanFelix
.STYLE PRINTED
.PEN_DOWN
	87	302
	88	302
	88	303
	88	302
	88	300
	88	299
	88	297
	88	295
	88	293
	88	290
	88	288
	88	285
	88	282
	88	277
	88	275
	88	272
	89	271
	89	270
	89	268
	90	268
	90	267
.PEN_UP
.PEN_DOWN
	79	308
	80	309
	81	310
	83	310
	86	310
	88	310
	90	310
	92	310
	94	309
	96	309
	98	308
	101	308
	102	307
	104	306
	105	304
	106	303
	106	300
	106	299
	106	297
	105	296
	104	295
	103	293
	101	292
	99	291
	97	290
	94	289
	92	288
	90	288
	86	287
	84	287
	83	287
	81	287
.PEN_UP
.PEN_DOWN
	115	280
	116	280
	116	281
	116	282
	116	283
	115	284
	115	285
	114	287
	113	287
	112	287
	111	287
	110	287
	109	287
	108	286
	107	285
	106	284
	105	282
	105	280
	104	277
	104	275
	104	273
	105	272
	105	271
	107	270
	108	270
	110	270
	111	270
	113	270
	114	271
	116	272
	119	273
	120	274
	121	275
	122	276
	122	277
	122	278
	122	279
	122	280
	121	280
	120	280
	119	280
	118	279
	118	278
	118	277
	118	276
	118	275
	118	274
	119	273
	120	272
	121	271
	124	270
	126	269
	128	269
	130	269
.PEN_UP
.PEN_DOWN
	155	285
	155	284
	154	283
	153	283
	152	282
	151	280
	149	279
	148	278
	147	276
	145	274
	144	271
	141	267
	139	265
	138	263
	137	262
	136	260
	135	259
	134	258
	133	257
	133	256
.PEN_UP
.PEN_DOWN
	132	283
	133	283
	133	282
	134	282
	135	281
	137	280
	138	279
	139	279
	140	278
	142	277
	143	276
	144	275
	146	274
	146	273
.PEN_UP
.PEN_DOWN
	192	295
	192	296
	193	296
	193	297
	192	297
	192	298
	191	298
	190	298
	189	298
	188	297
	184	296
	183	294
	181	293
	180	292
	178	291
	177	290
	176	289
	176	288
	176	287
	177	287
	178	287
	180	287
	181	287
	183	287
	185	287
	187	288
	189	288
	191	288
	193	288
	194	287
	195	287
	197	286
	197	284
	197	283
	197	282
	197	281
	197	280
	196	279
	195	278
	193	277
	192	276
	190	275
	188	275
	184	274
	182	274
	180	274
	178	274
	177	274
	176	274
	175	274
	174	275
	173	275
.PEN_UP
.PEN_DOWN
	183	310
	184	310
	184	309
	185	307
	185	306
	186	304
	187	302
	187	300
	187	297
	187	294
	188	291
	188	288
	188	283
	188	280
	188	278
	188	276
	188	274
	188	273
	188	271
	189	270
.PEN_UP
.PEN_DOWN
	191	307
	192	306
	192	305
	192	304
	192	303
	192	302
	192	301
	192	299
	192	297
	192	295
	192	290
	193	287
	193	285
	193	282
	193	279
	194	277
	194	275
	195	274
	196	272
	197	271
	197	270
.PEN_UP
.PEN_DOWN
	219	299
	219	298
	219	297
	219	296
	219	295
	219	293
	219	292
	219	290
	219	288
	219	287
	219	285
	219	284
	219	282
	220	279
	220	278
	220	277
	221	276
	222	275
.PEN_UP
.PEN_DOWN
	220	299
	221	299
	221	298
	221	297
	220	297
	220	296
	219	295
	218	294
	218	293
	217	292
	217	291
	216	290
	215	288
	215	287
	214	286
	214	285
.PEN_UP
.PEN_DOWN
	210	275
	210	274
	211	274
	212	273
	213	273
	214	273
	216	273
	217	274
	219	274
	221	274
	225	275
	227	275
.PEN_UP
.PEN_DOWN
	238	279
	239	278
	239	277
	240	277
	241	277
.PEN_UP
.PEN_DOWN
	245	302
	246	302
	246	303
	247	303
	248	304
	249	304
	250	304
	251	304
	252	304
	255	304
	256	303
	257	302
	257	301
	258	300
	258	298
	258	297
	258	295
	258	294
	257	292
	256	289
	255	288
	254	286
	254	285
	253	284
	252	284
	252	283
	251	282
	250	282
	250	283
	250	284
	251	284
	251	285
	252	285
	253	286
	254	286
	255	286
	257	286
	257	285
	258	284
	260	283
	260	282
	262	281
	262	280
	263	280
.PEN_UP
.PEN_DOWN
	269	301
	270	301
	271	302
	272	302
	273	302
	275	302
	277	302
	279	302
	280	302
	283	302
	284	301
	285	301
	285	300
	285	299
	285	298
	285	297
	285	296
	285	295
	284	294
	283	293
	282	293
	279	291
	278	291
	277	290
	276	290
	275	290
	275	291
	276	291
	277	291
	280	291
	281	291
	283	291
	284	291
	286	290
	287	290
	288	289
	289	288
	291	287
	292	287
	292	286
	293	284
	293	283
	293	282
	291	281
	290	280
	289	279
	287	279
	285	278
	283	278
	281	277
	278	277
	273	277
	272	277
	271	277
.PEN_UP
.PEN_DOWN
	315	293
	314	293
	313	292
	312	291
	311	291
	311	290
	310	289
	310	288
	310	287
	310	286
	310	285
	311	284
	311	283
	313	281
	314	280
	315	280
	316	280
	318	280
	319	280
	321	280
	322	280
	323	281
	324	281
	325	282
	325	283
	326	285
	326	286
	326	287
	325	288
	325	289
	324	290
	323	290
	321	291
	320	292
	318	292
	317	292
	314	292
	313	292
	312	291
	311	291
	310	290
	310	289
	310	288
	310	287
	310	285
	310	284
	311	283
	312	282
	314	280
	315	279
	317	279
	318	278
	320	278
	322	278
	324	278
	325	279
	327	279
	328	279
	330	280
	331	282
	333	284
	333	285
	333	287
	333	288
	333	290
	333	291
	333	293
	333	294
	331	296
	330	298
	328	300
	324	303
	323	303
	321	303
	319	303
	317	303
	315	302
	313	301
	311	299
	310	297
	308	295
	308	293
	308	291
	308	286
	308	284
	309	283
	311	281
	312	279
	314	278
	317	277
	320	277
	324	276
	327	275
	330	275
	332	275
	338	274
	340	274
	343	274
.PEN_UP
.PEN_DOWN
	355	297
	355	296
	354	296
	353	295
	353	294
	352	293
	352	292
	352	291
	353	291
	353	290
	354	290
	355	289
	357	289
	358	288
	361	288
	362	288
	366	287
	368	286
	370	286
	372	285
	373	285
	374	284
	375	284
.PEN_UP
.PEN_DOWN
	369	301
	369	299
	369	298
	369	297
	369	296
	369	294
	369	293
	369	291
	369	289
	369	285
	369	283
	369	281
	370	279
	370	277
	370	276
	370	274
	371	273
	372	272
	372	271
	373	271
.PEN_UP
.PEN_DOWN
	384	299
	385	299
	385	298
	385	297
	384	296
	384	295
	384	294
	385	294
.PEN_UP
.PEN_DOWN
	386	278
	386	277
	386	276
	386	275
	386	274
.PEN_UP
.PEN_DOWN
	405	297
	405	296
	404	295
	402	294
	400	294
	399	293
	398	293
	397	292
	397	291
	397	290
	398	289
	400	288
	402	288
	403	288
	405	287
	407	287
	408	286
	409	286
	411	285
	412	284
	412	283
	412	282
	412	281
	412	279
	412	278
	411	277
	410	277
	409	276
	408	276
	407	276
	405	276
	404	276
	403	276
	400	277
	398	278
	397	278
	396	279
	394	280
.PEN_UP
.PEN_DOWN
	398	293
	399	292
	400	292
	401	292
	402	292
	403	293
	405	293
	407	294
	409	294
	411	295
	413	296
	414	296
	416	297
	417	297
	420	297
.PEN_UP
.PEN_DOWN
	429	295
	428	294
	427	294
	426	293
	426	292
	425	291
	424	290
	423	289
	422	288
	422	287
	422	284
	422	283
	422	281
	423	280
	423	279
	424	277
	425	277
	427	276
	428	276
	430	276
	432	276
	435	277
	436	277
	437	278
	439	279
	440	281
	441	283
	442	284
	442	285
	442	287
	442	288
	441	289
	437	289
	435	289
	433	289
	430	288
	428	288
	426	287
	424	286
	423	285
.PEN_UP
.PEN_DOWN
	461	282
	461	281
	461	280
	461	279
	461	277
	461	275
	461	273
	460	271
	460	269
	460	266
	460	264
	460	262
	460	261
	460	259
	460	257
	461	257
.PEN_UP
.PEN_DOWN
	454	289
	454	290
	454	291
	455	292
	456	292
	457	292
	460	292
	462	292
	464	292
	466	292
	469	291
	470	290
	472	289
	474	288
	475	287
	476	286
	476	285
	476	282
	476	281
	475	280
	474	279
	473	278
	471	277
	470	276
	468	275
	465	275
	464	274
	462	274
	460	274
	457	274
	455	274
.PEN_UP
.PEN_DOWN
	484	291
	485	290
	485	288
	485	287
	484	286
	484	284
	484	283
	484	281
	484	279
	484	278
	484	275
	485	271
	485	270
	485	268
	485	267
	486	265
	486	264
	487	263
.PEN_UP
.PEN_DOWN
	483	293
	484	293
	485	293
	486	293
	487	293
	488	292
	489	292
	490	291
	491	289
	491	288
	492	287
	493	285
	494	284
	494	283
	495	282
	496	282
	496	281
	496	280
.PEN_UP
.PEN_DOWN
	503	292
	502	292
	501	292
	500	291
	499	291
	498	290
	497	290
	496	289
	494	287
	493	287
	492	286
	492	285
	492	284
.PEN_UP
.PEN_DOWN
	502	296
	502	295
	502	294
	503	293
	503	292
	503	291
	504	288
	505	286
	505	285
	506	283
	507	281
	508	280
	510	278
	510	277
	512	275
	513	275
	514	273
	514	272
.PEN_UP
