
.WRITER_ID IanFelix
.STYLE PRINTED
.PEN_DOWN
	71	334
	72	333
	72	332
	73	331
	73	330
	73	329
	74	328
	74	326
	75	324
	75	322
	75	321
	76	319
	76	318
	76	316
	77	315
	77	313
	78	313
	78	312
	79	310
	79	309
	80	309
	81	309
	81	310
	82	311
	82	312
	83	313
	83	315
	84	318
	85	320
	85	322
	85	324
	86	326
	86	327
	87	329
	87	331
	88	332
	88	334
	89	335
	90	335
.PEN_UP
.PEN_DOWN
	103	319
	103	318
	104	318
	105	318
	107	318
	108	318
	109	318
	110	319
	110	320
	112	320
	112	321
	113	322
	114	323
	115	325
	115	326
	116	328
	116	329
	116	330
	115	330
	115	331
	114	331
	113	332
	112	332
	110	332
	109	332
	107	331
	105	330
	101	328
	100	326
	99	324
	98	322
	98	320
	98	318
	98	316
	98	314
	99	313
	100	312
	101	312
	103	312
	107	312
	109	312
	111	313
	113	314
	115	315
	118	316
	120	317
	121	317
.PEN_UP
.PEN_DOWN
	152	337
	152	336
	151	336
	150	336
	150	335
	148	333
	147	331
	146	330
	145	328
	143	326
	141	324
	138	320
	137	318
	135	317
	134	316
	132	315
	132	314
	131	313
	130	312
	129	311
.PEN_UP
.PEN_DOWN
	130	330
	131	330
	132	329
	133	329
	134	328
	136	327
	136	326
	137	325
	138	324
	138	322
	139	321
	140	319
	140	318
	141	317
	142	315
	142	314
.PEN_UP
.PEN_DOWN
	161	329
	161	328
	161	327
	161	326
	161	325
	162	323
	162	322
	162	320
	163	318
	163	317
	163	316
	164	316
	164	315
	165	315
.PEN_UP
.PEN_DOWN
	164	342
	165	342
	165	343
	165	344
	164	345
.PEN_UP
.PEN_DOWN
	180	326
	180	325
	180	324
	180	323
	180	322
	180	320
	180	319
	180	317
	180	315
	180	313
	180	312
	181	311
	181	310
	182	310
	183	310
	183	311
	184	312
	185	314
	185	316
	186	317
	186	318
	186	320
	187	321
	187	322
	187	324
	188	325
	188	327
	188	328
	189	328
	190	328
	191	327
	191	326
	191	324
	191	322
	191	321
	192	319
	192	318
	193	317
	195	315
	196	315
.PEN_UP
.PEN_DOWN
	220	329
	220	330
	219	330
	218	330
	217	330
	216	329
	215	329
	215	328
	213	327
	212	326
	211	325
	210	324
	209	323
	208	322
	207	321
	207	320
	207	319
	207	318
	208	318
	209	318
	210	318
	211	318
	212	319
	215	320
	216	320
	217	321
	218	321
	219	321
	219	320
	219	319
	219	318
	219	317
	219	315
	219	313
	219	312
	219	311
	219	309
	219	308
	220	307
	220	306
	220	304
	221	303
	221	302
	222	301
	222	300
	222	299
	222	298
	221	297
	220	297
	219	296
	217	296
	216	296
	214	295
	210	295
	208	295
	207	295
	204	295
	203	295
.PEN_UP
.PEN_DOWN
	261	346
	262	345
	262	344
	262	342
	262	341
	262	339
	263	336
	263	333
	264	331
	264	329
	265	327
	265	326
	265	324
	266	323
	266	322
	267	321
	267	320
	268	319
	268	320
	268	321
	267	321
	267	322
	267	323
	266	324
	265	326
	264	327
	263	327
	262	328
	260	329
	259	330
	258	330
	257	330
	256	330
	255	330
	254	329
	253	328
	251	326
	250	324
	250	322
	250	320
	250	319
	250	317
	250	316
	251	315
	252	314
	253	314
	255	313
	257	313
	261	313
	263	314
	266	314
	267	314
	269	314
	271	315
	272	315
.PEN_UP
.PEN_DOWN
	283	330
	282	329
	281	328
	280	327
	279	326
	279	325
	278	324
	278	323
	278	322
	278	321
	278	320
	278	319
	279	318
	281	317
	283	317
	284	317
	285	317
	287	318
	288	318
	289	319
	291	320
	292	320
	293	321
	294	322
	294	324
	294	325
	293	325
	292	325
	291	325
	291	324
	290	323
	290	322
	290	320
	290	319
	291	318
	291	317
	292	316
	293	315
	293	314
	294	313
	295	313
.PEN_UP
.PEN_DOWN
	307	329
	308	329
	309	329
	310	329
	311	329
	312	330
	313	332
	314	333
	315	334
	315	336
	316	337
	317	338
	317	340
	317	341
	317	342
	317	344
	317	345
	316	347
	315	348
	314	348
	312	348
	311	348
	310	347
	309	346
	308	345
	307	344
	306	342
	306	339
	305	338
	305	336
	305	334
	305	331
	306	330
	306	328
	307	326
	308	325
	309	323
	310	322
	310	321
	312	319
	313	318
	314	317
	314	316
	315	315
	315	314
	315	313
.PEN_UP
.PEN_DOWN
	300	324
	301	324
	302	325
	303	325
	304	325
	305	326
	306	326
	307	326
	309	326
	312	326
	313	326
	314	326
	315	326
	316	326
	317	325
	318	325
	319	324
.PEN_UP
.PEN_DOWN
	331	351
	331	349
	331	347
	331	346
	331	345
	331	343
	331	339
	331	337
	332	335
	332	333
	332	331
	332	329
	332	327
	332	325
	333	323
	333	322
	333	320
	333	319
	333	317
	333	316
	333	315
.PEN_UP
.PEN_DOWN
	322	332
	323	332
	324	333
	325	333
	326	333
	327	334
	329	334
	330	335
	332	335
	333	336
	335	336
	337	336
	340	336
	341	335
	343	335
	344	335
	345	335
	346	334
	347	334
	349	334
	349	333
.PEN_UP
.PEN_DOWN
	391	327
	391	326
	391	325
	391	324
	391	323
	391	322
	391	321
	391	319
	391	318
	391	315
	392	313
	392	312
	392	310
	392	309
	392	307
	392	306
	392	304
	392	303
	391	302
	391	301
	390	300
	389	299
	388	299
	388	298
	387	298
	385	298
	384	298
	383	298
	382	298
	381	299
	380	299
	379	300
	378	301
	377	302
	377	304
.PEN_UP
.PEN_DOWN
	389	339
	390	339
	390	340
	391	340
	391	339
	392	339
.PEN_UP
.PEN_DOWN
	407	324
	407	323
	407	322
	407	321
	408	320
	408	319
	408	318
	408	317
	409	317
	409	316
.PEN_UP
.PEN_DOWN
	404	341
	405	341
	405	340
	404	340
	404	339
	403	339
	403	338
	403	337
	403	336
	404	336
	405	336
.PEN_UP
.PEN_DOWN
	420	328
	421	327
	421	326
	421	325
	421	324
	421	322
	421	320
	421	319
	421	318
	421	317
	421	316
	421	315
	422	314
	423	314
	424	314
	425	315
	425	317
	426	318
	427	319
	427	320
	428	321
	428	322
	429	324
	429	325
	430	327
	431	328
	431	329
	432	329
	432	328
	432	327
	432	326
	431	324
	431	323
	431	322
	431	320
	431	319
	431	317
	431	316
	432	316
	433	316
	434	316
	435	316
	436	317
	436	318
	437	319
	439	321
	440	322
	441	323
	443	325
	444	326
	445	327
	446	327
	447	327
	447	326
	447	324
	447	323
	447	321
	447	320
	447	318
	448	317
	448	316
	449	315
	450	313
.PEN_UP
