
.WRITER_ID IanFelix
.STYLE PRINTED
.PEN_DOWN
	70	291
	69	291
	69	292
	68	291
	68	290
	68	289
	68	288
	68	286
	68	284
	68	281
	69	279
	69	274
	69	272
	69	270
	69	269
	69	268
	69	267
	69	266
	70	265
.PEN_UP
.PEN_DOWN
	58	293
	58	294
	57	294
	57	295
	57	296
	58	297
	58	298
	59	299
	60	300
	62	300
	63	301
	65	301
	67	301
	69	301
	71	300
	74	299
	75	298
	78	296
	79	295
	80	294
	80	293
	80	291
	80	290
	80	289
	80	288
	80	287
	79	286
	78	284
	77	283
	74	281
	72	280
	70	280
	69	279
	67	279
	66	279
.PEN_UP
.PEN_DOWN
	81	267
	82	267
	83	267
	84	267
	85	268
	86	268
	88	270
	89	271
	90	272
	90	273
	91	274
	91	275
	91	276
	91	277
	90	278
	89	279
	88	279
	87	280
	86	280
	84	280
	82	279
	82	278
	81	277
	81	276
	80	275
	80	274
	80	271
	81	270
	83	269
	84	268
	85	267
	87	267
	89	267
	91	267
	93	267
	94	267
	98	267
	99	267
.PEN_UP
.PEN_DOWN
	103	275
	104	274
	105	273
	105	271
	105	270
	106	270
	106	269
	107	268
	108	267
	109	267
	109	268
	108	268
	108	269
	107	270
	107	271
	106	272
	105	273
	104	273
	104	274
	103	276
	103	277
	103	278
	103	279
	104	279
	105	279
	106	279
	107	279
	108	279
	112	280
	114	280
	115	280
	117	281
	119	281
	120	281
.PEN_UP
.PEN_DOWN
	117	298
	117	297
	118	296
	118	294
	118	293
	118	290
	119	288
	120	286
	120	283
	121	281
	121	278
	122	276
	123	272
	124	271
	124	270
	125	269
	125	268
	126	267
	126	266
	127	266
	127	268
	128	269
	128	270
	129	270
	129	272
	130	273
	130	274
	131	275
	132	275
	133	275
	134	275
	135	274
	135	273
	135	271
	136	270
	136	269
	137	268
	138	267
	138	266
	139	265
	140	264
.PEN_UP
.PEN_DOWN
	149	278
	148	278
	147	278
	146	279
	145	279
	144	279
	143	279
	142	279
	142	278
	142	277
	142	276
	142	275
	143	273
	144	272
	145	272
	146	271
	147	271
	148	270
	150	270
	151	270
	152	271
	153	272
	153	273
	153	274
	153	275
	152	275
	152	276
	151	277
	150	277
	151	277
	152	276
	152	275
	153	274
	153	273
	154	272
	154	271
	156	270
	158	269
	161	268
	162	268
	163	267
	164	267
	166	267
.PEN_UP
.PEN_DOWN
	169	280
	169	279
	169	278
	169	277
	170	276
	170	274
	170	273
	170	272
	170	270
	171	269
	171	266
	171	265
	171	263
	171	261
	171	259
	171	257
	171	255
	171	252
	171	250
	171	249
.PEN_UP
.PEN_DOWN
	166	278
	167	278
	168	278
	169	279
	171	279
	172	280
	173	280
	175	280
	177	281
	179	281
	181	281
	182	281
	184	280
	186	279
	187	277
	187	276
	187	275
	186	275
	185	274
	184	273
	182	272
	181	271
	179	270
	177	270
	176	269
.PEN_UP
.PEN_DOWN
	202	280
	201	280
	200	280
	199	280
	198	280
	197	279
	195	279
	194	279
	192	278
	191	278
	190	278
	190	277
	191	277
	192	276
	193	276
	194	275
	198	274
	200	274
	201	273
	204	273
	205	272
	206	271
	207	270
	208	270
	208	269
	209	269
	209	268
	208	267
	207	267
	206	266
	205	266
	203	266
	201	266
	199	266
	197	266
	195	266
	194	266
	192	266
	191	266
	190	266
.PEN_UP
.PEN_DOWN
	241	293
	242	293
	241	293
	241	292
	241	291
	241	289
	241	287
	241	284
	241	282
	241	279
	241	276
	241	273
	241	271
	241	267
	242	265
	242	264
	243	263
	243	261
	244	260
	244	259
.PEN_UP
.PEN_DOWN
	224	279
	224	278
	225	278
	226	277
	227	277
	229	277
	232	277
	235	277
	238	277
	242	277
	245	277
	249	278
	252	278
	256	278
	259	278
	261	278
	262	278
	265	278
.PEN_UP
.PEN_DOWN
	262	294
	262	293
	262	292
	262	290
	262	288
	262	286
	262	284
	262	282
	262	279
	263	277
	263	275
	263	271
	263	270
	263	268
	263	267
	263	266
	263	265
	263	264
	263	265
	264	266
	265	267
	265	268
	266	269
	266	270
	267	272
	268	274
	268	276
	269	278
	270	279
	271	280
	273	280
	273	279
	274	278
	274	276
	274	275
	274	273
	274	272
	274	270
	274	269
	275	267
	276	266
	277	264
	278	264
	278	263
	279	263
.PEN_UP
.PEN_DOWN
	284	267
	284	266
	285	266
	286	266
	287	267
	288	268
	289	268
	290	269
	291	270
	292	271
	292	272
	293	274
	294	275
	294	276
	294	277
	294	279
	294	280
	294	281
	292	282
	290	282
	289	282
	288	281
	287	280
	286	279
	285	278
	284	277
	283	275
	283	274
	283	272
	283	271
	283	269
	284	268
	285	267
	287	266
	288	266
	290	266
	291	266
	294	266
	295	266
	298	266
	300	266
	304	267
	306	267
.PEN_UP
.PEN_DOWN
	341	278
	341	279
	341	280
	341	281
	340	282
	339	282
	337	282
	336	282
	335	282
	333	282
	331	281
	330	280
	329	279
	327	278
	325	277
	325	276
	324	275
	324	272
	324	271
	325	270
	326	269
	327	269
	329	269
	330	269
	332	269
	334	269
	336	269
	337	270
	338	270
	340	271
	340	272
	341	272
	341	273
	340	273
	340	272
	339	272
	338	271
	338	270
	338	269
	338	268
	338	267
	338	266
	338	265
	338	263
	339	262
	339	261
	339	260
	339	257
	339	256
	339	255
	339	254
	338	253
	337	252
	336	252
	335	252
	334	252
	333	252
	330	252
	328	252
	327	252
	325	253
	324	253
	323	254
	322	254
.PEN_UP
.PEN_DOWN
	361	302
	362	301
	362	300
	362	299
	362	298
	363	296
	363	294
	363	290
	363	288
	363	286
	364	284
	364	283
	364	280
	364	279
	365	277
	365	275
	365	274
	365	273
.PEN_UP
.PEN_DOWN
	391	282
	392	282
	393	283
	393	284
	392	284
	392	285
	392	286
	391	286
	391	287
	390	287
	389	287
	388	287
	387	287
	385	287
	384	287
	383	286
	382	285
	381	284
	380	283
	379	281
	378	279
	378	278
	378	277
	378	276
	379	275
	381	274
	382	274
	383	274
	385	274
	386	274
	387	274
	389	275
	390	275
	391	276
	391	277
	392	278
	392	279
	392	280
	392	281
	391	281
	391	282
	390	282
	389	282
	388	282
	387	281
	386	280
	386	279
	386	277
	386	276
	386	275
	387	273
	387	272
	388	271
	390	270
	391	270
	392	269
	394	269
	396	268
	397	268
	400	268
.PEN_UP
.PEN_DOWN
	428	280
	428	281
	428	282
	427	283
	426	283
	424	283
	423	283
	421	283
	419	283
	417	282
	415	282
	413	282
	412	281
	411	281
	409	280
	409	279
	409	278
	411	278
	412	277
	413	276
	415	275
	417	275
	419	274
	422	272
	424	271
	425	271
	426	270
	428	270
	428	269
	428	268
	428	267
	427	266
	426	266
	424	265
	422	264
	420	264
	418	264
	416	264
	414	264
	413	264
	411	264
	410	264
	409	264
.PEN_UP
.PEN_DOWN
	447	281
	448	281
	447	281
	446	281
	445	281
	443	280
	441	280
	440	280
	439	280
	438	280
	437	279
	438	277
	439	277
	440	276
	441	275
	442	275
	444	274
	445	273
	446	272
	447	271
	448	271
	449	270
	449	268
	449	267
	449	266
	448	266
	447	266
	446	266
	445	266
	444	266
	442	265
	441	265
	437	265
	436	265
	434	265
	433	264
	432	264
	431	263
	430	263
.PEN_UP
.PEN_DOWN
	489	271
	489	270
	489	269
	489	268
	489	266
	489	263
	489	262
	488	260
	488	259
	488	257
	488	256
	488	254
	488	253
	488	252
.PEN_UP
.PEN_DOWN
	479	279
	481	279
	482	279
	483	279
	485	279
	488	279
	489	278
	491	278
	492	277
	494	276
	495	275
	496	275
	497	274
	497	273
	497	272
	497	271
	496	270
	495	270
	494	269
	492	269
	491	269
	489	268
	488	268
.PEN_UP
.PEN_DOWN
	505	295
	505	294
	505	292
	505	290
	505	288
	505	286
	505	283
	505	280
	505	278
	506	276
	506	274
	506	272
	507	270
	507	267
	508	266
	508	265
.PEN_UP
.PEN_DOWN
	520	279
	519	279
	518	279
	517	279
	516	279
	515	278
	514	277
	512	276
	511	275
	511	273
	511	272
	511	269
	511	268
	511	267
	513	266
	514	266
	515	266
	516	266
	518	266
	519	266
	520	266
	522	267
	523	267
	525	269
	525	270
	525	271
	525	272
	525	273
	525	274
	525	275
	524	275
	523	275
	523	274
	523	273
	523	272
	524	271
	524	270
	525	270
	526	268
	527	267
	528	266
	530	266
	533	264
	534	264
.PEN_UP
.PEN_DOWN
	541	294
	541	293
	541	290
	541	288
	541	285
	541	283
	541	281
	541	279
	541	276
	541	275
	542	272
	542	270
	542	269
	543	268
	543	265
	543	264
	544	264
.PEN_UP
.PEN_DOWN
	528	282
	530	281
	531	281
	533	281
	535	281
	537	281
	539	281
	541	282
	544	282
	548	282
	550	282
.PEN_UP
.PEN_DOWN
	554	269
	554	268
	555	268
	556	268
	557	268
	558	268
	559	268
	560	268
	561	268
	562	268
	563	269
	564	269
	565	270
	566	271
	567	271
	567	272
	567	273
	568	274
	568	275
	568	276
	567	276
	567	277
	566	278
	564	278
	563	279
	562	279
	560	279
	559	279
	558	278
	556	276
	556	275
	555	275
	555	274
	555	272
	555	271
	555	270
	556	269
	557	268
	558	268
	559	267
	562	266
	564	266
	566	266
	567	266
	569	265
	571	265
	572	265
	573	265
.PEN_UP
.PEN_DOWN
	602	274
	602	275
	601	275
	600	275
	599	276
	598	276
	596	276
	594	275
	593	275
	591	275
	588	274
	587	274
	585	274
	584	273
	583	273
	584	272
	587	271
	589	271
	591	270
	593	270
	595	269
	598	269
	600	268
	601	267
	603	266
	604	266
	605	265
	605	264
	605	263
	605	262
	604	262
	603	261
	602	261
	600	261
	599	261
	597	261
	595	262
	592	262
	588	262
	586	262
	584	262
	583	262
	582	262
	581	262
	580	261
.PEN_UP
.PEN_DOWN
	630	275
	630	276
	630	277
	631	277
	631	276
	631	274
	631	272
	631	271
	631	270
	631	268
	632	267
	632	266
	633	265
	633	264
	634	264
	635	264
	636	264
	638	264
	639	264
	641	265
	642	266
	643	266
	644	267
	645	268
	645	269
	645	270
	645	271
	645	273
	645	274
	644	274
	643	274
	643	273
	643	271
	643	270
	643	269
	643	266
	644	265
	646	264
	647	263
	649	263
	651	263
	652	263
	654	263
	656	263
	658	264
	659	265
	661	266
	663	267
	664	268
	665	270
	665	272
	665	273
	665	275
	664	276
	664	277
	663	279
	662	281
	660	284
	658	286
.PEN_UP
.PEN_DOWN
	682	272
	682	273
	681	274
	681	275
	680	275
	679	276
	678	276
	677	276
	676	276
	675	276
	673	276
	672	275
	671	275
	670	274
	669	274
	669	273
	669	271
	669	270
	670	268
	671	267
	672	266
	674	265
	678	264
	680	263
	682	263
	684	262
	686	262
	689	262
	691	262
	693	262
	695	263
	697	263
	699	263
.PEN_UP
.PEN_DOWN
	698	275
	699	275
	699	274
	699	273
	699	272
	699	270
	699	269
	699	267
	699	266
	699	265
	699	264
	699	263
	700	263
	700	262
	701	262
	701	263
	701	264
	701	265
	701	266
	701	267
	701	268
	701	269
	701	270
	700	273
	700	274
	700	276
	700	277
	700	278
	700	279
	700	280
	701	280
	702	280
	703	280
	704	280
	705	280
	707	279
	708	279
	710	279
	711	279
	712	278
.PEN_UP
.PEN_DOWN
	720	265
	720	266
	721	266
	722	267
	723	268
	724	269
	724	270
	725	270
	725	272
	725	273
	724	274
	724	275
	723	275
	722	275
	721	275
	719	274
	718	273
	716	271
	714	270
	713	270
	713	268
	712	267
	712	266
	712	265
	712	264
	713	263
	714	263
	715	262
	717	261
	720	261
	722	261
	724	261
	727	261
	729	261
	733	261
	735	261
	738	262
	740	262
	742	263
	744	263
	746	264
.PEN_UP
