
.WRITER_ID IanFelix
.STYLE PRINTED
.PEN_DOWN
	69	310
	70	309
	70	307
	71	306
	71	305
	71	304
	72	302
	72	300
	72	298
	72	297
	72	294
	72	293
	73	291
	73	289
	73	286
	73	285
	73	284
	74	283
	74	282
.PEN_UP
.PEN_DOWN
	58	285
	58	286
	57	286
	57	287
	57	288
	58	288
	59	288
	60	288
	60	287
	62	287
	63	287
	65	287
	69	287
	72	287
	74	288
	77	288
	79	289
	81	290
	83	291
	85	291
.PEN_UP
.PEN_DOWN
	76	306
	77	305
	77	304
	78	303
	78	302
	79	299
	80	298
	81	296
	82	294
	83	293
	83	291
	84	290
	85	288
	86	287
	86	286
	87	285
	87	283
	87	282
	87	281
	87	282
	87	283
	88	285
	88	286
	88	288
	88	289
	89	290
	89	292
	90	293
	91	295
	92	296
	93	296
	94	295
	94	294
	95	293
	95	292
	96	290
	96	288
	96	287
	97	285
	97	284
	97	283
	98	282
	99	281
	99	280
.PEN_UP
.PEN_DOWN
	111	293
	111	294
	111	295
	110	296
	109	297
	108	297
	107	297
	106	297
	105	297
	104	296
	103	295
	103	294
	102	292
	101	291
	101	290
	101	288
	102	287
	102	286
	103	285
	103	284
	104	284
	105	284
	106	284
	107	284
	108	284
	109	285
	111	287
	111	288
	112	289
	112	290
	112	291
	112	292
	112	293
	111	293
	110	293
	110	292
	109	292
	109	291
	109	289
	109	288
	109	287
	110	286
	110	285
	111	284
	112	283
	113	282
	114	281
	115	280
	116	280
.PEN_UP
.PEN_DOWN
	117	312
	117	311
	117	310
	117	309
	117	307
	118	306
	118	304
	118	303
	119	301
	119	299
	120	298
	120	296
	121	294
	122	292
	122	290
	122	289
	123	287
	123	286
	123	285
	123	284
.PEN_UP
.PEN_DOWN
	107	299
	108	299
	109	299
	110	300
	112	300
	114	301
	115	301
	117	302
	119	302
	122	303
	124	303
	126	303
	127	303
	130	302
	132	302
	132	301
	133	301
.PEN_UP
.PEN_DOWN
	155	300
	156	300
	156	301
	156	302
	156	303
	156	304
	156	305
	155	305
	155	304
	155	303
	155	300
	156	298
	156	296
	156	294
	156	291
	156	288
	157	286
	157	284
	158	282
	158	281
	159	279
	160	277
.PEN_UP
.PEN_DOWN
	141	294
	142	294
	143	294
	144	295
	145	295
	147	295
	149	296
	151	296
	153	296
	155	296
	160	296
	162	296
	164	296
	165	296
	166	296
	168	295
	169	295
	170	295
.PEN_UP
.PEN_DOWN
	167	309
	169	306
	169	304
	169	303
	169	301
	169	299
	169	297
	170	295
	170	293
	171	291
	171	288
	171	286
	172	284
	172	281
	172	280
	173	279
	173	278
	173	277
	174	279
	174	280
	175	281
	175	282
	176	284
	176	285
	177	287
	178	289
	178	291
	180	292
	181	293
	182	293
	183	293
	183	292
	183	290
	183	288
	183	287
	183	285
	183	284
	184	282
	184	280
	185	278
	186	277
	187	277
	188	276
	189	276
	190	276
.PEN_UP
.PEN_DOWN
	191	280
	192	281
	193	282
	194	282
	195	283
	195	284
	196	285
	197	286
	198	287
	199	290
	199	291
	199	292
	199	293
	199	294
	199	295
	198	295
	197	295
	196	295
	195	295
	193	293
	192	292
	190	291
	190	289
	189	288
	189	286
	189	284
	189	283
	190	282
	191	281
	192	280
	193	279
	196	279
	197	279
	198	279
	200	279
	201	279
	203	280
	204	280
	206	281
.PEN_UP
.PEN_DOWN
	208	286
	209	285
	209	284
	210	283
	210	282
	210	281
	211	280
	211	279
	210	279
	210	280
	210	281
	209	281
	209	284
	209	286
	209	287
	209	288
	210	289
	210	290
	211	291
	211	292
	212	293
	213	293
	215	294
	216	295
	217	295
	218	295
	220	295
	221	295
	222	295
	223	295
	224	295
.PEN_UP
.PEN_DOWN
	221	281
	222	281
	223	281
	224	282
	225	283
	226	284
	227	284
	228	286
	229	287
	229	288
	229	289
	229	290
	229	291
	228	291
	227	291
	226	291
	225	291
	222	289
	220	288
	219	286
	217	284
	216	283
	216	281
	216	279
	216	278
	216	277
	216	275
	217	275
	218	274
	221	274
	223	273
	226	273
	228	273
	231	273
	234	274
	237	274
	240	274
	243	274
.PEN_UP
.PEN_DOWN
	259	286
	259	285
	260	284
	260	282
	260	281
	260	280
	261	279
	261	278
	262	277
	262	276
	263	275
	264	275
	265	275
	266	275
	268	275
	269	276
	270	277
	271	278
	272	279
	272	280
	273	281
	274	283
	274	284
	274	285
	274	287
	274	288
	274	289
	273	289
	273	288
	272	287
	272	285
	272	283
	272	281
	273	279
	273	277
	275	275
	276	274
	277	274
	279	274
	280	274
	281	275
	282	275
	283	276
	284	277
	285	278
	285	279
	286	282
	286	283
	286	284
	286	286
	286	287
	285	288
	284	290
	283	291
	282	292
	281	293
	280	294
.PEN_UP
.PEN_DOWN
	297	286
	297	287
	295	288
	293	288
	292	288
	291	288
	289	287
	288	286
	287	285
	286	284
	285	282
	285	281
	285	278
	286	277
	287	276
	288	275
	289	275
	290	275
	291	275
	292	275
	294	275
	295	275
	296	276
	297	277
	299	279
	300	280
	300	281
	301	282
	301	283
	301	284
	301	285
	300	285
	299	284
	299	283
	298	281
	298	279
	298	278
	298	277
	299	275
.PEN_UP
.PEN_DOWN
	323	292
	322	292
	322	291
	321	291
	320	290
	319	290
	318	289
	317	289
	316	288
	315	288
	315	287
	316	286
	317	286
	317	285
	318	284
	319	284
	321	283
	322	283
	324	281
	325	281
	325	280
	326	279
	328	279
	328	278
	328	277
	327	276
	324	276
	323	276
	322	276
	320	276
	318	275
	315	275
	313	275
	311	275
	310	275
	309	275
.PEN_UP
.PEN_DOWN
	373	297
	372	297
	370	297
	369	297
	366	296
	365	295
	364	294
	362	294
	361	293
	359	292
	358	292
	358	291
	357	290
	357	289
	357	288
	358	288
	359	288
	360	287
	362	287
	364	287
	365	287
	366	287
	368	286
	368	285
	368	284
	368	283
	367	283
	367	282
	366	282
	365	281
	364	281
	362	281
	361	281
	359	281
	358	281
	357	281
	355	281
	354	280
.PEN_UP
.PEN_DOWN
	378	292
	377	292
	376	291
	375	291
	375	290
	374	289
	373	288
	373	287
	373	286
	373	285
	373	283
	374	282
	375	281
	376	280
	378	280
	379	280
	381	280
	382	280
	384	280
	385	281
	386	281
	387	282
	389	284
	389	285
	389	286
	389	287
	389	288
	389	289
	389	290
	387	290
	387	291
	385	292
	384	293
	383	293
	379	293
	377	293
	376	293
	375	292
.PEN_UP
.PEN_DOWN
	389	289
	389	288
	389	286
	389	285
	389	284
	389	283
	389	282
	389	280
	389	279
	389	278
	390	277
	390	276
	391	276
	392	276
	393	276
	393	277
	394	277
	394	278
	395	279
	396	281
	396	283
	397	284
	398	285
	398	287
	399	288
	400	289
	401	290
	401	291
	402	292
	402	291
	402	290
	402	289
	401	288
	401	287
	400	285
	400	284
	400	283
	400	281
	400	280
	400	279
	401	279
	402	279
	403	279
	404	279
	405	279
	406	280
	407	281
	408	283
	409	284
	411	285
	413	287
	414	288
	415	289
	415	290
	416	290
	416	289
	416	288
	415	285
	415	284
	415	282
	415	281
	415	279
	416	278
	416	277
	417	276
	418	276
.PEN_UP
.PEN_DOWN
	422	278
	423	278
	424	278
	425	278
	425	279
	426	280
	427	281
	428	283
	429	285
	430	286
	430	288
	431	289
	431	290
	431	292
	431	293
	430	294
	429	294
	426	294
	425	294
	423	293
	422	291
	421	290
	420	288
	419	287
	419	285
	419	283
	419	282
	420	281
	420	280
	423	278
	424	278
	425	278
	427	278
	429	278
	431	278
	433	278
	436	278
	438	278
.PEN_UP
.PEN_DOWN
	437	305
	438	304
	438	303
	438	302
	438	301
	438	298
	439	297
	439	295
	440	293
	440	292
	440	290
	440	288
	441	287
	441	285
	442	284
	442	283
	442	281
	442	279
.PEN_UP
.PEN_DOWN
	432	291
	433	291
	435	290
	437	290
	439	289
	441	289
	442	289
	444	288
	446	288
	447	288
	449	288
	452	288
	453	288
	454	289
	456	289
	457	290
.PEN_UP
.PEN_DOWN
	452	301
	452	299
	452	297
	452	296
	452	292
	452	290
	452	288
	453	286
	453	285
	453	283
	453	282
	453	280
	454	279
	454	278
	454	276
	455	275
	455	274
	455	275
	456	276
	456	277
	456	278
	457	279
	458	282
	458	284
	459	285
	459	287
	460	288
	460	289
	461	290
	462	291
	463	291
	463	290
	463	288
	463	287
	463	286
	463	285
	463	284
	463	282
	463	281
	464	280
	464	279
	465	278
	466	277
	468	275
	469	274
	470	274
	471	274
	472	274
	473	274
	474	274
.PEN_UP
.PEN_DOWN
	482	291
	482	290
	482	289
	482	288
	481	287
	481	286
	481	284
	481	283
	481	282
	481	281
	481	280
	481	279
	481	277
	481	276
	481	275
	481	274
	482	273
	482	272
	483	272
.PEN_UP
.PEN_DOWN
	480	303
	481	303
	482	303
	483	302
.PEN_UP
.PEN_DOWN
	492	289
	493	289
	494	289
	495	288
	496	287
	496	285
	496	284
	496	282
	496	280
	496	279
	496	277
	496	276
	496	275
	496	274
	496	273
	496	274
	497	275
	497	276
	498	277
	498	278
	499	279
	500	282
	500	284
	500	285
	501	286
	501	288
	502	288
	503	289
	504	289
	504	288
	504	285
	504	283
	504	281
	505	279
	505	278
	505	276
	505	274
	506	273
	507	272
	508	271
	509	270
	510	270
.PEN_UP
.PEN_DOWN
	521	286
	521	287
	521	288
	521	289
	521	290
	520	290
	519	290
	518	290
	516	289
	515	288
	514	287
	513	286
	512	284
	512	283
	512	281
	512	280
	513	279
	513	278
	514	277
	515	276
	517	276
	518	276
	519	276
	520	276
	521	277
	522	277
	522	278
	523	278
	523	279
	523	280
	522	280
	521	280
	521	279
	520	279
	520	278
	520	277
	520	276
	520	274
	521	273
	521	272
	522	270
	522	269
	523	268
	523	267
	524	266
	524	265
	524	263
	524	262
	525	261
	525	259
	525	258
	525	257
	525	256
	524	255
	524	254
	523	254
	522	254
	521	254
	519	254
	518	254
	515	254
	513	254
	511	254
	510	254
	508	254
	507	254
	507	253
.PEN_UP
.PEN_DOWN
	544	279
	544	278
	544	277
	544	276
	544	275
	544	274
	544	273
	544	270
	544	269
	544	268
	544	267
	544	266
	543	266
	543	265
	543	264
.PEN_UP
.PEN_DOWN
	563	289
	563	290
	562	290
	561	290
	561	289
	560	289
	559	289
	558	288
	557	288
	556	288
	555	287
	554	286
	554	285
	554	284
	555	284
	556	284
	557	283
	558	283
	559	283
	561	282
	562	282
	564	281
	565	280
	566	279
	566	278
	566	277
	566	276
	566	275
	566	274
	566	273
	565	273
	565	272
	564	272
	563	272
	561	272
	560	272
	559	272
	558	272
	556	272
	555	273
	554	273
	554	274
.PEN_UP
.PEN_DOWN
	576	284
	575	284
	575	283
	574	282
	573	281
	573	280
	573	279
	573	278
	574	277
	575	276
	576	275
	577	275
	580	275
	582	275
	583	275
	584	275
	586	275
	587	276
	588	276
	588	277
	589	278
	589	279
	589	280
	589	281
	589	282
	588	283
	587	284
	586	285
	584	285
	583	286
	581	286
	579	286
	578	286
	576	286
	575	286
	574	285
.PEN_UP
.PEN_DOWN
	590	282
	590	279
	590	278
	590	277
	590	276
	590	275
	590	273
	590	272
	590	271
	590	270
	591	270
	592	270
	593	270
	593	271
	594	272
	595	273
	595	274
	596	275
	597	276
	597	278
	598	279
	598	281
	599	282
	599	283
	600	283
	600	282
	600	281
	599	280
	599	279
	598	276
	598	275
	597	274
	597	273
	597	272
	598	271
	599	271
	600	271
	601	271
	602	272
	603	272
	604	273
	605	274
	606	275
	607	276
	609	277
	610	278
	610	279
	611	279
	612	280
	613	280
	613	279
	612	279
	612	278
	611	276
	611	275
	610	274
	610	273
	610	271
	610	270
	611	269
	612	268
	613	267
	614	267
	615	266
	616	266
	617	266
	618	266
.PEN_UP
.PEN_DOWN
	625	273
	625	274
	626	275
	627	275
	627	276
	627	277
	628	278
	628	279
	628	280
	627	280
	626	280
	625	280
	624	280
	623	279
	622	279
	621	278
	620	277
	619	276
	618	275
	617	272
	617	271
	617	270
	617	269
	618	269
	619	268
	620	267
	621	267
	623	267
	624	267
	628	267
	630	267
	632	268
	634	268
.PEN_UP
.PEN_DOWN
	639	284
	639	283
	639	282
	639	280
	639	279
	639	278
	639	277
	639	276
	639	275
	639	274
	639	273
	640	272
	641	271
	644	271
	645	271
	646	272
	647	272
	648	273
	649	274
	649	275
	650	276
	650	277
	651	278
	651	279
	651	280
	651	282
	651	283
	650	283
	650	282
	650	281
	650	280
	650	279
	650	278
	650	275
	650	274
	651	274
	652	273
	653	272
	654	272
	655	272
	656	272
	657	272
	658	272
	659	273
	661	274
	662	275
	663	276
	664	277
	665	279
	665	280
	665	281
	665	283
	665	284
	664	285
	663	286
	663	288
.PEN_UP
.PEN_DOWN
	666	295
	667	293
	667	292
	667	291
	667	289
	667	287
	667	285
	668	284
	668	282
	668	280
	668	276
	668	275
	668	274
	668	273
	668	272
	668	271
	669	271
	671	272
	671	273
	672	275
	672	276
	674	277
	674	279
	675	280
	676	281
	677	283
	679	284
	679	285
	680	285
	681	285
	681	284
	681	283
	680	281
	680	280
	679	278
	679	277
	679	275
	679	274
	679	273
	680	271
	681	270
	682	269
	683	269
	684	269
	685	269
.PEN_UP
.PEN_DOWN
	687	270
	688	270
	689	270
	690	270
	691	271
	692	271
	694	273
	695	273
	696	274
	696	275
	697	275
	697	276
	698	277
	698	278
	698	279
	697	280
	697	281
	695	282
	694	282
	693	282
	692	282
	691	281
	689	281
	689	279
	688	278
	688	277
	687	276
	687	274
	687	273
	688	270
	689	269
	689	268
	690	267
	691	267
	693	266
	694	266
	696	266
	697	266
	698	266
	700	266
.PEN_UP
.PEN_DOWN
	706	275
	706	274
	707	273
	707	272
	708	271
	708	270
	708	269
	709	268
	709	267
	710	268
	710	269
	710	270
	710	271
	710	272
	710	273
	710	274
	710	275
	710	276
	710	277
	710	278
	711	279
	711	280
	712	280
	713	280
	714	280
	715	280
	716	280
	717	280
	718	280
	720	280
	721	280
	722	280
.PEN_UP
.PEN_DOWN
	726	270
	726	269
	727	269
	727	268
	728	268
	729	268
	730	269
	731	269
	732	270
	733	270
	735	271
	737	272
	737	273
	738	274
	739	275
	740	276
	740	277
	740	278
	739	279
	738	280
	735	280
	734	280
	732	280
	730	279
	728	278
	727	277
	726	276
	725	274
	724	273
	724	272
	724	270
	724	269
	725	268
	727	267
	728	267
	729	266
	731	266
	733	266
	734	266
	736	266
	737	266
	739	266
	741	266
	744	267
.PEN_UP
.PEN_DOWN
	748	267
	749	266
	750	266
	750	265
	750	264
	749	263
	748	262
	748	261
	748	260
	748	259
	747	259
	747	258
	747	257
	746	257
.PEN_UP
