
.WRITER_ID IanFelix
.STYLE PRINTED
.PEN_DOWN
	68	319
	68	320
	68	321
	68	323
	68	324
	68	325
	68	327
	68	328
	68	329
	67	329
	67	328
	67	324
	67	321
	67	318
	67	315
	67	312
	67	309
	67	306
	67	304
	67	302
	67	300
	67	298
	67	297
	67	296
	67	294
	68	294
	68	295
	68	296
	69	297
	69	298
	70	299
	71	302
	71	304
	71	306
	72	307
	73	308
	73	309
	74	310
	75	310
	76	310
	76	309
	77	306
	78	304
	79	303
	80	301
	81	300
	82	299
	83	297
	84	297
	86	296
	87	295
	88	295
	90	294
	92	293
	93	293
.PEN_UP
.PEN_DOWN
	98	303
	98	302
	98	300
	98	299
	98	298
	98	297
	99	297
	99	296
	99	295
.PEN_UP
.PEN_DOWN
	91	318
	92	318
	93	318
.PEN_UP
.PEN_DOWN
	116	311
	115	311
	114	311
	113	311
	111	311
	110	311
	109	311
	108	311
	107	311
	106	311
	106	310
	107	310
	108	309
	110	309
	111	308
	113	308
	115	307
	117	306
	120	305
	121	304
	122	303
	123	302
	124	301
	125	300
	125	299
	125	298
	125	297
	122	297
	121	296
	119	296
	117	296
	115	295
	114	295
	111	295
	110	295
	108	295
	107	295
	106	295
.PEN_UP
.PEN_DOWN
	167	337
	167	336
	167	335
	167	333
	167	331
	168	328
	168	325
	169	322
	169	319
	170	313
	170	311
	171	308
	171	306
	171	305
	172	303
	172	302
	172	301
	173	300
.PEN_UP
.PEN_DOWN
	159	317
	160	317
	161	317
	162	318
	163	318
	165	318
	166	318
	168	318
	173	318
	175	318
	177	317
	179	316
	181	315
	183	315
	184	314
	185	313
	186	311
	186	310
	186	308
	186	306
	184	305
	183	304
	182	303
	181	303
	179	302
	178	302
	176	301
	174	301
	172	301
	170	301
	167	301
	164	301
	163	301
	162	301
	161	302
.PEN_UP
.PEN_DOWN
	192	315
	192	314
	193	313
	193	312
	194	311
	194	310
	194	308
	195	307
	195	306
	196	305
	196	304
	197	303
	197	302
	197	303
	197	304
	197	305
	196	306
	196	307
	195	308
	195	310
	195	311
	195	312
	195	314
	196	315
	196	316
	197	318
	198	319
	200	320
	201	320
	203	320
	204	320
	205	319
	206	318
	207	318
.PEN_UP
.PEN_DOWN
	221	314
	220	315
	219	316
	218	317
	216	317
	214	317
	213	317
	212	316
	211	315
	210	315
	209	313
	208	312
	208	311
	208	308
	208	307
	209	306
	210	305
	211	304
	213	303
	214	303
	215	303
	217	303
	218	304
	220	304
	221	305
	222	305
	222	306
	224	307
	224	308
	224	309
	224	310
	223	310
	223	311
	222	311
	221	311
	221	310
	221	309
	221	308
	222	307
	222	306
	223	305
	223	304
	224	303
	225	302
	226	302
	228	301
	229	301
	231	300
	233	300
	234	300
	235	300
	236	300
.PEN_UP
.PEN_DOWN
	245	312
	245	311
	245	310
	246	309
	246	308
	246	307
	246	306
	247	305
	247	303
	248	303
	248	302
.PEN_UP
.PEN_DOWN
	240	323
	241	323
	242	323
	242	324
	243	324
	244	326
	245	327
.PEN_UP
.PEN_DOWN
	256	313
	257	311
	257	309
	257	308
	257	307
	257	306
	257	304
	258	302
	259	301
	260	301
	260	302
	261	302
	262	303
	263	304
	264	306
	264	307
	265	309
	265	311
	266	312
	266	314
	266	315
	267	316
	268	316
	269	315
	269	314
	269	313
	269	311
	270	310
	270	309
	270	308
	271	306
	271	305
	272	304
	273	304
	275	302
	277	302
	278	301
	279	301
	280	301
	282	301
	283	301
	284	301
	286	301
	287	301
	288	301
.PEN_UP
.PEN_DOWN
	308	330
	308	331
	309	331
	309	329
	309	327
	309	325
	310	322
	310	319
	310	315
	310	312
	310	310
	310	307
	310	305
	311	304
	311	302
	312	301
	312	300
	313	300
	313	301
	314	302
	314	303
	315	306
	316	307
	317	309
	318	311
	318	312
	319	314
	319	316
	320	317
	321	317
	322	317
	322	316
	322	315
	323	312
	323	310
	323	308
	323	306
	324	304
	324	302
	325	301
	326	300
	327	298
	328	297
	330	296
	331	296
	333	296
	334	296
.PEN_UP
.PEN_DOWN
	347	305
	348	306
	348	307
	349	307
	349	308
	350	309
	351	310
	351	311
	352	313
	352	314
	352	316
	351	316
	350	317
	349	317
	348	317
	346	317
	345	317
	343	316
	341	315
	339	313
	338	311
	336	310
	334	306
	334	305
	334	303
	334	301
	335	300
	336	299
	338	298
	340	297
	342	297
	344	296
	346	296
	349	296
	354	297
	357	297
	359	297
	362	297
.PEN_UP
.PEN_DOWN
	387	333
	386	332
	386	330
	386	328
	386	325
	386	322
	386	319
	386	316
	386	314
	386	311
	387	307
	387	306
	387	305
	388	304
	388	303
	389	302
	389	301
	389	302
.PEN_UP
.PEN_DOWN
	386	318
	387	318
	388	318
	389	318
	390	318
	391	317
	393	317
	394	317
	396	316
	398	316
	399	316
	402	314
	404	314
	405	313
	406	312
	407	311
	408	311
	408	310
	408	309
	408	308
	407	307
	406	306
	403	306
	402	305
	400	305
	398	305
	396	304
	395	304
	393	304
	391	303
	389	303
	387	302
	386	302
.PEN_UP
.PEN_DOWN
	407	302
	408	302
	409	302
	411	303
	412	304
	413	304
	414	305
	415	306
	416	307
	417	308
	418	309
	419	310
	420	311
	421	312
	421	313
	421	315
	421	316
	420	317
	419	317
	418	317
	416	317
	415	317
	414	316
	412	315
	412	314
	411	312
	410	310
	410	308
	410	307
	411	306
	411	305
	412	304
	413	303
	414	302
	415	302
	417	301
	418	301
	420	301
.PEN_UP
.PEN_DOWN
	445	314
	445	315
	445	316
	443	317
	442	318
	441	318
	440	318
	439	318
	438	317
	437	316
	436	316
	436	315
	436	314
	436	312
	436	311
	436	309
	436	308
	437	307
	439	306
	440	306
	442	306
	443	306
	445	306
	446	306
	448	308
	449	308
	450	309
	451	310
	451	311
	451	312
	451	313
	450	313
	449	313
	448	313
	447	312
	447	311
	446	311
	446	310
	445	309
	445	308
	445	306
	445	305
	445	304
	445	302
	445	300
	446	298
	446	297
	446	296
	447	295
	447	293
	447	292
	448	291
	448	290
	448	289
	448	288
	448	286
	447	285
	447	284
	446	284
	445	284
	443	284
	442	284
	440	284
	438	285
	437	285
	435	285
	432	286
	430	287
	429	287
	428	288
.PEN_UP
.PEN_DOWN
	466	316
	465	317
	464	317
	463	317
	461	317
	459	316
	458	315
	457	315
	456	314
	455	312
	454	311
	454	310
	454	308
	454	307
	454	306
	455	303
	456	302
	457	302
	459	301
	460	301
	462	301
	464	301
	465	301
	467	302
	468	302
	470	303
	471	304
	473	306
	474	306
	475	307
	475	308
	475	309
	475	310
	474	311
	473	311
	473	312
	472	312
	471	310
	471	309
	471	308
	471	307
	472	306
	472	304
	473	303
	473	302
	474	301
	475	301
	477	300
	479	299
	481	299
	482	298
	483	298
	485	298
	486	298
.PEN_UP
.PEN_DOWN
	490	315
	491	313
	491	312
	491	311
	491	310
	491	308
	491	307
	491	305
	491	304
	491	303
	492	302
	492	301
	493	301
	493	302
	493	303
	493	304
	494	305
	494	306
	495	307
	495	309
	496	310
	497	311
	498	313
	500	316
	501	317
	502	318
	503	318
	504	318
	504	317
	504	316
	504	315
	504	314
	504	311
	504	310
	505	309
	505	308
	505	307
	505	306
	506	305
	506	304
	507	302
	508	301
	508	300
	509	298
	510	297
	511	297
	512	296
	513	296
	514	296
	515	296
.PEN_UP
.PEN_DOWN
	546	337
	547	337
	546	337
	546	336
	545	334
	544	331
	544	329
	544	326
	543	324
	543	321
	543	318
	543	313
	543	311
	543	310
	543	309
	544	307
	544	306
	545	306
	545	305
	546	304
.PEN_UP
.PEN_DOWN
	524	323
	524	322
	524	321
	525	320
	526	320
	527	319
	529	318
	531	318
	533	317
	536	317
	538	316
	545	316
	548	316
	551	316
	553	316
	556	316
	558	316
	560	316
	561	316
.PEN_UP
.PEN_DOWN
	568	314
	569	314
	569	315
	570	316
	569	316
	568	316
	567	315
	566	314
	565	313
	565	311
	565	310
	565	309
	565	307
	565	306
	566	305
	568	303
	570	303
	572	303
	574	303
	576	303
	578	303
	581	303
	582	304
	584	305
	586	306
	587	307
	588	310
	588	311
	588	312
	588	313
	587	314
	586	315
	584	317
	583	318
	581	319
	579	320
	577	320
.PEN_UP
