
.WRITER_ID IanFelix
.STYLE PRINTED
.PEN_DOWN
	64	297
	65	297
	65	298
	65	299
	65	300
	66	301
	66	302
	66	303
	67	303
	67	304
	67	303
	67	302
	68	301
	68	300
	68	299
	68	297
	68	293
	68	292
	68	290
	69	288
	69	286
	69	284
	69	282
	69	280
	69	279
	69	278
	69	277
	70	276
	70	275
	71	275
.PEN_UP
.PEN_DOWN
	57	289
	57	288
	58	288
	59	288
	60	288
	61	288
	62	288
	65	288
	67	288
	69	289
	71	289
	74	290
	76	291
	77	291
	79	291
	80	292
	82	292
	83	292
	84	292
.PEN_UP
.PEN_DOWN
	80	305
	80	304
	81	303
	81	302
	82	300
	82	298
	83	296
	83	294
	84	290
	85	288
	85	286
	86	284
	86	282
	86	281
	87	279
	87	278
	88	277
	88	276
	88	275
	89	274
	90	274
	90	275
	90	276
	90	277
	91	278
	91	280
	92	283
	93	284
	93	285
	94	286
	95	287
	96	287
	97	287
	97	286
	98	285
	98	283
	99	282
	100	279
	101	277
	101	276
	102	275
	103	274
	104	272
	105	272
	106	271
	107	270
	109	270
	110	270
.PEN_UP
.PEN_DOWN
	116	279
	117	279
	118	278
	119	277
	120	276
	121	276
	122	276
	123	277
	124	277
	125	278
	126	279
	126	280
	127	281
	128	283
	129	284
	129	285
	129	286
	129	287
	129	288
	128	289
	127	290
	126	291
	125	291
	124	291
	123	291
	122	291
	121	290
	120	289
	119	288
	118	286
	116	282
	116	280
	116	278
	116	276
	117	275
	118	273
	119	272
	120	272
	121	271
	123	271
	125	271
	129	272
	132	272
	133	273
	136	273
.PEN_UP
.PEN_DOWN
	159	307
	160	307
	161	306
	161	305
	162	304
	162	302
	163	301
	163	299
	163	298
	163	296
	163	293
	164	292
	164	290
	164	289
	164	288
	165	287
	165	286
	166	285
	166	284
	167	284
.PEN_UP
.PEN_DOWN
	174	296
	174	295
	174	294
	174	293
	174	292
	174	291
	174	290
	175	289
	175	288
	175	287
	175	286
	176	286
	176	285
.PEN_UP
.PEN_DOWN
	176	310
	176	309
.PEN_UP
.PEN_DOWN
	198	317
	198	316
	198	315
	198	313
	199	311
	199	309
	199	307
	199	305
	200	301
	200	299
	200	297
	200	295
	201	294
	201	293
	201	291
	201	290
	201	289
	202	288
.PEN_UP
.PEN_DOWN
	183	300
	184	300
	187	301
	188	301
	190	301
	192	301
	194	301
	196	301
	198	301
	200	300
	202	300
	204	300
	206	299
	209	298
	211	298
	212	298
.PEN_UP
.PEN_DOWN
	217	319
	218	319
	219	319
	220	316
	221	314
	221	312
	221	310
	221	307
	222	305
	222	303
	222	301
	222	298
	222	297
	222	295
	223	292
	223	291
	224	289
	224	288
	225	288
	225	287
	225	286
.PEN_UP
.PEN_DOWN
	208	301
	209	301
	210	301
	212	301
	213	302
	215	302
	217	302
	221	302
	223	302
	225	302
	227	302
	229	302
	230	302
.PEN_UP
.PEN_DOWN
	237	318
	237	316
	238	315
	238	313
	238	311
	238	309
	238	306
	238	305
	239	303
	239	301
	239	299
	239	296
	239	294
	240	293
	240	292
	240	291
	241	289
	241	288
	242	288
	242	287
.PEN_UP
.PEN_DOWN
	245	291
	246	291
	246	290
	247	290
	248	290
	249	291
	250	291
	251	292
	252	293
	253	294
	254	295
	255	295
	255	296
	256	297
	256	298
	256	299
	255	300
	254	300
	253	300
	252	300
	251	300
	250	299
	249	298
	248	297
	247	296
	246	295
	246	293
	246	292
	247	290
	248	289
	249	288
	250	288
	251	288
	252	288
	254	288
	256	288
	258	288
	260	289
	262	289
	266	291
	268	291
	270	291
.PEN_UP
.PEN_DOWN
	285	300
	285	299
	285	298
	285	297
	285	296
	285	294
	285	293
	285	291
	285	289
	286	288
	286	286
	287	285
	287	284
	287	283
	287	282
	287	284
	287	286
	287	287
	288	288
	288	289
	288	291
	288	292
	288	293
	289	295
	289	297
	290	300
	290	301
	290	302
	291	303
	291	304
	292	304
	293	304
	293	303
	294	302
	294	301
	295	299
	295	298
	296	297
	297	296
	298	295
	299	294
	299	293
	300	292
	300	291
	300	290
	301	288
	301	287
	301	286
	301	287
	302	289
	302	290
	303	291
	303	292
	304	293
	304	294
	305	296
	306	297
	307	298
	308	299
	309	299
	309	298
	310	297
	310	296
	310	294
	310	293
	311	292
	311	291
	311	290
	312	289
	313	287
	314	286
	316	285
	317	285
	318	284
	319	284
	321	284
.PEN_UP
.PEN_DOWN
	332	298
	333	298
	333	299
	333	300
	332	300
	332	301
	331	301
	331	302
	330	302
	329	302
	328	302
	327	301
	325	301
	325	300
	322	298
	321	297
	321	295
	320	294
	320	292
	320	290
	320	289
	320	288
	320	287
	321	286
	322	285
	323	285
	327	285
	329	286
	330	287
	331	288
	333	289
	334	290
	335	291
	336	293
	337	294
	337	295
	337	296
	336	297
	336	298
	335	298
	334	298
	333	298
	332	297
	332	296
	332	295
	332	294
	332	293
	333	290
	334	289
	335	288
	336	288
	338	287
	340	287
	342	286
	343	286
	344	286
	346	286
	347	286
	348	286
.PEN_UP
.PEN_DOWN
	344	300
	344	299
	344	298
	345	298
	345	295
	345	293
	345	292
	345	291
	345	290
	345	288
	346	288
	346	287
	346	286
	347	286
	348	286
	348	287
	349	288
	349	289
	350	290
	350	292
	351	293
	351	294
	352	296
	352	297
	353	300
	354	301
	355	302
	356	303
	357	303
	358	303
	358	302
	358	301
	358	299
	358	298
	358	294
	359	293
	359	291
	360	290
	361	289
	361	288
	362	287
	363	286
	365	285
	367	285
	368	285
	370	285
.PEN_UP
.PEN_DOWN
	405	317
	406	317
	406	316
	406	315
	407	314
	407	311
	407	309
	408	307
	408	305
	408	303
	408	301
	408	299
	408	297
	408	296
	408	294
	408	293
	408	292
	408	290
	408	289
	409	288
.PEN_UP
.PEN_DOWN
	389	302
	390	302
	390	301
	391	301
	392	301
	393	301
	395	301
	396	301
	398	301
	402	301
	404	301
	407	301
	409	301
	412	301
	414	301
	416	301
	418	301
	420	301
	421	302
.PEN_UP
.PEN_DOWN
	419	296
	419	295
	418	294
	418	293
	418	292
	418	291
	419	290
	420	289
	421	289
	423	289
	426	289
	428	289
	429	290
	431	291
	432	292
	434	293
	435	294
	436	295
	437	296
	437	297
	437	298
	437	301
	437	302
	436	302
	435	303
	434	304
	432	305
	430	305
	428	305
	425	305
	422	305
	420	304
	417	303
.PEN_UP
.PEN_DOWN
	476	300
	477	300
	478	301
	478	302
	478	303
	478	304
	477	305
	476	306
	475	307
	474	307
	472	308
	471	308
	470	308
	469	308
	468	307
	466	306
	464	303
	463	302
	463	300
	463	299
	463	297
	463	296
	463	294
	464	293
	465	293
	467	292
	468	292
	472	292
	475	292
	477	293
	479	293
	481	294
	482	295
	483	296
	484	297
	485	298
	485	299
	485	300
	485	301
	485	302
	485	303
	484	303
	483	304
	482	304
	481	304
	481	303
	481	302
	481	301
	482	300
	483	296
	485	296
	486	295
	488	294
	489	293
	493	292
	494	291
	496	291
	497	291
.PEN_UP
.PEN_DOWN
	499	302
	499	300
	499	299
	499	296
	499	295
	499	293
	499	291
	499	288
	498	286
	498	284
	498	281
	498	279
	498	276
	498	274
	499	272
	499	268
	499	267
	499	266
	499	265
	500	264
	500	263
	500	262
.PEN_UP
.PEN_DOWN
	492	304
	493	304
	494	305
	495	305
	496	305
	498	306
	499	306
	501	306
	503	306
	507	305
	508	304
	510	304
	511	303
	512	302
	513	301
	513	299
	513	298
	513	297
	513	296
	513	295
	512	293
	511	292
	510	292
	509	291
	508	291
	506	291
	504	291
	503	291
	501	291
.PEN_UP
.PEN_DOWN
	520	297
	520	296
	520	294
	520	293
	520	291
	520	289
	520	287
	520	285
	520	283
	520	280
	520	276
	520	274
	520	273
	521	272
	521	271
	521	270
.PEN_UP
.PEN_DOWN
	514	306
	515	306
	516	306
	517	306
	519	306
	522	306
	524	306
	526	306
	528	306
	530	305
	531	304
	532	304
	533	303
	534	302
	534	301
	534	300
	534	299
	533	297
	532	296
	531	295
	528	294
	527	293
	525	292
	523	292
	521	292
	520	292
	518	292
.PEN_UP
.PEN_DOWN
	538	290
	538	289
	539	288
	540	288
	541	288
	542	288
	543	289
	544	289
	545	290
	546	290
	547	291
	548	292
	549	293
	550	294
	552	296
	553	297
	553	298
	553	299
	552	300
	551	300
	550	301
	549	301
	548	301
	546	301
	543	300
	541	299
	539	298
	538	297
	537	296
	537	294
	536	293
	536	291
	536	290
	536	288
	537	288
	538	287
	541	285
	543	285
	545	284
	547	284
	549	284
	552	284
	554	284
	556	284
	559	284
	561	285
	563	285
.PEN_UP
.PEN_DOWN
	577	296
	577	297
	577	298
	576	298
	576	299
	575	300
	574	300
	573	301
	572	301
	571	301
	570	301
	569	300
	568	300
	567	299
	566	299
	565	297
	565	296
	564	295
	564	293
	564	290
	564	289
	565	288
	565	287
	566	286
	567	285
	569	284
	570	284
	572	284
	573	284
	575	285
	576	286
	579	288
	579	289
	580	290
	581	291
	581	292
	581	293
	581	294
	581	295
	581	296
	581	297
	580	298
	579	298
	579	297
	579	296
	579	295
	579	294
	579	293
	580	291
	581	290
	582	289
	584	287
	586	286
	588	286
	590	285
	592	285
	594	284
	596	284
.PEN_UP
.PEN_DOWN
	599	302
	600	301
	600	300
	600	299
	600	298
	600	296
	601	295
	601	294
	601	293
	601	292
	602	290
	602	289
	603	288
	604	287
	604	286
	605	286
	605	287
	605	288
	605	289
	604	291
	604	292
	604	294
	603	296
	603	297
	602	299
	601	300
	601	302
	600	304
	600	306
	600	307
	600	308
	601	308
	601	307
	602	306
	603	306
	604	305
	605	305
	607	305
	609	304
	611	304
	615	304
	617	304
.PEN_UP
