
.WRITER_ID IanFelix
.STYLE PRINTED
.PEN_DOWN
	85	318
	86	318
	86	317
	86	316
	87	315
	87	314
	87	312
	87	311
	87	309
	87	307
	87	304
	87	303
	87	301
	87	300
	87	299
	86	298
	85	298
	84	298
	83	298
	80	299
	79	299
	78	300
	76	300
	75	301
	73	302
	72	303
	71	304
	69	304
	69	306
.PEN_UP
.PEN_DOWN
	81	335
	82	335
	83	335
	83	336
	84	336
	84	337
	84	336
	85	335
.PEN_UP
.PEN_DOWN
	98	324
	98	323
	98	322
	98	321
	98	318
	98	317
	98	316
	100	315
	100	314
	101	313
	102	312
	103	312
	104	311
	106	311
	107	311
	110	312
	111	313
	112	314
	113	315
	114	316
	115	317
	116	319
	117	320
	117	321
	117	322
	117	323
	117	324
	116	325
	115	325
	114	325
	113	325
	113	324
	112	323
	112	321
	112	320
	112	318
	112	317
	112	316
	113	313
	114	312
	115	311
	116	311
	118	311
	119	311
.PEN_UP
.PEN_DOWN
	138	344
	138	343
	138	342
	138	341
	138	340
	138	338
	138	336
	138	335
	139	333
	139	331
	140	329
	140	326
	141	325
	141	324
	142	322
	142	321
	143	320
	143	319
	143	320
	143	321
	142	322
	141	323
	141	324
	140	324
	138	325
	137	325
	136	325
	134	325
	131	324
	130	323
	129	321
	128	320
	127	318
	126	317
	126	315
	126	314
	126	313
	127	311
	128	311
	131	310
	133	310
	135	310
	137	310
	140	311
	142	311
	144	312
	146	312
	147	313
	149	313
.PEN_UP
.PEN_DOWN
	171	326
	171	327
	170	327
	169	327
	167	327
	166	327
	164	327
	163	327
	161	327
	160	326
	158	325
	157	323
	156	322
	155	321
	155	320
	155	319
	155	318
	156	317
	157	316
	158	316
	159	316
	160	316
	163	317
	165	318
	166	318
	167	318
	168	319
	169	319
	168	319
	167	318
	167	317
	167	316
	167	315
	167	314
	167	313
	167	312
	167	311
	168	309
	168	308
	169	307
	169	305
	170	303
	170	302
	170	301
	170	300
	170	299
	170	298
	169	298
	168	297
	167	297
	166	296
	163	296
	162	295
	160	295
	158	295
	157	295
	155	295
	154	295
	153	295
	152	295
	151	295
.PEN_UP
.PEN_DOWN
	185	318
	186	318
	186	319
	187	319
	188	319
	189	320
	190	320
	191	321
	191	322
	192	323
	193	324
	193	325
	194	326
	194	327
	195	328
	195	330
	195	331
	194	331
	193	331
	192	331
	190	330
	188	329
	187	328
	185	327
	183	325
	182	324
	180	321
	180	319
	180	318
	180	317
	180	315
	180	314
	181	313
	182	313
	183	312
	184	312
	186	312
	189	312
	192	313
	194	313
	196	314
	198	314
	200	315
	202	315
	204	315
	205	315
.PEN_UP
.PEN_DOWN
	260	316
	261	315
	262	313
	262	312
	263	312
	264	311
	265	309
	266	307
	266	306
	266	305
	266	303
	266	302
	266	300
	266	298
	266	297
	265	296
	264	296
	263	295
	262	294
	261	294
	260	293
	259	293
	257	293
	254	294
	252	294
	250	294
	249	295
	247	295
	246	296
	245	297
	244	298
	244	299
	243	300
.PEN_UP
.PEN_DOWN
	255	335
	256	334
	257	334
	258	333
.PEN_UP
.PEN_DOWN
	274	322
	274	321
	274	320
	274	319
	274	318
	274	317
	275	316
	276	313
	277	313
	278	312
	279	311
	281	311
	282	311
	283	311
	284	311
	286	312
	287	312
	288	313
	289	313
	290	315
	291	316
	291	317
	291	318
	291	319
	291	320
	290	320
	289	320
	288	320
	287	318
	287	317
	287	316
	287	315
	287	314
	288	313
	289	312
	290	312
	291	311
	293	311
	294	311
	296	311
.PEN_UP
.PEN_DOWN
	307	321
	308	320
	308	319
	308	318
	308	317
	308	316
	309	315
	310	314
	310	313
	311	312
	311	311
	311	310
	312	310
	312	311
	312	312
	312	314
	312	316
	312	317
	311	318
	311	319
	310	320
	310	322
	309	322
	309	323
	308	324
	308	325
	309	325
	309	326
	310	326
	311	326
	312	326
	313	326
	315	326
	316	326
	318	326
	319	326
	321	326
	324	326
	326	326
	328	326
.PEN_UP
.PEN_DOWN
	344	323
	344	322
	343	321
	342	320
	341	318
	340	317
	339	315
	338	313
	337	311
	336	309
	333	305
	332	303
	330	301
	328	300
	327	299
	325	297
	324	296
	323	295
	322	294
	321	293
	320	293
	319	292
.PEN_UP
.PEN_DOWN
	324	324
	325	324
	326	324
	327	324
	328	323
	328	322
	329	322
	329	321
	329	320
	330	319
	331	318
	332	317
	332	315
	333	313
	334	313
	335	312
	336	311
.PEN_UP
.PEN_DOWN
	395	319
	395	320
	396	320
	395	320
	395	319
	395	318
	394	317
	394	316
	394	314
	393	312
	393	310
	393	306
	393	304
	393	302
	393	300
	393	298
	393	296
	393	295
	393	294
	393	293
	392	292
	392	291
	391	291
	390	290
	389	290
	388	290
	387	290
	385	291
	384	291
	383	292
	381	292
	380	293
	379	294
	378	295
	375	297
.PEN_UP
.PEN_DOWN
	394	339
	395	339
	395	338
	396	337
	396	336
	397	336
	397	335
	397	334
.PEN_UP
.PEN_DOWN
	417	315
	417	316
	417	317
	416	318
	414	319
	413	319
	412	319
	411	319
	410	318
	409	317
	408	316
	407	314
	406	313
	405	310
	405	309
	405	307
	406	306
	406	305
	407	304
	408	304
	410	304
	411	304
	413	304
	415	304
	417	304
	420	306
	421	306
	422	307
	423	309
	424	309
	424	311
	424	312
	424	313
	423	314
	422	315
	421	315
	419	315
	418	315
	417	314
	416	313
	416	312
	416	311
	416	310
	417	309
	418	308
	419	307
	421	305
	423	305
	425	304
.PEN_UP
.PEN_DOWN
	439	318
	439	316
	438	315
	438	314
	438	313
	438	312
	438	311
	439	310
	439	309
	439	308
	439	307
	439	306
	440	306
.PEN_UP
.PEN_DOWN
	438	329
	437	329
	437	330
.PEN_UP
.PEN_DOWN
	454	333
	454	332
	454	330
	454	328
	455	326
	455	323
	455	321
	455	319
	455	317
	455	314
	455	311
	456	309
	456	308
	456	306
	457	305
	457	304
.PEN_UP
.PEN_DOWN
	463	305
	464	305
	465	305
	466	305
	467	305
	468	305
	470	306
	471	307
	472	307
	473	308
	474	309
	475	310
	476	311
	476	312
	477	313
	478	314
	478	315
	478	316
	478	318
	477	318
	476	319
	475	319
	474	319
	472	319
	470	319
	469	319
	467	319
	465	318
	464	317
	464	316
	462	313
	462	312
	462	310
	462	308
	463	307
	464	305
	464	304
	466	303
	468	303
	470	302
	471	301
	476	301
	478	300
	480	300
	481	300
.PEN_UP
.PEN_DOWN
	491	311
	491	310
	491	309
	492	308
	492	307
	492	306
	492	305
	494	303
	494	302
	495	301
	496	300
	496	299
	497	299
	497	298
	497	299
	497	300
	497	301
	496	302
	496	304
	495	305
	495	306
	494	307
	493	309
	492	311
	491	312
	491	313
	490	313
	490	314
	490	315
	491	315
	492	316
	495	316
	497	317
	499	317
	502	318
	504	318
	506	318
	508	318
	509	318
	511	318
	512	317
.PEN_UP
.PEN_DOWN
	549	313
	550	312
	550	311
	551	310
	551	309
	551	307
	552	306
	552	302
	552	300
	552	299
	552	297
	552	295
	551	294
	551	292
	551	291
	551	290
	550	288
	550	287
	549	286
	548	285
	548	284
	547	283
	545	282
	544	282
	542	282
	541	282
	539	282
	537	282
	535	282
	534	282
	532	282
	531	283
	531	284
	531	285
	531	286
.PEN_UP
.PEN_DOWN
	545	328
	546	328
	546	329
	547	329
	548	329
	549	329
	550	328
	550	327
.PEN_UP
.PEN_DOWN
	564	309
	564	308
	564	307
	565	306
	565	304
	565	303
	565	302
	565	300
	565	297
	565	296
	566	295
	566	293
	566	292
	566	291
	566	290
	567	289
	567	288
	567	287
.PEN_UP
.PEN_DOWN
	564	323
	564	322
	565	322
	565	321
	566	321
	566	320
	567	319
.PEN_UP
.PEN_DOWN
	577	304
	578	303
	579	302
	579	301
	579	300
	580	299
	580	298
	581	296
	581	295
	581	294
	582	291
	582	290
	583	289
	583	288
	584	288
	585	288
	586	288
	586	289
	587	289
	588	291
	588	292
	589	294
	590	295
	590	297
	591	298
	592	300
	592	302
	593	303
	594	305
	595	306
	596	306
	597	306
	598	305
	598	304
	598	302
	598	300
	598	298
	598	297
	598	295
	598	293
	598	292
	600	290
	600	289
	602	288
	603	288
	604	287
	606	287
	607	287
.PEN_UP
.PEN_DOWN
	630	301
	630	300
	629	300
	628	300
	626	299
	624	298
	623	297
	621	296
	619	295
	618	294
	616	293
	614	292
	613	291
	611	290
	610	289
	610	288
	609	287
	609	286
.PEN_UP
.PEN_DOWN
	610	306
	610	305
	610	304
	611	303
	613	301
	615	301
	616	300
	619	299
	620	299
	622	298
	623	297
	625	296
	626	295
	627	294
	629	293
	629	291
	632	290
	633	289
	634	287
.PEN_UP
.PEN_DOWN
	678	311
	678	310
	678	309
	678	308
	678	307
	678	306
	678	305
	678	304
	678	301
	678	299
	678	298
	678	296
	679	295
	679	294
	679	292
	679	291
	679	290
	679	289
	679	288
	679	287
	679	286
	678	285
	677	284
	676	284
	675	284
	674	284
	673	284
	671	284
	670	284
	668	284
	665	285
	664	286
	663	286
	662	287
	661	288
.PEN_UP
.PEN_DOWN
	677	322
	678	322
	679	322
	679	321
	680	321
	681	320
.PEN_UP
.PEN_DOWN
	703	307
	703	308
	702	309
	701	309
	700	310
	699	310
	698	310
	696	310
	696	309
	694	309
	693	308
	692	307
	691	306
	690	304
	689	303
	689	300
	689	299
	689	298
	690	297
	692	296
	693	296
	695	296
	696	296
	699	296
	700	296
	702	297
	704	297
	706	299
	707	300
	708	300
	708	301
	708	302
	708	303
	708	304
	707	305
	706	305
	704	305
	702	305
	702	304
	702	303
	702	302
	702	301
	703	300
	704	299
	705	298
	706	297
	709	296
	711	296
	713	295
	715	295
	716	294
	718	294
.PEN_UP
.PEN_DOWN
	725	315
	726	315
	727	315
	728	315
	730	314
	732	313
	733	313
	734	313
	736	312
	737	311
	738	311
	739	310
	740	309
	740	308
	740	306
	739	305
	739	304
	738	304
	736	303
	735	301
	733	300
	732	299
	730	298
	729	297
	727	296
	726	295
	725	294
	725	293
	725	292
	726	291
	727	291
	728	291
	730	291
	732	291
	734	291
	735	291
	740	291
	742	292
	743	292
	745	292
	746	292
	747	292
	748	292
.PEN_UP
.PEN_DOWN
	740	315
	741	315
	741	316
	742	316
	743	316
	744	316
	745	316
	746	316
	747	316
	749	316
	750	316
	752	316
	755	316
	757	316
	758	316
	759	315
	760	315
	761	314
	761	313
	761	312
	761	311
	759	309
	758	309
	757	307
	756	306
	754	305
	752	304
	751	303
	749	302
	748	300
	747	299
	746	298
	745	298
	745	296
	745	295
	746	294
	747	293
	748	293
	750	292
	751	292
	752	292
	754	292
	756	292
	759	293
	761	293
	762	293
	764	293
	765	293
.PEN_UP
