
.WRITER_ID IanFelix
.STYLE PRINTED
.PEN_DOWN
	77	296
	77	297
	76	297
	75	297
	74	297
	74	296
	73	296
	72	295
	71	294
	71	293
	71	292
	70	291
	70	289
	70	288
	71	288
	71	287
	71	286
	72	285
	73	285
	74	284
	75	284
	76	284
	77	284
	80	284
	81	284
	82	284
	82	285
	83	285
	84	286
	84	287
	84	288
	84	289
	83	290
	81	291
	81	292
	80	292
	79	293
	78	293
	76	294
	75	295
	74	297
	73	298
	71	299
	70	300
	69	301
	68	303
	67	303
	67	304
	66	304
	65	304
	65	305
	64	305
	64	306
	63	307
	63	308
	63	309
	64	310
	65	311
	67	312
	68	312
	69	312
	70	312
	71	312
	73	312
	74	312
	75	312
	76	311
	77	311
	78	310
	79	309
	79	308
	79	306
	79	305
	79	304
	79	303
	78	302
	77	301
	76	300
	76	299
	75	298
	74	297
	73	296
.PEN_UP
.PEN_DOWN
	95	308
	96	307
	97	307
	98	307
.PEN_UP
.PEN_DOWN
	95	290
	96	289
	97	289
	97	288
	98	288
	98	287
.PEN_UP
.PEN_DOWN
	115	314
	116	314
	116	315
	116	314
	116	313
	115	312
	115	311
	115	310
	115	309
	115	308
	115	307
	115	306
	116	305
	117	304
	118	304
	119	304
	121	304
	122	304
	124	304
	125	304
	126	304
	128	304
	130	304
	131	304
	133	304
	134	303
	135	303
.PEN_UP
.PEN_DOWN
	129	319
	130	319
	130	317
	130	316
	130	315
	130	314
	131	312
	131	311
	131	309
	131	308
	132	306
	132	305
	132	303
	132	302
	133	299
	133	298
	134	297
	134	296
	134	295
	134	294
.PEN_UP
.PEN_DOWN
	153	314
	153	313
	153	311
	153	310
	154	309
	154	306
	154	305
	154	303
	155	302
	155	301
	155	300
	156	299
	156	298
	157	297
	157	296
	157	297
	156	297
	156	298
	155	299
	154	300
	154	301
	153	302
	153	303
	152	304
	152	305
	151	306
	150	306
	149	306
	148	306
	147	305
	146	305
	145	303
	144	302
	143	301
	143	300
	143	299
	143	298
	144	298
	144	297
	147	297
	148	297
	150	297
	152	297
	153	297
	155	297
	156	297
	159	298
	160	299
.PEN_UP
.PEN_DOWN
	176	315
	176	314
	176	313
	176	312
	176	311
	176	310
	177	309
	177	308
	178	307
	179	307
	180	307
	181	306
	182	306
	184	306
	185	306
	187	307
	189	307
	190	307
	191	307
	192	306
.PEN_UP
.PEN_DOWN
	188	320
	188	319
	188	318
	188	317
	189	315
	189	314
	189	313
	189	312
	190	310
	190	309
	190	307
	190	306
	191	303
	191	302
	191	300
	191	299
	191	298
	191	297
	191	296
.PEN_UP
.PEN_DOWN
	201	316
	202	316
	203	316
	204	316
	204	315
	204	314
	204	313
.PEN_UP
.PEN_DOWN
	206	302
	206	301
	207	300
	207	299
	207	298
	208	298
.PEN_UP
.PEN_DOWN
	223	319
	225	319
	226	318
	227	318
	228	318
	229	318
	231	317
	232	316
	232	315
	232	313
	232	312
	232	311
	232	310
	231	309
	231	308
	230	307
	229	306
	228	305
	227	304
	226	303
	224	302
	223	301
	222	301
	221	300
	220	300
	219	300
	218	300
	219	300
	220	300
	221	300
	222	300
	223	300
	225	300
	225	299
	226	299
	228	298
	229	298
	230	298
	231	297
	232	297
	233	297
	234	297
	235	297
	236	297
	236	296
	237	296
.PEN_UP
.PEN_DOWN
	262	317
	261	316
	261	313
	261	311
	260	309
	260	308
	260	306
	260	305
	260	303
	260	302
	260	301
	260	300
	260	299
	261	298
	261	297
	262	296
	262	297
	261	297
	261	298
	261	300
	261	301
	260	302
	260	303
	259	304
	259	305
	258	306
	257	308
	256	309
	255	310
	253	310
	252	310
	251	310
	250	309
	249	309
	248	308
	248	307
	246	306
	246	305
	246	304
	246	303
	246	302
	246	301
	247	301
	248	301
	250	301
	251	301
	253	302
	255	302
	257	303
	260	304
	262	305
	265	306
	268	307
.PEN_UP
.PEN_DOWN
	281	315
	282	315
	282	316
	283	316
	284	316
	285	316
	286	316
	287	316
	288	316
	290	316
	290	315
	291	315
	292	314
	293	313
	293	312
	293	311
	293	310
	293	309
	293	308
	293	307
	293	306
	291	304
	291	303
	290	302
	289	301
	288	301
	287	300
	286	299
	285	298
	284	298
	284	297
	283	297
	283	296
	284	295
	285	295
	285	294
	286	294
	288	293
	289	293
	290	293
	293	293
	295	293
	296	293
	297	293
	299	293
	300	293
	301	293
	302	293
.PEN_UP
.PEN_DOWN
	312	312
	313	312
	314	312
	314	311
	315	311
.PEN_UP
.PEN_DOWN
	311	293
	311	292
	312	292
	312	291
	313	291
.PEN_UP
.PEN_DOWN
	346	319
	347	318
	347	317
	347	316
	347	315
	347	314
	346	311
	346	310
	345	309
	345	307
	345	306
	344	305
	344	304
	344	303
	344	302
	344	301
.PEN_UP
.PEN_DOWN
	348	323
	348	322
	347	321
	346	320
	346	319
	345	318
	344	317
	343	316
	342	315
	341	314
	340	314
.PEN_UP
.PEN_DOWN
	329	293
	330	293
	331	293
	332	293
	335	293
	336	294
	338	294
	340	295
	343	296
	345	296
	347	297
	350	297
	352	298
	354	299
	355	299
	357	299
	358	299
	359	299
.PEN_UP
.PEN_DOWN
	366	307
	366	306
	366	305
	367	304
.PEN_UP
.PEN_DOWN
	373	298
	374	297
	374	296
	374	295
	374	294
	375	292
	375	291
	375	290
	375	288
	375	287
	374	285
	374	284
	373	284
.PEN_UP
.PEN_DOWN
	391	323
	392	322
	393	322
	394	321
	395	321
	396	320
	397	320
	400	319
	401	318
	403	317
	404	316
	406	315
	408	315
	409	314
	410	313
	411	312
	412	311
	413	310
	414	310
	415	308
	416	308
	417	307
	418	306
	418	305
	417	304
	416	303
	415	303
	414	302
	413	302
	412	301
	411	300
	410	300
	409	299
	408	298
	407	297
	404	296
	403	295
	403	294
	402	293
	401	293
	401	292
	402	291
.PEN_UP
.PEN_DOWN
	443	325
	443	324
	443	323
	442	322
	441	322
	437	320
	436	320
	435	319
	433	318
	432	317
	431	316
	430	316
	429	315
	428	315
	428	314
	429	313
	429	312
	430	312
	431	311
	432	311
	433	310
	435	310
	436	309
	437	308
	438	307
	440	306
	441	304
	441	303
	441	302
	441	301
	441	300
	440	299
	439	299
	438	298
	436	298
	435	298
	432	297
	430	297
	425	297
.PEN_UP
.PEN_DOWN
	452	307
	452	306
	452	305
	452	304
	451	304
	450	303
	450	302
	449	302
	449	301
	449	300
	449	299
	449	298
	449	297
	450	297
.PEN_UP
.PEN_DOWN
	449	319
	449	318
	450	318
.PEN_UP
.PEN_DOWN
	454	309
	455	308
	456	308
	456	307
	457	306
	457	305
	457	303
	457	302
	457	301
	457	299
	457	298
	457	297
	457	296
	457	295
	458	295
	459	296
	459	297
	460	297
	460	298
	461	299
	462	302
	463	303
	464	304
	465	305
	465	306
	466	308
	466	309
	467	309
	467	308
	467	307
	466	306
	466	304
	466	303
	466	302
	466	301
	466	300
	466	299
	467	298
	468	298
	469	298
	470	298
	471	298
	471	299
	472	299
	473	300
	474	301
	475	302
	476	302
	477	303
	478	304
	479	305
	480	307
	481	308
	481	307
	481	306
	481	305
	481	304
	481	302
	481	300
	481	299
	481	298
	481	297
	482	296
	482	295
	483	295
	484	294
	485	294
.PEN_UP
.PEN_DOWN
	492	306
	493	305
	493	304
	493	303
	493	302
	493	301
	493	300
	493	299
	493	298
	494	297
	494	296
.PEN_UP
.PEN_DOWN
	489	325
	490	325
	490	326
.PEN_UP
.PEN_DOWN
	504	329
	504	328
	504	327
	504	326
	504	324
	504	320
	504	318
	504	316
	505	314
	505	312
	505	310
	505	308
	505	306
	506	305
	506	304
	506	302
	507	301
	507	300
.PEN_UP
.PEN_DOWN
	518	305
	519	305
	520	306
	521	307
	521	308
	522	309
	522	310
	522	311
	522	312
	521	312
	520	312
	519	311
	517	311
	516	311
	515	310
	514	309
	514	308
	513	307
	512	305
	512	304
	512	303
	512	302
	512	301
	513	300
	514	299
	515	299
	516	299
	517	299
	518	300
	520	301
	521	301
	522	302
	523	303
	524	304
	525	305
	525	306
	525	307
	525	308
	524	308
	523	308
	522	307
	522	306
	522	305
	522	304
	522	303
	522	302
	523	301
	524	300
	525	298
	526	297
	527	297
	528	297
	530	296
	531	296
	532	296
.PEN_UP
.PEN_DOWN
	537	306
	537	305
	537	304
	538	303
	538	302
	539	301
	539	300
	539	299
	540	299
	540	298
	540	297
	541	297
	542	296
	542	297
	542	298
	541	299
	541	300
	541	301
	541	302
	540	303
	540	304
	539	306
	539	307
	539	308
	540	308
	540	309
	541	309
	542	309
	544	309
	546	309
	548	310
	549	310
	551	310
	553	310
	554	310
	556	310
	558	310
.PEN_UP
.PEN_DOWN
	572	324
	572	325
	573	325
	574	325
	575	325
	576	325
	577	325
	578	325
	579	325
	580	325
	581	325
	583	324
	584	324
	585	323
	586	321
	587	320
	588	319
	588	318
	589	317
	589	315
	590	315
	590	314
	590	313
	590	312
	590	311
	590	310
	589	310
	588	310
	587	309
	586	309
	585	309
	584	309
	583	309
	581	308
	580	308
	579	308
	578	307
	577	307
	577	306
	576	306
	576	305
	575	304
	575	303
	575	302
.PEN_UP
.PEN_DOWN
	578	291
	579	291
	579	290
	579	289
.PEN_UP
